9
SGD
15
21
 -1.5805220186845101 -6.448316645541245 -6.940812666345611 -7.092894456437956 -7.675139042680494 -7.790680277396237 -7.915633782746969 -7.989342515797679 -8.054320643663681 -8.051002612943012 -8.195782397026706 -8.23786980320953 -8.186228942723593 -8.152721199982093 -8.088655182619053 -8.331650680812976 -8.306041118383925 -8.456236688764479 -8.450883238838204 -8.489187211074116 -8.500900217973415
21
 -1.5805220186845101 -5.960389520743024 -6.481966224682355 -7.111928422753724 -7.223301647798937 -7.454710484811175 -7.592861090950144 -7.5913513715582654 -7.859570845306863 -7.9510793810588964 -8.042375959196015 -8.074104937219865 -8.140813297778685 -8.169662378304388 -8.212302998641224 -8.300880230314922 -8.326013616720122 -8.28369392827309 -8.370596421093687 -8.379404948752764 -8.38181576666615
21
 -1.5805220186845101 -6.500943242350974 -7.242295450817771 -7.6010918407828365 -7.811930077260278 -7.986487673213142 -8.225660137716355 -7.755744216827376 -8.455844834244006 -8.569188065680438 -8.650928058387906 -8.700567982399066 -8.736486142643603 -8.84219488579221 -8.762289509281052 -8.955456145133848 -8.985654287155016 -9.02922911258062 -9.03207011582838 -9.091559570970128 -9.150665621685933
21
 -1.5805220186845101 -6.276806365940004 -6.748335005475746 -7.265167924309004 -7.639121353636107 -7.788934653755094 -7.953972747913626 -7.98404066243254 -8.025216764066412 -8.125327928494492 -8.132714792302778 -8.350565904429388 -8.295299996174046 -8.442414188394086 -8.5078392661591 -8.555292434552157 -8.62520995294754 -8.602856922085392 -8.706406264427821 -8.752685420384086 -8.809031886982917
21
 -1.5805220186845101 -6.128816297760541 -7.10487214652369 -7.539757951947675 -7.730741068317999 -7.991834839961862 -8.054950244634272 -8.176206851602235 -7.981239632705329 -8.372357247280265 -8.479661398891084 -8.111889621683574 -8.349921517254188 -8.627683048355566 -8.727896429558845 -8.780682609470182 -8.847511142273039 -8.76116439592423 -8.899142889087738 -8.848995407463294 -9.015079245943687
21
 -1.5805220186845101 -6.688331637370818 -7.374255967464523 -7.753300371130399 -7.629204202798141 -8.112970442505665 -8.134522410806287 -8.317124494658438 -8.350100377684308 -8.459512455413508 -8.537814547814252 -8.589284391006668 -8.295535114443714 -8.667980083396289 -8.715422583352039 -8.773996842938965 -8.834826691110855 -8.852852998650558 -8.785471627602405 -8.882168234720254 -8.984682610486674
21
 -1.5805220186845101 -5.753949483321192 -6.323382286746992 -6.522256876019131 -6.510246601949633 -6.873534131197302 -7.123821212703083 -7.265338777809833 -7.367228470134161 -7.436397080380163 -7.428808878585368 -7.578888053702466 -7.6343937473101935 -7.537338968443729 -7.688980489232262 -7.768359654006122 -7.831154024741047 -7.864748967546673 -7.767190750444074 -7.9112024299581565 -7.957886613358483
21
 -1.5805220186845101 -6.317122397701442 -7.078080277158518 -7.431271000555043 -7.489110245632724 -7.782286307130864 -8.00617299646116 -8.052067204198627 -8.108430678378976 -8.273622316347238 -8.362612925579418 -8.345115088223432 -8.473164932243561 -8.457446418583027 -8.529138862621476 -8.42866112606686 -8.630490188172757 -8.690124597550419 -8.755146066165898 -8.77620496574882 -8.788825357989056
21
 -1.5805220186845101 -6.679252745186069 -7.2376296439119265 -7.74311755002065 -7.945075733627293 -8.161146478849012 -7.951607933258356 -8.444199533244394 -8.602498784836278 -8.447227454073982 -8.397782888204617 -8.618758185287938 -8.758885551136336 -8.865161183045325 -8.961388621304295 -8.997727968382884 -9.055056521920708 -9.10748959582894 -8.981277578131108 -9.187405685966677 -9.268162981067894
21
 -1.5805220186845101 -5.91498009064359 -6.451951790346546 -6.747683869165184 -6.905499393306651 -7.045516782966509 -7.193668242693042 -7.210785863640223 -7.440416710775964 -7.4656097300012485 -7.594863508433028 -7.626725139165989 -7.699917969333574 -7.7387046142966485 -7.752892246004506 -7.8474805814017445 -7.848465696865396 -7.877740178177886 -7.963774968417968 -7.987840962665992 -8.022651378019825
21
 -1.5805220186845101 -5.700565037601084 -6.392669482530843 -6.670655967745296 -6.842715749022643 -7.002712572243054 -7.121421280276723 -7.219696120159187 -7.320455508567367 -7.388449384290029 -7.440888148023637 -7.513446968228028 -7.499371180761115 -7.601047236605772 -7.641626845539967 -7.719827210733488 -7.755851704656473 -7.815664887134961 -7.8606070371042405 -7.8880482984334135 -7.922686812405518
21
 -1.5805220186845101 -6.170792845096858 -6.888870424738309 -7.208832374574551 -7.270286460817413 -7.613770729673263 -7.654743284840166 -7.96891586212329 -7.996283052036005 -8.17092000624549 -8.245369076386615 -8.29268228438869 -8.365855250033947 -8.411581055183918 -8.449198054863764 -8.494479397874397 -8.531013777259957 -8.598952836412526 -8.629683966831946 -8.608594415478143 -8.732079595637863
21
 -1.5805220186845101 -5.7678188557191685 -6.572831279131479 -6.868925534155266 -6.844719292082096 -7.198038444541685 -7.282832171264004 -7.4145697323319295 -7.4740401017235625 -7.501932912633861 -7.6245252893484 -7.638681277964663 -7.648546266379587 -7.781704670915132 -7.846666751116681 -7.8960645698059455 -7.947168876883071 -7.86338064632683 -7.992543209029932 -8.06709096176023 -8.102350579531038
21
 -1.5805220186845101 -6.6186932465396575 -7.19979377858228 -7.315110142590001 -7.6386501427028985 -7.893418439931954 -7.977400385218337 -8.094106509558918 -8.13002613260336 -8.348517464787202 -8.392807981054757 -8.472607889841916 -8.529026834284906 -8.615240514972996 -8.723471683172123 -8.740945015628558 -8.821806186552406 -8.827016803518372 -8.743231456786194 -8.858479723948939 -8.942056100018295
21
 -1.5805220186845101 -6.373866767509591 -7.04836737776783 -7.340872508630528 -7.689900454364128 -7.850007173059393 -7.995906269873058 -8.082507124642788 -8.138278248982571 -8.281480329323234 -8.331761928211852 -8.443650203053851 -8.48134902730489 -8.561355194516814 -8.636201351111772 -8.529514161095252 -8.72062307854368 -8.751354452247288 -8.788452522946335 -8.838224360158824 -8.882677529323876
SAGA
15
21
 -1.5805220186845101 -3.5583810314973277 -4.393439505298559 -4.938577042340745 -5.353269371993179 -5.763223998807584 -6.095117966206742 -6.394995973477722 -6.687780728721224 -6.789735969731458 -7.181092150470237 -7.505949354393101 -7.732435576563447 -7.988337378304449 -7.936366481362969 -8.40362292428136 -8.613822283864762 -8.820633018045552 -8.944042281128128 -9.208269544081432 -9.4041048490376
21
 -1.5805220186845101 -3.5993829470533174 -4.383619370797641 -4.9182851147971105 -5.375752948516341 -5.7544840775400115 -6.0727275015936835 -6.401998671902235 -6.692986967114173 -6.911748611707383 -7.248091653722171 -7.507747400283329 -7.769374050639662 -7.955248008028387 -8.181601115281486 -8.393584351996255 -8.593329027803582 -8.838330810103942 -9.009863731941833 -9.223945995981783 -9.404170938344365
21
 -1.5805220186845101 -3.5180866927408805 -4.377763899914724 -4.955055116194756 -5.438894319278308 -5.8510930744522325 -6.248618671218754 -6.524301968738199 -6.848083414510122 -7.084145508876535 -7.3279779606942945 -7.523458110992437 -7.709713591687442 -7.95903042103164 -8.098615566687966 -8.318701269016204 -8.618733862691311 -8.750687852848971 -9.015127039088206 -9.010547285468212 -9.40181178644166
21
 -1.5805220186845101 -3.622976217336279 -4.470811402505296 -5.019569720985236 -5.49744353691915 -5.841958644479773 -6.170603230915527 -6.54078809100785 -6.825875804098652 -7.008115143206289 -7.274734268621303 -7.471563832872886 -7.702676721095272 -7.911673692023944 -8.09363055806579 -8.382455569371864 -8.553376799654597 -8.795820358206523 -8.966893145811918 -9.152516587348886 -9.287899252676661
21
 -1.5805220186845101 -3.529053292148206 -4.359664215950957 -4.985597582227469 -5.427753200696391 -5.8474170739497815 -6.236393259083343 -6.525018365670232 -6.79323167004509 -7.047692814699855 -7.261555069211272 -7.550770372679336 -7.728661586909027 -7.954274967703769 -8.28617428617549 -8.427267669503166 -8.704345252362376 -8.756133287755395 -9.0919169222134 -9.232858991841825 -9.40286626616986
21
 -1.5805220186845101 -3.610197422516406 -4.440531836898199 -4.936132582716249 -5.400676486833968 -5.781517776658838 -6.1175286041878305 -6.423614949957208 -6.769453638330101 -7.0309485968737615 -7.308658625278067 -7.49770754387156 -7.75456521079927 -7.9444633413149495 -8.207139304894138 -8.448094231020537 -8.678081948959013 -8.782917967880627 -9.018459127218376 -9.207330743354376 -9.427730768688374
21
 -1.5805220186845101 -3.5453489533055027 -4.349625099446696 -4.8908791586575 -5.287218395880739 -5.706528922647228 -6.0374250855304 -6.338560379888075 -6.723982099053397 -7.010013925795176 -7.326976314922002 -7.5667197059572 -7.822169039867289 -8.086065956139345 -8.262037080879354 -8.562358433473383 -8.734005913293899 -8.900964170619053 -9.097155402359197 -9.280991313857088 -9.520069500889912
21
 -1.5805220186845101 -3.557967922411869 -4.350390161201244 -5.007492548905571 -5.484791444587866 -5.842369406621601 -6.150836882005535 -6.4688810457050865 -6.697178097525448 -6.969896431885983 -7.291323624354125 -7.468672442598957 -7.798003352537284 -8.036236827256207 -8.2188056758452 -8.440007660075599 -8.622519395831317 -8.833959716651284 -8.957785626734088 -9.278145287214075 -9.504630262318152
21
 -1.5805220186845101 -3.522074308266203 -4.326785101025883 -4.930796299733987 -5.3919431539356015 -5.619977801382273 -6.0345169668649215 -6.404759494732239 -6.727690640865544 -6.948786104265652 -7.225135821841824 -7.474418069017529 -7.756723192835181 -7.979708404252929 -8.098989809621228 -8.396059068720287 -8.521352005630652 -8.697725213601425 -8.935287202262252 -9.13583870611681 -8.982875028009513
21
 -1.5805220186845101 -3.5723390097570613 -4.392241003906019 -4.959774017036413 -5.444878788278075 -5.837075319768976 -6.21170287818858 -6.562463301534976 -6.788340393532117 -7.117861890500512 -7.378551832852024 -7.676249821822464 -7.9130645136303155 -7.999052895882822 -8.27553134747086 -8.396750514224632 -8.608175365878285 -8.839063722480429 -8.96849693219641 -9.231721998276115 -9.445319403241333
21
 -1.5805220186845101 -3.5658552651690134 -4.3512399300930555 -4.962688652889093 -5.390363677444712 -5.630891342758487 -6.096192254788367 -6.408483305586748 -6.701231423144277 -6.911030546237032 -7.024659674657594 -7.387636319686186 -7.671997279885281 -7.87250678313584 -8.10895304774832 -8.292990260757264 -8.582206880736347 -8.754817738963895 -8.854326638744432 -8.922242388865826 -9.422744310386815
21
 -1.5805220186845101 -3.5789382226294535 -4.406489464839253 -4.984145973576235 -5.495432637631318 -5.877599983857104 -6.238582970899629 -6.511391312142546 -6.794344112746274 -6.908825596681241 -7.236586226476757 -7.552792176355581 -7.709216767561493 -8.029850439749248 -8.219183963189062 -8.157666573441688 -8.60776119904777 -8.757436564047035 -9.000126856016923 -9.204330426377558 -9.442565425848255
21
 -1.5805220186845101 -3.5685561089860776 -4.3670111822030995 -4.919095611719685 -5.4155856715389215 -5.732004996897447 -6.10502431185961 -6.353278836560174 -6.673839827272726 -6.943918216277941 -7.2200608688649215 -7.466053756302134 -7.652650709760108 -7.853170161491833 -8.081726748201062 -8.286318864786614 -8.497415753333568 -8.669211589981089 -8.913663319439102 -9.126286839916839 -9.342502301708086
21
 -1.5805220186845101 -3.4991989275488766 -4.312604237127997 -4.898627649058175 -5.388983180713334 -5.758141042548631 -6.1216170515261 -6.361582001974022 -6.696924646030228 -6.965881305521767 -7.227724163206999 -7.481592036045098 -7.759538794633133 -7.966208450670774 -8.127027860964995 -8.41030016195672 -8.552968114628916 -8.882269073932344 -9.06366009138409 -9.245420476990956 -9.44576879199244
21
 -1.5805220186845101 -3.5318136774651063 -4.37483310372558 -4.952878072784406 -5.363826062017767 -5.709305088228728 -6.048328221796811 -6.425201431448774 -6.751139451318278 -7.024877340396087 -7.250783135254064 -7.5038108107763 -7.701946072879476 -7.7630376349445385 -8.189351912608675 -8.427803779413454 -8.639574362012146 -8.81630564672715 -8.989505652768626 -9.199115158511592 -9.439318349509309
ADAPTSAGA
15
21
 -1.5805220186845101 -5.9923425828995285 -7.4409011839991654 -6.800466816457517 -8.047467732709212 -8.446377334056187 -8.64169957484791 -7.50645203158465 -8.366201032189233 -9.167180137110591 -8.596005196988148 -9.798701121526966 -9.90585534779916 -10.174989009079724 -10.350235329374497 -10.483389596220634 -10.923215342251304 -10.981095089053309 -11.45166139783265 -11.432928278023029 -10.912947107135052
21
 -1.5805220186845101 -5.991335247678205 -7.2597292916437794 -7.026019875219612 -8.023961586508443 -8.4934308874696 -8.448337503172974 -7.631111172723101 -8.383910178146072 -9.125541981754225 -8.699291605310846 -9.785643922158906 -9.91729596121577 -10.279346658374932 -10.352509105107345 -10.566621474913346 -10.951703494401299 -11.062508899204332 -11.50059973307125 -11.50439198311501 -10.876091523526128
21
 -1.5805220186845101 -6.015158899307573 -7.469182283899717 -6.884008625276579 -8.045701686592176 -8.439162458769102 -8.595863266766582 -7.585981232953622 -8.36176205458807 -9.253917412935953 -8.765190202908439 -9.904257401008923 -9.905177025922075 -10.295089927822685 -10.397742042766392 -10.541615607596272 -10.969551780438987 -10.951928644764239 -11.49283586241799 -11.462037142361142 -10.821344008421626
21
 -1.5805220186845101 -6.065291148720161 -7.468858776285628 -7.114310632975736 -7.944143533511593 -8.474792791258073 -8.579255096022031 -7.473769556696741 -8.402161356462132 -9.215206641194415 -8.611165699664934 -9.889026474789107 -9.874851462691298 -10.273789343921127 -10.381521090244416 -10.554732628832783 -10.960817253458032 -11.037794281210301 -11.473983929758845 -11.33459148425866 -10.884086425273287
21
 -1.5805220186845101 -5.995729141945712 -7.503115772328254 -7.172163636362325 -8.164928886047235 -8.454915951801926 -8.650429050186096 -7.559500938674109 -8.386200281260576 -9.194792855711977 -8.521661339375775 -9.851206604140659 -9.957755691415374 -10.24479066842909 -10.451177487995343 -10.580537036172705 -11.03097367404256 -11.076885575309324 -11.523017662429824 -11.380354586606698 -10.926406479489298
21
 -1.5805220186845101 -5.873290515566007 -7.459250140748513 -7.189073346771203 -8.06678600295301 -8.40698541377448 -8.498104485850238 -7.612898264188813 -8.253469100623551 -9.18792598452025 -8.50253826815232 -9.940193558241035 -9.853427088744956 -10.290789987817273 -10.419892411670121 -10.587697817727504 -11.018730258609601 -11.124417217823236 -11.503771186850578 -11.462395329153349 -10.948686041454039
21
 -1.5805220186845101 -5.869963001945169 -7.4580020132121865 -6.8462916621163314 -7.995905888433945 -8.376295130166836 -8.574640559062773 -7.439589903326372 -8.32974782772711 -9.290716679165397 -8.647637175156728 -9.758196493599142 -9.902186424530619 -10.19445896461172 -10.350584071385327 -10.488825231626869 -10.981023288520724 -11.022604510168122 -11.456446797159813 -11.479367570305213 -11.005759977554543
21
 -1.5805220186845101 -6.186727020469339 -7.400474434137452 -7.170878648179391 -8.064308751975119 -8.435648328107357 -8.553272809109544 -7.506016253728776 -8.482100817664737 -9.188044842280537 -8.665152653517964 -9.804125819136999 -9.855156308277548 -10.229709903876554 -10.38442907350057 -10.492312935340886 -11.00300660016905 -10.997037566591517 -11.499167703286687 -11.48032804929509 -10.991937578981869
21
 -1.5805220186845101 -5.750290889660791 -7.27925382782528 -7.023712547400599 -8.029037152954405 -8.525926997044602 -8.563966022479395 -7.497386980053282 -8.466783745536288 -9.187780877928768 -8.731879320210897 -9.875331571221256 -9.803859780359819 -10.253813215035349 -10.449067843313442 -10.503592561787276 -11.007739364558848 -11.074930746409759 -11.485439025263604 -11.413015362349201 -10.908440413632642
21
 -1.5805220186845101 -5.907380831072622 -7.261250812841161 -7.016756656497794 -8.027428084701265 -8.361224995978759 -8.546666241976979 -7.637113630564626 -8.452235373343381 -9.13806721019097 -8.723481065796916 -9.824694632385182 -9.990971001779911 -10.242316357805965 -10.33934157101315 -10.498571581357945 -10.98932741559136 -11.090097542386259 -11.510528557951215 -11.478375619431022 -10.866918695386792
21
 -1.5805220186845101 -5.804410303086531 -7.212352949438017 -7.165612108823442 -8.040040857481523 -8.444852364696022 -8.643148262596961 -7.41615073983678 -8.313844256336095 -9.22406707299184 -8.637198099813617 -9.79172647319472 -9.919583919158312 -10.261952682987157 -10.397599160292264 -10.534361279301459 -10.984252512561273 -10.967560635851962 -11.489012987555991 -11.388193861162575 -11.005338693184738
21
 -1.5805220186845101 -6.001234375000673 -7.3689366940999745 -6.834301960577296 -7.884100290978732 -8.420364067184982 -8.518016749829755 -7.63808520746161 -8.503385553804815 -9.12762741634806 -8.621658296817392 -9.929123816893828 -9.872325365098678 -10.280763104760785 -10.412014406028701 -10.58218781119948 -11.009191690594823 -11.013294664867807 -11.4815914726316 -11.377665772050511 -11.025135838457663
21
 -1.5805220186845101 -6.071779732953361 -7.309330855277422 -6.8937831582275235 -8.06731099902997 -8.409338876106554 -8.51298105384149 -7.52455641846791 -8.282019809980843 -9.13479850464365 -8.644420698229744 -9.781006529421205 -9.829170350095067 -10.274157622034823 -10.391523324920744 -10.436080613509343 -10.938732908265152 -11.019251678486059 -11.458211751841686 -11.426734641463325 -10.859735979656827
21
 -1.5805220186845101 -5.959124545932929 -7.3443872171643045 -7.17334667951449 -8.077201763264517 -8.488519054536912 -8.631183272862097 -7.512390373504889 -8.305913090987595 -9.147856688899063 -8.734789891291262 -9.855747784542713 -10.034507071933932 -10.247898179942013 -10.372663136759636 -10.552101910139621 -10.945319591994583 -11.10585976785943 -11.514955322709168 -11.4651206920185 -11.047065667951358
21
 -1.5805220186845101 -6.21447036569647 -7.430859384440868 -6.953876337306359 -8.037062524474967 -8.504053172386705 -8.543501981177876 -7.5323174335439305 -8.49191142810059 -9.068951754403376 -8.658767149770098 -9.816875340957164 -9.897735082394691 -10.243122518565395 -10.442477653309483 -10.49109192519939 -10.91472282592829 -10.918327838318932 -11.456830330865714 -11.30921436734911 -10.702219123864056
ADAPTDoubling
15
21
 -1.5805220186845101 -6.067175152944644 -7.1793752016980505 -7.791898588422902 -7.685927143349735 -8.465678682463272 -8.71072731648603 -8.911759641513596 -9.304522136673567 -9.432493569920673 -9.244948748518045 -9.42055911408398 -9.541668354735588 -9.604443530548787 -9.487900261335735 -10.006843515541746 -10.108803904795922 -9.848014689878665 -10.664276485514407 -10.519382757971368 -10.807164092952863
21
 -1.5805220186845101 -6.253642212915497 -6.756184872966703 -7.463129885824021 -8.05219360964239 -8.51984193054401 -8.682222711424227 -8.718444870458073 -9.09469338324413 -9.325313367622654 -9.032650658072074 -9.338404095711251 -9.669510814192463 -9.80079555285992 -10.201908296832475 -9.929421731180005 -10.46236929250118 -9.527724018502077 -10.721667161073874 -10.686625299387048 -10.569287327953969
21
 -1.5805220186845101 -6.397862508107833 -7.132339770062796 -7.809469299312843 -8.519261922723917 -8.89729512629011 -8.539938799803114 -8.295537562992527 -8.61002606796081 -9.519984909761984 -9.638054888410416 -9.403680432178255 -9.668346893584655 -9.953012069011612 -10.143111746707314 -9.634337026166143 -10.233184155217712 -10.278714924742847 -10.60780057281012 -10.683050167885272 -10.79926899909302
21
 -1.5805220186845101 -6.999994021673696 -8.117668477748278 -7.960623042157267 -8.465955414612393 -8.747552001728103 -9.013060839864144 -8.502550208470218 -9.300728491308934 -9.129904093113923 -9.908036048746697 -9.026624912097745 -10.152669599609052 -10.201587291552245 -10.492976234404969 -10.631013699024445 -10.794588852353318 -10.531953156864027 -10.706880498335751 -11.010941034592019 -11.163756458633536
21
 -1.5805220186845101 -6.217481337861149 -6.470118065488919 -7.649928142612086 -7.330168203185777 -8.19254671475913 -8.798447705288702 -9.03717717270715 -8.890843696411538 -9.124761692285643 -9.377782707969839 -9.455731564689417 -9.606249127539465 -9.766405694411567 -9.724173372748083 -9.405308107829704 -9.728003249259551 -10.211069076962863 -10.146936518208292 -10.48703198005439 -10.923651006741924
21
 -1.5805220186845101 -6.639551247287905 -7.082339977320935 -7.911446312811428 -7.913310518871147 -8.603092333683842 -8.691953538553404 -9.139366460715468 -9.021033622239534 -9.588643190031895 -9.230832499321771 -9.901754577965626 -10.062749712603745 -9.947454678221355 -10.115764251754218 -10.09667072549222 -10.601673587532234 -9.53450592368188 -11.106665727728362 -10.291572929344769 -11.25378257612516
21
 -1.5805220186845101 -6.625497627745831 -7.212033291480901 -7.6175650782715 -7.913941705422702 -8.447923021607714 -8.553185522983052 -8.551579009976564 -9.171961636842013 -9.564035926286039 -8.627156923716095 -9.420606801025956 -9.931698615939485 -10.169837407829265 -10.364163254343701 -8.865335175983024 -10.70508113044175 -10.629249557345757 -10.887037888278954 -11.018157451802894 -9.789608963203971
21
 -1.5805220186845101 -6.664432469904095 -7.47821669331586 -7.338917943239738 -7.875006896124473 -8.782918394677498 -8.914613807272335 -8.893326397367227 -9.208279547339783 -9.426241229742649 -9.313997824173434 -10.062463697809818 -9.846057959274875 -9.933512128921501 -8.625177785113879 -10.585932835429398 -10.53942703280849 -10.983686924526358 -11.11405999280966 -10.611794892538116 -9.97794754380852
21
 -1.5805220186845101 -5.838999681129397 -7.622413625387997 -7.604584664041461 -8.113917489707392 -8.379453577454202 -8.532877773635162 -8.740829784429236 -8.935375080785594 -9.236386348284604 -9.058731073658663 -9.48126083266369 -9.712962496518971 -9.875087714974125 -10.15246263089681 -10.051388661185225 -10.241538719805826 -10.496069634076848 -9.995303604625102 -9.99872374708409 -10.36703058546077
21
 -1.5805220186845101 -5.949994430892105 -7.777598879174753 -8.14340023734801 -7.126378021961924 -8.878998777032274 -9.043418725421848 -8.787864615072072 -9.408215873511809 -9.233688162281528 -9.34793052406193 -9.650386455053706 -9.742899131996719 -9.867009780805192 -10.175854754101893 -10.181612967638657 -10.016457766168909 -10.24591196165218 -10.336323796632694 -10.733748837939853 -10.546373559642143
21
 -1.5805220186845101 -6.630403314400961 -7.307583125597193 -7.295495927454818 -7.44637075514234 -8.429819944328768 -8.917467601723452 -9.204555162941746 -9.039676049603484 -8.99516477012755 -9.095570455107298 -9.868626903806017 -9.700695487743484 -9.83965561988332 -10.23681576885217 -10.018860099538895 -10.378771202363419 -9.696565534724138 -10.709695393655258 -10.836033417177616 -9.494413112261082
21
 -1.5805220186845101 -6.408423698199531 -7.270735063649678 -7.511420918572405 -7.770796387984753 -8.057448503644341 -8.592402716674716 -8.769705239187978 -9.022909251033294 -9.135843092467 -9.038359837989708 -9.519358658436282 -9.474681307687401 -9.934300658160865 -9.83501697192844 -10.066671767294066 -10.330436368697336 -10.479002797546404 -10.499189390361957 -10.921149872854661 -11.031052646691897
21
 -1.5805220186845101 -6.598144893588678 -6.997279502749887 -8.145238010413195 -8.284822001202611 -8.674861873406005 -8.38012437264944 -9.021970669215195 -9.275414549720024 -9.048256289503428 -9.628001246109573 -9.726230444813375 -9.9416513144707 -9.950769432844387 -10.196668290293976 -10.296119025424154 -10.564719725412136 -10.725897121098182 -10.887608569663632 -10.729664852686158 -10.919746296057326
21
 -1.5805220186845101 -5.708182662243305 -7.064485683901911 -8.026144345321574 -8.31991858420949 -8.44898291418739 -8.566752965578342 -8.797847840919898 -9.03745792583483 -9.513180185555502 -9.37888080078696 -9.644412327695433 -9.908504240878356 -9.726419397896848 -9.566818455247404 -10.036554543898202 -10.374413390200617 -10.569336888111042 -9.122003104488076 -11.101767830309086 -11.053575520981628
21
 -1.5805220186845101 -6.60825012091368 -7.790163988272423 -8.122421147049241 -8.594033003415806 -8.87934159797401 -8.654436286491887 -9.26317498417772 -9.363477368854621 -9.680395161090765 -10.08178559883369 -10.066729032048567 -10.020634168953599 -10.174889151879055 -10.104134209815234 -10.085354693448712 -10.518395295145583 -10.45599418559381 -10.600043158466773 -10.545198567871322 -10.827585082582114
MainSSVRG
15
21
 -1.5805220186845101 -4.860327293289515 -5.046826314491232 -5.544044385858092 -6.484829638405269 -7.034405746125454 -7.142361655853759 -7.142361655853759 -7.164659268621168 -8.07919796164216 -8.541151712268595 -8.788891512138187 -8.788891512138187 -8.788891512138187 -8.788891512138187 -8.788891512138187 -8.788891512138187 -8.788891512138187 -8.788891512138187 -9.117634895676774 -9.830120850788747
21
 -1.5805220186845101 -4.313218894222522 -4.220713395487458 -5.726153098275046 -5.995880757874442 -6.834515069526694 -6.946278074555072 -6.946278074555072 -7.1589129431391045 -8.02992881128655 -8.02992881128655 -8.02992881128655 -8.02992881128655 -8.02992881128655 -8.02992881128655 -8.02992881128655 -8.02992881128655 -8.04830357122705 -8.765524596610526 -9.264082230141385 -9.431130980704884
21
 -1.5805220186845101 -4.2953648358920855 -4.2253649328103355 -4.307098291615682 -5.44382406566898 -5.732069385692609 -6.502523567274067 -6.734467271521125 -6.780880716001072 -6.780880716001072 -7.19682572401736 -7.950001543650787 -8.224126569945447 -8.224126569945447 -8.224126569945447 -8.224126569945447 -8.224126569945447 -8.224126569945447 -8.224126569945447 -8.224126569945447 -8.414358013751805
21
 -1.5805220186845101 -4.756136144172725 -6.20110404545337 -6.525807293850042 -6.529820364578179 -7.1793534518872475 -7.1793534518872475 -7.1793534518872475 -8.066486861700808 -8.4143092240875 -8.701213357925313 -8.701213357925313 -8.701213357925313 -8.701213357925313 -8.701213357925313 -8.701213357925313 -8.701213357925313 -8.701213357925313 -8.701213357925313 -9.654846692371596 -10.087364976171541
21
 -1.5805220186845101 -5.23055027701985 -4.971857740799116 -5.341775732612862 -5.798940753408078 -5.908644106165626 -6.646155205927371 -7.019835676754869 -7.019835676754869 -7.019835676754869 -7.181787366150548 -7.181787366150548 -7.181787366150548 -7.181787366150548 -7.181787366150548 -7.181787366150548 -7.181787366150548 -7.181787366150548 -7.256008768138549 -8.369202283453019 -9.104836793349607
21
 -1.5805220186845101 -4.159961742274027 -5.268153434834966 -6.073079724389135 -7.120422896027791 -7.61278582104769 -7.61278582104769 -7.61278582104769 -8.117574383522708 -8.791744153245153 -8.917293966819045 -8.917293966819045 -8.917293966819045 -8.917293966819045 -8.917293966819045 -8.917293966819045 -8.917293966819045 -8.917293966819045 -9.372658792691226 -9.900651165422456 -9.963272991535066
21
 -1.5805220186845101 -4.97172405082671 -4.523718797254942 -5.526170156184195 -5.620219803288601 -6.402300761083869 -6.60132055294916 -6.60132055294916 -6.60132055294916 -7.275726959469632 -7.933849700670499 -8.252690814599681 -8.252690814599681 -8.252690814599681 -8.252690814599681 -8.252690814599681 -8.252690814599681 -8.252690814599681 -8.252690814599681 -8.321559662942159 -9.155882193984263
21
 -1.5805220186845101 -4.906352694313108 -6.162286005048624 -6.390598675724977 -6.391268368788066 -7.2119276751520935 -8.113671714604207 -8.113671714604207 -8.113671714604207 -8.30466775355377 -8.967342346062102 -9.141713737797577 -9.141713737797577 -9.141713737797577 -9.141713737797577 -9.141713737797577 -9.141713737797577 -9.141713737797577 -9.141713737797577 -9.141713737797577 -10.083095532082067
21
 -1.5805220186845101 -4.349130338528269 -4.603803135600819 -5.601667162671845 -5.863650854783028 -5.981056479990222 -6.581712099552984 -7.283004072414581 -7.4494368728542835 -7.4494368728542835 -7.4494368728542835 -7.912512599284139 -8.535803842166596 -8.81778562980759 -8.874507904092045 -8.874507904092045 -8.874507904092045 -8.874507904092045 -8.874507904092045 -8.874507904092045 -8.874507904092045
21
 -1.5805220186845101 -4.707609903475537 -5.167277205133254 -6.054855309222981 -6.177000719511138 -6.140578558571288 -7.132367238772345 -7.45195686811037 -7.45195686811037 -7.45195686811037 -8.315500013617148 -8.529019388594692 -8.529019388594692 -8.529019388594692 -8.529019388594692 -8.529019388594692 -8.529019388594692 -8.529019388594692 -8.529019388594692 -8.892006105854573 -9.522365480648697
21
 -1.5805220186845101 -4.8593037284909375 -4.43285172970317 -4.225529733061354 -5.670986577307501 -6.237209986197191 -6.689696689806952 -7.143615082982663 -7.341993686251872 -7.312944283724994 -7.312944283724994 -7.462753150778349 -8.020989618349326 -8.321344837101826 -8.385398647453064 -8.385398647453064 -8.385398647453064 -8.385398647453064 -8.385398647453064 -8.385398647453064 -8.385398647453064
21
 -1.5805220186845101 -4.51011096628175 -4.277550662342236 -4.167966102639608 -4.596138681497789 -5.670154087891807 -6.261987657440645 -6.261987657440645 -6.261987657440645 -6.758565065025637 -6.758565065025637 -6.758565065025637 -6.758565065025637 -6.758565065025637 -6.758565065025637 -6.758565065025637 -6.758565065025637 -6.758565065025637 -7.693422659286613 -8.440726158286576 -8.440726158286576
21
 -1.5805220186845101 -4.6240449590808685 -4.5198392196972765 -5.053756496524785 -5.577920975429325 -5.667653946343766 -6.187256603283228 -6.736109599089599 -7.022517361949119 -7.022517361949119 -7.022517361949119 -7.461558718902932 -8.16848720316091 -8.16848720316091 -8.16848720316091 -8.16848720316091 -8.16848720316091 -8.16848720316091 -8.16848720316091 -8.16848720316091 -8.298245461263685
21
 -1.5805220186845101 -4.547483094038862 -5.205817835911909 -5.328886296731291 -6.69738517040207 -7.47736585906293 -7.57947932397771 -7.57947932397771 -7.57947932397771 -8.434100638038553 -8.937085422006984 -9.064371804588214 -9.064371804588214 -9.064371804588214 -9.064371804588214 -9.064371804588214 -9.064371804588214 -9.064371804588214 -9.064371804588214 -9.374191732964002 -9.91660667622817
21
 -1.5805220186845101 -4.897185856527213 -5.0652563589888295 -5.513097731839981 -6.5849653945537705 -7.376231004563833 -7.593948118248334 -7.593948118248334 -7.593948118248334 -8.192021446799162 -8.661293631731766 -8.823817940114258 -8.823817940114258 -8.823817940114258 -8.823817940114258 -8.823817940114258 -8.823817940114258 -8.823817940114258 -8.823817940114258 -8.989820086139387 -9.107098835400471
SGD:0.05
15
21
 -1.5805220186845101 -6.784398803956461 -5.824402369315037 -6.584386629799712 -5.201579702722371 -6.599153092786292 -6.262220907300936 -6.019375663274487 -6.521746208198802 -6.673100332388695 -5.371502274753116 -6.560069434358423 -6.709493570863621 -6.500892180448817 -5.982055511702995 -6.3391176626476335 -5.747085399534936 -6.104381676056962 -6.168989012791531 -4.513285430741869 -6.839064384374825
21
 -1.5805220186845101 -4.456471207813722 -3.989908110087808 -6.0021155513871705 -6.417428133209784 -6.546942812346367 -5.690814835570988 -6.457117233962251 -6.452057131094504 -5.76105404265537 -5.950854698280144 -5.348547933011114 -7.05459433823741 -5.847179514727993 -5.792814573919712 -6.213478428238787 -6.00759782327076 -3.044512637475661 -5.935230875574312 -6.526460194711059 -6.225046630243768
21
 -1.5805220186845101 -5.564410900295297 -5.652108010872671 -6.6270555501288815 -6.002796091714398 -5.954313010164877 -5.691745181390029 -7.06825897635967 -6.413703252295857 -6.1225455013144705 -4.932997970475323 -5.645245626284182 -4.329877965096466 -5.722382079135117 -7.060452025258854 -5.3331378954197755 -3.8932306020793312 -5.253261410155232 -6.963409382032006 -5.808539445854535 -6.080860989475949
21
 -1.5805220186845101 -4.924145278964967 -6.386695270397597 -5.32513957663047 -6.7690894592256745 -5.97557104511616 -6.413505823564804 -6.248579437582403 -5.1863340218822405 -6.6667736420874375 -6.212278338618605 -6.843035738811381 -6.940950069290023 -6.086017156716408 -6.998882727309433 -6.715786675040607 -4.324695630895072 -6.574253683848373 -7.303142474361168 -5.67463414929866 -5.694630654995685
21
 -1.5805220186845101 -5.259760658270213 -6.586556131242105 -6.688751289890867 -6.698080808396556 -5.278776607136061 -5.905580699761244 -6.784299081731836 -5.216467117583211 -6.741115876183702 -5.16952970600762 -4.591198024052192 -6.089636595977618 -4.4174517216962474 -6.724437314142174 -5.4763524812827935 -4.068883087682554 -5.813473927335768 -6.680684632462991 -6.1844897000759715 -6.469697060239221
21
 -1.5805220186845101 -7.007002828204308 -6.374146367981178 -5.639943803817208 -5.268215207301299 -5.923532907774448 -6.47022649646551 -5.719950015756486 -5.0669817354425675 -5.1916172887164675 -5.0870179368663555 -4.255984855277662 -5.184908923420901 -6.10912333741421 -6.097629390687906 -6.360051777672139 -6.647897516315841 -6.791338147843948 -6.554847904367806 -6.185824248378737 -6.571373037974834
21
 -1.5805220186845101 -6.449206728530878 -4.340451857663503 -4.575876625311248 -6.0537506190033135 -7.124524550660683 -6.41919967741295 -6.38229229577977 -3.649645652845054 -7.279094942932576 -6.391626810010671 -3.6889858291659854 -5.941824135639999 -6.865252939145135 -6.60791938792076 -4.7578568289231695 -6.721143684416884 -5.7704141295553155 -5.557207258456499 -4.694694149696759 -6.98352506696512
21
 -1.5805220186845101 -6.2593812836120755 -6.470123007540809 -5.441776651954617 -6.439104293260427 -6.516522785187177 -5.751492286474595 -6.195926803512159 -5.850513540849975 -6.81698365030118 -6.594601440578253 -4.961471934597789 -5.7262410704337245 -5.6601739536376305 -5.244220275290221 -5.163517310801818 -6.955427289709654 -4.598226078629341 -6.976049719675088 -6.387725977569697 -6.583816470874206
21
 -1.5805220186845101 -6.429129487678952 -6.373967119383038 -5.117132802740717 -6.9556923777707755 -6.280980906313926 -6.837520560981783 -7.0649029755070165 -4.525528409074724 -5.833989353818983 -6.085397253902672 -6.325507769061233 -5.962147294714586 -5.509868627936396 -6.979678138855221 -5.548740574831301 -4.898392913868694 -6.628170466392556 -5.638472705670162 -6.9139123613111275 -5.128812491035112
21
 -1.5805220186845101 -6.140163205716624 -6.824411147625322 -4.9094089552621725 -6.769323900999962 -6.026740017140143 -6.5858165656401235 -5.71269060714674 -7.163775091747935 -5.778557371373828 -6.62373443325012 -5.566435396381725 -6.272774895236182 -4.156486963899324 -5.417438760032941 -6.190443603540485 -6.770760135519134 -7.1413982458862915 -6.660590461480838 -6.367792558533358 -6.489726037109223
21
 -1.5805220186845101 -6.866038188032175 -5.122445556432581 -3.236724761562857 -6.353063983771597 -5.703718868134477 -5.02247692537643 -5.417075421211864 -5.875899404946784 -6.7014930576450515 -4.8796887041749475 -5.395857826551694 -5.744708803877777 -6.270983903532009 -6.005367845985358 -5.425186270722611 -6.160260212687844 -5.984577994926587 -5.667518860046287 -4.191702304493409 -4.251800887075133
21
 -1.5805220186845101 -4.153365650709884 -6.246952340583357 -6.2556616876570095 -4.179238833995972 -4.378361356054741 -4.8994526132071154 -6.43334880477033 -4.098885008645541 -4.179011859193272 -5.7553216326070515 -4.365390948694217 -6.218949473151945 -4.754422661838593 -6.109761934131783 -7.190074734659527 -4.055267640533676 -5.008401539945102 -5.9358707858894295 -6.053197722989951 -6.132370034400989
21
 -1.5805220186845101 -6.36864437247934 -5.838341200275252 -6.272459144212121 -5.580584894180049 -6.593403787739313 -5.4197825120975915 -6.1781601935086625 -5.5874116078224345 -4.815602469761284 -6.7193203997178745 -6.2809565430491245 -5.718915316979582 -5.283305136152981 -6.216280296495252 -5.182510537359205 -6.562506550810082 -6.623647841803031 -5.614434407960852 -5.6866437535612935 -6.9359902079541165
21
 -1.5805220186845101 -4.648194451614357 -5.7313437977973205 -6.375766764792622 -4.636337229263082 -7.296847014818474 -5.775857858989457 -6.090227536126843 -7.097650171894229 -6.414408664637087 -6.655628910045125 -6.773484245900088 -6.463702303832204 -5.727724111459743 -6.7494742781155574 -6.637417860585415 -5.116109984923257 -6.641651489397464 -6.296810154304933 -5.545610431568601 -6.6700398681368345
21
 -1.5805220186845101 -4.057926671026242 -6.609625810188434 -6.692569066541955 -5.4281984059014174 -5.607681700896918 -6.274088718865963 -6.597599325489561 -5.524258835961177 -6.715174172122449 -6.48056737352129 -6.067523046937321 -6.261888662457642 -4.387212677339142 -6.5716693113402425 -5.892724428007407 -5.263345257247735 -5.1655003454114246 -5.636523938376023 -6.253229506913774 -4.333058561381376
SGD:0.005
15
21
 -1.5805220186845101 -4.78414760326622 -6.100442233692591 -6.855599697380465 -7.298027163250515 -8.239771560343772 -8.43476917306643 -8.197083577714414 -7.606233617449166 -8.979674093437426 -7.6135704289879715 -9.07805283281439 -8.090567281143212 -7.744585840675269 -8.346837777529919 -9.065428359367246 -9.17449659306444 -9.111220560215914 -9.375631499671629 -7.361901281547016 -8.535743032630663
21
 -1.5805220186845101 -4.843721362644788 -6.030009886972541 -6.572814015366686 -7.285959164360649 -6.432917298779367 -6.94991152271027 -8.025407130228187 -9.429585575920223 -7.98315691189617 -7.701599975718761 -9.15148356721992 -9.296425418623642 -10.096183403478314 -8.321497928012855 -9.697714628809557 -7.493328292782977 -9.696105753038312 -9.751946038205151 -9.801131867678327 -9.436827417709974
21
 -1.5805220186845101 -4.977220877933255 -5.956709535105361 -6.690373632432606 -7.084311724433095 -8.041276929630342 -8.081328657956039 -8.287826838759203 -8.611329964577457 -8.133057058754586 -8.995682892146082 -9.033277171136671 -9.940531271739125 -9.520469883391751 -7.413523004471965 -10.22497960352192 -8.535153128533635 -8.664128772166528 -9.393047875349769 -9.471300473491848 -8.859360154648414
21
 -1.5805220186845101 -4.846362654697454 -5.87096906245506 -6.413922079513498 -7.194078623066999 -7.81517724651482 -8.597360112628701 -7.67743223285599 -9.311798018719013 -8.95477842324823 -9.96563257420482 -8.066461177604472 -8.644923668742175 -9.628395547531296 -9.102489095478399 -9.127409905233263 -9.408741872731204 -8.950105604950044 -8.664301377589025 -9.86085405451024 -9.849750516308
21
 -1.5805220186845101 -4.847524801821974 -6.107709941273865 -6.880607062785856 -7.5481929392287785 -8.22314378288474 -7.674089064280837 -8.84512178722567 -9.300244380957055 -9.114876349514805 -9.308388441233236 -9.456475827710856 -9.561498113664056 -8.327966416666817 -9.44833183844221 -9.511216682884648 -8.973270143905005 -9.506034663097743 -9.521936852991573 -8.842412938931965 -9.578852518151182
21
 -1.5805220186845101 -4.872299731098794 -5.886156651572746 -6.513926733228124 -6.865296637061421 -7.039682332871528 -7.786566827817962 -6.996263924361446 -8.98222072969675 -9.380538856500763 -9.274924547872702 -7.718818772820638 -8.715826707740783 -8.921781009044928 -8.505321732623008 -8.909972574808943 -9.972815240537543 -10.218207840178346 -10.387543159340494 -10.727074820146665 -9.217228894299296
21
 -1.5805220186845101 -4.7374403873705315 -5.946299733043694 -6.910755670515815 -7.285846759077737 -8.20740279086916 -7.606981334326984 -8.878145230596383 -9.160177740997604 -9.48015891540675 -9.571322844635207 -9.86876898132193 -9.936022068407835 -8.495765417595987 -8.27527871048439 -9.77891685978878 -8.792956184407943 -8.462165232358428 -9.809296654589494 -8.38547440341308 -10.413283269550286
21
 -1.5805220186845101 -4.824296270569808 -5.659739035238324 -6.7068495972859505 -7.452691131519488 -7.375546093232517 -7.928452499039942 -8.567137677304158 -9.071571462521272 -9.098676819111743 -7.794081403956514 -10.153877151220426 -10.058570275483833 -9.21443467515983 -10.372510374251805 -9.280437473372952 -8.408830961960037 -8.496198567083905 -7.936763960597259 -7.426775789704615 -8.880304095723236
21
 -1.5805220186845101 -4.689914627493177 -5.904474882204739 -6.717841188779707 -7.585061369371331 -7.784518022597298 -8.236616420932362 -9.257090262041594 -9.438062034187764 -8.55138447780266 -8.919110026856423 -9.432424224065487 -8.189113811372918 -9.29004232095302 -8.651032186645045 -9.953122224102522 -9.230813162174629 -7.81931599900338 -8.005363487301823 -9.789255400023714 -8.575095476336411
21
 -1.5805220186845101 -4.827755878036053 -6.06245744927139 -6.910472119933924 -7.607975095414215 -7.9721637184109895 -8.327201287399657 -8.815506276544816 -9.763193785003397 -9.41791190370938 -9.403700504603574 -9.014222944632316 -9.896317579222728 -8.861040817902923 -7.442847790559613 -9.671708206495559 -9.40195399328029 -7.477702440992346 -8.2720678600862 -10.299094485864646 -9.837155702074211
21
 -1.5805220186845101 -4.897650580661334 -5.87546460682057 -6.635029222925762 -7.25322182994707 -7.546079658834327 -7.691896425804335 -8.444299601338962 -8.251517706002206 -9.045571325068893 -8.112766059413378 -8.148674921333278 -9.987944262024488 -9.562247399010944 -8.336402690836215 -8.114206709806627 -9.718384563346332 -7.580852365867422 -8.057576362823333 -10.035203864756987 -10.29337431617533
21
 -1.5805220186845101 -4.812757349795475 -5.968030135866989 -6.582844224807506 -6.556217500256602 -7.471070030552006 -8.226767025827758 -8.533949306641672 -8.321533391991645 -8.791581780557221 -9.685310065571437 -8.799961721733897 -9.778910682874992 -10.23975556683783 -9.535717497287319 -9.450338420273242 -8.94813754581258 -7.993327686497325 -9.807695733703678 -9.425098696350519 -8.652248165207563
21
 -1.5805220186845101 -5.041207336740579 -5.990640858406849 -6.811993560050692 -7.198455323913356 -7.7388230583065685 -8.186776749219618 -8.89064684572347 -7.783337617117415 -7.574511289355821 -9.015655730852048 -8.137416385789232 -9.015083700859249 -6.754915365970655 -8.995102362028746 -9.003919515587505 -9.65372752392358 -9.513093723373098 -8.221749296152849 -10.152928325455568 -9.057808118886033
21
 -1.5805220186845101 -4.834182475044534 -5.996201993688367 -6.4517540807598825 -7.101497382213457 -7.97351408528848 -8.17728699111394 -8.418156594027081 -7.8202137421305995 -9.167169778529995 -9.093958822309325 -9.38219542621274 -8.24397595479895 -9.625258723481165 -9.431559344277792 -10.163165183476867 -10.42495977837634 -9.190534728124257 -7.591198652169271 -10.348010159533782 -9.245676331871612
21
 -1.5805220186845101 -4.756996108404624 -5.942860034401109 -6.7580473788929645 -7.615407054102796 -7.391298374948214 -7.563876498451438 -8.145778213800218 -7.851612342336777 -7.546363266569383 -9.648776515644453 -9.865655756354307 -10.263858141643015 -10.247926614917912 -9.737021858275188 -8.88075243349851 -10.55880885245852 -7.133263536638601 -9.589824117140743 -9.919767726718149 -10.544201948090963
StreamingSVRG
15
21
 -1.5805220186845101 -5.288363842707199 -6.439739148915528 -7.000257868932794 -8.26854309545821 -7.505480464365403 -9.018616973044766 -7.729970306235872 -9.24042772874203 -8.756337621026335 -8.073524062930298 -8.887998156480345 -9.378937755102582 -9.339942115531715 -9.768720339272145 -9.459481726444844 -8.380644896494372 -9.310629386945076 -8.724334635044267 -8.625153470502319 -7.595621904944417
21
 -1.5805220186845101 -5.257580731119981 -6.87363686157749 -7.601163736342051 -8.378503089809941 -8.288894680215847 -7.898197833889597 -8.869971292743797 -9.398540926372883 -9.034628151445318 -8.68405072858959 -8.807822108684018 -8.818049924148275 -9.275967886779103 -10.019291515912705 -8.848588868320011 -8.964434903560159 -8.799351856403522 -7.4506745052164876 -9.742173029071765 -9.178927460988392
21
 -1.5805220186845101 -5.312266017280895 -6.350196493646124 -7.3348370881765685 -8.068647611710935 -8.51381943943371 -8.195092469631852 -8.357364909297688 -9.344110533676803 -9.551501567569405 -8.927290330462519 -9.376838145763324 -9.61929177583322 -7.106934416198161 -8.776312923956759 -9.15454572812446 -9.529355428607904 -7.508375419994662 -8.417175114608572 -7.585349474002154 -9.792764519138432
21
 -1.5805220186845101 -5.321844257879088 -5.979022496927721 -7.12049373202055 -7.280360043944547 -8.257188873645015 -7.974467002717347 -5.736898027497304 -9.323957369685411 -7.606572161491852 -9.295089647060554 -9.235565997400702 -7.026163792098727 -9.554794665485236 -8.94064914555886 -8.152321555400718 -9.757715306116594 -9.259987756372697 -7.758509176705803 -9.43158397953505 -8.715319881595168
21
 -1.5805220186845101 -5.303243152073799 -6.531199107250577 -7.169105860015552 -7.910288884581544 -7.511024165364939 -9.23485083131798 -8.275190169969616 -9.217708744176552 -8.613214808811408 -8.301649566682402 -9.446047977661145 -8.692473191362595 -9.307124909005644 -9.353749133391133 -9.599158313670017 -9.52781918549989 -8.466943783200337 -9.63222421782227 -8.660613161811085 -7.69773037798936
21
 -1.5805220186845101 -5.286667065185254 -6.40671830279565 -7.13285416317882 -8.066107981314463 -8.232297962310929 -8.116393657972102 -7.450662620530765 -8.268726423346186 -9.04634582851899 -9.661711052798841 -9.93354496533142 -9.225692312341053 -9.623679936879952 -8.58069231450895 -9.729558868026908 -9.615675875032306 -6.916628869058463 -8.259064084280569 -10.012466322338756 -9.181384671842
21
 -1.5805220186845101 -5.197744773335032 -6.43037412452001 -7.250509216165439 -8.058153698396408 -8.243187168048957 -8.586598738117763 -7.905511151787248 -8.07999017467557 -8.79608753135085 -7.171100722188129 -9.897259596777145 -9.019020149348341 -9.626246607164653 -7.383951542179626 -6.952141296586384 -8.330189475713727 -8.185614312281269 -9.058172218517544 -9.495759713070722 -9.530877949495904
21
 -1.5805220186845101 -5.375046824689913 -6.580911534422548 -7.3168333440600195 -8.368474790289053 -8.688936544195608 -9.312737004693773 -8.32906796888213 -8.792618708559496 -7.794996984807152 -8.587286222608332 -9.756350903978278 -8.531971443158373 -10.359412275372675 -10.01975736309775 -9.162840742923485 -7.051012197220392 -9.586243435104478 -9.717011267136563 -9.729315574405122 -9.281987353667143
21
 -1.5805220186845101 -4.672905956822266 -6.108791465072438 -6.566799054986763 -6.24109911167309 -7.647914203204583 -7.647914203204583 -7.647914203204583 -7.446310716305272 -7.721085371883314 -8.956087889121315 -7.208299547523875 -6.846406828916685 -9.459409904489098 -9.854912079565924 -6.97686807448467 -9.116978623189034 -7.933957350500588 -7.933957350500588 -7.933957350500588 -7.933957350500588
21
 -1.5805220186845101 -5.30400510238828 -6.566903505811602 -6.679630080022846 -6.608169164699266 -7.496582640662771 -8.362773843472702 -8.957490414435643 -8.335926413395232 -8.17414789189951 -9.202699824253472 -8.104181115355624 -9.682562588364535 -8.173273176406264 -8.448229522400565 -9.090030595283634 -8.63498326479393 -8.713516433143829 -9.930352508603503 -9.930352508603503 -9.338973921016342
21
 -1.5805220186845101 -5.340748205898183 -6.456206318498247 -7.002522479794972 -7.0792912810526705 -8.259137029981675 -7.86931295480017 -8.240409789809052 -8.339209971520376 -9.395474625929669 -7.565101574174737 -7.538799834678886 -9.133540464789299 -8.191703720590205 -6.997285254855168 -8.727776035025938 -9.011608018742143 -9.486715003355458 -6.966393499975768 -9.023856035357673 -9.797403962733375
21
 -1.5805220186845101 -5.339930643999422 -6.609143330089074 -6.986695670751019 -8.118998038053876 -7.993906416220456 -6.935252813564909 -7.004955467790345 -7.971843363349599 -7.379544887624255 -7.889823438271257 -8.674767512259839 -8.687421822820882 -8.367228452115787 -8.180341368193455 -8.879587936864604 -8.350473795109709 -7.593412172024189 -9.525606601778149 -9.433591218789067 -9.868636284623541
21
 -1.5805220186845101 -5.1675760506766055 -6.637560336723809 -7.362617367557386 -8.191597475196117 -7.985690074264273 -8.607008134349492 -7.5198339380349175 -9.534063903338712 -8.432428661919838 -8.560041711758753 -7.5202326569803235 -8.63820470745688 -9.516519146229287 -9.587491609385056 -8.812038020822243 -8.83216689444046 -8.72323912883622 -8.022574585041 -9.376255681987214 -9.300932075076759
21
 -1.5805220186845101 -5.119991089724545 -6.5382597670789115 -7.157357724974417 -6.8316137946208055 -7.529975227421489 -8.138789643204458 -9.047927878476521 -9.09232990630532 -8.953382425207746 -9.279026792778595 -9.134743163381849 -9.13564281582662 -10.092117234513895 -9.610577649414466 -9.430584422952363 -9.631169401650093 -8.817767481807254 -9.48091359052296 -9.511975171548741 -9.682042586349938
21
 -1.5805220186845101 -5.141782264654176 -6.543897184427192 -7.490466035321465 -6.797490869550065 -7.558831989394535 -7.451386493479288 -8.21677501850221 -8.197160219148207 -9.79078302161246 -9.1560060572536 -9.42501756460739 -6.287976634495319 -8.082813926683846 -8.87798796572015 -9.830950730109695 -7.191709864610876 -9.423615149351297 -8.79606888503702 -8.515233846402955 -8.131632969951015
steps
15
21
 0 2500 5000 7500 10000 12500 15000 17500 20000 22500 25000 27500 30000 32500 35000 37500 40000 42500 45000 47500 50000
21
 0 2500 5000 7500 10000 12500 15000 17500 20000 22500 25000 27500 30000 32500 35000 37500 40000 42500 45000 47500 50000
21
 0 2500 5000 7500 10000 12500 15000 17500 20000 22500 25000 27500 30000 32500 35000 37500 40000 42500 45000 47500 50000
21
 0 2500 5000 7500 10000 12500 15000 17500 20000 22500 25000 27500 30000 32500 35000 37500 40000 42500 45000 47500 50000
21
 0 2500 5000 7500 10000 12500 15000 17500 20000 22500 25000 27500 30000 32500 35000 37500 40000 42500 45000 47500 50000
21
 0 2500 5000 7500 10000 12500 15000 17500 20000 22500 25000 27500 30000 32500 35000 37500 40000 42500 45000 47500 50000
21
 0 2500 5000 7500 10000 12500 15000 17500 20000 22500 25000 27500 30000 32500 35000 37500 40000 42500 45000 47500 50000
21
 0 2500 5000 7500 10000 12500 15000 17500 20000 22500 25000 27500 30000 32500 35000 37500 40000 42500 45000 47500 50000
21
 0 2500 5000 7500 10000 12500 15000 17500 20000 22500 25000 27500 30000 32500 35000 37500 40000 42500 45000 47500 50000
21
 0 2500 5000 7500 10000 12500 15000 17500 20000 22500 25000 27500 30000 32500 35000 37500 40000 42500 45000 47500 50000
21
 0 2500 5000 7500 10000 12500 15000 17500 20000 22500 25000 27500 30000 32500 35000 37500 40000 42500 45000 47500 50000
21
 0 2500 5000 7500 10000 12500 15000 17500 20000 22500 25000 27500 30000 32500 35000 37500 40000 42500 45000 47500 50000
21
 0 2500 5000 7500 10000 12500 15000 17500 20000 22500 25000 27500 30000 32500 35000 37500 40000 42500 45000 47500 50000
21
 0 2500 5000 7500 10000 12500 15000 17500 20000 22500 25000 27500 30000 32500 35000 37500 40000 42500 45000 47500 50000
21
 0 2500 5000 7500 10000 12500 15000 17500 20000 22500 25000 27500 30000 32500 35000 37500 40000 42500 45000 47500 50000
