10
SGD
10
41
 -2.412254313094357 -8.144519291168297 -8.016918005831418 -9.036142075949687 -9.776315526007306 -9.688824984172435 -9.479873364133974 -9.208714570215939 -10.49966630736916 -10.872329160729286 -10.32553103456456 -9.151445444481746 -9.03564246389303 -9.992868744812741 -10.827786906517938 -11.287522827111347 -10.835074284946558 -11.84092069584718 -11.540937284715653 -11.2927433453321 -11.793653058015009 -10.582030106140985 -10.119971741304008 -10.659057943323496 -11.164601007502524 -11.818907070457573 -11.744250042756487 -12.049196731559775 -12.116147384605789 -11.988482182400126 -11.108226580212978 -10.177809510496866 -11.653729720752075 -11.900312050510015 -11.960121275558418 -11.9429931414798 -12.139926377854177 -11.893999676008173 -11.680811284917445 -11.946736918081342 -11.960811190571375
41
 -2.412254313094357 -8.307783859572986 -7.89911283096358 -9.34329273724889 -10.437052919960095 -8.834940972076657 -8.759851755543705 -10.071329775897016 -10.65102248328569 -9.763079113006555 -9.91274637919 -9.688113901361264 -9.85941560546737 -11.047563584446694 -11.071006916894016 -11.084996312806238 -9.390409679799236 -11.340477219211435 -10.635865016746362 -11.28230125792632 -10.371896612293508 -11.364074537341514 -11.26314229439665 -11.279247410854198 -11.374386706617067 -11.741892985549205 -11.867752866254548 -11.95936558492873 -11.4574092283416 -11.269413085271974 -10.04642569412146 -11.835522237326444 -11.076523546426039 -12.04114968105169 -11.326987408597534 -11.992428284362166 -11.798334036108201 -11.348604970662143 -12.167624170416683 -12.19466167845052 -12.197118110003633
41
 -2.412254313094357 -7.819784021971041 -9.272400603559111 -8.163216882107967 -9.726734477532613 -9.420581536976844 -10.026060233395611 -10.060320839859282 -9.913711220995705 -10.683386335765627 -9.998211814371874 -10.341882292312171 -10.536313707798982 -10.615974590546188 -10.954087656339011 -10.224137910421131 -9.270751636406722 -10.724868472899479 -11.41913105875233 -10.181972814786807 -11.479412817862388 -11.19819926268786 -11.224129485660324 -10.462405977490231 -11.484084722182926 -9.603243587015903 -11.289231659793884 -10.931269469694266 -11.128257650197913 -11.701244865434926 -11.423718315270378 -11.12156584342715 -11.742764791463909 -11.16051087833836 -11.483936794529932 -11.793844595028085 -10.911327689755721 -11.706522752947409 -11.943295922400821 -11.79714914898934 -11.388373143271329
41
 -2.412254313094357 -6.969579971124538 -8.233787917659718 -7.811551649557011 -9.777453021763783 -9.790895870921688 -9.768080278536482 -10.439446803413965 -9.632999339708824 -9.67264117789333 -10.169632066723247 -10.818525166047166 -10.809874084641311 -9.545269219558039 -10.287533993059833 -10.862206586879587 -10.643743363735178 -11.133871626934276 -9.515751286855414 -11.027029344637716 -10.843019012930997 -10.23775304932412 -11.456959831847698 -10.868632715836503 -10.73251824293146 -10.18330550058081 -11.446017527932094 -11.08925508255931 -11.423039274474949 -11.499266934860756 -11.415814889560322 -11.547119825048858 -10.179960491390828 -11.275120461196416 -11.295316264925104 -10.831031286733165 -11.830171281640547 -11.881904212354854 -11.134183746622355 -11.817940662760126 -11.05358549876459
41
 -2.412254313094357 -7.673423390529363 -7.292111547838474 -9.570308668478098 -8.602216978351668 -8.956255154527996 -9.962711250229539 -9.813171842426032 -10.723699559124997 -10.721733947602052 -11.179510850157506 -9.789195645695882 -11.254725476329122 -10.77150419778212 -10.322544064342637 -9.923615615065629 -10.70634314361529 -11.598502134766251 -11.152877440211467 -11.507983297758665 -9.771596297685859 -10.199599674710425 -11.160715334840376 -10.55753765914101 -10.982660124272078 -11.744350213004088 -11.119561431817896 -11.476024658052758 -11.949175334074901 -11.798374407155071 -11.834361009053056 -11.868850283823502 -11.736632260073552 -11.031985680755021 -12.02757654203624 -11.739455339670108 -12.14762572141043 -11.908000572293544 -11.992416404118822 -12.19878772684735 -11.219934600698377
41
 -2.412254313094357 -7.676241586591624 -6.336124581697348 -9.360195689420204 -9.826929808368991 -8.734764981099909 -9.507284716779656 -10.201312502278483 -10.50660260438687 -10.640810908312911 -10.34052127289569 -10.899069464594477 -10.790057118525628 -10.03782180495409 -11.04270394008444 -11.244179141886393 -11.302595440796459 -10.130831131454903 -11.38140952093778 -11.370158121076662 -10.364805284504296 -11.482280692059426 -10.771075006056467 -11.023604964259114 -11.34633191257649 -10.887272962479672 -11.054003170646823 -11.63537351626327 -11.162811623794203 -11.26829560190356 -11.72838990522616 -11.159532968305719 -11.010346237384669 -11.61638066075133 -11.806791957386361 -11.73887333198747 -11.482674786196748 -11.74989778290311 -11.715202521248155 -11.297168095289122 -11.97757929554759
41
 -2.412254313094357 -6.604648061613557 -8.690806967783464 -8.395597253235561 -7.3555151504116 -8.785730310710683 -9.518279911130946 -10.329424215756605 -9.977064300063509 -10.334015892195287 -10.867215182397096 -10.495314057926777 -10.416599519502089 -10.424900411863243 -10.734111787432902 -11.041107688128394 -11.407786360805419 -9.970154526878206 -11.409696246455189 -9.960419081433365 -10.902733869298364 -10.627253951537854 -10.626061157477837 -11.615667014174209 -11.60635739952713 -11.50867122731881 -11.292580455585687 -10.932509865625631 -11.450572271556279 -11.017894810112141 -11.608865755211115 -11.101829635537314 -11.85324753640107 -11.989136601620103 -11.576573458598238 -12.334002696299429 -11.535029307842164 -11.301199035010667 -11.721652760842597 -12.276507363268099 -12.362701672315868
41
 -2.412254313094357 -7.894100450572223 -8.938420267473289 -9.168281819057993 -9.04926656021173 -10.347941552980645 -10.401456376721443 -9.688529871821364 -9.782620803522775 -9.880336436084308 -9.594104573555747 -10.933875273770731 -11.144694255557326 -10.772123158082756 -10.949153778406522 -10.183147916131473 -10.47308147038658 -10.729958276367263 -10.37077793635208 -10.216621344796273 -10.364106443191721 -10.924169719072236 -11.319732972128781 -10.416618973305239 -10.678220091305276 -10.855045928510302 -11.649712284727803 -11.55852789372575 -10.979495467392145 -11.670080318166718 -11.86809126641286 -11.861024354579651 -11.599387579101315 -11.25481513331413 -11.31164083131261 -12.029083000676044 -11.932833821244321 -11.584403496999858 -11.70410285187314 -11.661162140601418 -10.930636100800045
41
 -2.412254313094357 -8.318932168775458 -8.587227215486996 -9.220833165565098 -8.700231340678965 -9.706546139575538 -8.549885503561537 -10.020219538300214 -10.65888917667846 -10.09799233782632 -11.118897514595682 -11.223117817212618 -9.21573222657455 -10.305759523607824 -10.0291316281412 -10.716935271342914 -10.41895291727699 -11.411625907887245 -11.163625774528985 -11.837230910989632 -11.760782254224104 -11.619966119410279 -10.045572324965663 -11.908766760659066 -11.587040949760453 -12.051707766948073 -11.378541675428814 -12.202358733010655 -12.077088351230824 -11.715089840248442 -12.20975440722774 -12.28068717551322 -11.189330964795074 -12.118737764300798 -11.312738920794569 -12.095371422096171 -12.397171501219907 -12.186962843245961 -12.19343426193474 -11.950635118185746 -11.133262698903964
41
 -2.412254313094357 -8.880490530237072 -8.8370573211546 -7.4463977283492095 -9.806154526398794 -9.956023455635359 -9.873728270019175 -9.366578790532188 -10.482574499069974 -10.02547631299805 -9.548634269112402 -10.345933512715924 -11.263838180270453 -10.079653338277653 -11.061060029002006 -11.211007948975066 -11.384275335561997 -11.17834951942043 -10.934710211310259 -11.269951627368052 -11.286528700988503 -10.785355826501593 -10.941208314168808 -10.609951132098091 -11.211991057504715 -10.868419483223146 -11.540428687188237 -11.597620724245434 -11.412833812121324 -11.715293097763347 -11.535568456455588 -11.770148479641938 -11.339882965884339 -11.616645149461815 -11.148079106446385 -11.874933160152185 -11.716063537331427 -11.701123589612468 -11.827252000432622 -10.945949834188799 -11.972250105271415
SAGA
10
41
 -2.412254313094357 -3.8297541276954292 -4.39618743991128 -4.814960142007303 -5.166199279228131 -5.486073567800319 -5.754257553149172 -6.036819634013896 -6.207421416766672 -6.5017297574659665 -6.564038841548805 -6.97869349712333 -7.111315264568854 -7.477712448047 -7.492329757626364 -7.857093896422265 -7.882627501990491 -8.26152187794092 -8.47028311357911 -8.629794132767623 -8.738446815070876 -8.961834521210292 -9.092698067504974 -9.396584537829435 -9.620735602977392 -9.732390871353157 -9.589686651415816 -9.777587513936497 -9.989820292083321 -10.342389822077338 -9.878632209007383 -10.029902448276093 -10.786341998088671 -10.487219391645256 -11.024367965177229 -11.254490057849054 -11.009241966640108 -11.522373827488654 -11.653456587761212 -10.608873358293886 -10.835374637104916
41
 -2.412254313094357 -3.8418546015927277 -4.403101266592817 -4.749325586687588 -5.150348168392567 -5.444696762257466 -5.586997066851963 -6.0125823067647755 -6.281785840075597 -6.53870098067874 -6.6695794804708495 -6.940584144417308 -7.1938008457399505 -7.4132721826295995 -7.429154686862417 -7.844708013047045 -7.993197785592092 -8.164013710926604 -8.443717355997418 -8.339361680365085 -8.667587836013265 -9.001625562657251 -9.122568908993275 -9.313200121212061 -9.318529365940405 -9.559765496617176 -9.764189766032505 -9.946143773604932 -10.235646772002577 -10.075961030277034 -10.538218514908731 -10.453245733496404 -10.795031834564838 -10.854772976968508 -10.746403931492742 -11.129346652148032 -11.148708033277565 -11.219402776861157 -11.501627789668978 -11.637843734894586 -11.793146833501492
41
 -2.412254313094357 -3.8181412594680646 -4.343988528616899 -4.806895696274898 -5.140488613042504 -5.400029530168701 -5.7301110078313195 -6.015342729906479 -6.254550547585878 -6.528670298621811 -6.661320671730548 -6.95687775910464 -7.002039267222966 -7.388560675549303 -7.647673896385842 -7.831648081377441 -8.038118823621272 -8.260444034444252 -8.407666336589704 -8.634439753659935 -8.653438255700497 -8.983180345709313 -9.13960492165926 -9.379330714157902 -9.542253164440378 -9.587502060574751 -9.027783919338068 -9.955191796910333 -10.097686881590128 -10.214757380761545 -10.459537518402424 -10.44199877485326 -10.76040912668694 -10.344511066255183 -10.75569730122593 -11.077090958258237 -10.943970885460082 -11.239894257874951 -11.230059767790102 -11.70639452119418 -11.575945914674335
41
 -2.412254313094357 -3.8421022994162177 -4.352147582941658 -4.799745823845936 -5.105187883437725 -5.357694523980626 -5.745875332741608 -5.9024344027777795 -6.147277378424192 -6.542747887509511 -6.767198391530278 -6.9940747290268765 -7.185321719473106 -7.04788735741213 -7.665528493238175 -7.9092234325604815 -8.09556203815545 -8.259770393630333 -8.501213183208746 -8.609160715036015 -8.73026315090038 -9.023667989572273 -9.109329618912914 -9.23184402748818 -9.562654733882326 -9.198944490866866 -9.760860085756581 -10.025904139832313 -10.215378740272495 -10.195361736593764 -10.215187857829074 -10.699909849215794 -10.446417274200169 -10.920220373125638 -11.020396929045514 -10.86286454934279 -11.280217041810086 -11.423640941227756 -11.568397466436414 -11.382764480400866 -11.172416107569408
41
 -2.412254313094357 -3.8363635082629757 -4.360814156560568 -4.775500039807353 -5.127198213053249 -5.453091634035046 -5.749258301589174 -6.039487802016489 -6.2781908881208315 -6.5268178844891676 -6.752485976450943 -7.004350360897941 -7.207758916966289 -7.436414789216836 -7.379169269151387 -7.784789262149272 -7.996254182805585 -8.197228582365652 -8.148081348007143 -8.473680762306001 -8.811753153455749 -8.27814383258328 -8.674709005904784 -9.050357723409943 -9.208453784017374 -9.454931885036716 -9.684657997475142 -9.647523751818921 -10.00077780844241 -10.276923035338458 -10.072424276966013 -10.29437110182994 -10.608635669163116 -10.303897155965878 -10.985378299498372 -11.1447876369458 -11.085564256267524 -10.615049080597204 -11.13173685404223 -11.552999348227898 -11.679678306299481
41
 -2.412254313094357 -3.776993116405324 -4.382214925270875 -4.770188170498373 -5.086722234083546 -5.434096734378317 -5.696812915215934 -5.962374984451792 -6.149837201483049 -6.495067391898836 -6.713956608050115 -6.844292758768634 -7.15433194983973 -7.38875399604729 -7.578202293740626 -7.752347119283232 -7.905059116276334 -8.059986196879029 -8.407151415692368 -8.46681701697361 -8.837056446777607 -8.923975047932297 -9.136763057524398 -8.600827980989985 -9.259331456942684 -9.725687863828146 -9.826851952784418 -9.675955472737384 -10.097319373802877 -10.2594355452009 -10.25642407166302 -10.561216843411 -10.750102287032176 -10.882264769114562 -10.666345031772854 -11.20386685802484 -11.273751468166635 -11.348443121760825 -10.658759685709324 -11.207766929279337 -11.496610096489004
41
 -2.412254313094357 -3.83531721989069 -4.389048635837447 -4.758874727781269 -5.137555007732513 -5.439779657111947 -5.594091242461166 -5.923325030326384 -6.221370763128282 -6.427785085433315 -6.7532260019292645 -6.938262119078149 -7.135471769125993 -7.414522863670465 -7.6370363148851625 -7.798242232861058 -7.7855004463862905 -8.15552707703156 -8.331292182234822 -8.485575101412312 -8.840880438984534 -9.01134304625839 -9.03651960059615 -9.339511823041644 -9.514079711652178 -9.518336838952155 -9.763951790256906 -9.560467400854398 -10.086241449468767 -9.537258149777827 -10.32090961272175 -10.339508427745102 -10.672171889015447 -10.716907879027948 -10.832770972200464 -10.32666696336369 -11.081870073180347 -10.817218739745421 -11.158636225562924 -11.541410763382695 -11.638269662445776
41
 -2.412254313094357 -3.8416362374539044 -4.411007540482483 -4.670008230184873 -5.118324879826235 -5.433190282051366 -5.733894523589334 -5.994817755168943 -6.21179563618515 -6.516421218407354 -6.715422441820861 -6.926028451440486 -7.150960139359673 -7.4172021760078595 -7.549730756503807 -7.876277436249033 -7.978744110839033 -8.280842283726631 -8.401025040189099 -8.331662150561964 -8.81649816842971 -8.734266421879308 -9.061101567996289 -9.26891100885527 -9.561407309700323 -9.102227653831523 -9.474797959754893 -9.962426827428382 -9.895297208045069 -9.88437013422108 -10.466518799733537 -10.13454421062181 -10.527564344121489 -10.492624968317417 -10.946095804883054 -11.040001737209403 -11.306463350054397 -11.379494508034828 -11.36626798654663 -11.559699765667027 -11.807756720922413
41
 -2.412254313094357 -3.834285313637442 -4.392904176410037 -4.77429182467796 -5.047345376424935 -5.379022757290627 -5.70279453097501 -5.77732173036659 -6.219526601648895 -6.404089201787302 -6.676061301036179 -6.899770450535328 -7.077005955865246 -7.362145798200545 -6.859466459106942 -7.68793063949415 -7.9257298466082355 -8.222962812516336 -8.340693462135071 -8.556419694366125 -8.798068534243445 -8.782858387908565 -9.16013197379162 -9.324893335417935 -9.473041895200614 -9.616848949220604 -9.807434763670322 -9.93030072004706 -10.067857894653129 -10.2908949498511 -10.432737314218224 -9.590689701991762 -10.575810922737762 -10.785735457699406 -11.014800076813746 -11.150662677012727 -11.13286317173778 -11.170544692384405 -11.113334509893239 -11.555853517483454 -11.261206973625256
41
 -2.412254313094357 -3.8292183696907176 -4.35281323742659 -4.72890894471916 -5.0917560218439215 -5.444294698901827 -5.736939547764104 -6.0097192269317325 -6.2734384731081825 -6.486292397415403 -6.775741645950994 -6.967238302930395 -7.034805757700966 -7.43126499758438 -7.560682949368635 -7.721411380596349 -8.072668440972093 -8.207453334392827 -8.277571542117395 -8.420921742271892 -8.727682044106961 -9.005513899381736 -9.145508789274375 -9.21414557876075 -9.501269850591006 -9.698216145157817 -9.403426502809484 -10.045537574116887 -9.873872955774129 -10.341534779322682 -10.145658115693966 -10.323679507498463 -10.601526393412687 -10.801973002037968 -10.874862498899553 -11.140764161671989 -11.068603260830125 -11.31689481879537 -11.43543994421089 -11.162336907854126 -11.585647165910176
ADAPTSAGA
10
41
 -2.412254313094357 -6.821582790764765 -8.577027366094867 -9.326102052138301 -7.188772537543219 -7.826010600761324 -9.95526203708969 -8.851629053173818 -10.276657711277572 -9.604374166390478 -9.490023674706258 -10.465658796941586 -7.888794345004175 -11.412430008076202 -9.253411614692295 -8.652611609882875 -9.231583943427056 -8.769658907719924 -10.238763933886455 -10.502568500421921 -10.627324923871047 -9.475085294463838 -12.685023198417573 -8.743149382709733 -11.241243430779463 -12.109004373873878 -12.500907221409982 -11.10337640932273 -12.528489699546766 -10.848909130697761 -11.411102034003509 -11.867572692681847 -9.954140040148326 -12.272984614748417 -11.410613190417072 -13.003852516270918 -11.320030873809031 -16.295802964363187 -17.044627803958768 -17.54591260640565 -18.612818420074124
41
 -2.412254313094357 -5.96829842366873 -8.532224067700806 -9.084847920958332 -7.410418057366401 -7.254859497492211 -9.925532430305761 -8.976613128961489 -10.316872830184014 -9.449016629822504 -9.059409406631916 -10.360160418476243 -8.02741334458262 -11.340382513449631 -9.158255623210918 -8.744405701173527 -9.21479893487504 -8.889631891190172 -10.256243327966757 -10.898100329083745 -10.698389818499761 -9.493002094997497 -12.476195801724899 -8.745804257663925 -10.983571962476834 -12.215642765098224 -12.46727042278081 -11.14340494583764 -12.398416399238494 -10.94706965495026 -11.536281962219249 -11.899243372161735 -9.789998669750755 -12.128895230280804 -11.437192713180462 -13.198612016651401 -11.428762089740415 -16.36162247361515 -16.735935396561366 -18.280291949243985 -17.46476011908223
41
 -2.412254313094357 -6.963201713553447 -7.794646591908251 -8.827246913554557 -7.565969010610932 -7.500614669801085 -9.968004039543143 -9.072280610403237 -10.191366867876031 -9.364092195494495 -9.174111308915817 -10.524594804415326 -7.845310359677356 -11.348977410068276 -9.04219212268721 -8.677893913840121 -9.19020421499369 -9.052416757653464 -10.070091878847801 -10.818157078729591 -10.534984026110012 -9.41452074813458 -12.93536926140726 -8.872236562707416 -11.246264097450469 -12.353397095788091 -12.485408881755744 -11.297650749749346 -12.44617201467376 -11.078181439456177 -11.459127128166115 -11.901282335425948 -9.782976396006562 -11.953058224808919 -11.348542345555162 -13.066499517108705 -11.144724393027596 -16.290777516060547 -17.279145401619697 -17.925519710711217 -17.686790210762954
41
 -2.412254313094357 -7.104995128679528 -8.26865218903271 -9.259778565930665 -7.1177127955999735 -7.786022697060486 -10.343529368829962 -8.749817864353606 -10.151162743244491 -9.467763083278392 -9.209309901829757 -10.255934977840372 -8.088221397363093 -11.134809977368091 -9.183900214097136 -8.514402966136734 -9.306189187556821 -9.0231596885244 -10.3613061049986 -10.661912153151263 -10.68952426989477 -9.322212132199752 -12.644312974687669 -8.756424241096818 -11.347591520809868 -12.39655900089336 -12.49192008062053 -11.386488826212279 -12.526467713524642 -11.05210771332484 -11.622147966858817 -11.75922380327572 -9.865212339879195 -12.20387760829712 -11.352923785511711 -13.303483801471414 -11.315627577330314 -16.365205094357304 -17.33563598439987 -17.950266209482734 -18.449003221199884
41
 -2.412254313094357 -7.424765059078129 -8.531155951924994 -9.290795806474495 -7.40416002356659 -7.947559704915108 -9.846677531528742 -9.010795315800898 -10.173323812038852 -9.669358156924297 -9.267755470896082 -10.532053592425537 -7.668698279433909 -11.345747222297682 -9.141571713398022 -8.71776758730809 -9.136071491305385 -8.965734439167672 -10.01280285068633 -10.654120732271803 -10.934649555891045 -9.474146645328739 -12.601190476676209 -8.79810609650372 -11.088236229337802 -12.453306834257729 -12.43658790879384 -11.419581060985092 -12.568197258455335 -10.962962478630406 -11.501092455388939 -11.873352752152549 -9.733777663651857 -12.115502542957115 -11.456844469662334 -13.127833708209463 -11.135041630272053 -16.20695552594239 -17.316683361741276 -18.127621261411424 -17.823446446922155
41
 -2.412254313094357 -7.856050555618538 -8.24702918004489 -9.236355801938549 -7.405641291987076 -7.408872210561837 -10.116433257851131 -8.703854322042622 -10.551854073947014 -9.887461692792021 -9.603477492602515 -10.338585947076012 -7.976901431788359 -11.401179119709177 -9.313483041866547 -8.781987579045634 -9.120000900053476 -8.872831163344179 -10.278824072961024 -10.402574504037924 -10.55178951101645 -9.50111894245031 -12.73431802042315 -8.74169181269869 -11.218437151262266 -12.043725788221161 -12.564867841427608 -11.023389195812314 -12.363141929979944 -10.992976565388458 -11.672699073689802 -11.832365372314113 -9.801584572345686 -12.213329590255064 -11.482469708060561 -13.28480443698208 -11.358691955793974 -16.32702499844581 -17.525129520519673 -17.676691179144264 -18.285087460162355
41
 -2.412254313094357 -6.488670627463302 -8.288767632713476 -9.141217175328617 -7.158111747660265 -7.587431184764741 -10.205246160637781 -8.798277079900984 -10.198736406206246 -9.680667747298806 -9.460857097168779 -10.289433216211098 -7.829805060436894 -11.396846388732957 -8.957933452530018 -8.470123214145366 -9.310433313772325 -8.779583514825747 -10.24364515189631 -10.579843500110368 -10.753993590312891 -9.342966959648942 -12.721931887743008 -8.838019008305277 -11.085257236321619 -12.492627107144449 -12.417555757194371 -10.939599317646765 -12.457629971133471 -10.939014538597183 -11.822994768935866 -11.94697272703154 -9.77124727686805 -12.051542733446 -11.492584451606737 -13.272694434586912 -11.393589167239755 -16.179350722857432 -17.391695866613183 -17.660142904739473 -17.861408313686
41
 -2.412254313094357 -7.076335415310112 -8.414010511064815 -9.26725790515789 -7.338522069490726 -7.603924234849287 -9.942441338439524 -8.810047791745237 -10.148367185588635 -9.74289023976539 -9.368734650692739 -10.537836973113412 -8.120238636204563 -11.421990495382506 -9.131389042785784 -8.768548836433588 -9.468539705893923 -8.870443603794465 -10.249535295995681 -10.786044229778401 -10.86260074315297 -9.544083276903772 -12.656702089785256 -8.763392947796346 -10.989127486082984 -12.339634189540897 -12.433894026383742 -11.142000471839262 -12.579761395820848 -10.96251664651577 -11.62123357759527 -11.746519090190844 -9.825888748884255 -12.142181349924547 -11.5106987635645 -13.37726462042314 -11.35762673942942 -16.35725154290339 -17.54407262843682 -18.112084743650403 -17.664948583286666
41
 -2.412254313094357 -6.0990539496269545 -8.004176899904495 -9.35548257059949 -7.485533073795569 -7.604672647545544 -9.98156254289785 -8.743089546900435 -10.368151212260655 -9.605424642429762 -9.255906802617423 -10.618327222603883 -7.792072512132132 -11.400923499143833 -9.01687711036985 -8.587378513086605 -9.353629282516199 -8.876879419740051 -10.151380220828441 -10.956356913169733 -10.773515638555027 -9.595462713427828 -12.718204280295533 -8.81802416006129 -11.219617138412607 -12.524254706756604 -12.378896790103884 -11.246763145980776 -12.48015854780728 -11.080233540221176 -11.448100700813775 -11.804433655346102 -9.869797770554262 -12.056636315545287 -11.469286405437796 -13.162640934429321 -11.288913421577693 -16.506340755933273 -17.0465241942135 -16.284058836667008 -18.261055482920224
41
 -2.412254313094357 -7.771385483533321 -8.543746430802615 -9.248242291549513 -7.578209001951598 -7.481697678095069 -10.393108882865771 -8.751721631048705 -10.336558656522858 -9.501580987462338 -9.390866411878955 -10.510127506648168 -7.782717187241944 -11.467312200076751 -9.102782466806673 -8.720283964893593 -9.290216273882631 -8.799640104684746 -10.282105590676025 -10.897299934244035 -10.519243569737474 -9.36758082827367 -12.586853905082943 -8.782133470054818 -10.951838833843636 -12.307258443185082 -12.584399977082654 -11.10469021106307 -12.509007014311598 -11.045022559183177 -11.576439081274302 -11.832922522331128 -10.021954120393307 -12.140467700361318 -11.395896813669944 -13.257840509597191 -11.268634926114053 -15.811733325732181 -17.457291788714105 -17.969058939606278 -18.69080810877244
ADAPTDoubling
10
41
 -2.412254313094357 -8.44166195363223 -8.913986525010513 -8.92577872058018 -8.483628087276191 -9.42272941070339 -9.749924678050638 -8.565340546693047 -11.257702586428662 -9.642688944485126 -10.824928414507438 -10.845052400799105 -9.193538959522538 -12.384843831589043 -10.436876679908444 -10.4327086038081 -11.504269650259506 -10.03314699152997 -12.197516943112907 -11.252248124660152 -11.92013737812822 -9.494624219581308 -10.034507331519867 -13.377992249578224 -10.383855362867655 -11.355516041825801 -10.506768319081187 -12.29655752110048 -10.134291339471508 -13.482217636722849 -12.726439324140634 -13.05288352751223 -11.394511698469735 -12.801534018923357 -14.37379953432032 -13.540022670413785 -13.38571333254731 -13.43361086442451 -11.74386054937016 -11.406463210553577 -11.700441222399535
41
 -2.412254313094357 -7.261798598535445 -8.529420515502038 -9.730869986782402 -10.406705724162375 -9.60542832261027 -8.969179664440361 -11.121303643734064 -11.476627448320544 -10.457665813011475 -11.538095476556856 -8.840160717505864 -10.650970595427287 -12.309744004492948 -9.761023117298821 -10.912051543071268 -11.80628462499871 -12.227654077112646 -10.16069922025719 -11.418386802539583 -12.277494600091346 -12.2116325367267 -10.13697565252121 -11.802340034961425 -10.924285767699681 -10.17713083405559 -12.586212306648262 -10.99817124785498 -11.486776279020738 -10.56416596355229 -13.441445913554293 -11.868689126125362 -12.780217791914726 -12.115203563593743 -13.221033342379748 -12.155088071087107 -12.374708449590463 -14.149615870967125 -13.807708479499443 -13.889430680609873 -12.841051177327142
41
 -2.412254313094357 -7.766557786666505 -8.420109804025408 -10.114916332026883 -9.137668134753309 -7.217296828518103 -10.55899120341394 -9.71102888415867 -9.951134887027289 -9.683702633325927 -10.01080489891082 -11.495624331882324 -10.878200947159256 -11.370947825934016 -11.006609871383779 -11.283681189947323 -10.740323594191352 -10.364760252334907 -9.793669399592636 -12.657757295366695 -12.923051165626394 -12.534496867741208 -11.120046229812036 -12.920073887914162 -11.530220306026154 -10.58890304538005 -10.047613475843182 -12.255081061860356 -12.505625829448066 -11.463630950232073 -12.92648865115867 -12.084543544767376 -13.569770879685992 -12.60599503240375 -12.720216738334717 -13.685473840187285 -12.459448711124374 -13.315630959738261 -11.06062778411888 -14.332705227635909 -13.744349115896286
41
 -2.412254313094357 -7.231192690004837 -8.466214211365694 -9.975798487913506 -8.359999057658866 -9.733300538328017 -8.54154213987627 -9.423998106174825 -11.089146100921646 -11.024064127660871 -10.700428640702459 -8.861867749721721 -12.151850603030704 -10.998475038825216 -12.266847764713246 -10.29085698352432 -11.087821160323923 -11.355984087891787 -11.841098032571269 -12.265222805741976 -12.097230316577964 -11.527275662658637 -12.9690450269614 -11.303598994869622 -12.487037692872045 -11.39619153242369 -13.10889986007661 -11.807562350630848 -13.61912974284913 -12.652958170341217 -13.390152234009959 -10.521108323620112 -12.22108571248525 -12.749854516728197 -12.166225952977411 -13.090895089710518 -12.271185280470128 -13.292597212768257 -13.1947557069447 -13.78016319537847 -14.496019107673247
41
 -2.412254313094357 -7.982439562296282 -6.27602401162605 -8.303726483622457 -10.328409176769194 -10.024099451531171 -8.827855668700748 -10.561176034621552 -11.015285417755365 -8.894642919837 -10.325204406010599 -11.647461763902882 -11.435547465249819 -11.26329604159065 -11.806970322022947 -12.39895731811196 -11.024441472702089 -11.547678924883053 -9.730031226670759 -12.01302378119284 -10.438144918776487 -12.932647837788211 -12.969739471609358 -11.776336470180867 -12.26278383585674 -9.855097607560221 -11.231235996550348 -11.589341668978186 -12.595378230705037 -13.50722718450148 -11.38404590834405 -12.31256604539452 -11.987358647175233 -14.148333820477767 -10.930339424684412 -13.656881987662713 -13.5940093198959 -13.528753541163422 -13.478821364733488 -12.91671861689791 -15.050011834308208
41
 -2.412254313094357 -7.600866758511738 -6.50710063396336 -7.654667599594147 -9.122020233337288 -10.667071463268615 -10.778972453789223 -8.644282602276911 -10.304947539204031 -10.647478904016179 -9.633323978127807 -10.038647834037809 -10.68019609351341 -10.896428025851526 -11.20475872962769 -11.278019189136032 -10.801489779195974 -10.146816170929986 -10.864240864669727 -12.430050846079048 -13.464422559537065 -12.86584404521406 -11.230978637049509 -12.571702552735962 -11.766153412256795 -12.134767017167254 -12.389407186788338 -12.734331495546616 -13.354741700114966 -10.689005666171958 -11.658967611984327 -13.183273251482325 -13.738523374004735 -12.896406921488726 -11.160854067326156 -14.44392291292526 -14.190939140949215 -11.19086465055469 -13.536087282195883 -13.387175559278006 -13.538180510449163
41
 -2.412254313094357 -7.930437062622393 -6.047988992543938 -8.436626676018568 -9.162964231147944 -8.708507569138376 -9.159438448813656 -8.91607441646008 -11.180031285808859 -10.865668012007106 -10.450293149419327 -8.80887712110995 -9.442550472797588 -12.325484732273429 -10.003063515489314 -12.013215658060695 -10.342398406895335 -9.656358632131447 -11.181395462377013 -12.471918287697584 -12.632793528451693 -11.165370138815659 -11.856404612009769 -12.882444794888912 -12.158573061190882 -12.841290226197595 -12.49347136954484 -13.06806184235831 -10.813368735873553 -13.675339057344733 -12.25623756858042 -11.599019623903182 -12.452246480970535 -12.538858161716618 -11.639026813459973 -12.399147448839193 -11.913789144030748 -13.667028761081891 -13.236802513815679 -13.116849243526547 -14.518199070804362
41
 -2.412254313094357 -7.2893619567385235 -8.946607216137286 -9.578281818662855 -9.915623105400567 -9.758705740014678 -8.701834636960967 -9.532798022940336 -10.837097863821644 -10.523667857318245 -11.215604532464361 -11.18679420132697 -10.077477771885036 -10.84777837229851 -12.475991058499766 -10.259243034528875 -10.731970012281394 -10.664662075489824 -10.969633275518918 -10.844986620119387 -10.725458610774062 -12.205731384149262 -13.05375568297043 -12.102606494027647 -10.603915448130687 -12.263255592848404 -11.282971974778242 -12.902266003111432 -11.01247122899774 -9.09915134518516 -10.613020354225666 -13.109435142051796 -13.034726882317843 -13.286777623841054 -11.40404814236922 -13.075094547783515 -12.651471632228317 -13.125247064715003 -11.658408251462127 -11.706475739645569 -12.63138570808999
41
 -2.412254313094357 -6.9099103219095275 -6.58345715302375 -9.315025925749326 -7.880631589080508 -10.136583626222063 -9.61046596358666 -10.47769888877271 -9.269631632753319 -11.421040796861249 -11.311647749048324 -11.47713927255732 -9.434607644777259 -9.82066304050543 -11.266111479884254 -11.973782388641094 -11.322643309315051 -12.717155931266884 -11.325750514201006 -12.032497535951693 -10.547492488490889 -10.146844681566169 -10.564021427344928 -11.116410604445013 -10.356196258701539 -11.547778391503936 -10.576745256723822 -12.554828491723907 -12.841751032057612 -11.903261785443863 -10.104197891613712 -12.959736318453682 -11.749534086939518 -12.491599603753238 -13.117116705476533 -13.860243116130793 -12.757027498571961 -13.655778540529955 -13.415089002068806 -12.416169265663775 -12.665322608385628
41
 -2.412254313094357 -7.1273323440089955 -8.073453826904395 -9.274701989464052 -9.03919800557132 -9.517646403984928 -8.481459914150003 -10.959098874594146 -10.931076407132412 -11.121426816788047 -11.766031422579507 -12.301020018231013 -10.931970774182133 -9.604946791395124 -11.581733152502352 -9.091905915989523 -12.101973692078866 -11.03976000162742 -11.09017973744484 -12.69493801279068 -12.065655155445638 -10.72139084674481 -11.272840115191254 -11.172188004891051 -11.805112732771212 -11.872129629778438 -11.485520842189654 -12.349074077250558 -11.323982539419493 -12.286494014383623 -13.168107993539964 -12.140888834188239 -13.320513548993924 -12.667953825977904 -11.290370552224703 -12.179914332070181 -13.102300272349341 -10.02653856969079 -10.722766246706035 -13.630100625127257 -12.402923637438947
MainSSVRG
10
41
 -2.412254313094357 -3.5287785695716147 -4.20543701688964 -4.629485760333604 -4.963146461983711 -5.228582584180801 -5.467483133345738 -5.717307557261303 -5.9159760092563065 -6.158240899757575 -6.34062981219447 -6.52446838099248 -6.68121553732491 -6.833233815579828 -6.9038141065179985 -7.066037156659007 -7.235596261697592 -7.281504198702511 -7.360059761787341 -7.480781220309989 -7.86262114828678 -8.048049504480185 -8.205692251486598 -8.366231301175311 -8.497923717383973 -8.619737379121139 -8.763609665220041 -8.875276165912364 -8.994098938240851 -9.102179185242653 -9.208057005309511 -9.325797937428131 -9.414262552373348 -9.414262552373348 -9.414262552373348 -9.517627005264794 -9.928942707943195 -10.154336862648975 -10.310401508495483 -10.437013521415485 -10.568219174469474
41
 -2.412254313094357 -3.538745431500663 -4.21222228120847 -4.538512237563146 -4.610738564320152 -4.958332715076301 -5.2615109564746865 -5.537824054174305 -5.800450000967484 -6.046687620907357 -6.284580999127861 -6.507232131038837 -6.728484265945103 -6.936674559384603 -7.1431197190393725 -7.331500340099549 -7.513060174999887 -7.679016940624067 -7.839124588979965 -8.010347004223933 -8.196606763673104 -8.251521356402648 -8.251521356402648 -8.251521356402648 -8.411848199139516 -8.662962964987775 -8.846432332157644 -8.890790120142935 -8.890790120142935 -8.890790120142935 -8.890790120142935 -8.890790120142935 -8.890790120142935 -8.890790120142935 -8.890790120142935 -8.890790120142935 -8.952717439544163 -9.130932558519811 -9.29359582772582 -9.451655081105898 -9.606950787473526
41
 -2.412254313094357 -3.520681259060008 -4.181142974710466 -4.606493091484137 -4.953315670087383 -5.209963966503688 -5.481902814099919 -5.748636575563806 -5.9637689763963975 -6.211397749575616 -6.3093864842195195 -6.429931223876803 -6.697655762956959 -6.697655762956959 -6.697655762956959 -6.697655762956959 -6.918870264853672 -7.1583161456187 -7.382230432972805 -7.595946411085376 -7.800694241230438 -7.996301549595459 -8.183367288092903 -8.366694950676596 -8.542205160333157 -8.710781964728923 -8.868026631049645 -9.012406002674435 -9.012406002674435 -9.012406002674435 -9.012406002674435 -9.012406002674435 -9.012406002674435 -9.012406002674435 -9.012406002674435 -9.012406002674435 -9.012406002674435 -9.147541567397981 -9.17626451705763 -9.17626451705763 -9.17626451705763
41
 -2.412254313094357 -3.50641693281865 -4.152467924960861 -4.558152134994682 -4.851234613936834 -5.171285106952459 -5.404329052135473 -5.646403561175052 -5.877690691404828 -6.063176535243092 -6.2311612763996305 -6.421606545774385 -6.556313997132909 -6.759537810252689 -6.888581389611842 -6.918624205608884 -7.131069534024961 -7.356409678221491 -7.560368262514184 -7.7615560146012355 -7.942063251149881 -8.12792314110478 -8.297488185097452 -8.456469468911365 -8.606441870310734 -8.754108283928634 -8.897913244675184 -9.015964856363597 -9.127833038266507 -9.274875436916657 -9.369130088897563 -9.459406271300374 -9.539575507367882 -9.665349097233669 -9.73576893056266 -9.73576893056266 -9.73576893056266 -9.73576893056266 -10.03369565318796 -10.152202841311572 -10.223418524726192
41
 -2.412254313094357 -3.5284495626645143 -4.173967971919052 -4.603221062358846 -4.916163099409298 -5.186577171833522 -5.396358258103271 -5.7126441859179184 -5.884232999159777 -6.068230799504607 -6.276092519799967 -6.50682821706301 -6.390961644334222 -6.780654563608561 -6.882892801349366 -7.0009104241532585 -7.046302206024122 -7.220068761349539 -7.4009618145784035 -7.4907171640636685 -7.496499741653259 -7.837746570741465 -8.046669158131609 -8.211934697056895 -8.375577685952646 -8.51496422468692 -8.665263823820782 -8.800600269882217 -8.938328501719388 -9.036233626816637 -9.093427077489729 -9.25100103635185 -9.34876821858796 -9.42465754185056 -9.521329498953293 -9.576544042306883 -9.576544042306883 -9.576544042306883 -9.890865974381406 -10.061736820344185 -10.195259856441822
41
 -2.412254313094357 -3.510535906629559 -4.167090072159981 -4.573751060360366 -4.898848900252374 -5.20267884423521 -5.430249860052296 -5.618884245544449 -5.854879310545442 -6.089435786439315 -6.2651079482895655 -6.431714672224717 -6.521990383985802 -6.708437370610757 -6.763487392133184 -6.833769828899994 -7.323566169059117 -7.579649678081649 -7.790177743704033 -7.955570265976833 -8.09999914073408 -8.272940650944255 -8.33976822128837 -8.33976822128837 -8.33976822128837 -8.475459543726384 -8.729208913576675 -8.916064358534072 -9.087164379195569 -9.23266568457058 -9.393668124677832 -9.545801591481771 -9.692518120959347 -9.789828237396927 -9.905713361248628 -10.036310787886075 -10.171262013687993 -10.252630468353635 -10.370666307876263 -10.425309864601543 -10.53101858338707
41
 -2.412254313094357 -3.5205850165145023 -4.198333006621348 -4.586001839869085 -4.944882152788719 -5.229835957849675 -5.516352975793036 -5.740824889909666 -5.996700623899309 -6.209185347183646 -6.369221130200274 -6.621732241113484 -6.7648407968722895 -6.936982446644127 -7.12502046776117 -7.204821346627315 -7.098579219969204 -7.23550116727662 -7.43980059834024 -7.725930863988455 -7.619302075955363 -8.201941502944363 -8.498416170739667 -8.656353757570598 -8.810827999191364 -8.812492560364165 -8.812492560364165 -8.812492560364165 -9.12268367602721 -9.289832044009062 -9.434411922542164 -9.570748373055839 -9.618409488446268 -9.618409488446268 -9.618409488446268 -9.618409488446268 -9.618409488446268 -9.618409488446268 -9.618409488446268 -9.618409488446268 -9.618409488446268
41
 -2.412254313094357 -2.613073825735376 -3.4673553490494062 -4.176059737691428 -4.6246201151785975 -4.939700967574103 -5.281715212999108 -5.424364270836785 -5.424364270836785 -5.424364270836785 -5.524615301577638 -5.796127028568515 -6.051946109108781 -6.29789287678914 -6.533641541076687 -6.758219141179261 -6.983946310393918 -7.196869419431534 -7.404827614134192 -7.614318779042234 -7.812846224713427 -8.011179351672292 -8.19848179125522 -8.24129222977337 -8.24129222977337 -8.24129222977337 -8.24129222977337 -8.24129222977337 -8.24129222977337 -8.24129222977337 -8.24129222977337 -8.24129222977337 -8.313751947217979 -8.525343286244926 -8.716847947694397 -8.897923996931727 -9.077179536955905 -9.251618446608177 -9.349608326285013 -9.349608326285013 -9.349608326285013
41
 -2.412254313094357 -3.514425067658208 -4.143065931552086 -4.5144486368415935 -4.807259172404426 -5.0604873736701235 -5.306002286167618 -5.496594148664429 -5.702584091738665 -5.843273508451116 -6.0716626824717705 -6.2436891984663525 -6.336274537712929 -6.519218407496477 -6.589661467968153 -6.81195834203852 -7.112006177540178 -7.336098485736299 -7.524333296119717 -7.7092569233283665 -7.864217068087301 -8.01154684319187 -8.15782945604258 -8.302981815535468 -8.430848420668582 -8.559783215297431 -8.67807833398756 -8.76219415873994 -8.855926223679507 -8.976517311380519 -9.074838104361627 -9.181442119609697 -9.245813868963612 -9.347925063824876 -9.401386678936337 -9.401386678936337 -9.401386678936337 -9.726711719747218 -10.107767908628288 -10.356164586116535 -10.52704168185752
41
 -2.412254313094357 -3.5405628481435136 -4.195117140061809 -4.599655879151035 -4.73464820371353 -4.768443328302016 -4.768443328302016 -4.768443328302016 -4.900196495573599 -5.217976457084068 -5.5034142494163705 -5.768771304623765 -6.021139403893213 -6.263360935695004 -6.496125927648472 -6.723082605007533 -6.9395704615212646 -7.155693679639167 -7.270050134778008 -7.270050134778008 -7.270050134778008 -7.270050134778008 -7.270050134778008 -7.270050134778008 -7.270050134778008 -7.270050134778008 -7.270050134778008 -7.270050134778008 -7.477816416055409 -7.687617806656115 -7.890692221233533 -8.088798621384283 -8.28383361655594 -8.47429492588593 -8.659103514019451 -8.843237124811496 -8.997708503043288 -8.997708503043288 -8.997708503043288 -8.997708503043288 -8.997708503043288
SGD:0.05
10
41
 -2.412254313094357 -3.404835758235096 -5.486224239029735 -6.558702689914117 -8.625338609386652 -7.920342078323693 -7.084929226860513 -6.5353658036052735 -8.501854235948736 -6.338454625326421 -8.146236541566958 -7.225814094268256 -7.458135747790194 -7.381848464248323 -7.2320566752399955 -8.732084065536302 -7.459968496685765 -6.436916503757413 -5.696460056178891 -7.61560522819805 -6.5704520185990205 -8.355050599722443 -7.758001252820772 -8.230743931893201 -6.707266958265932 -7.708999528987905 -4.9237929325403655 -5.535066619782361 -5.93411376160148 -6.786291371720073 -8.666173219352313 -7.970525962728503 -5.703351464953677 -7.248088184665421 -7.492336518497639 -7.680709602282817 -8.396054178066237 -6.9180665285142435 -7.207167725074138 -8.997813215232707 -7.7762446335315065
41
 -2.412254313094357 -6.260575516763479 -6.836867840359016 -8.21240610193046 -7.286824444249283 -6.70527115382143 -8.77276649881035 -7.83134478821348 -6.890253059391518 -7.87164233912255 -6.9956729029811635 -6.458424283170616 -4.8600022585535 -7.403513526717152 -7.913172595239628 -7.596793679639406 -6.722728270107605 -6.9211917078483625 -4.762380638060577 -3.9251313861860724 -6.434351037188929 -7.3772936132237605 -6.200465354372912 -8.897691113990998 -5.53272103742626 -7.2003302060502055 -8.669351196964726 -7.480298270328655 -6.276722612753624 -6.6141352994476525 -4.891316170710059 -6.972061768196481 -6.540234924595998 -5.98791416457657 -7.690410944376919 -5.7163976556875475 -8.659134645782062 -5.869571285680784 -8.985594476039742 -6.267791464041711 -5.582652583471114
41
 -2.412254313094357 -6.690206651694891 -6.549923663029006 -7.87936405157101 -8.797741988388346 -6.936687374535425 -8.950001118426899 -8.064387190838087 -5.2487166554478115 -7.759568166415363 -7.8152187256273455 -5.237942331709477 -6.312376000004249 -7.744025734275435 -5.5117686466653 -6.635600504796256 -7.60946250136337 -8.361553228144523 -6.099680982725399 -8.74335540528233 -5.969353781551971 -8.948312607743818 -9.075060453299846 -6.678510551686682 -7.078031236183421 -8.069833125638645 -7.404784178495675 -8.239051586626092 -7.41141014279567 -9.144942411008278 -5.913134378679856 -7.697775705473128 -5.3913785391929485 -6.370936555815003 -6.562007946550833 -6.060695249718123 -8.964769071650885 -5.196171300029468 -7.106862720147227 -8.236185733983238 -8.357530321066282
41
 -2.412254313094357 -4.657017449027651 -6.821167247094009 -6.176061640904751 -8.561071833051223 -9.168789318746173 -6.624503137598077 -6.630889021268177 -4.139237028543415 -6.061870967632972 -8.723569860936982 -7.391110805164997 -7.12173470766028 -6.531292384034233 -7.159116821056485 -8.98719503482477 -5.483301680232796 -7.355115624346552 -6.911091163056234 -6.331900369547907 -6.7514163773767955 -4.962529125262412 -7.177436069536245 -7.924096701091625 -7.494142616138705 -6.787325186319402 -5.912705094836698 -8.271145061644953 -5.853335457761594 -7.109427244971779 -6.061037411775406 -8.158640776437416 -6.8770043357622415 -6.481074337461124 -6.577053236709963 -8.033155297604647 -6.0835949960316835 -6.430442794058588 -6.735698117124699 -7.458813233869331 -5.16690382001359
41
 -2.412254313094357 -6.407269353503791 -6.983103517801653 -7.051906849504503 -6.422540579805086 -8.05860047882774 -6.702326426244749 -7.212998612303392 -7.4844135360309885 -7.666872032858916 -8.616159854909947 -8.672595966866416 -5.5519188007497045 -7.369140054802563 -7.694300042644328 -9.127273974391636 -6.510615669537716 -8.594825865116105 -6.612575345945405 -4.4102360252153 -7.4526637582968345 -6.645232657556377 -5.419855443725975 -4.500669330871409 -8.804006437091802 -8.000661611500696 -6.493385625964447 -6.385217395517098 -6.4979667370603025 -8.760636429030502 -7.553573978479859 -6.334713342796985 -5.9886825705582165 -7.00651539964819 -6.603445914240153 -7.654255036244096 -7.324384529177967 -5.313553545974532 -6.4303248049140205 -7.614598848356608 -8.869598418919686
41
 -2.412254313094357 -4.95014872767862 -5.733835281367562 -6.324320792562081 -7.807368069230876 -7.942772600303114 -8.84135674715455 -7.880865255184924 -7.269240486456192 -7.493576757940004 -7.538535159285914 -6.4717483093153385 -7.174680037109093 -7.002732828254576 -5.808139663858553 -7.534760757343275 -7.876052613779561 -6.392866695138256 -7.96126183301887 -7.298759205879252 -6.806203528838664 -5.458639983081182 -8.549964309852768 -4.680351015656618 -5.91535879868621 -4.197962997828447 -7.919681478416313 -6.770213810956255 -8.978192797674351 -5.319395771711062 -8.56344198377054 -6.316805563480588 -8.398248354026002 -6.0630928036655165 -8.479558097999382 -5.3003840420606565 -6.038779907591374 -7.019234821123056 -8.46939304326565 -9.036129897206823 -8.075376632860488
41
 -2.412254313094357 -6.07716107748181 -7.078438597052302 -9.057785699898977 -6.548115060030959 -6.577084428757434 -5.0935674611465185 -7.781582172941233 -7.104728233046581 -7.7954556816299645 -8.205171293766252 -6.2028152179207146 -7.845207699470807 -5.466023857457911 -7.176198162825652 -7.775178593182739 -6.216961661944634 -8.847866232161167 -6.646939140057824 -8.673573330475811 -9.09948537384198 -8.16425071562552 -7.624616498475346 -8.327859205417099 -5.295868145852689 -5.558109227177899 -6.873509677674203 -6.628668002743398 -5.484992824424971 -6.986573413720376 -7.729807684064817 -4.213779830333372 -6.774825689033675 -9.101834824741417 -6.033214091498454 -8.876232556750692 -8.168309956762473 -7.42575995767718 -7.026318488639287 -5.540597097218126 -7.951224714920001
41
 -2.412254313094357 -6.816614674482724 -7.886410107466988 -8.080725971435047 -5.333722329168275 -7.0369505576972715 -8.220541086869584 -8.14432380272339 -5.535646394158809 -6.426809779541146 -9.41832916374999 -8.301149244926654 -6.387005028865776 -8.178050314475989 -8.543854115361604 -6.531888060885203 -5.940510431997235 -6.301129085413271 -7.459041529544938 -7.565791422867275 -5.188409751071896 -6.1167176060174455 -5.723668923821341 -6.7571500239392135 -5.929659752505722 -5.73415411366035 -4.653124224229772 -7.938285114861523 -10.062208967863977 -7.299843352751845 -6.532299036228765 -6.3264763781664675 -6.821390287663617 -8.4276315534627 -5.1467042228240505 -5.383679563938124 -7.981678377885266 -7.726379549288973 -7.737231553457143 -8.179529291102684 -8.248229717761284
41
 -2.412254313094357 -5.6923546412637185 -7.85276674340967 -7.364725879338935 -9.317600207599629 -6.204143380361641 -8.650327524325402 -6.730493926146609 -7.723149006259262 -7.827776890985393 -6.601711526260507 -6.772916716252645 -7.831809416468665 -6.789165109267975 -4.599413024321372 -7.0200778577923515 -8.083109520991867 -7.858509999126923 -8.801216167102968 -6.451416891423451 -6.247038067768083 -5.884043272388832 -6.778037037031393 -6.319484669265472 -6.154296341418028 -7.6770375111765645 -8.209743705557566 -5.423308162630737 -6.036187480826191 -6.479053107311071 -5.37000623454572 -5.887173827832992 -4.963333934171389 -8.566099297208893 -7.917570776075526 -8.373831337622923 -6.047405680493448 -7.2634340258200885 -6.158197096434946 -8.439891629791395 -7.495373544265659
41
 -2.412254313094357 -6.400850486645197 -5.341422843813478 -7.205075904666199 -6.324493004662026 -8.640253311625441 -4.992147749432291 -6.859839868730621 -7.755679990784946 -4.455384866120319 -5.987384684062925 -7.007725580835336 -6.119971903268029 -8.458309735383162 -7.613324797012924 -7.309056086051672 -6.3977643041933545 -8.083562264840753 -7.69429657703678 -6.936664293833268 -5.831156917630263 -6.839576056231181 -5.410297063886695 -8.73252923398663 -5.541099159705375 -8.432636842831677 -7.810843152238447 -4.58651561301617 -7.391823088168119 -5.539928837752189 -5.857514002428843 -6.3882331332217275 -6.1750256472001475 -8.722748866378103 -6.832130865164349 -7.601813743160322 -6.91524454249864 -7.5142467774953 -9.181370369726979 -8.111559222053287 -8.137784921188583
SGD:0.005
10
41
 -2.412254313094357 -4.010121095524994 -4.656145684336959 -5.01793607687465 -5.500097454166497 -5.754500775236089 -6.21233240125064 -6.520356999982811 -6.791020765012649 -6.893499798100051 -7.3679938996993215 -7.208028573479152 -7.916735887219041 -8.079174289246343 -8.220758617665442 -8.184821699375114 -8.865674551506618 -8.794186632288863 -8.273944888141594 -9.52573921453585 -8.842853547019411 -7.711785642011122 -9.36761177713349 -9.868734741203399 -9.067213331156761 -10.336711723332968 -8.385182185348192 -9.968866906534144 -9.743795973367904 -10.049885665241039 -10.228672969141913 -10.141520036050945 -10.22175275512848 -10.553810391709996 -8.762825438199343 -10.744008077264464 -8.829068104341712 -10.343957574576438 -10.03155603843745 -9.92307409081457 -10.759548886502355
41
 -2.412254313094357 -3.9937065927506117 -4.65668220805526 -5.094037370961507 -5.504488761810079 -5.722828041312792 -6.057129118610504 -6.5221540780356735 -6.778992801961274 -7.080148476174489 -7.35672814027166 -7.4784749668881405 -7.9169677374052245 -8.117354163535358 -8.435613005238258 -8.50127759641591 -8.59826931194689 -9.074389616092246 -8.93559208098846 -8.893043287825718 -9.340386545894393 -9.775032667501174 -10.107935305552198 -9.463722694409354 -9.06543233262451 -9.342118882871024 -10.249092297461633 -10.630239676690428 -10.458468151747876 -9.929104103005693 -10.891538102528386 -8.688313477021644 -10.820139715457506 -8.511154309054476 -8.87857093839036 -8.913345381845144 -8.926112238865791 -11.210569883569544 -9.957505156153859 -8.961080736715184 -12.138722086325389
41
 -2.412254313094357 -4.035473900699719 -4.646205590495338 -5.0965077509492716 -5.485644818877087 -5.867456514242757 -6.199801995798253 -6.48877686118473 -6.535154549671164 -7.007369283059541 -7.435544415913106 -7.527943967500441 -7.732185085275668 -8.162552357438871 -8.04220970208669 -8.184794055636537 -8.418077264471545 -8.904427394118999 -8.690616554259458 -8.271440554718492 -9.373336807514892 -9.620540459901115 -9.440799175150662 -9.257989572664785 -9.57846639851171 -10.03623282133008 -9.09247460047541 -10.379646543875664 -9.219823119573404 -10.156210716369982 -9.966875678909515 -7.364086591584793 -11.278847501087085 -10.866576606427865 -8.22441216757274 -9.101950364474085 -10.443738595304639 -10.523050419260061 -10.127717491154405 -9.64367075307819 -9.987657195883251
41
 -2.412254313094357 -4.011350710774478 -4.609564666062956 -5.0989977036524055 -5.337517463067787 -5.811883796994534 -6.156513350905399 -6.433956593866456 -6.582795516012527 -6.604152038031476 -7.270670027555097 -7.4678985121816845 -7.735564296785136 -7.7593799910321515 -8.201783268885327 -8.357693297291881 -8.257729654136053 -8.961132394399517 -9.090477881834596 -9.34842918935519 -8.73328216700574 -9.098932084989611 -9.773437525519958 -9.690363762864157 -9.751717055249216 -8.956165452640429 -9.879960322326161 -10.235132700801518 -9.416303164675167 -9.59496785152557 -9.346200311664825 -10.585765256062471 -11.107076072988432 -11.203737669983507 -9.879616605592387 -11.40123264706117 -11.445442892478463 -9.280827094528467 -11.721763839266522 -8.065616042629575 -9.224128083576701
41
 -2.412254313094357 -4.03467674814528 -4.66404488670586 -5.092407991681561 -5.512173504882897 -5.8306127570871755 -6.195213674714053 -6.538995808985241 -6.795487191738332 -7.047973905422059 -7.319696269559325 -7.516307908589826 -7.544500486245694 -7.9690312477509355 -7.9128495648142945 -8.7056586894132 -8.88488300958632 -8.808965072734253 -8.402121772595793 -8.434513943950416 -8.498200987330897 -8.931752434256705 -9.940172397295466 -9.888454401152819 -10.062560673314854 -10.285176224403065 -9.584678237825473 -9.496012308277999 -9.16086393536189 -9.452066448666471 -10.179752341140135 -9.86537852782268 -10.880462849038533 -11.61801345228861 -8.29222766698123 -10.140621595969813 -11.20109599277336 -11.239655496090752 -11.392414931597608 -9.6727378629066 -10.47179442811023
41
 -2.412254313094357 -4.01812435531109 -4.541564553962168 -5.0889633928954225 -5.430426485665026 -5.7569278237771675 -6.208181303332787 -6.356011506295753 -6.775870107623444 -7.005062717019286 -7.127397969262165 -7.59403259612687 -7.906271544010218 -8.024635778853996 -8.395172670018315 -8.125498333110338 -8.470464643761016 -8.690492263141229 -9.02219922880619 -8.241165596746088 -9.261173684633494 -9.44947352964862 -8.790544930929503 -9.461396055306867 -9.418835734139392 -10.163004469330458 -10.359185438922232 -10.426876516621494 -10.283287746448291 -9.619418883888086 -10.572829223811858 -9.731882816904227 -11.055680237234064 -10.118864858993339 -11.03150830758763 -9.44110597603473 -10.394444813597225 -9.884675470822994 -11.534068074507164 -7.874720444084732 -10.608344590686242
41
 -2.412254313094357 -4.004318524250209 -4.655166383686805 -5.058852382082627 -5.502184070548369 -5.827745816136528 -6.107778725502991 -6.46808163535011 -6.701746665134172 -6.85483566670296 -6.954644550179594 -7.599231358219124 -7.79834970239742 -7.827225476741604 -8.03768015682857 -8.577169887823796 -8.614637148797316 -9.103466558543778 -9.229095831452724 -9.576624120821243 -8.702424049798479 -8.768711322190427 -10.060212329034513 -9.331047106752397 -9.112110151610246 -8.300515087050186 -9.765186299080696 -10.46792681069888 -8.964127128198427 -8.438260602057774 -10.336903041258998 -11.121030027585757 -10.211522133709767 -8.17336980098562 -9.702624022884581 -8.94200445584235 -10.732961898642074 -11.357624679601908 -10.685902997993797 -9.644846574942179 -8.818368994898243
41
 -2.412254313094357 -4.040514309205496 -4.645163014619155 -5.051230530105933 -5.38752166849285 -5.8574848022515615 -6.1991896621142 -6.442668965517214 -6.627637501171024 -6.946705928332448 -7.341337088741724 -6.973901308522435 -7.834217166366959 -8.103516775407481 -8.44866641841168 -8.471182254832689 -7.421944282733915 -8.820787460573356 -8.44596763589984 -9.321311213338126 -9.190527520471512 -9.379981349554788 -9.975381919524713 -8.515167454209436 -8.107253132385628 -8.985937322102773 -8.379036849424041 -10.07711071956812 -9.763427629137427 -9.484885205981268 -10.129090608868584 -10.323191939371252 -8.792301191181132 -10.428915973751579 -9.845498539701216 -10.577344747168606 -9.769241157815605 -9.848602429832768 -7.614865190059397 -11.418381891588162 -10.88696183058936
41
 -2.412254313094357 -4.019291703472229 -4.640027375978243 -5.10578495406992 -5.506099880751583 -5.756598723695914 -6.133056486003696 -6.509454787082273 -6.746246602148421 -7.019558014560375 -6.8045415169388095 -7.383470414751678 -7.879334243864232 -7.940528387435561 -8.226522838424653 -8.082535489322732 -8.444257009558338 -7.866242145350304 -8.464868621115796 -7.267685071998284 -9.034614150111015 -9.179476541093683 -8.702586016627414 -8.912356651887535 -9.767302881130455 -10.445143386343574 -8.84517358539147 -8.310967311948504 -8.35827629047553 -10.562625208080476 -10.779976213013972 -10.91160883914975 -9.748836526847718 -9.918356280804149 -9.426837553185099 -10.51173577285532 -8.898651738389441 -10.401488750006099 -9.554808756499511 -9.307038265281836 -8.795046460693117
41
 -2.412254313094357 -3.9663118302721667 -4.617585827220699 -4.936211643323823 -5.480897029409535 -5.788911082160385 -6.1705137133780115 -6.498834234417494 -6.786669285140016 -7.042004319397274 -7.2092625424017145 -7.592446389293646 -7.863909197519021 -8.052454731540795 -8.038502055964997 -8.410657171135364 -8.553184358700047 -8.536952074241466 -9.194980654874637 -9.067128734349312 -8.887304396105373 -8.20833499379756 -8.099917773363595 -9.328079294220917 -9.504707976053345 -9.978799459957134 -8.864269688608408 -9.190424992455597 -9.952861334679207 -9.246704670215403 -10.755067344696029 -9.362790009772434 -10.907112628794636 -10.791959198537652 -10.777722525903005 -10.953519140815972 -10.69456320627645 -10.961340039302742 -11.351720161357296 -11.825022447022244 -10.485455118954548
StreamingSVRG
10
41
 -2.412254313094357 -3.5189449592818574 -4.0857978249286475 -4.136849653806601 -4.610993768930622 -4.974562208904108 -5.2563946039672675 -5.523803981976616 -5.79124678360615 -6.024136075864723 -6.273602818488565 -6.493498608874726 -6.710965790335465 -6.769409988200186 -7.170549726557874 -7.3330427415366435 -7.671781930833611 -7.831081831963208 -7.930867884198371 -8.2185629664622 -8.410205980855846 -8.54616219335931 -8.052322174454671 -8.887926930821362 -8.598752192978292 -9.105943746096937 -9.105943746096937 -9.105943746096937 -9.105943746096937 -7.500736392798744 -9.324065340280388 -9.54217382657453 -9.337201396189714 -9.066075394858652 -9.768141942640275 -10.053492607972954 -9.28814405330966 -10.08386794249112 -9.970241184320157 -10.378531928155528 -9.021059562286558
41
 -2.412254313094357 -3.5133585352041554 -4.1980153728771175 -4.6296679323487835 -4.991296039082828 -5.284696134708907 -5.555095437166884 -5.836945805513135 -5.899099311220506 -6.327662071454945 -6.502739694721856 -6.653822631134007 -7.0000841926789725 -7.250100605625497 -7.392300075283949 -7.505643765443245 -7.788549814832025 -7.926294517224712 -8.186035535482183 -8.192516464437407 -8.423802553407983 -7.592359424457557 -8.235819244047589 -8.898029931661005 -9.204885259096693 -9.185723914656622 -7.8895177398028515 -9.61638454374386 -9.365365914270662 -8.120569344041085 -9.96351939380484 -10.014699508681616 -8.719828466656299 -9.966162931639486 -10.322815007599413 -10.67789089890239 -10.11837983855457 -9.932860543579835 -9.990698307029387 -9.433201111883784 -10.66699499452686
41
 -2.412254313094357 -3.5064446883080187 -4.186930975392422 -4.623118269147109 -4.981261817739684 -5.1905144071725395 -5.566311717467438 -5.827253739981325 -6.106563232630586 -6.311456908191753 -6.577964340598224 -6.459711467017149 -6.999788734787378 -7.249406721656326 -7.22251910802971 -7.417487976736415 -7.225740439855162 -7.93904782301972 -7.849384910628035 -8.124567774168781 -8.412213443830106 -8.689766163587667 -7.7466577546163915 -8.2030461287178 -8.741450629120676 -9.429697166694814 -9.189471696620437 -9.104394178766643 -9.182696382087041 -9.104399357604267 -9.59313204331489 -9.700626995507063 -10.000807519372007 -9.646677102448878 -10.27490956099165 -9.473164026269988 -10.576491726353956 -10.486834519832135 -10.622354550636214 -8.515721949361097 -9.932346321000717
41
 -2.412254313094357 -3.5157084521424427 -4.2102841919612235 -4.637199359931757 -4.976785155339051 -5.260357595198378 -5.502212425898005 -5.8496793390280475 -6.0958529505266394 -6.243424450486295 -6.542755986416951 -6.718574651948017 -6.8972533333350805 -7.20577086227528 -7.346782817972334 -7.475934792763318 -7.681215253611276 -7.304350904792178 -8.15056095163718 -8.328974197933528 -8.432757654476347 -8.379482167686707 -8.873794251657424 -9.105529986121141 -8.075164781673896 -7.883840943196606 -9.34441307466306 -9.379061356506728 -7.901316879435462 -9.41575973954808 -9.708070333314504 -10.37436378306567 -9.485034286356747 -10.19710070035844 -10.146576360674459 -10.531127596243191 -10.60267547043094 -8.541126853136138 -9.69210474690299 -9.732447779529691 -10.299065267226998
41
 -2.412254313094357 -3.4938521289896785 -4.193728921845999 -4.630776777393591 -4.940408988540254 -5.26671740669015 -5.446411432680814 -5.7486711931778975 -6.072608045307305 -6.248579045098129 -6.584419499176773 -6.759074324761503 -6.940428369315048 -7.223729770904408 -7.308825389008794 -7.226431440524469 -7.715391314820139 -8.047168721565603 -8.024793813034231 -8.411396484499827 -8.092136052239702 -8.171209460258755 -8.495023872369709 -9.074126442991686 -8.288548053124932 -8.05304295489267 -9.129084787197831 -9.42983398454173 -9.548245850960138 -8.566546403805242 -9.767527491488252 -10.0704448226642 -10.057619327598239 -9.118859129243994 -10.198463052876596 -10.487373158380645 -9.417395324565472 -9.744482266816622 -9.581855810634837 -10.650282540633622 -10.84397020644998
41
 -2.412254313094357 -3.5137540575753095 -4.184339129068729 -4.587439604927747 -4.883252403867776 -5.268425905550389 -5.506384521042274 -5.725650936258897 -5.909311608008161 -6.363924346951283 -6.433952092519169 -6.810012295305324 -6.713575568447509 -7.232651930605175 -7.330712205834594 -7.402690404010613 -7.8881526420896035 -7.680061245378027 -8.280885588789767 -8.34436794101923 -8.633201144495658 -8.522261911433022 -8.195006915291271 -8.383454833856852 -9.270362667148849 -9.101234476235845 -9.512037108654129 -8.930035589691862 -9.541934447512412 -9.96405829530484 -9.930557679444064 -8.979836826941142 -9.20826369081477 -10.450971486834836 -9.480872383137173 -9.538016038170882 -9.355448653670646 -10.680779262574092 -9.092453594045672 -10.735492655951314 -9.314217069086013
41
 -2.412254313094357 -3.465752987975609 -4.1634651179423505 -4.632606619731332 -4.9807290441738825 -5.296320439017303 -5.511483495326252 -5.802701041860409 -6.085482435026334 -6.289595081244803 -6.29124653601897 -6.706861399375981 -6.624872305939794 -7.013916074298054 -7.444245142386454 -7.576176476011189 -7.609980191923638 -7.956637275182033 -7.857821883571284 -8.002921717722282 -8.334568648546508 -8.2368788147645 -8.794599857861586 -8.83371732204662 -9.185491337028775 -9.21816229079688 -9.39006015632958 -9.558115875893252 -7.7999746972429005 -9.763023033369414 -8.34215557891645 -9.9751898538607 -9.752628190822616 -10.21784581126689 -10.60121699313634 -9.869746042901452 -10.68324085137112 -10.472088311047052 -10.031470075595825 -10.781225763610859 -10.988192884069589
41
 -2.412254313094357 -3.480367529268022 -4.2188921282798315 -4.624449119619298 -4.990606886215885 -5.265385666105241 -5.539118900688062 -5.807150136749362 -6.083433182634839 -6.302143454684402 -6.281222968367827 -6.683905435965369 -7.054359362449559 -7.199405073284473 -7.339733446471459 -7.308874793475436 -7.590042108042179 -8.036812075567267 -8.037221595817288 -8.22168969459076 -8.642388931129073 -8.141610523955002 -8.720307596381883 -8.851454517815535 -9.21038422676159 -9.335246449379403 -9.270793454773822 -9.612418485526558 -9.247288506734764 -9.868004983174837 -9.610273877253613 -10.234195349841835 -10.118077965923009 -9.582715271414864 -9.582715271414864 -8.702468884978112 -9.330384602360748 -7.985566844690129 -8.792188516432217 -8.792188516432217 -8.792188516432217
41
 -2.412254313094357 -3.5134407757232777 -4.181784909789222 -4.608944923479313 -4.951265849013418 -5.215155390020933 -5.534386336789859 -5.82393982796539 -6.064116786810865 -6.299139526533879 -6.261817484685001 -6.797482502479682 -7.001528349921782 -7.1435653881099395 -7.429418930528122 -7.630745032409943 -7.326081023639093 -6.799918884054828 -8.012605496132306 -8.174796160588373 -7.929216098188376 -8.230811400016826 -8.782316997151874 -8.969013286014505 -8.899813356364941 -9.29041258835623 -9.327551093985058 -9.622456712324595 -9.365152907868564 -10.040403475051992 -10.006894287977257 -9.113359410504554 -9.382071291308216 -10.00406058231571 -9.622711774241887 -8.770715807523532 -10.39136311180258 -8.839284301889956 -10.595767416016521 -9.282420429369415 -11.174142915881948
41
 -2.412254313094357 -3.4881127111159493 -4.198780260644278 -4.617244987213479 -4.939556134375426 -5.287152775486337 -5.451682995814667 -5.824679705667248 -5.943456191840044 -6.209915717751886 -6.562057842661828 -6.5773605722776525 -6.9858880732625215 -7.273091298496778 -7.4236909746383395 -7.687343640968265 -7.842914067346382 -7.972817710361066 -7.847304329598823 -8.149095584096427 -7.348298501246616 -8.265462223328857 -8.939776383693244 -8.815366178634731 -8.841400955889535 -8.945686827576345 -9.503012093678452 -9.503838910942257 -9.260050597739427 -10.029416519690274 -9.632946310287991 -9.87678972689589 -10.051103030728772 -9.297941848751957 -10.38058060099236 -9.52919251431777 -8.826515335710052 -10.69062249333668 -10.105121025504792 -10.156790816539338 -9.522197625584134
ADAPTIID
10
41
 -2.412254313094357 -7.467998680783069 -7.558753131690893 -8.44940621440373 -10.347110142816447 -8.298544672212838 -10.872218086423654 -11.153787251982914 -10.250187833489916 -10.583797582982905 -10.026960204326306 -10.953365634496564 -11.613210883095261 -10.493159633499126 -9.147097872029343 -10.997094309362351 -9.610606416597467 -11.751389950412765 -12.359287657322708 -11.25051221760119 -10.431885297685653 -11.38044213515955 -11.792593292930057 -9.469240135685684 -10.860703899018231 -11.285939081881887 -11.672064563020424 -11.599274595045161 -11.475929570616591 -13.44752163444578 -13.840989066989476 -13.458728420675863 -13.268212740626584 -14.066542158632476 -10.843325827775164 -13.69735116458454 -13.662833573562684 -12.513163292441485 -12.62972838789631 -12.60080323933729 -12.984797442074605
41
 -2.412254313094357 -6.832566575254093 -8.977702772835048 -8.827491668601484 -8.181762970167695 -8.051702041118967 -9.925065943169159 -8.729842122766868 -10.172355678027747 -10.638970851694085 -10.086584683492443 -9.49560837619935 -11.332761238303256 -9.085365095728303 -9.74503923988154 -11.49215395008304 -10.7726352686284 -11.318046585773141 -11.834660010052637 -11.117364021507711 -11.54026524580906 -11.265486248200016 -12.088519921996594 -10.050784111466129 -12.450451467393712 -11.056784663156732 -9.9148630312693 -12.734762721114697 -13.386643940718331 -11.25816247027463 -12.547336314053249 -12.005345076196054 -11.537596197922161 -13.184596846293438 -12.801185147801649 -13.87453359342057 -11.046902009195799 -11.283540879991007 -11.961168663797855 -12.468111112134153 -12.485006215019789
41
 -2.412254313094357 -7.956213512769873 -8.786003386692876 -8.661502188701183 -8.872748015287357 -8.833015026990706 -9.613523995191443 -9.884486530764104 -10.723682364240071 -9.162762533582065 -9.806213852038429 -11.363793666413988 -9.48943039179041 -10.78455672721937 -11.6645434668301 -11.87079369638083 -9.668522058698418 -11.80070109102475 -11.833330517104633 -9.34219918173256 -10.865789837269553 -9.754498783871789 -11.746978720488435 -12.921078247306973 -10.822773946269178 -12.48199497629264 -13.610961937232052 -13.116017713717941 -12.400404374906644 -12.898975822564212 -11.884636536824475 -11.172862187979526 -11.144809071906407 -10.054415502869249 -13.12872403105766 -11.805763660228706 -11.994278716811008 -10.559100272917208 -12.594767470535702 -12.482729877928016 -12.649250701348953
41
 -2.412254313094357 -6.129715409321027 -8.7990589081447 -9.985459277028893 -8.763287982309695 -11.331162125202214 -10.522938264174039 -8.078627333602771 -10.312611480031828 -8.684447873935117 -9.428037273765026 -11.21187441345017 -10.941394906046735 -12.04476420860219 -11.840681801097096 -9.761793235191018 -11.44442881052186 -11.201654147589617 -8.698770377221477 -11.13492505122539 -10.619239099513349 -9.782471279141562 -12.089613345739185 -11.123661332320438 -11.8882234562661 -13.29142583726978 -10.805995964954844 -12.025528600347306 -11.596409843335262 -11.927785200316197 -12.617233648697784 -11.62023640144184 -12.42485851716268 -10.366145435295488 -11.555294543874998 -13.12282975999696 -11.371869110630227 -13.276955458191527 -12.15793832094325 -13.956028333885678 -12.135632624375567
41
 -2.412254313094357 -7.535083884768703 -7.3718003043802245 -9.797940195873233 -10.106750526687854 -8.295097241700356 -8.974527354711759 -8.738657657423905 -8.48428348092543 -10.892676077276773 -8.217485285933304 -10.996652951563632 -10.970024687279167 -11.480175431086844 -11.88195280492137 -10.365542664379948 -10.188907840059874 -11.232332300206831 -11.052266935463297 -10.042230429551847 -9.415523152755716 -12.262738404477933 -12.57086182769823 -11.520087533152 -10.930077659850658 -10.622469948349755 -12.853529808583895 -10.578067157906595 -10.47375065210983 -11.698115699836293 -12.92311245933922 -12.587594323028398 -13.028116001378717 -11.309712707767266 -13.661338329003836 -10.117326502963824 -11.334823067043736 -14.453572327531342 -13.043982950161912 -9.987804381760828 -12.601142978793698
41
 -2.412254313094357 -8.159785258685934 -9.024528234702146 -8.033421720029295 -7.708640722623214 -10.71329477865363 -8.914401649488925 -10.084186801399603 -8.87834731587418 -11.156754341036837 -8.196182528388624 -10.566028150241614 -11.884026605336446 -11.090356881558074 -9.382847857527805 -8.545196110797335 -12.108768808981337 -10.345755083711403 -12.681966725575197 -12.31836412620478 -11.82703931488637 -9.532147095260013 -10.638615280342794 -13.200377918738619 -11.498557166561957 -13.388772600209345 -12.611471335361344 -11.04621001531477 -11.239895429529676 -12.537163601731622 -11.47974551192655 -11.826406270560422 -9.71266030666857 -12.94501343368802 -14.052834267266118 -10.815180585592653 -12.599761048694813 -13.467105131014682 -13.630098809423192 -14.764021097542553 -11.17088665981562
41
 -2.412254313094357 -7.013303196008867 -8.547020929025823 -9.337251416936269 -10.338678032236999 -9.27898731055849 -10.199141086277937 -8.784318745474547 -9.231325454143267 -11.284895087895961 -9.112313542947303 -11.879275995804909 -10.789132127171307 -12.060893267983111 -11.613232103888905 -9.238262853248822 -11.419421748200222 -9.667789925092437 -11.742302419500058 -12.049588605536485 -10.552975623139819 -11.987790639418781 -12.732482977776407 -11.225848524255785 -11.768929715662233 -9.339166112818798 -12.059543838094074 -9.548370448022585 -11.316834756469383 -13.790458216318587 -10.734140697011496 -11.27052273424188 -12.868730098501091 -13.336305640295722 -11.977108992481838 -12.751262762625027 -12.283553488864927 -14.298440663280052 -13.700725877664715 -13.204595365193134 -14.888464995814394
41
 -2.412254313094357 -8.389486162690178 -7.873452616290659 -8.467878622520752 -8.096576760485533 -10.40793538487476 -9.148413387160222 -10.196694407989872 -10.387114968415007 -11.235114890463489 -10.049839797342605 -12.827419155442064 -11.510412389478743 -10.986713543612506 -9.803109511370035 -11.368797259958445 -9.789910130005229 -10.475697447500465 -10.880270272845538 -12.199810593629294 -11.989592230127924 -12.212420069201958 -11.62150495693578 -10.567939154092354 -12.847276094946759 -10.964377506294001 -10.638264347168436 -12.951503221329482 -11.421225225786156 -11.358002137997758 -13.531552461965902 -12.415541499987597 -12.184115073886566 -12.67900417017223 -12.327860344056349 -11.714166956462185 -11.649699729821672 -14.05420750930868 -11.262622828680547 -15.3303840337325 -11.980398634653918
41
 -2.412254313094357 -5.802377495959387 -8.887690771548135 -9.821180010555008 -8.848861299890105 -10.07422631860477 -10.988423312473401 -10.309736321773965 -10.82763200642877 -10.24614859816895 -10.99543166407872 -10.650286860747654 -11.508172487580323 -10.122281044697123 -10.566700430859981 -11.774564096220368 -11.018803413537022 -12.369221322076518 -12.234043372708472 -12.326760655233834 -10.425450172265139 -12.284299987739281 -9.835719506727893 -11.762059420681341 -13.260348889858609 -11.541023935111442 -12.188626981481791 -11.444131296707202 -11.416360707160521 -11.658007183882097 -12.25433396380893 -12.386615439667548 -12.099495552829636 -13.18553679845458 -10.340136669411104 -13.138020439770802 -10.917203373435397 -13.380983088752647 -13.583236928971619 -13.378457406266422 -14.354458622596768
41
 -2.412254313094357 -7.279554015460682 -7.744462947623008 -10.121991337578553 -10.035641184494802 -8.906912297622526 -10.463599202258655 -11.121525709456186 -10.48195871042297 -8.922060198828834 -10.47993874633353 -10.693336868707634 -9.699507724333305 -11.062860470856279 -10.750531885035745 -10.909093287577253 -12.391834254502177 -10.457866119273614 -11.115452516863714 -11.904090526756754 -12.632380949273308 -10.453915042618188 -10.842064031373525 -12.276778024946609 -12.598604968836206 -11.454575296445451 -10.85706265920246 -12.19837575331137 -12.087128684405574 -11.772415407162663 -12.081094366191632 -9.48729773437844 -11.536467227350158 -12.395091552921324 -13.976506195260718 -11.655775047133059 -12.480490527141075 -14.795142308789675 -13.280005346398822 -12.162120218465974 -13.35357861718875
steps
10
41
 0 25000 50000 75000 100000 125000 150000 175000 200000 225000 250000 275000 300000 325000 350000 375000 400000 425000 450000 475000 500000 525000 550000 575000 600000 625000 650000 675000 700000 725000 750000 775000 800000 825000 850000 875000 900000 925000 950000 975000 1000000
41
 0 25000 50000 75000 100000 125000 150000 175000 200000 225000 250000 275000 300000 325000 350000 375000 400000 425000 450000 475000 500000 525000 550000 575000 600000 625000 650000 675000 700000 725000 750000 775000 800000 825000 850000 875000 900000 925000 950000 975000 1000000
41
 0 25000 50000 75000 100000 125000 150000 175000 200000 225000 250000 275000 300000 325000 350000 375000 400000 425000 450000 475000 500000 525000 550000 575000 600000 625000 650000 675000 700000 725000 750000 775000 800000 825000 850000 875000 900000 925000 950000 975000 1000000
41
 0 25000 50000 75000 100000 125000 150000 175000 200000 225000 250000 275000 300000 325000 350000 375000 400000 425000 450000 475000 500000 525000 550000 575000 600000 625000 650000 675000 700000 725000 750000 775000 800000 825000 850000 875000 900000 925000 950000 975000 1000000
41
 0 25000 50000 75000 100000 125000 150000 175000 200000 225000 250000 275000 300000 325000 350000 375000 400000 425000 450000 475000 500000 525000 550000 575000 600000 625000 650000 675000 700000 725000 750000 775000 800000 825000 850000 875000 900000 925000 950000 975000 1000000
41
 0 25000 50000 75000 100000 125000 150000 175000 200000 225000 250000 275000 300000 325000 350000 375000 400000 425000 450000 475000 500000 525000 550000 575000 600000 625000 650000 675000 700000 725000 750000 775000 800000 825000 850000 875000 900000 925000 950000 975000 1000000
41
 0 25000 50000 75000 100000 125000 150000 175000 200000 225000 250000 275000 300000 325000 350000 375000 400000 425000 450000 475000 500000 525000 550000 575000 600000 625000 650000 675000 700000 725000 750000 775000 800000 825000 850000 875000 900000 925000 950000 975000 1000000
41
 0 25000 50000 75000 100000 125000 150000 175000 200000 225000 250000 275000 300000 325000 350000 375000 400000 425000 450000 475000 500000 525000 550000 575000 600000 625000 650000 675000 700000 725000 750000 775000 800000 825000 850000 875000 900000 925000 950000 975000 1000000
41
 0 25000 50000 75000 100000 125000 150000 175000 200000 225000 250000 275000 300000 325000 350000 375000 400000 425000 450000 475000 500000 525000 550000 575000 600000 625000 650000 675000 700000 725000 750000 775000 800000 825000 850000 875000 900000 925000 950000 975000 1000000
41
 0 25000 50000 75000 100000 125000 150000 175000 200000 225000 250000 275000 300000 325000 350000 375000 400000 425000 450000 475000 500000 525000 550000 575000 600000 625000 650000 675000 700000 725000 750000 775000 800000 825000 850000 875000 900000 925000 950000 975000 1000000
