10
SGD
10
41
 -2.859462536470412 -7.898505363348002 -8.078665745731794 -8.646482073985926 -8.780361048871367 -8.888290337120786 -8.965701946783973 -9.017526351409677 -9.141175952624712 -9.207302267631682 -9.26214282889797 -9.307205606164919 -9.322663315822972 -9.381258282329233 -9.365502438536051 -9.463730438974213 -9.471759336474257 -9.516183430663508 -9.542670053787548 -9.564385422890977 -9.572141066576446 -9.625720250136697 -9.650087398710744 -9.668498259233031 -9.690709061394568 -9.712868185956445 -9.732651519884538 -9.754627100405152 -9.759526882086757 -9.758589296858702 -9.799049676427993 -9.797789383745167 -9.816182425082197 -9.819916777456648 -9.86227154463347 -9.875416405420651 -9.883653232315979 -9.907869615830911 -9.91271117058188 -9.934564720197605 -9.945118523887585
41
 -2.859462536470412 -7.7399682551655715 -8.303335413001259 -8.488134153975864 -8.700344849351735 -8.79500237471741 -8.906253313252817 -9.005676403587755 -9.082740092801103 -9.142178559837038 -9.202325095430163 -9.243019427590825 -9.300896310154478 -9.34200309553458 -9.370528444232196 -9.389045252291337 -9.413356176672067 -9.481169124361193 -9.50941052679563 -9.543199353167687 -9.511011744719626 -9.516081547070128 -9.571627413590669 -9.629918362948555 -9.657427171759034 -9.59387214651987 -9.693784121999217 -9.71840754537291 -9.731550630652746 -9.73906534992248 -9.729181933803787 -9.75266867195722 -9.79618897616484 -9.807970410530485 -9.834171182340425 -9.84121163370748 -9.847103231636009 -9.80304750882949 -9.885795206474857 -9.893586366689373 -9.895358602981814
41
 -2.859462536470412 -7.366709444219074 -7.863368310239435 -7.998664424958525 -8.208072888005491 -8.255588333711326 -8.41150594919627 -8.498623879696789 -8.589347130686324 -8.654572438841893 -8.698260422369035 -8.756752254776433 -8.797841328196599 -8.850061940210924 -8.884612082089038 -8.919675717938096 -8.950838784354822 -8.96632896307523 -9.013483385645227 -9.032480298128768 -9.044568914919525 -9.086597413500174 -9.10193776780941 -9.123291400054125 -9.148256098527142 -9.139936348192805 -9.191572895752909 -9.18053268199248 -9.215498780581346 -9.242483851030494 -9.2502567145356 -9.269743207941753 -9.289162723339015 -9.267880555753086 -9.319480109593298 -9.299586972240864 -9.345085636690555 -9.360116207757452 -9.372095174406581 -9.385358277385846 -9.397878248526487
41
 -2.859462536470412 -7.059842749580561 -8.02738992958121 -8.32002099530451 -8.3235811732646 -8.589879705337202 -8.672105344231696 -8.63651001580218 -8.782627282416655 -8.85867210373893 -8.904093032117732 -8.949677967615632 -8.986411491963631 -9.033059693605226 -9.05153214365106 -9.093453164351681 -9.136392573870658 -9.166046929028841 -9.149284646405546 -9.193856797082296 -9.243226281616515 -9.27738588187174 -9.298298314942256 -9.290069179775884 -9.336654799158367 -9.355706756389568 -9.346802238390696 -9.36290933828943 -9.405215535748043 -9.431057256345774 -9.44324788334695 -9.455252561568544 -9.470698606587048 -9.491385037251248 -9.49507026100899 -9.499121775670625 -9.534813604619252 -9.551678027176463 -9.559548314609167 -9.563048610065474 -9.554988310779132
41
 -2.859462536470412 -7.790914945564348 -8.148613164691376 -8.45532168414731 -8.577392535286938 -8.655851053797344 -8.84829496798423 -8.87543211204692 -8.996270165635345 -9.059354138286542 -8.994373758215838 -9.175722167306706 -9.19969144961919 -9.247374156361275 -9.284517533753295 -9.314000573310249 -9.3485095667202 -9.35623599017603 -9.2995920621742 -9.442003334185973 -9.451313313041846 -9.443270321746523 -9.44751493423126 -9.51813078654154 -9.550556977464627 -9.510288417304904 -9.458656251816645 -9.61913032011691 -9.635259502111323 -9.654949581511039 -9.595408399517106 -9.683345673511782 -9.693468079020684 -9.699490456711715 -9.719114903490022 -9.741542226251207 -9.745929484970512 -9.734821843586863 -9.785099010888842 -9.79061522716051 -9.802663632785313
41
 -2.859462536470412 -7.717451289597302 -8.292129890816295 -8.410496899541753 -8.730302561583903 -8.807609730925332 -8.927627940534014 -8.870186029980244 -9.11743399491107 -9.17652258664598 -9.221218640508754 -9.281250513053388 -9.321732649793837 -9.343569872450162 -9.380584975786727 -9.434485690299915 -9.47767964873706 -9.492237715551413 -9.435463041470028 -9.544637950525063 -9.592227084021754 -9.611717759512825 -9.639952053248107 -9.637645449467819 -9.681857345868137 -9.682963621259226 -9.705501811588615 -9.741568413645256 -9.740208060089277 -9.778184491432508 -9.790047760248608 -9.795613895955464 -9.797468084640405 -9.844419457203061 -9.856401110437735 -9.87603709903475 -9.887831855605485 -9.866759754428237 -9.920442701174728 -9.92146145867302 -9.909610624716287
41
 -2.859462536470412 -7.616642307878672 -8.098695011999204 -8.368097069540948 -8.591681179649012 -8.602404481481486 -8.755047552361884 -8.792137661836941 -8.870700523086398 -8.955394483886444 -8.971671289336545 -9.051520881401421 -9.09322704520307 -9.139236909865344 -9.170561203336558 -9.109415387477524 -9.18106510740488 -9.277693387702161 -9.293821292010282 -9.24071274484737 -9.366206388388045 -9.386413786938023 -9.39450182494637 -9.429340548298697 -9.454842339446301 -9.446931528768046 -9.44580907033162 -9.511595734578938 -9.532593676028094 -9.540113379470494 -9.543517413330425 -9.572681112115802 -9.568487511340322 -9.610060612154946 -9.601278863581024 -9.557429368503385 -9.654754860098114 -9.634698112990472 -9.671924701475842 -9.675381117241159 -9.705379051252956
41
 -2.859462536470412 -7.643887028633367 -8.371343909564182 -8.53782167993655 -8.730069584941685 -8.797055005448524 -8.89626258680836 -8.954069181665638 -9.081024107484977 -9.126108971053124 -9.034562952399167 -9.115301457925042 -9.161089001332872 -9.314827985970844 -9.348968973817955 -9.374868016147444 -9.38431165486919 -9.447423383360748 -9.471293573238244 -9.511204872811481 -9.517796274955552 -9.557358696601076 -9.576952316849505 -9.560236624546217 -9.566140403664996 -9.64413837475621 -9.667426419316493 -9.683224575160363 -9.687572795796708 -9.710471635068844 -9.702864592786822 -9.750076215608201 -9.764201339511933 -9.765628035519757 -9.763256782654139 -9.80268870709827 -9.8213468799275 -9.827901982203556 -9.81398575242403 -9.85486098096244 -9.839978388668627
41
 -2.859462536470412 -7.892630629756475 -8.351562158907758 -8.574296297297266 -8.72830161163216 -8.909517026418797 -8.933913470629522 -9.100272713990668 -9.033449028086913 -9.18549780321033 -9.273345228727115 -9.346774172975453 -9.353705729712768 -9.382578036710441 -9.462337170501447 -9.486076485573843 -9.550057583756429 -9.565847782209952 -9.595565144010415 -9.632010868879956 -9.606988675029212 -9.674450860090536 -9.644643952591453 -9.686680002188865 -9.73973718200548 -9.682824184309933 -9.720726253287603 -9.781889755157593 -9.761432903165728 -9.837159816167645 -9.830019010359472 -9.865191383715986 -9.883814553251792 -9.887840272159746 -9.910189855108726 -9.865886205490064 -9.941150130984035 -9.954818579774617 -9.964382911343588 -9.974601559459384 -9.950058444440948
41
 -2.859462536470412 -7.764934162573523 -8.29573244299276 -8.505901288191103 -8.655374877879694 -8.756498615960828 -8.89565324403991 -8.917725336228717 -9.016627649145713 -9.103011621471877 -9.164924556065136 -9.204530873449867 -9.201523581935666 -9.258012381219528 -9.30851539878445 -9.349969932970227 -9.399027190368471 -9.391196829330614 -9.421209333990738 -9.466273149432974 -9.466186280615506 -9.5129190009451 -9.522373616604808 -9.577007012229547 -9.598057143040865 -9.617789383996907 -9.62294351454407 -9.658786485776112 -9.625243011147425 -9.695499226091348 -9.71661009347778 -9.674727409777546 -9.748896336977023 -9.74769245684425 -9.720151266584645 -9.793021382276555 -9.802442739560039 -9.818824193208536 -9.804772170038467 -9.837802537414635 -9.839011370883522
SAGA
10
41
 -2.859462536470412 -3.339570272929248 -3.7007176645644075 -4.000657070764085 -4.262892424714933 -4.48879680921367 -4.69330913131574 -4.888871893444815 -5.058785879346539 -5.221650402114614 -5.3812574212624025 -5.518776648639761 -5.664586001308364 -5.793583362947364 -5.921031031540774 -6.04049316549238 -6.163042962223111 -6.275296412312976 -6.391967471449752 -6.498105997223956 -6.598152211305572 -6.708861681305738 -6.802427862685582 -6.918059499386478 -7.014943829439424 -7.11459645992284 -7.212494373675898 -7.3092857518176695 -7.3755830769158495 -7.500180751756094 -7.593232277372517 -7.689531417940041 -7.7788107047036155 -7.8705075161874145 -7.960750602725088 -8.048454275306954 -8.137301970262074 -8.226841768437735 -8.308441300108536 -8.401107867523567 -8.488614438624454
41
 -2.859462536470412 -3.3377178347002103 -3.689800462088025 -3.9818376361355194 -4.242937385478049 -4.478957037568575 -4.6854583010005335 -4.876076340947443 -5.047643320224865 -5.213428248452843 -5.3660797288572795 -5.485635444895378 -5.647692306683648 -5.7774670472752785 -5.9042579063244425 -6.021364314303251 -6.14546569215279 -6.253387699258291 -6.373914763205451 -6.486850744959634 -6.586157703685061 -6.693220144501493 -6.796683501855536 -6.907992191786285 -7.002341668631168 -7.105867736233008 -7.20150712094947 -7.292548100455069 -7.395352783151908 -7.484545985165236 -7.584879786498503 -7.67625790898426 -7.768081497887953 -7.862785487933441 -7.947659722418107 -8.03763203135268 -8.120870772911477 -8.190585071869933 -8.29845895222609 -8.384485034728401 -8.47120252738411
41
 -2.859462536470412 -3.340735105682895 -3.7057049467128653 -4.0000141743588795 -4.259657186375605 -4.492942125177596 -4.697485827612433 -4.880201061632216 -5.050596845435867 -5.216143255188954 -5.36817314505624 -5.516136200003407 -5.6411741997714895 -5.782319872716371 -5.9116346275199705 -6.030890934381054 -6.151400483588252 -6.267676352699955 -6.374488212300477 -6.482151380058383 -6.586100407083589 -6.683507148884205 -6.791904772989222 -6.896393506278418 -6.999847361876751 -7.093559568388727 -7.199094125623287 -7.278599639557992 -7.387453044767892 -7.4851066011472 -7.564492988718457 -7.6725828992940075 -7.746823721957576 -7.85033857191152 -7.941326271158485 -8.031893059958275 -8.109900366016173 -8.191656560200098 -8.292771167214662 -8.364926514377618 -8.445714302203747
41
 -2.859462536470412 -3.3402884258957686 -3.694378037738767 -3.9928556802142188 -4.255910060175528 -4.487594630570473 -4.694814307647391 -4.882443232910477 -5.0535392976554245 -5.216410103369647 -5.371893175858826 -5.5197906029881505 -5.660100758872119 -5.796398309959501 -5.922182487463797 -6.046213720838364 -6.162373226751761 -6.276543548528905 -6.394768209407304 -6.497324406082947 -6.609069672767779 -6.71670987384498 -6.816967055464644 -6.921207609371988 -7.016369125913176 -7.111413942431953 -7.213544961670733 -7.312008276035356 -7.406849517589714 -7.497909912322427 -7.591187884938571 -7.680556633522324 -7.762551286009071 -7.857381309425538 -7.951921997182367 -8.017104960726332 -8.126306064861042 -8.210813496011705 -8.29746604302707 -8.388462597320215 -8.473707145504367
41
 -2.859462536470412 -3.340913760038368 -3.6966865731032095 -4.0023133386903895 -4.258363452236073 -4.4915637167825 -4.7118881280137925 -4.897536567821998 -5.078371630844375 -5.237811790836695 -5.392864869929592 -5.5339689131338154 -5.672001976188401 -5.803579967186486 -5.915938528726398 -6.0498347545607265 -6.162621494450567 -6.279416772639244 -6.391852699003705 -6.492479593429209 -6.60191317553741 -6.710370877504884 -6.8109948721148275 -6.915219265087646 -7.009101781332796 -7.111249203357711 -7.2076848768873925 -7.293452708937336 -7.391296651469269 -7.488581900406253 -7.57781055222837 -7.673614003040021 -7.761983024424602 -7.851847506897276 -7.941992621281704 -8.019856243030674 -8.118425728825367 -8.201079107306319 -8.289462866483873 -8.373176803220547 -8.454847188487868
41
 -2.859462536470412 -3.338119576087382 -3.697492083086311 -3.9962505245687487 -4.24569698943263 -4.4877862426517705 -4.694167203808949 -4.883491378726966 -5.048793499875881 -5.215012034081676 -5.362036795023604 -5.50556152394173 -5.65040859657254 -5.788379301917279 -5.90475071992415 -6.040081029864697 -6.142766267872067 -6.274046441170266 -6.388415333478939 -6.499367122826776 -6.610333217352021 -6.716643873885863 -6.815237785655409 -6.911716600676578 -7.007151325161156 -7.115168355825712 -7.2119351018253735 -7.311468482635073 -7.406264593157596 -7.501398362694773 -7.586799661901674 -7.673429997237241 -7.775201429729164 -7.864843633362345 -7.953514240370485 -8.024002496673878 -8.128648901889422 -8.215926327683823 -8.300142387767147 -8.38424415444773 -8.45340445805451
41
 -2.859462536470412 -3.334452395671491 -3.690716469480179 -3.993426090038981 -4.250646966245299 -4.4771035236686165 -4.689943849403943 -4.868974241508015 -5.05560816604356 -5.21667662429338 -5.37516278333189 -5.523311437805735 -5.6571142156510215 -5.7904540121109855 -5.916405426477713 -6.032035281851935 -6.1610640096548055 -6.269757103709165 -6.393532717051379 -6.492618363279779 -6.604741782391247 -6.693235625749276 -6.80951578835258 -6.918879650273193 -7.0180163686594295 -7.116006605870915 -7.214198967880477 -7.308131793088921 -7.4034572610248945 -7.499091831616199 -7.591007104464773 -7.680664031273908 -7.7705009275867525 -7.849951341944203 -7.950904727510085 -8.039420561077442 -8.126507622448907 -8.210062945090938 -8.28646567545323 -8.385412998460712 -8.472640581154039
41
 -2.859462536470412 -3.3407508870540363 -3.6982898855888298 -3.9987468584932624 -4.248266042311132 -4.4814309605045715 -4.689971845156242 -4.8811760499479515 -5.042523088121333 -5.214383787073247 -5.3660048119563335 -5.503876926477656 -5.645199932348246 -5.785359418132381 -5.919929810378727 -6.039223102039803 -6.159356011142393 -6.265017403699932 -6.387305739391434 -6.49527246942682 -6.582376195422312 -6.710259619028866 -6.812199354120079 -6.915157014018086 -7.013251404369003 -7.097813330282495 -7.194041636680977 -7.296192876601433 -7.384701163716969 -7.484418604801955 -7.576788497012522 -7.665257355418449 -7.759299853275845 -7.849769357057924 -7.925979413835129 -8.02529175699323 -8.112449821511813 -8.201764409049051 -8.28527155093914 -8.376439020792823 -8.465793400624873
41
 -2.859462536470412 -3.345890237956118 -3.7069358193019726 -4.002806708751128 -4.259691795895667 -4.482172139855947 -4.693413757467955 -4.882929581517336 -5.055638287179919 -5.220830107488309 -5.373014131816405 -5.519126370562271 -5.659441491211761 -5.789631631228195 -5.91321891481845 -6.03714390463241 -6.153686368284632 -6.26992841954565 -6.379379595592228 -6.491851259611696 -6.600229972718891 -6.704962446160216 -6.80512703272534 -6.90721251181811 -6.999159086887644 -7.1027335955983215 -7.190185798509072 -7.296200341183269 -7.392974143472799 -7.471961847307795 -7.580754784089079 -7.65124919155221 -7.760727904883004 -7.848567465917432 -7.941488572407793 -8.032297911278489 -8.119467675696166 -8.209596054450532 -8.297572254581299 -8.367106357500369 -8.472008641428449
41
 -2.859462536470412 -3.33709421385128 -3.69790698979118 -3.997256233682372 -4.2438073976894355 -4.475739111005645 -4.68697102205775 -4.867105834120202 -5.048428445214703 -5.206803631936346 -5.3670328001067675 -5.508879274884289 -5.641132662855618 -5.7733091698135155 -5.895505352890671 -6.020024392403955 -6.136268402869337 -6.25985642260731 -6.373469661225972 -6.4847015271052575 -6.594886023350927 -6.698732813709924 -6.786201271227267 -6.899843279798525 -6.9955559706546815 -7.100201758233693 -7.194216196561298 -7.289049661398566 -7.385256778319837 -7.476814064162547 -7.569775594418655 -7.660006109699549 -7.7435654557471505 -7.830305986168903 -7.935230641332009 -8.023264243115518 -8.102449547084403 -8.201629620219254 -8.273633429106445 -8.370518736541632 -8.462386391539521
ADAPTSAGA
10
41
 -2.859462536470412 -5.4753991638114075 -10.774753593181094 -11.379074452533768 -11.439457623928531 -11.083525108127041 -11.222923888457204 -12.64246862962975 -12.971483662998155 -11.798766525598356 -13.279224537279697 -13.778144860391082 -12.712062570215931 -12.890529731816084 -14.375226501533527 -13.441019468705633 -11.782780365892897 -14.331203451239247 -14.261508204153923 -12.129601676603356 -13.01378794417798 -13.851514299050542 -11.429399274542043 -15.520722072710972 -13.483133186912447 -14.528270576514 -13.616610884648699 -12.802106021031483 -14.75097484193918 -13.907830914572784 -13.764985658379285 -14.002766861951685 -14.092295081883925 -14.865770393588875 -14.205400533450893 -13.027172333162556 -13.975820735410734 -16.8107555377653 -17.777601983407923 -18.03085708927511 -18.17673106581476
41
 -2.859462536470412 -5.49066332152059 -10.620570287603494 -11.388873398645842 -11.48345577209581 -11.072113742353249 -11.385343211756224 -12.672945323729259 -12.984689196393026 -11.920433389459912 -13.323323447893918 -13.741974836073817 -12.670372200242392 -12.90936265595709 -14.367843062228662 -13.484013844180675 -11.723221853182466 -14.360778943379378 -14.23959029643081 -12.165325656322162 -13.049841089622596 -13.804931052479612 -11.402517513545305 -15.511179086630955 -13.46814502431626 -14.54437163743108 -13.62442504359627 -12.804659056303938 -14.748237197946755 -13.93059474563665 -13.769173732719604 -14.024681092074427 -14.10023073291328 -14.76594756090146 -14.17861309263835 -13.076986068041654 -13.984684646095644 -16.85562356909127 -17.77185707654503 -17.962042992459242 -18.126446997790033
41
 -2.859462536470412 -5.50483559533022 -10.615568535734013 -11.434445342675774 -11.371651148018408 -11.122525972571578 -11.278278015169485 -12.658343674221854 -12.975266106074104 -12.012641034011315 -13.344190424412401 -13.82645062396443 -12.775866301845557 -12.92735956774552 -14.373061539343958 -13.553139732429972 -11.731124743609527 -14.355699688814813 -14.282953590803716 -12.158103180018813 -13.059155629353397 -13.878112485780028 -11.423512402980995 -15.51240736220706 -13.529049244490636 -14.519566348383384 -13.606942557083444 -12.818454467900507 -14.878844902198317 -13.942221149174419 -13.756794471806469 -14.040457879264558 -14.048704367121106 -14.814247743327714 -14.134995508153043 -13.084407059154316 -13.9812856446071 -16.793027692962166 -17.79944880576046 -18.060840051554553 -18.219270290683223
41
 -2.859462536470412 -5.629843419576163 -10.7143434122852 -11.432479988611542 -11.471346892153486 -11.13054699180429 -11.221674619918094 -12.624712293202617 -12.964086128115959 -11.989760678356006 -13.28108143665157 -13.831588178602582 -12.70730897038813 -12.894577215581656 -14.367811705590277 -13.460933753741495 -11.689333302353141 -14.32594863779136 -14.323612665778747 -12.171120608925614 -13.063988362795055 -13.797803389950666 -11.406988940583354 -15.507791741014966 -13.418158442460818 -14.544990332117228 -13.616830336547837 -12.83042355396937 -14.775804240604801 -13.886557157456268 -13.73088194502365 -13.987528229586973 -14.097516351010954 -14.79744314414297 -14.159237393424426 -13.084454027138486 -13.978189308468195 -16.76007829276451 -17.711683165612442 -17.951946568432593 -18.119677593292824
41
 -2.859462536470412 -5.541196750963339 -10.59895597469382 -11.255540264723669 -11.538768802627013 -11.070620259823135 -11.32243105427485 -12.5497204365582 -12.962820616269196 -11.983901775368782 -13.409128418100629 -13.736084510790445 -12.695669265377342 -12.898008132095555 -14.392955056372882 -13.548831965794816 -11.753439140787933 -14.379381880494297 -14.300549374191329 -12.214596011598664 -13.016084598904728 -13.818843900740124 -11.446766432564266 -15.498730429491308 -13.465411990406038 -14.468673212526094 -13.57350902694461 -12.795687928563174 -14.766351671696375 -13.912236290706366 -13.754847576133294 -13.975567330696759 -14.11030141501773 -14.828560678119807 -14.184313753954397 -13.115334661751428 -14.032360548901712 -16.8273946142863 -17.79616029617534 -18.03794906066085 -18.176878403459316
41
 -2.859462536470412 -5.549456469490954 -10.667016175513742 -11.418568910542906 -11.414379459639946 -11.102913977383897 -11.283825049696965 -12.57773110601405 -12.918482107061655 -12.029001869033747 -13.344241579784775 -13.835953518948696 -12.65108801052588 -12.922938916197248 -14.369816614698243 -13.470462565380904 -11.72764162013796 -14.348988276988324 -14.161985402122841 -12.093354704489528 -13.082364622866944 -13.818780945157837 -11.441048334154278 -15.540769093970258 -13.541373747262114 -14.570763736406809 -13.593465335997005 -12.819573907132355 -14.817264995613746 -13.916658077822875 -13.739724721380282 -14.004045815564128 -14.060651540403596 -14.79310216768708 -14.204360705670227 -13.085968691758305 -13.980664974144988 -16.816149732781415 -17.795445456981806 -18.02488895507753 -18.13654065373885
41
 -2.859462536470412 -5.620508562197286 -10.770955915064077 -11.416281125288348 -11.455291558780667 -11.12409237028669 -11.201212516324505 -12.641223058210556 -12.947390071339917 -11.933039470981418 -13.372338149129234 -13.804648875928926 -12.690449082114464 -12.94008078025538 -14.37747816644393 -13.442864881776863 -11.757937255882045 -14.38535701603233 -14.308101668171403 -12.125122921333805 -13.060806676782065 -13.825036702914751 -11.460470754463001 -15.525102301266386 -13.545547335772573 -14.51341314880236 -13.657384252488134 -12.818392351370647 -14.750958085107497 -13.923497854202484 -13.75500552454318 -13.996891155836886 -14.061571312631814 -14.779939501017143 -14.164600806125993 -13.08168111456236 -13.99059994235111 -16.870517707660476 -17.796277018221197 -18.045885848732286 -18.20376105659136
41
 -2.859462536470412 -5.489612015857403 -10.457287276201136 -11.268241937792878 -11.488315398573523 -11.06852875918616 -11.273939088048406 -12.623544418773125 -12.966312189656898 -11.947563664418208 -13.340094404182281 -13.759489138977454 -12.68003796125861 -12.908798562341527 -14.35926287372695 -13.488503793021046 -11.765968792041837 -14.356212581599568 -14.25493758618154 -12.141966454055012 -13.044861817911464 -13.889791700575257 -11.40177519301598 -15.540484913011538 -13.556573828627624 -14.611555951932253 -13.638658287076613 -12.786792930604499 -14.736806625446334 -13.91065303466804 -13.755844799492554 -14.023067087477724 -14.055394861731175 -14.866665764496618 -14.191297856151365 -13.076507677403939 -14.022464414681249 -16.785434096788766 -17.768917855360993 -18.038014668051257 -18.183952216587485
41
 -2.859462536470412 -5.469280921044633 -10.612082498661433 -11.367402459747902 -11.44555975083141 -11.003808036700628 -11.1985569857272 -12.549033630010152 -12.925492690040034 -11.9566611726703 -13.23550663341343 -13.816769723716464 -12.6553389262081 -12.930602639321005 -14.312589341178416 -13.468131247937517 -11.77693007437293 -14.332498691035866 -14.235341861685509 -12.14096026748251 -12.991879525451388 -13.80211867008658 -11.417145763817308 -15.505149208765909 -13.601123941860696 -14.472705832331624 -13.637496673044309 -12.806060307238807 -14.786029458680103 -13.900990314141511 -13.735337838706943 -13.95658657988067 -14.093920285188908 -14.772246527344956 -14.090564790406617 -13.062588166509366 -13.967626730447257 -16.766953054233824 -17.707838716500984 -17.96914067694029 -18.103616158990285
41
 -2.859462536470412 -5.5691424663092315 -10.427696475609228 -11.277099384486933 -11.387294629024131 -10.969154733311944 -11.281810628420876 -12.596703820413273 -12.97098502726953 -11.93090089026163 -13.32960673392031 -13.775063342559774 -12.770516235137821 -12.937044156573643 -14.377999301420106 -13.401752857431083 -11.697883508105873 -14.339342176330417 -14.233464251602165 -12.186897276241506 -13.078967062504514 -13.853571343084191 -11.437555884314579 -15.533453464773174 -13.421804193258978 -14.47922053516535 -13.603399119069064 -12.835415713414537 -14.759848071034376 -14.04262449671576 -13.821080332396061 -14.028806339083859 -14.065452058921554 -14.712642025002758 -14.13900121612457 -13.066166541293798 -13.993269545548896 -16.806853405788885 -17.777595078652507 -18.034572451285328 -18.1810451493992
ADAPTDoubling
10
41
 -2.859462536470412 -8.527592891543659 -9.673010423004156 -10.624639593435223 -10.942704870072067 -11.947957621381244 -11.958146054694332 -11.846084829197777 -10.715889259871538 -12.680766580659537 -12.990789803041421 -13.545967801171066 -12.50960860560935 -13.409853109126432 -13.338665305417324 -12.642470620455864 -13.101317877768864 -14.009639688068669 -14.114428322024896 -13.9471781427513 -13.605527351674551 -14.157003396871636 -13.225222655112253 -13.666403505898293 -13.473213735224375 -13.672297484840561 -13.474915436517085 -14.378558078053715 -13.638506196638382 -13.227029173786422 -13.924480421811506 -13.275539238257073 -14.842587738112835 -15.243407326337492 -13.975016142916393 -15.396867534653751 -15.3185094787363 -15.281094135733138 -13.521906165797954 -15.134285812966178 -15.481622312482063
41
 -2.859462536470412 -8.580723716646572 -10.073081682293168 -10.345733813104877 -11.20536343122866 -11.594937659833775 -11.709051926454052 -11.642899970445452 -11.268421376980505 -12.268925409560898 -12.758245308635544 -12.84861810756983 -12.628743227709773 -13.441502392001878 -12.395758201513612 -13.939267220936442 -13.525524075460575 -12.912112468014117 -13.790338941256048 -13.049346027689639 -13.959806369352384 -13.473168514519362 -14.457042889820258 -14.425890849612001 -14.13564916534197 -14.289067803478725 -14.118069053763227 -15.115840389859462 -14.462541103170246 -12.64660626333144 -14.624805528578094 -14.881589192762524 -14.40845749120275 -14.234288520735435 -15.015582132872144 -15.341073177566 -13.297359769855937 -14.405698246719622 -15.416793301533115 -14.893149570160057 -14.303021837759331
41
 -2.859462536470412 -8.54822085609039 -9.585850440536142 -10.427685318993031 -10.775835832576048 -11.499944924473642 -11.855255360981552 -12.255424422124484 -12.501388326890055 -11.849089485115249 -12.846692776287322 -12.589433754812498 -12.72163863608569 -12.714074516436497 -13.539925034836847 -13.470362571770467 -13.61062208172808 -13.606748874017745 -13.657571238128034 -12.92204272068489 -13.790193639875536 -14.469523182790539 -13.761892579137728 -13.767760675442958 -14.569627649092006 -14.159766845792735 -15.021098634139934 -14.994723383186153 -12.919246408443206 -15.161375877920612 -14.805059396825605 -14.521817258993327 -14.969168261499853 -14.916044482394573 -14.005752630782673 -13.789138636074755 -14.930887896551251 -15.028688126668037 -15.426051629022604 -15.726370465809103 -14.972803908841621
41
 -2.859462536470412 -8.828669230901623 -9.759637121751961 -10.245415387083106 -11.045895747376024 -11.74959228301737 -11.852341855567596 -11.969640309528454 -11.89662608034982 -12.474026988576536 -13.20628497532952 -13.412771449918443 -13.674099898195117 -13.78483806169412 -12.21848666785499 -13.532629137067643 -13.241609769416124 -13.732856195503384 -14.116103914478991 -13.59974850736126 -12.401798461528244 -13.89504200851963 -14.353155695192088 -14.796609667476798 -13.788158649906906 -14.474477429739197 -15.080834660354858 -14.492989354136514 -13.432884398122981 -14.958529319224064 -15.502274945568118 -15.442434329296702 -15.453331586205964 -14.998502609835333 -15.401386860906396 -15.905345662265036 -14.782937475824898 -13.462493073072926 -14.719961718131586 -15.189499411709017 -15.70933482722939
41
 -2.859462536470412 -8.095887470239127 -9.703807974332122 -10.452116185653793 -11.03229139811775 -11.78696854300397 -12.11024146169726 -12.660361495060691 -12.643618141648208 -11.507887771162233 -11.161201925005212 -13.686811468419709 -12.012036202935326 -13.94733103944259 -12.351559373762349 -13.295183955277583 -12.217176317373363 -14.343222912125354 -14.775092765023023 -14.71609569742577 -14.556791476420495 -14.625516510991568 -14.385437584631406 -11.70644600024727 -14.182281554135113 -13.77350882479087 -13.416514476143446 -13.86682894851577 -14.29371731532353 -14.669158383028323 -14.93334447958381 -13.092521441647415 -14.865669205523686 -15.470636435626158 -15.108316698287487 -13.425843795941926 -15.923392168761023 -16.07075273186889 -15.90481881538684 -15.16902270394575 -15.70989863802764
41
 -2.859462536470412 -8.676283258583465 -10.054466086569006 -10.62008005911478 -9.647942667188715 -11.83337209860258 -11.807249433919509 -12.061108821143408 -11.955159506294535 -12.657234456303552 -12.77079387192713 -12.057083078315907 -13.408080957298559 -13.435701410090255 -13.54660981390113 -13.793966800003293 -13.6985977298131 -13.866867931790233 -13.712272299386509 -14.095653192064734 -13.684242053679235 -14.320726312134028 -14.197055382509715 -13.767328638169454 -14.311440447559354 -14.048106723106407 -13.119894850862767 -14.120658209369987 -14.972693609472671 -14.50397008417252 -13.638368198698531 -15.1797654136903 -14.296980162974663 -15.119101718931615 -15.126986401065496 -14.827610081645323 -15.486007831522574 -14.645487879358415 -15.50501252811097 -15.84646079939282 -15.653595527656337
41
 -2.859462536470412 -8.540971287932155 -10.302938634162885 -10.261207657904057 -10.359275293994777 -10.711327493999603 -9.922705205981302 -12.625058310505576 -11.339906607960438 -12.973183885707877 -12.957714894812618 -13.269470773922807 -13.630536070729441 -13.575039545086447 -14.038084782655131 -13.540179346752332 -13.267439949616623 -14.11787178487972 -13.756409402929943 -13.145844398443684 -13.048757005469195 -13.645801216914988 -13.424222554246729 -12.908825310764577 -14.66113549214374 -14.725511804172358 -13.89124553881204 -14.043554988062187 -14.697026412435658 -12.65957459320931 -15.155475904817163 -15.177578654450254 -15.009226941975628 -15.565223223628022 -15.312229121482254 -15.718929009452665 -14.539875518179276 -14.88930641195785 -14.882780879524505 -16.06046595514217 -15.447732184144412
41
 -2.859462536470412 -8.545037895845061 -9.259244326992903 -9.240007542145069 -11.098210917671329 -11.255167789984533 -11.97954641936215 -11.545729576864986 -12.178356215494631 -12.65039918278283 -11.712752742874349 -11.650040995556752 -13.119433339392215 -12.251074722926383 -13.279013000237885 -13.03771613157281 -12.856044299533277 -13.375308921780892 -13.950128713826134 -12.51486493524881 -13.828300278330053 -14.149982596316205 -13.27825725538281 -14.596932394404199 -14.337831359114546 -13.579074711312582 -13.548806914279062 -14.959334528480465 -13.107741813913865 -13.518427171721745 -14.496165155628615 -15.238334098760859 -15.28217359850908 -14.501453188478683 -15.195910338736205 -14.214181991265772 -13.509574508068996 -12.918452724151871 -14.301883332738463 -15.203230926793605 -15.310860069289339
41
 -2.859462536470412 -8.880830322149395 -10.09774427278899 -10.051635901512096 -10.675395337459564 -11.662256175360783 -10.79629532568446 -11.444439608395937 -12.282946170101862 -11.749589054765751 -12.586995997972641 -12.2689731205881 -12.328461275776794 -13.236590465399017 -13.14828553521217 -13.941365950942558 -12.5798576331245 -14.174659972685637 -13.880673504224708 -12.894094447495855 -13.840724975362647 -12.415272271305493 -14.810499045949896 -14.117772040339696 -13.444414368743926 -13.660338325499662 -14.464854275487552 -14.657189338403212 -15.420632759277531 -14.460430834008244 -15.014399961518844 -15.380103414021509 -14.715070663267909 -15.455077761501956 -15.246267265218018 -13.143498982902965 -15.675845063646396 -14.845094368982199 -16.105003804300125 -15.499832388760685 -16.360264272601206
41
 -2.859462536470412 -8.95189918296853 -9.405908261644779 -10.458514335341516 -11.260113049595518 -10.741912767455508 -12.015377439121934 -12.811901075824052 -12.420974614868038 -12.145028160825621 -13.07210769868272 -12.08137041621976 -12.788821756043594 -13.290956738893097 -13.507172965618341 -12.752880127465756 -12.07971493289903 -13.608773049589796 -12.933659895107734 -13.99229872626284 -14.272955249345726 -12.878266427505217 -13.993539952964788 -14.914079380640676 -12.952834445713204 -12.800569445558533 -14.842236296433377 -14.437273629508983 -14.990424425622846 -14.48868755691218 -15.212436166634522 -15.452426003118774 -13.588577497186709 -15.081991335030306 -15.578968752449347 -15.19151068452272 -15.796988910164078 -15.964874414666909 -15.331219881562353 -14.475118419938207 -14.842414997713721
MainSSVRG
10
41
 -2.859462536470412 -4.85629370279125 -5.632142863780517 -6.544664433679779 -6.550231895061849 -7.287943362917373 -7.7836976465276795 -7.7836976465276795 -7.7836976465276795 -7.807965945227345 -8.584605712109541 -9.128738079326595 -9.128738079326595 -9.128738079326595 -9.128738079326595 -9.128738079326595 -9.128738079326595 -9.128738079326595 -9.128738079326595 -9.128738079326595 -9.128738079326595 -9.43057238735115 -9.43057238735115 -9.43057238735115 -9.43057238735115 -9.43057238735115 -9.43057238735115 -9.43057238735115 -9.43057238735115 -9.43057238735115 -9.43057238735115 -9.43057238735115 -9.43057238735115 -9.43057238735115 -9.43057238735115 -9.43057238735115 -9.43057238735115 -9.43057238735115 -9.43057238735115 -9.463436875707398 -9.764167587267822
41
 -2.859462536470412 -4.772053674114217 -5.550943123712454 -6.38819494483687 -6.540378395190522 -7.37741484940611 -7.711804660021921 -7.711804660021921 -7.711804660021921 -7.933081111863597 -8.213859510069321 -8.213859510069321 -8.213859510069321 -8.213859510069321 -8.213859510069321 -8.213859510069321 -8.213859510069321 -8.213859510069321 -8.213859510069321 -8.213859510069321 -8.82453459138374 -8.987703282036847 -8.987703282036847 -8.987703282036847 -8.987703282036847 -8.987703282036847 -8.987703282036847 -8.987703282036847 -8.987703282036847 -8.987703282036847 -8.987703282036847 -8.987703282036847 -8.987703282036847 -8.987703282036847 -8.987703282036847 -8.987703282036847 -8.987703282036847 -8.987703282036847 -8.987703282036847 -9.183358787977689 -9.183358787977689
41
 -2.859462536470412 -4.925530026395961 -5.665065969195806 -6.183582592830524 -6.576116406172941 -6.9812876791737795 -6.9812876791737795 -6.9812876791737795 -7.170591373976394 -7.170591373976394 -7.170591373976394 -7.170591373976394 -7.170591373976394 -7.170591373976394 -7.170591373976394 -7.170591373976394 -7.170591373976394 -7.170591373976394 -7.383854504582201 -8.131271209503636 -8.403225519654606 -8.403225519654606 -8.403225519654606 -8.403225519654606 -8.403225519654606 -8.403225519654606 -8.403225519654606 -8.403225519654606 -8.403225519654606 -8.403225519654606 -8.403225519654606 -8.403225519654606 -8.403225519654606 -8.403225519654606 -8.403225519654606 -8.403225519654606 -8.403225519654606 -8.403225519654606 -8.407429001386175 -8.407429001386175 -8.407429001386175
41
 -2.859462536470412 -4.624029500483663 -5.635369845354393 -6.2756426305911726 -7.000543146175243 -7.081774703247865 -7.643962181770002 -7.643962181770002 -7.643962181770002 -7.760530744012731 -8.441270243827006 -8.441270243827006 -8.441270243827006 -8.441270243827006 -8.441270243827006 -8.441270243827006 -8.441270243827006 -8.441270243827006 -8.441270243827006 -8.441270243827006 -8.670881234569665 -9.345999647978617 -9.385490114235422 -9.385490114235422 -9.385490114235422 -9.385490114235422 -9.385490114235422 -9.385490114235422 -9.385490114235422 -9.385490114235422 -9.385490114235422 -9.385490114235422 -9.385490114235422 -9.385490114235422 -9.385490114235422 -9.385490114235422 -9.385490114235422 -9.385490114235422 -9.385490114235422 -9.385490114235422 -9.795216523414734
41
 -2.859462536470412 -4.858758378759371 -5.7391069784178885 -6.391135528163594 -7.0454481046446125 -7.690816402794064 -7.904111243366898 -8.453977268416745 -8.510478292240258 -8.510478292240258 -8.510478292240258 -8.932502464899386 -8.932502464899386 -8.932502464899386 -8.932502464899386 -8.932502464899386 -8.932502464899386 -8.932502464899386 -8.932502464899386 -8.932502464899386 -8.932502464899386 -9.215554707582031 -9.852992388594924 -9.852992388594924 -9.852992388594924 -9.852992388594924 -9.852992388594924 -9.852992388594924 -9.852992388594924 -9.852992388594924 -9.852992388594924 -9.852992388594924 -9.852992388594924 -9.852992388594924 -9.852992388594924 -9.852992388594924 -9.852992388594924 -9.852992388594924 -9.852992388594924 -9.852992388594924 -9.938113620638642
41
 -2.859462536470412 -4.684771898608642 -5.351387294919212 -6.698490579265533 -7.238230248454294 -7.989497438052914 -8.149567083020719 -8.760788782766909 -8.760788782766909 -8.760788782766909 -8.760788782766909 -9.415992434882336 -9.415992434882336 -9.415992434882336 -9.415992434882336 -9.415992434882336 -9.415992434882336 -9.415992434882336 -9.415992434882336 -9.415992434882336 -9.415992434882336 -9.590889621762319 -9.93907736021039 -9.93907736021039 -9.93907736021039 -9.93907736021039 -9.93907736021039 -9.93907736021039 -9.93907736021039 -9.93907736021039 -9.93907736021039 -9.93907736021039 -9.93907736021039 -9.93907736021039 -9.93907736021039 -9.93907736021039 -9.93907736021039 -9.93907736021039 -9.93907736021039 -9.93907736021039 -9.988434406259978
41
 -2.859462536470412 -4.813274128310022 -5.544355518820594 -6.602103306216761 -7.350770662480153 -8.060950890373928 -8.769036754224249 -9.160032725916274 -9.339018825018185 -10.034739215799553 -10.083875074856003 -10.083875074856003 -10.083875074856003 -10.77766414386533 -11.166493293717021 -11.166493293717021 -11.166493293717021 -11.166493293717021 -11.166493293717021 -11.166493293717021 -11.166493293717021 -11.166493293717021 -11.166493293717021 -11.166493293717021 -11.715394454269866 -12.320660554287462 -12.345756523437906 -12.345756523437906 -12.345756523437906 -12.345756523437906 -12.345756523437906 -12.345756523437906 -12.345756523437906 -12.345756523437906 -12.345756523437906 -12.345756523437906 -12.345756523437906 -12.345756523437906 -12.345756523437906 -12.345756523437906 -12.345756523437906
41
 -2.859462536470412 -4.701100597768207 -5.788739978363407 -6.318943093318576 -6.456651457129089 -7.1171278619828 -7.867506970531971 -8.005518936116845 -8.005518936116845 -8.005518936116845 -8.443370929930747 -9.028777994591442 -9.028777994591442 -9.028777994591442 -9.028777994591442 -9.028777994591442 -9.028777994591442 -9.028777994591442 -9.028777994591442 -9.028777994591442 -9.028777994591442 -9.271559178402493 -9.271559178402493 -9.271559178402493 -9.271559178402493 -9.271559178402493 -9.271559178402493 -9.271559178402493 -9.271559178402493 -9.271559178402493 -9.271559178402493 -9.271559178402493 -9.271559178402493 -9.271559178402493 -9.271559178402493 -9.271559178402493 -9.271559178402493 -9.271559178402493 -9.271559178402493 -9.294383918908334 -9.702997472406977
41
 -2.859462536470412 -4.675694306958384 -5.807210949553419 -6.33819715885993 -7.199660831292564 -7.44753333639654 -7.580701623315206 -7.580701623315206 -7.580701623315206 -7.719045711501553 -8.058192941686798 -8.058192941686798 -8.058192941686798 -8.058192941686798 -8.058192941686798 -8.058192941686798 -8.058192941686798 -8.058192941686798 -8.058192941686798 -8.058192941686798 -8.485712015082456 -8.485712015082456 -8.485712015082456 -8.485712015082456 -8.485712015082456 -8.485712015082456 -8.485712015082456 -8.485712015082456 -8.485712015082456 -8.485712015082456 -8.485712015082456 -8.485712015082456 -8.485712015082456 -8.485712015082456 -8.485712015082456 -8.485712015082456 -8.485712015082456 -8.485712015082456 -8.667342523389985 -9.340659418152894 -9.340659418152894
41
 -2.859462536470412 -4.679538100654136 -5.9827961970955315 -6.511514045371807 -7.2257086577117695 -7.847269897974891 -7.875701925175811 -8.10274259611753 -8.10274259611753 -8.10274259611753 -8.45511435536321 -8.806004748700833 -8.806004748700833 -8.806004748700833 -8.806004748700833 -8.806004748700833 -8.806004748700833 -8.806004748700833 -8.806004748700833 -8.806004748700833 -8.806004748700833 -9.362239350390594 -10.03224474065122 -10.245423904792808 -10.245423904792808 -10.245423904792808 -10.245423904792808 -10.245423904792808 -10.245423904792808 -10.245423904792808 -10.245423904792808 -10.245423904792808 -10.245423904792808 -10.245423904792808 -10.245423904792808 -10.245423904792808 -10.245423904792808 -10.245423904792808 -10.245423904792808 -10.245423904792808 -10.245423904792808
SGD:0.05
10
41
 -2.859462536470412 -6.211882605924755 -7.533381382550298 -6.040452725090223 -5.669855659096965 -6.159907728556147 -6.5801243296003875 -7.119584159133427 -8.06753767440763 -8.120782514931943 -8.148915575413369 -6.551897065746309 -7.393710610933445 -6.755495378015917 -6.527830620632584 -8.110071124260237 -8.513450997177724 -6.037340639909978 -6.745194928560428 -8.293481355336157 -8.300709253170082 -6.878043106262161 -7.865255466911772 -5.847872938510691 -7.993964327947836 -6.567214893574352 -8.88934680071249 -7.627149107922006 -6.849850812080052 -7.308159854230379 -6.634394106028187 -6.14373262242922 -8.375461446254025 -7.833445405698554 -5.527127825716162 -5.795625451984866 -6.041043032566484 -7.767341356216725 -5.663048916296291 -9.078858638538538 -5.826125681506572
41
 -2.859462536470412 -9.081280368451804 -5.009708543794783 -8.983362395501809 -8.90988518860434 -6.2613829939859516 -7.58752907189691 -8.563253385433722 -6.567603635619937 -6.377942009616907 -7.4242305792829395 -5.510807083274317 -4.854826572153481 -6.439144403017773 -8.05960387075657 -5.719276321182091 -7.1752437381464595 -8.55826468397367 -6.209262320610286 -6.195049790253056 -8.356169813362287 -7.254604621473475 -6.451156424127799 -7.88787771154347 -6.757230894911606 -8.248803397514742 -9.30400545607364 -7.188330728292519 -4.564103568712715 -5.491859953772895 -7.762733345450219 -6.667059037311514 -5.801326795696979 -5.63329151305906 -8.52384968785538 -7.460577088263778 -7.622853892791762 -6.595844609760582 -7.934442581108539 -7.231977970826482 -7.385973165362434
41
 -2.859462536470412 -4.423513995648031 -7.239083007137855 -5.995393244247595 -6.156982415496387 -7.09855542193927 -8.61674649916215 -5.240518909749291 -5.5864076048020035 -6.402482553471519 -8.283557035280536 -5.977795068632564 -5.342819125530015 -6.2919792274646085 -7.893914141112728 -7.992418995466078 -6.302132102310055 -8.107519984658367 -8.126557918945664 -5.097204271747814 -7.602871324927869 -7.18965285979823 -7.846741194837485 -7.998734605578809 -8.319652730885535 -7.288419204793817 -7.581441658125833 -8.02958952964753 -7.0546647241072025 -8.218215913852337 -5.6174160999852 -7.229495059347334 -6.0771398359851325 -4.849993942865134 -6.522528244072548 -7.7798080541280115 -6.2181213025421025 -7.785536975829064 -7.15358068769359 -4.989896494313191 -5.465304798653131
41
 -2.859462536470412 -6.332877328942791 -6.4923222969250896 -8.692387144570551 -8.242721514294155 -4.759424424398111 -8.136179016984673 -6.25753444751473 -4.617186710745003 -7.0978653477958105 -6.9790818012059335 -7.345662047721605 -8.98622695304283 -8.65813048213366 -5.250909002548593 -6.473622101017963 -8.075591211350678 -7.241089034436323 -6.736144996059432 -4.885686694276199 -4.481452409593528 -7.865205722701047 -7.5969589309320344 -7.857811205267696 -5.5899042685182625 -6.409760406859052 -9.313964056710912 -6.300968474789971 -7.286145291294702 -7.907922452994861 -5.977829803074355 -8.598642601448951 -5.631667056675303 -7.181081052904573 -4.316240401855128 -4.823184074278009 -8.560855076859966 -5.757888147960743 -5.164918336620341 -7.666586265090555 -5.206745671434441
41
 -2.859462536470412 -6.132904628342281 -7.51476649879853 -8.69587735270172 -8.023354988483028 -5.082897617425401 -6.810418071233623 -8.250649043100998 -5.024053022403333 -5.2623955273395895 -5.766856189904707 -8.050372421640189 -6.007045690638263 -9.212655640702081 -5.061291877700938 -5.483602827709942 -7.7456337039607055 -6.812211945406075 -7.080850517615815 -5.942964246389409 -6.51218853165499 -6.907646745268996 -7.23236650269607 -6.51100622075011 -7.446112806565423 -7.169991641992369 -5.97345918327774 -5.269487786339518 -7.009128551597516 -5.734430929289956 -4.34344140719675 -8.06503450093684 -5.170091158655112 -7.712183862011916 -8.007690078378245 -5.035429282337321 -8.517825386331618 -5.512851909577718 -7.736337226475714 -8.715353796383935 -4.8888187452634595
41
 -2.859462536470412 -7.824687803375766 -5.306451509158805 -5.330398421673661 -8.500538679970258 -5.636785481192434 -8.151893513783023 -6.290882725540778 -5.0859399255822355 -8.752007919420103 -7.099977264055086 -7.683102862542949 -4.753992901814193 -6.347040419651469 -8.295859154437016 -8.426624284651616 -5.7675445462897805 -7.39471289538916 -8.69035355808939 -6.991658426630756 -7.0205985915303195 -7.199130017359658 -6.764584994087237 -5.503872614326781 -4.658647238912164 -7.237709908982363 -7.553749152381887 -7.2885524669596915 -6.91660500147781 -8.174656061905583 -6.631043917439216 -3.885570538090406 -6.8656237291773445 -7.967423943868208 -6.6514066596548895 -8.426369832609666 -8.244221874215052 -7.471982500266433 -5.621904754723533 -6.643389632285479 -4.724555358062546
41
 -2.859462536470412 -6.8492648372553555 -8.53265464344139 -5.090345593711748 -6.593325210562407 -6.742581518946367 -6.5493053820322435 -8.479259013922757 -6.446041739036316 -7.818862527125289 -6.907448936954539 -6.2187197540931685 -5.220365593377438 -8.484450882313006 -8.518055771842755 -6.945901844897995 -6.156562193893925 -5.181618062332481 -6.078212427074343 -8.214454337561646 -4.894273895408199 -8.645763275852916 -7.805270835608367 -6.984832187464302 -6.436691082972615 -7.457526444122934 -7.176856159414154 -6.204007306969599 -8.278528927638577 -7.050803411280044 -6.223789958831541 -4.233454058693575 -7.279810344326877 -7.400445648454896 -7.423739819614178 -5.655216969656108 -7.580890708457538 -6.134744570405957 -8.332510772788163 -5.35067858020708 -6.955348512013538
41
 -2.859462536470412 -7.5647485825402185 -6.369416306120708 -5.799338817277656 -8.803546826575307 -8.34260496890358 -7.724793802524927 -7.422844931313865 -8.416333298024329 -9.019049546853601 -5.563075863679779 -6.5936772135213895 -7.800582468519984 -6.096032306421426 -6.32571645585058 -7.593619255361824 -8.33610492013104 -8.254779124489811 -4.075379175459292 -6.7046445179110234 -6.493544924176344 -7.849777468218033 -5.903643430061564 -6.958320312139006 -7.339534900053142 -4.706676482548281 -8.750499659974892 -4.700831888858396 -7.4231957249912135 -6.794564597939279 -5.5573288211555045 -7.714294466001189 -6.291728379412726 -6.575858839372866 -9.1662485948449 -8.090128775039988 -8.834461019822108 -7.898554409788602 -7.818852184644794 -8.02097198590399 -5.135761130675778
41
 -2.859462536470412 -6.270940443818592 -7.379259807955389 -4.841731157410097 -8.09730131279983 -6.533631478601365 -6.18961021599339 -8.79858892465712 -5.6996116199714555 -5.69568435507064 -8.055168627020155 -7.20363483985253 -6.542452732408537 -7.962263085988543 -5.927045971635057 -8.852078055928816 -5.034550993995945 -6.837763213465093 -6.8585797533791055 -5.222953415766233 -7.485998791274372 -5.800597261063409 -7.215625355767932 -6.841918381477764 -7.540987652323151 -8.168062531880159 -8.673629443530716 -6.066024501316211 -8.005209838978958 -4.459580482786827 -6.603291665209285 -6.839462451387426 -7.74464574036499 -6.592358165619344 -5.773040556180055 -6.3663483580180005 -8.237446787408395 -5.893065901567725 -7.958878331833077 -6.910165717114576 -6.806611064412553
41
 -2.859462536470412 -5.45376643715955 -7.727092894106221 -6.7092764044251485 -6.447001429453714 -5.054597408112531 -8.091177336323243 -7.074250360852418 -7.264150023472945 -5.418856062071809 -9.68427703330926 -5.037922398644925 -4.994526576111466 -5.856701672943904 -6.774062787728593 -7.268038960795031 -5.985156200417019 -8.174891842398138 -6.515973405495697 -7.5456141438995745 -8.268864984662327 -7.1289550361205345 -5.768719814754026 -7.512313242062005 -6.416860074106071 -5.915726700849393 -5.761991133250916 -7.488624191219431 -6.392996349004492 -7.4009532158648215 -5.542583388806311 -8.84342485901144 -7.149781739292537 -6.762900449620864 -8.771140875925985 -8.523447936356863 -6.623512305061876 -8.107177649315023 -7.3101535379681595 -5.356569691430294 -7.71038227414706
SGD:0.005
10
41
 -2.859462536470412 -5.534571864717735 -6.753095083142148 -7.790514888713127 -8.418902286441895 -9.289661584527614 -9.720088126568035 -9.70587883370103 -9.950493337768135 -8.462807463417143 -10.831793631600984 -9.994924564158431 -11.729593755904125 -11.416099823301431 -10.824726382569105 -11.18914616480872 -12.220377661221143 -8.58368289666333 -10.13799885093766 -8.662677252328582 -10.236568970083958 -11.187830410302643 -8.968459815100665 -10.24160604046784 -9.024152113317419 -8.913428556413987 -10.26166025771704 -8.929305623668299 -10.26207976951352 -9.905777511095515 -11.295389686880979 -11.530776252833622 -10.446364314971678 -8.997008179006277 -9.061542312049392 -9.934750421946609 -12.46875846741582 -11.09989621474175 -9.501240904711127 -11.536213948006155 -11.252159492309815
41
 -2.859462536470412 -5.454335657467188 -6.539751640387825 -6.820684227364078 -8.569012331949443 -9.123453256115214 -10.358289492730389 -9.003284947443326 -10.343997892791128 -10.739946904287617 -9.539785411615897 -9.002825883842398 -8.189538486575787 -11.638848722681018 -10.576256434452374 -10.375327498553105 -11.677351173448788 -8.548603727708107 -11.14879924733242 -8.854772105028257 -9.607023740784381 -8.181372183378498 -12.7307009299073 -8.230863811101939 -12.467648635824045 -9.46800633587177 -7.718637203471969 -8.356738097863648 -10.906476726973787 -12.42797282877629 -9.373051570167144 -11.128690700018867 -10.643577697832326 -9.371964255945239 -11.332830299403387 -12.0623353630312 -10.875564221420811 -10.0250421229268 -10.737851343244595 -12.070192095528903 -7.7684786223603846
41
 -2.859462536470412 -5.505065023214075 -6.753063803355368 -7.753020149834597 -8.397117268379672 -9.309300002979324 -9.632335661135128 -8.942388059930119 -10.675841291495244 -10.597884788715607 -9.199123771776616 -10.674102527670772 -9.668965631097644 -9.624780224872822 -11.341788168929918 -11.373141938958371 -11.697023274694812 -7.9464444946603034 -8.33221523347291 -10.707271298815009 -11.790647420566847 -10.930767462337322 -10.51847291218898 -12.53208329445511 -12.371437230051745 -8.569383177341177 -12.357114111040227 -10.545948187590314 -9.727211217590012 -8.22424528725181 -11.738341470816227 -10.508120258433506 -9.323883284660996 -10.883835571553595 -11.573931913135187 -10.161609204755136 -9.30727365891918 -11.255646657626157 -8.796735469805025 -9.024211303299197 -8.862433122194538
41
 -2.859462536470412 -5.518197622200392 -6.593516298852928 -7.0186323828784944 -8.386116137123354 -9.44897046582999 -10.178479026434713 -10.4644434277795 -9.507547666847817 -9.844235801818742 -10.609817056572771 -11.864157145781302 -11.466551104301832 -10.688597033974846 -10.42920710810323 -8.233131986710726 -10.438540947275872 -10.406335239298798 -12.435755183322867 -9.029851127486474 -11.843556734681789 -10.69827550301132 -11.292811166941362 -11.416178092246344 -11.228839366176855 -8.31726993232613 -9.298211493448822 -9.893776310754308 -11.627158218659314 -11.724335688623189 -9.047781529255575 -9.851881645351892 -11.807177446287913 -8.752647309285303 -11.47361799077507 -10.211428056561884 -10.681039932486652 -11.81473168122457 -11.439343307283897 -12.038119728532319 -9.742497773740652
41
 -2.859462536470412 -5.479183837673189 -6.8053418575798075 -7.648986365400679 -8.703689919074394 -9.573550742269285 -7.8367012655456145 -10.84004451333694 -10.841523642798265 -11.057910006315451 -10.398158645491774 -9.421305025317452 -9.104312466420764 -10.464670327671449 -8.91765930866285 -8.961705816821793 -12.661473031769038 -11.631520285775514 -11.295590078296753 -7.295174480388461 -12.121610037825635 -9.2250613289849 -10.893681306715441 -9.702826734876664 -10.28696839427548 -9.92472850725216 -8.878375754020976 -10.593216751385755 -12.118056331007976 -8.853839188781208 -10.529778820976214 -11.819489795651876 -10.291802050511484 -10.823433472801469 -11.844442262290485 -9.900156170109566 -11.382940544261665 -10.444587382665535 -10.77594445581744 -8.864221265805922 -11.660852945568745
41
 -2.859462536470412 -5.400348729833141 -6.519749818757561 -7.312561823440058 -8.35271705639441 -8.508859650033191 -10.070005302894653 -8.996027226625257 -11.107146855857053 -10.272732026330367 -9.384636372870096 -9.872254901912255 -12.097464820079303 -12.005038152376716 -8.857426864072197 -11.097421468283661 -10.034009271658139 -10.832081418691724 -12.003367457013018 -9.237837451093617 -8.197056986181941 -9.8591270465056 -8.040794026429612 -9.861442034396122 -10.262687442204092 -12.215838189656822 -8.033889984149829 -10.314611415987942 -8.479054566904804 -7.651047777239361 -11.151906630149051 -11.724903962152174 -9.154365362461968 -10.462970484530711 -9.117114175784703 -8.921117966020661 -9.715212948027819 -9.287273465926493 -9.010082409779965 -8.398181136871338 -8.584166932333833
41
 -2.859462536470412 -5.495577412350235 -6.615917819086396 -7.61007816043935 -8.481615158193772 -9.067041965515921 -9.853023515094439 -9.513975452926989 -9.324319163901722 -8.391026031572837 -11.145063551499623 -9.926953091577872 -9.004134193023752 -11.94347732598637 -10.347526912579493 -9.116298572492683 -10.392168158996828 -10.16411103616699 -10.161175907286353 -11.088022623548714 -11.404064238100199 -10.553088612444803 -12.436552752985596 -11.094661458015988 -9.173749027137255 -9.795081818722931 -8.974322747465202 -12.185515135949265 -9.95471770462543 -9.618932698063272 -11.467578774788889 -8.963989010726385 -7.997620399558312 -9.43161136249665 -11.77087535115312 -11.86339350347032 -10.432557107408945 -11.029920137538197 -10.750026180310133 -10.274536419997464 -10.734689174100126
41
 -2.859462536470412 -5.535212663198696 -6.574512852552683 -7.644119631448788 -8.466336081142858 -8.604607549518587 -10.57090981808086 -10.631646971582207 -11.02265703250031 -8.765754388738753 -10.250983320360083 -9.550710676068592 -10.9454605454833 -9.739906252874441 -9.465235492330805 -10.07740269656073 -11.25593909311347 -10.722380144269703 -8.499777577891624 -9.750958668632043 -10.197428845849968 -8.655270176522766 -10.713782303205965 -11.27905404377486 -11.34255281028751 -10.591979827497397 -11.402976017207756 -8.15062143621906 -11.396617678778675 -9.250678166274769 -10.553898970485314 -8.905607020783808 -9.181005550102757 -10.707172684594612 -11.437124544171107 -11.29444787261826 -10.474019250239479 -10.57048349634449 -10.658079722792603 -10.377483653606435 -10.234127711469153
41
 -2.859462536470412 -5.4731494798035145 -6.705069445817638 -7.682668105205714 -8.791034317659078 -9.600474817409877 -10.347344324651552 -10.65051327863561 -10.51869647078328 -10.428922670514703 -10.617607142724324 -10.397195193597923 -11.92480106654376 -10.602577624108946 -8.915011496843679 -9.815297348596879 -10.49155955696286 -11.24593518068867 -11.754067294566338 -8.23452445240982 -12.484946771460564 -10.101687822109247 -11.46763326110345 -11.640345834654259 -12.286437131983671 -11.995242212449085 -12.1104293144286 -11.392516262181779 -10.401574359237257 -11.276709169828994 -9.435455183674723 -10.309584573006628 -8.26304759202136 -10.828919878168747 -10.890050731450645 -10.207195906376171 -8.514222573989075 -11.909359455034004 -8.764467308707422 -10.821969340365806 -11.825150536990181
41
 -2.859462536470412 -5.471564062742025 -6.586854536703628 -7.695682327240207 -8.560399359702087 -9.27072987545828 -9.227963129802365 -10.277492989048763 -10.310512433114642 -10.90292436451693 -10.193332358746137 -9.80690639479878 -11.421407527797648 -9.39393401528289 -11.606150385989837 -11.132963519548671 -11.884855775239064 -11.11018583446661 -10.480290326139077 -10.07709032127737 -10.4417580372067 -10.867525163862725 -9.31611857469902 -11.489352375722216 -10.048368395026957 -9.464390274487442 -9.258682884437034 -9.130929465160131 -9.752989926520096 -10.843249287908455 -8.889532960577018 -10.759091984812157 -9.293370589249815 -11.360666061663386 -10.461226213036426 -8.78796565580045 -9.726393530313151 -10.25833915283786 -11.25681570204923 -11.864367692098178 -9.24214164757364
StreamingSVRG
10
41
 -2.859462536470412 -4.991911304181683 -5.98470471331865 -6.758770435341172 -7.443402624345676 -8.206457792162345 -8.816498935334991 -9.01343826877482 -10.079535205478585 -7.728172560873024 -9.79471352696563 -10.854273238938484 -11.16936005069624 -10.821652947158267 -10.695738925057231 -10.848631542449663 -12.174810573618512 -11.61687720791533 -9.439165355264702 -11.287603433222666 -9.741931679194675 -11.517676358442724 -11.517676358442724 -11.517676358442724 -10.234917226850644 -12.113396476706269 -9.966258429432514 -9.746251751208174 -9.746251751208174 -9.746251751208174 -9.746251751208174 -9.746251751208174 -9.746251751208174 -9.746251751208174 -9.746251751208174 -9.746251751208174 -9.746251751208174 -9.424958238750515 -12.717561468949372 -12.717561468949372 -12.717561468949372
41
 -2.859462536470412 -4.998725948808592 -6.084700289941662 -6.715984763521384 -7.681968862218598 -8.480216057105078 -8.480513290593 -8.909784195153472 -10.117862071936743 -9.8289996711611 -10.06740306441211 -11.057600424749682 -11.326464814565819 -10.38914196555994 -10.96847826013606 -10.722980946669844 -11.406116625740147 -12.13952425968543 -10.852199915647901 -8.48520848525776 -11.558329705357385 -9.152879168434158 -11.763285065212605 -9.207762869021579 -12.870596929564968 -11.737512289123698 -9.857785922202977 -9.800229839545104 -12.764370564795824 -12.012743198003061 -12.012743198003061 -12.012743198003061 -12.012743198003061 -10.839802143296007 -11.36160665334962 -10.15758282515283 -10.336036440200559 -12.519976340111066 -12.075863713654005 -11.710462939265916 -11.710462939265916
41
 -2.859462536470412 -5.033355128672464 -6.183022526297772 -6.80078452189099 -7.76533875994685 -8.272025132973523 -9.158123309744669 -9.65232065011411 -9.477918567739335 -10.48346530459636 -10.03819362588199 -11.175431279537046 -10.098756841136607 -8.87773967905887 -11.874452222542272 -10.533510750574594 -12.286292430509098 -11.523691520845299 -10.290511616881226 -11.491461439185192 -10.572587899460013 -11.47174408295955 -10.899360245974188 -13.11175640103851 -11.48782890799025 -10.00389734382296 -10.058862652526846 -11.493659218773942 -10.70118751027258 -9.96910669775627 -11.694204069463234 -11.694204069463234 -11.694204069463234 -11.214333938599673 -10.92929550094571 -10.680589183299999 -10.898150569703876 -11.975861054176375 -11.906394020619576 -12.443763090614551 -12.572087101045554
41
 -2.859462536470412 -5.023683072266966 -6.012736702655905 -6.943567815514012 -7.6795920711705445 -8.119722268597108 -8.048127450770666 -9.212092433443422 -9.274076984061125 -8.377565973926371 -10.617716968034363 -9.89349649773351 -9.237803138750083 -11.471547293513138 -9.660197511684578 -10.413540224610914 -10.773115293345436 -12.675418053071121 -12.675418053071121 -12.675418053071121 -12.675418053071121 -9.546375451936964 -13.125099868420907 -12.02720986071096 -11.220423089746392 -8.774882133809305 -10.639032203057766 -8.68376321139921 -10.13473635220593 -10.13473635220593 -10.13473635220593 -10.13473635220593 -10.13473635220593 -10.13473635220593 -10.13473635220593 -10.13473635220593 -10.13473635220593 -11.135521168331232 -12.657297296983494 -13.121882014306026 -12.588214830678973
41
 -2.859462536470412 -4.946603446684407 -6.1014823859112095 -7.07882521074229 -7.757967337460853 -8.280460083000966 -8.50420362732628 -9.548879980603193 -10.10882509819516 -9.790523388835199 -9.099328994546246 -10.077786005420117 -11.819794091608234 -9.940932179207978 -10.349360672671724 -10.355745399305178 -11.995637386951328 -10.88543077998443 -9.768461130665333 -10.63224739225387 -9.946033417005411 -9.598034737174137 -9.076604785044347 -9.653258883073416 -8.85415017839658 -8.85415017839658 -8.595817147314365 -10.689455546926158 -11.474017383747947 -12.113819807802832 -10.879367944046571 -12.07242116284585 -12.07242116284585 -12.07242116284585 -11.198596540148394 -13.192977731251789 -10.377770776085102 -11.926013555984042 -12.881978538723986 -8.721595717485153 -9.441618160609941
41
 -2.859462536470412 -5.046059708213879 -6.177926366943194 -6.987001062272621 -7.078715289635062 -7.503685774900938 -9.106074778563228 -9.528767615952649 -9.210326343342992 -10.57794291951456 -11.515627802086101 -10.647354539884745 -9.951815731518236 -12.140683144085784 -12.140683144085784 -11.310146273976462 -9.575758760164616 -11.331420067404155 -12.29203167204874 -11.922132679113076 -11.922132679113076 -11.922132679113076 -11.674731171474955 -10.788318371693201 -12.25206682288115 -10.168487490946513 -10.240281039540072 -10.517697884704608 -10.49732827066043 -11.392158872537482 -11.868732680480347 -12.814774983091116 -10.329330353664657 -10.329330353664657 -10.329330353664657 -10.329330353664657 -10.329330353664657 -10.329330353664657 -10.329330353664657 -10.329330353664657 -10.329330353664657
41
 -2.859462536470412 -4.796399213807631 -5.985613175204805 -6.897318176381567 -7.6604669615116086 -8.006040839532092 -8.233934409903128 -9.450122256903237 -9.567810124469037 -10.063391659363761 -10.045027326804329 -10.045027326804329 -10.045027326804329 -10.045027326804329 -10.44141066970676 -9.539834693766839 -10.536423960929651 -11.23287287055835 -11.886877000475911 -11.746159472287054 -11.746159472287054 -11.746159472287054 -11.746159472287054 -11.746159472287054 -11.746159472287054 -11.746159472287054 -11.746159472287054 -11.746159472287054 -11.746159472287054 -9.413147951063303 -12.775674429253304 -12.775674429253304 -12.775674429253304 -12.775674429253304 -12.775674429253304 -12.775674429253304 -12.775674429253304 -12.775674429253304 -12.775674429253304 -12.775674429253304 -12.775674429253304
41
 -2.859462536470412 -4.86608473875862 -5.611009609377362 -6.576649943290124 -7.185421778170546 -7.996077013367531 -8.388307885334184 -8.73074837307419 -7.787658049076448 -8.636402798538807 -8.735208969048594 -10.528533424177494 -11.148698848038181 -10.40983098445147 -9.582495007687143 -12.07499699617822 -10.540625806059936 -10.540625806059936 -10.540625806059936 -10.540625806059936 -11.518712424663411 -10.90037520334833 -11.922844256272857 -11.870366219071443 -12.424978736068505 -12.424978736068505 -12.424978736068505 -12.424978736068505 -12.424978736068505 -12.424978736068505 -12.424978736068505 -12.424978736068505 -12.424978736068505 -12.424978736068505 -12.439505783669611 -9.169943886612328 -12.667406495544194 -12.107378744311854 -11.615823425271987 -11.411575974966865 -8.770483703447347
41
 -2.859462536470412 -5.048688710669006 -6.069806738239617 -6.959237470485242 -7.691392087676934 -8.48381385387713 -8.929075247371273 -9.345733296169442 -10.11036527912507 -9.112463958259813 -10.920664340783333 -9.638109509134662 -10.406774963418664 -9.846567684678153 -11.394936347894328 -9.463128050812086 -11.897421674826331 -12.347415402689995 -10.91924715197527 -11.137673151569304 -10.689713539899673 -10.360491025461393 -11.460060646296673 -10.477188950997899 -8.631767302979611 -8.966629476232624 -9.645541851465685 -12.410486215712922 -10.841733665251716 -13.203640427149493 -10.817553529112669 -9.10755505089743 -9.10755505089743 -9.10755505089743 -12.235803279423669 -10.108819211793415 -9.941772066517466 -9.941772066517466 -9.941772066517466 -9.941772066517466 -9.941772066517466
41
 -2.859462536470412 -4.94599348880606 -6.162354289991065 -6.948236239518301 -7.474621289783368 -8.319646943056446 -8.982983939238878 -8.255468015666683 -10.05012765784958 -9.95783377346181 -9.994910873972474 -8.539725004397695 -11.421437005167814 -10.849132035738819 -10.293054597987156 -9.34934483578381 -11.43115122000138 -10.146706161390929 -10.146706161390929 -10.146706161390929 -11.697054586536717 -12.09722024956113 -10.637497547806381 -11.428873827568134 -11.962572334959408 -11.015626318186811 -10.037218855507254 -12.927121662856484 -11.608529993832214 -11.616172427955043 -11.64673877548527 -10.413681755420399 -10.413681755420399 -10.413681755420399 -10.413681755420399 -10.413681755420399 -10.413681755420399 -10.413681755420399 -10.413681755420399 -10.413681755420399 -10.39116757339477
ADAPTIID
10
41
 -2.859462536470412 -9.472263692818135 -9.760382324905033 -11.61884292903157 -10.624068769295647 -10.751411635600501 -10.840501154396025 -12.245030009400233 -11.56403941937579 -13.124732817377957 -12.282069731482867 -13.018056673949129 -13.183872155683584 -12.696597901830165 -13.588214287912669 -13.686926174550685 -13.657176684308046 -13.50299771541302 -13.281205430589493 -14.461856080822097 -13.999270726801322 -14.286930998337903 -14.4989612381038 -13.884949225815742 -14.208480058364438 -14.604620301529396 -13.861503718470894 -12.51231908614176 -15.418139434512016 -15.641753803869824 -15.735451935363828 -14.579242858630476 -14.298521500735282 -13.260087316860435 -15.492945787507798 -15.124541995280483 -14.65281928345163 -15.699740989401267 -13.95531787826724 -15.58062890838477 -16.388273389738604
41
 -2.859462536470412 -8.787162428795755 -10.650761131895806 -11.77549614639948 -10.57874126608685 -11.84247470478061 -12.229841726059774 -12.59273800018448 -11.86301292502329 -10.480580425184167 -12.082111694336337 -13.20139827754715 -12.776421549541265 -13.482255574660272 -11.773302205391843 -12.708193689872179 -12.445755019026619 -14.286752724599443 -13.629679468238352 -13.161248044415894 -13.39157834504468 -14.667771028260113 -13.340470504913574 -14.21047273993612 -12.783210076321181 -14.3200217996435 -13.838101832158237 -14.265524411449316 -14.452230431721313 -15.030430640895116 -15.072714624052404 -15.22928067992146 -15.19742309939321 -13.814342831853216 -15.600733636069787 -14.408551848985683 -15.92857221849814 -14.901856353355589 -15.04459818879072 -15.074283664897722 -16.04608046843903
41
 -2.859462536470412 -7.781494039439752 -9.947449704917004 -11.125333609065237 -11.854403036527433 -10.727402766970298 -10.717927588780809 -11.919575228421634 -12.499615807821932 -13.032494042962698 -12.851424849666488 -13.504312809089942 -11.925907689173757 -12.792175053891858 -13.784768221077458 -13.125669749956888 -12.633337282427288 -14.056002511829064 -14.11383985432108 -13.466169054791976 -14.049302264827654 -14.042244855601796 -13.994677512840585 -13.108500562431738 -14.145178736155938 -14.720643698277508 -13.539741098079388 -14.268163552282054 -13.149264735345914 -15.100329177980408 -16.0344611987829 -14.423724899878044 -16.220354805855365 -15.773925556741483 -15.480340408506121 -15.033780852941863 -16.455210709032368 -15.926207378641468 -16.539864105575617 -14.771669277122818 -15.352099769071547
41
 -2.859462536470412 -8.89709133160933 -8.749188638972354 -10.135568837939823 -10.968014829710134 -10.665509096687801 -12.555083633924621 -12.355266957507721 -13.34577423073954 -13.422298104462222 -12.651503704484862 -12.795344631752233 -13.160137957058039 -13.266621065218981 -13.455704824688622 -13.986256287411518 -13.325819112182112 -13.752773989817815 -14.044361003233302 -13.911723111646483 -13.365343334637386 -14.474663992633234 -13.864022675785263 -15.121965945239385 -12.71445670710464 -14.322930260352752 -14.623046372996262 -14.975317438047329 -14.591540001052598 -13.304800734978844 -13.642309371295996 -14.059183678294938 -14.581469717594643 -14.671979886023351 -15.04820747593397 -15.72353826277836 -14.414835807872302 -14.683105207159619 -15.64733143442525 -16.071522440104946 -13.720945987795744
41
 -2.859462536470412 -8.76957628408504 -9.58777882410583 -10.935231942288366 -11.378148608549326 -10.335061599474455 -11.089531242736928 -12.646637653235807 -12.286844259816005 -13.00798925484666 -11.840896814866573 -11.820895342930836 -13.39748973962057 -12.234358678917173 -13.02003320414324 -14.008679253303242 -11.42539513656565 -12.427396439431362 -14.01693672121142 -14.156511628249138 -14.142266430912395 -13.927277110307715 -14.08995001378964 -12.323433048010122 -14.276783983576328 -13.195967192164645 -14.706343693640882 -14.34154147372602 -14.392485963102294 -13.45096716571372 -12.462001324382411 -14.967124110867806 -14.799945080448756 -13.557328182406062 -14.954562962491455 -13.955770333623969 -15.18968728124212 -15.7475734986016 -16.149442969438994 -11.9598034929802 -14.830478971608397
41
 -2.859462536470412 -8.301869288883353 -10.356718825427004 -9.851708361294065 -9.562029708114796 -11.424551011873467 -12.887834202686651 -11.37187804776186 -11.563883381998451 -12.744508608807212 -13.35586465522279 -12.969347891145565 -13.62111701770371 -12.133485688134495 -13.93778108016441 -13.755656691021523 -12.215583333510208 -13.384862674366007 -13.900822388425437 -13.552084511807012 -13.844836910640273 -14.23520188845552 -13.800241970231578 -14.889869610228939 -13.13663954825895 -13.12992618858751 -13.824789614957266 -14.80623242554582 -14.86015828290241 -14.84791940268176 -13.543878731439937 -15.111156918695155 -13.404386745019881 -15.416889183418215 -14.295465333816345 -15.314238747365511 -13.343987850669848 -16.006497352565162 -15.586680837538749 -16.352564247569088 -16.153904621996883
41
 -2.859462536470412 -9.010086341194071 -9.193237963783773 -10.733907441770024 -11.109422453563589 -11.589669418523718 -12.370151075994018 -12.053695416318481 -11.931473896717952 -11.9387017772433 -11.348441858789577 -12.919913330238584 -12.370715734786431 -13.73295451716624 -14.005824147703825 -12.741985889460206 -14.095639698554534 -12.266738429668584 -13.636927648491119 -13.31984400485568 -13.870510401860816 -14.064707298160844 -14.361609408536488 -12.51309810558454 -14.969189268212022 -14.612623862650304 -15.004809691761388 -14.925114411197235 -15.352793038122247 -15.360202842220172 -15.659429337725962 -15.9079185730442 -15.616120002941594 -14.86972618365143 -15.583020387668247 -15.092698233324631 -15.086965519113576 -13.0633569550878 -15.681413116746262 -13.83542580031369 -16.178005032117806
41
 -2.859462536470412 -9.31427654760826 -10.316740574327058 -9.770730893430295 -9.227736612110961 -9.677070127846987 -11.639666054971276 -12.05300296249914 -12.702795508600829 -12.321735537961255 -13.267829973872304 -13.686655756513028 -12.53364300900821 -13.640320525612966 -14.144766929292246 -12.198676037311978 -12.602076068121816 -12.943582220002693 -13.224624616326398 -13.922960978365136 -14.386596454629606 -15.102394239351268 -14.446814118866552 -14.676243479438751 -14.197491858391452 -14.602502592062528 -14.9849504791599 -13.94746376198987 -13.434444423222317 -14.881242741587181 -13.917751061251172 -14.456969267564977 -14.774467601504373 -14.8323975625591 -13.947419196068616 -14.271592222296146 -14.420079589440224 -15.599945812840982 -15.876105342160917 -15.935958045513807 -15.238988298873368
41
 -2.859462536470412 -8.71062492985806 -10.254505662971136 -9.809297717690779 -11.066520437694239 -11.164177175326172 -11.86819503807256 -11.78838027798111 -12.418485572932273 -12.489034568451112 -11.276331598253858 -11.45119428195403 -13.879393550069226 -13.968231695283027 -13.831999358701045 -13.05855038179907 -13.806760507739726 -13.50557840428029 -14.511591594285509 -14.452367570872116 -13.610671973131113 -13.431632322840803 -12.97296753353369 -14.36033180244842 -14.539513406425916 -14.21074351929894 -15.15098427433561 -12.374239072840611 -14.736560859816489 -14.006974623520778 -15.709373897687183 -15.080121686126487 -15.268354145577057 -13.587507209631438 -14.212697579005033 -13.954443498264892 -15.449089257315368 -14.076638412980609 -15.804010259440545 -14.20669648898506 -15.167703529672682
41
 -2.859462536470412 -7.841194127999449 -10.353738941032077 -11.290083072375332 -11.70258207990393 -11.822180454861432 -12.585255638063337 -11.150448500359948 -11.013229740162503 -12.73439188632959 -12.35172984291569 -12.649811097748772 -12.631877616399775 -13.269169969069326 -14.009041608410541 -13.281628080032563 -12.326538684678036 -13.446563441007891 -13.06486822258544 -14.152391646330726 -13.047925793075095 -13.951441870162867 -13.791827024112917 -14.70080479431739 -14.684234301114799 -14.911710674306056 -14.020544539412112 -13.361867882380766 -14.45130523941945 -15.102121595310509 -13.279829475057323 -14.30428788408324 -13.647450184421329 -14.441608575140188 -13.222572561799637 -14.796967772262754 -15.248106247789714 -14.473819302828327 -15.369921180086722 -14.351620338081615 -15.283964283109809
steps
10
41
 0 25000 50000 75000 100000 125000 150000 175000 200000 225000 250000 275000 300000 325000 350000 375000 400000 425000 450000 475000 500000 525000 550000 575000 600000 625000 650000 675000 700000 725000 750000 775000 800000 825000 850000 875000 900000 925000 950000 975000 1000000
41
 0 25000 50000 75000 100000 125000 150000 175000 200000 225000 250000 275000 300000 325000 350000 375000 400000 425000 450000 475000 500000 525000 550000 575000 600000 625000 650000 675000 700000 725000 750000 775000 800000 825000 850000 875000 900000 925000 950000 975000 1000000
41
 0 25000 50000 75000 100000 125000 150000 175000 200000 225000 250000 275000 300000 325000 350000 375000 400000 425000 450000 475000 500000 525000 550000 575000 600000 625000 650000 675000 700000 725000 750000 775000 800000 825000 850000 875000 900000 925000 950000 975000 1000000
41
 0 25000 50000 75000 100000 125000 150000 175000 200000 225000 250000 275000 300000 325000 350000 375000 400000 425000 450000 475000 500000 525000 550000 575000 600000 625000 650000 675000 700000 725000 750000 775000 800000 825000 850000 875000 900000 925000 950000 975000 1000000
41
 0 25000 50000 75000 100000 125000 150000 175000 200000 225000 250000 275000 300000 325000 350000 375000 400000 425000 450000 475000 500000 525000 550000 575000 600000 625000 650000 675000 700000 725000 750000 775000 800000 825000 850000 875000 900000 925000 950000 975000 1000000
41
 0 25000 50000 75000 100000 125000 150000 175000 200000 225000 250000 275000 300000 325000 350000 375000 400000 425000 450000 475000 500000 525000 550000 575000 600000 625000 650000 675000 700000 725000 750000 775000 800000 825000 850000 875000 900000 925000 950000 975000 1000000
41
 0 25000 50000 75000 100000 125000 150000 175000 200000 225000 250000 275000 300000 325000 350000 375000 400000 425000 450000 475000 500000 525000 550000 575000 600000 625000 650000 675000 700000 725000 750000 775000 800000 825000 850000 875000 900000 925000 950000 975000 1000000
41
 0 25000 50000 75000 100000 125000 150000 175000 200000 225000 250000 275000 300000 325000 350000 375000 400000 425000 450000 475000 500000 525000 550000 575000 600000 625000 650000 675000 700000 725000 750000 775000 800000 825000 850000 875000 900000 925000 950000 975000 1000000
41
 0 25000 50000 75000 100000 125000 150000 175000 200000 225000 250000 275000 300000 325000 350000 375000 400000 425000 450000 475000 500000 525000 550000 575000 600000 625000 650000 675000 700000 725000 750000 775000 800000 825000 850000 875000 900000 925000 950000 975000 1000000
41
 0 25000 50000 75000 100000 125000 150000 175000 200000 225000 250000 275000 300000 325000 350000 375000 400000 425000 450000 475000 500000 525000 550000 575000 600000 625000 650000 675000 700000 725000 750000 775000 800000 825000 850000 875000 900000 925000 950000 975000 1000000
