9
SGD
10
31
 -2.9362182730426234 -7.330726810352989 -7.895022056857231 -8.173192996070597 -8.41363432792496 -8.519789083200504 -8.517969009579264 -8.637206705129687 -8.763491624018076 -8.842062599067491 -8.901552123542524 -8.964897512733286 -8.994443895355593 -9.047551571778062 -9.042853058140375 -9.124762592273564 -9.137479204866976 -9.18660000596795 -9.20283481971138 -9.246301835131836 -9.206706596065551 -9.282981456861087 -9.343995249227914 -9.363374073675843 -9.367448906741313 -9.399405695983955 -9.429135368890444 -9.390663195424732 -9.450864253145065 -9.400321655060662 -9.500606824128544
31
 -2.9362182730426234 -7.3920343885299 -8.156433854978388 -8.423802159776004 -8.509233552835317 -8.64716273707617 -8.815530601342532 -8.931956379807724 -8.967380784815102 -9.049598743030737 -9.108780450766949 -9.166428063143483 -9.193715904511881 -9.100524456297272 -9.294977782374096 -9.299097016970567 -9.361633742435973 -9.380924842557905 -9.366769731794315 -9.417632598362594 -9.398634696403375 -9.457380119455456 -9.495903473435611 -9.438823212093865 -9.515323820116098 -9.54599930213063 -9.59518992939176 -9.622411653882727 -9.60087312610892 -9.608214529303623 -9.664078439568456
31
 -2.9362182730426234 -7.428821115515209 -7.679230440983197 -8.12972153236625 -8.424953916124867 -8.511687335786759 -8.565913063014419 -8.598251026684023 -8.705382929538256 -8.803759440603141 -8.698600859786824 -8.848194498855314 -8.972477969044151 -9.027972287449563 -9.053949721788973 -9.081966551395537 -9.121751312186248 -9.157700529118328 -9.170411491277942 -9.207124376208009 -9.222714837315515 -9.255733859090922 -9.196695781092565 -9.31809692358292 -9.340124253212032 -9.356476432411691 -9.380071939398135 -9.397407820251672 -9.419607003168853 -9.42378955384397 -9.447340708665442
31
 -2.9362182730426234 -7.518380526194951 -7.793542961096667 -8.048982085282796 -8.146719477560227 -8.285222646933859 -8.455311302067779 -8.48263226821416 -8.603690295503233 -8.656310923169144 -8.721532942305805 -8.764995578890355 -8.755166189179041 -8.816380393835304 -8.894199161093114 -8.919422074178947 -8.929789132410917 -8.993442698440555 -9.023040281310767 -9.050211997100286 -9.056675953008789 -9.04691222284971 -9.03751989841438 -9.127766056805104 -9.15806874052146 -9.172123918057064 -9.198184249447056 -9.194064670578705 -9.215773312978904 -9.252564273215675 -9.275140458903318
31
 -2.9362182730426234 -7.625398285031237 -7.729774176475791 -8.174885350338302 -8.396344030790244 -8.444752234797177 -8.454457494822236 -8.567337358812846 -8.706259256766405 -8.840399722442069 -8.860587442268418 -8.933738586464727 -8.937374936233596 -9.02428249583435 -9.043915905215885 -9.03220916308268 -9.113125474815023 -9.090891021853588 -9.17980854016074 -9.215208652592732 -9.21963841838644 -9.265046455153364 -9.304162356416297 -9.327910334534915 -9.348130833175468 -9.298971143948663 -9.387941041437221 -9.372605477331996 -9.42355949252209 -9.4135482560696 -9.433293218971148
31
 -2.9362182730426234 -7.099200459141125 -8.20997845658522 -8.476022248264739 -8.675918135890159 -8.793843563740877 -8.883499818075125 -9.002181978476456 -9.030888908802526 -9.01474507776267 -9.204474728300927 -9.185722415447971 -9.179352580392166 -9.256802401119716 -9.362997223317608 -9.404950091174992 -9.435213552764486 -9.424964347975948 -9.412394001236057 -9.434054785711067 -9.469095874336773 -9.543574661956521 -9.541177631823857 -9.549443111036402 -9.639701880672083 -9.646989262926601 -9.673726837772326 -9.604876733122966 -9.676071024087435 -9.714875389420127 -9.758397206794367
31
 -2.9362182730426234 -7.7684971551786015 -8.303873026492006 -8.270263566100297 -8.674142062271128 -8.7587536211041 -8.924010187821029 -8.974066771392499 -9.07488885666409 -9.111122671576469 -9.133056250018631 -9.060892243507054 -9.25351681518854 -9.181715707878478 -9.336102824976445 -9.370472598277198 -9.414133348256954 -9.402720221035294 -9.474669557245852 -9.437974104412373 -9.515171777141871 -9.575017673166133 -9.597238965050426 -9.615655035522725 -9.604331202638631 -9.663135496416633 -9.690383642183802 -9.707606519994778 -9.711464135893246 -9.685324363531224 -9.733324849852636
31
 -2.9362182730426234 -7.525356451083809 -8.189728294106935 -8.417966587629707 -8.547172195189875 -8.676362761630768 -8.628942140858067 -8.762719071468494 -8.941670612645126 -9.016747913283618 -9.090842327549792 -9.134404656732466 -9.1059571554691 -9.027457708525086 -9.201452755034678 -9.290976671300289 -9.304930102162228 -9.313044821065919 -9.280085683475914 -9.414661969147154 -9.431917856138437 -9.438090940579032 -9.469970597299227 -9.498258242709367 -9.536520285292967 -9.547980770958999 -9.503638359094646 -9.505430392221136 -9.614312208575726 -9.633508624975171 -9.633511708011737
31
 -2.9362182730426234 -7.167661771406446 -7.818871869528504 -8.1169370490271 -8.189746746588211 -8.361129800738114 -8.505851267178544 -8.56987965219039 -8.484921443687917 -8.529691848804372 -8.695522098609054 -8.885516843889977 -8.786054711555998 -8.948006901232931 -8.997787909639955 -9.018582740801616 -9.079360956344145 -9.10021465884337 -9.08415545274729 -9.152308107911987 -9.198276688069873 -9.227031989717187 -9.241248243316114 -9.261663523607563 -9.236170794156424 -9.292264044375537 -9.24758068395499 -9.337363494349725 -9.36949132009657 -9.403723729416841 -9.42713093106864
31
 -2.9362182730426234 -7.516437659658097 -8.010019606000222 -8.438740443665983 -8.510232316612557 -8.749183592552832 -8.804953338492544 -8.898132624869435 -8.941052757121012 -9.007372256170054 -9.088149179528475 -9.11699371737986 -9.172176036549166 -9.229330151490311 -9.281015650637755 -9.240793818529669 -9.279814290247746 -9.375879440840164 -9.368529008511517 -9.35405522001463 -9.45833139434008 -9.492612710811121 -9.505749590204982 -9.538782547359542 -9.487541579096051 -9.556703175938214 -9.540305179395919 -9.607814616134844 -9.616415293633874 -9.653081309833913 -9.666910167745671
SAGA
10
31
 -2.9362182730426234 -3.286751587580562 -3.5616815776432893 -3.7981057182734577 -4.008302794720676 -4.192167474425791 -4.367738000811064 -4.527860506436497 -4.676863144104139 -4.815243150800784 -4.945432386613871 -5.073338659986903 -5.196103449754805 -5.310782097695903 -5.422440587200071 -5.5293865852485 -5.631538288963709 -5.728718183928606 -5.828067214562944 -5.920476575679579 -6.00882561489184 -6.098740508592713 -6.187893995121138 -6.270496236797124 -6.353328857984495 -6.429909893957887 -6.514366564451032 -6.59518598943159 -6.671789876261959 -6.747708309395293 -6.820785962261614
31
 -2.9362182730426234 -3.287277193995209 -3.5570598807105704 -3.7921512719672097 -4.01090877544548 -4.201368230503585 -4.371577845541537 -4.532037412230872 -4.686447718943267 -4.82433848659675 -4.934054203996407 -5.076954151839733 -5.200801694995038 -5.31459627721078 -5.422331172619239 -5.526276785090884 -5.624819533445831 -5.725660631865379 -5.823944269000534 -5.915891981442036 -5.9959706797569945 -6.090867446940046 -6.172682261896018 -6.2515240563191865 -6.344000119118241 -6.427533224809206 -6.5046992157608825 -6.58252871462023 -6.657934997791953 -6.736798512588274 -6.805099008538359
31
 -2.9362182730426234 -3.285957945259561 -3.5678371296808673 -3.808006547995684 -4.019462371652351 -4.202241213481156 -4.374104086196905 -4.54585260707521 -4.694094343703751 -4.827454173866726 -4.957582425533834 -5.0847819855905625 -5.200347197395862 -5.314974760984277 -5.4122223764227515 -5.531406782489033 -5.632101384399867 -5.732858327097812 -5.824203582215187 -5.916485896329459 -5.999615398891123 -6.092952003764528 -6.180742058105736 -6.26046824686848 -6.338271711235995 -6.421413117490593 -6.497343946380078 -6.572283919526365 -6.651610871567706 -6.7266049812706825 -6.799249801966888
31
 -2.9362182730426234 -3.2775215005120475 -3.5590086214526946 -3.797828060161217 -3.9995630021661026 -4.187711946371826 -4.362915728769799 -4.524893715501771 -4.672484881233703 -4.814695040892746 -4.947437712453943 -5.070626564662434 -5.187257755368697 -5.30003801027348 -5.406879749738042 -5.513734041705324 -5.614450985389604 -5.7017658073603865 -5.806522199105153 -5.890091138023949 -5.990237600966659 -6.077571485143018 -6.159821451594083 -6.251886788536876 -6.332718680030112 -6.417082604017107 -6.500602823253566 -6.567011103708948 -6.655029038193795 -6.731747979115984 -6.810472529149769
31
 -2.9362182730426234 -3.278834261106088 -3.55536783566642 -3.792322800488519 -4.008358506083672 -4.203137873532334 -4.373493188781828 -4.539774543408924 -4.677913035763761 -4.826167206487137 -4.95582911175321 -5.081739378378315 -5.202503356385311 -5.313110789798026 -5.422514822965448 -5.523615910830358 -5.62580167173346 -5.721556765691129 -5.821709795194942 -5.919693807526199 -6.0085460273456865 -6.092138947528734 -6.180259028992664 -6.254699131884546 -6.341947500544101 -6.421385175725066 -6.501157557754206 -6.581090878170208 -6.658712283599905 -6.736016202916712 -6.808436077876485
31
 -2.9362182730426234 -3.288049449285098 -3.5695729008764183 -3.8065817709196264 -4.013295340526534 -4.199554878086717 -4.370541723502806 -4.5317930623844935 -4.681443907934614 -4.8259583056661945 -4.952941013689026 -5.071782450614844 -5.198968198327406 -5.312868919792871 -5.417918481485533 -5.5319660823015395 -5.633672632842689 -5.726243753178117 -5.824385168023125 -5.917534018491999 -6.002759774048947 -6.0951434196140095 -6.176143372345508 -6.251060044112514 -6.3420616666556695 -6.423770666493012 -6.4994939130640486 -6.581993258604068 -6.655778051678395 -6.722617130054003 -6.806008670019086
31
 -2.9362182730426234 -3.2849052852349963 -3.55697785802275 -3.7960967592549486 -4.011138634835203 -4.201245241797834 -4.3812791494314824 -4.537817845520872 -4.684216888856156 -4.825485346031728 -4.95432611545224 -5.076635214059352 -5.197939922123542 -5.314317482871287 -5.420920487719288 -5.523934803396801 -5.625553267850352 -5.7249090886910645 -5.819984883057407 -5.909761879891727 -6.001552810361105 -6.090824568849096 -6.171384541874509 -6.260415148959718 -6.342021828097502 -6.423266045698404 -6.501448213028724 -6.581450564545946 -6.637510277776096 -6.732188728553737 -6.804081073379809
31
 -2.9362182730426234 -3.2846746549516195 -3.564116173765786 -3.7985688342543362 -4.007853295882506 -4.197531998046771 -4.372500155356037 -4.530229128020008 -4.687172060652073 -4.828588453581041 -4.959460295029113 -5.087011393025906 -5.2087550204366115 -5.325279584837955 -5.432564955239438 -5.542452409816995 -5.6436874176957685 -5.7383735846636625 -5.8389728507340015 -5.925643883094167 -6.016833882974636 -6.09901677872734 -6.193105948389491 -6.278141697270192 -6.356961786528473 -6.44553961749162 -6.527095896129939 -6.605671898988119 -6.683926924402944 -6.758826642844291 -6.832719214298149
31
 -2.9362182730426234 -3.28303083693287 -3.5690545282517308 -3.804380822301298 -4.010726276894047 -4.206126756200084 -4.375126737595214 -4.540128744697175 -4.68444958885718 -4.823546697757392 -4.96103695180594 -5.086677059161067 -5.202853321705586 -5.317766151509587 -5.426002011221438 -5.534675239198436 -5.636662324502522 -5.736324294727344 -5.832666205722864 -5.916394969245539 -6.0139008970379155 -6.091766914959829 -6.17926321729321 -6.2695919439903705 -6.345893129135784 -6.424176868632887 -6.509169177677394 -6.58611177264432 -6.662759707732812 -6.7414168493223094 -6.816187727014292
31
 -2.9362182730426234 -3.282821728206914 -3.55875751862653 -3.797434588380064 -4.01160661897032 -4.206516774279796 -4.375883297004034 -4.534854490702364 -4.684343198805432 -4.82054327123474 -4.958134721625787 -5.08130233503956 -5.204029820928086 -5.3141117024165885 -5.428382115434524 -5.5319794814489285 -5.636919545927564 -5.733444707198837 -5.833584840073773 -5.91584174515546 -6.011347504713208 -6.10191176328513 -6.188195621186539 -6.269634784852435 -6.339484772205687 -6.428549148813801 -6.505992444788862 -6.583589038817064 -6.654640358854839 -6.730294900017044 -6.8059240588280785
ADAPTSAGA
10
31
 -2.9362182730426234 -8.540926260174738 -10.54326667432653 -10.622808910811212 -11.81811187232333 -11.338236332018225 -9.767925534655582 -11.262241899434638 -10.296165736985458 -12.111639166595154 -12.036018663463157 -11.734291402071579 -12.186659946983692 -11.853146414283561 -12.24352601201012 -13.876338112864795 -13.613922006567606 -11.788578631511912 -13.46921334180832 -12.989590725792652 -14.138002075827847 -14.05882765560849 -14.541639708908791 -13.653794442567884 -14.41603378916012 -12.08960546754168 -12.82930873504978 -12.589950606951579 -15.048059157196034 -14.222279082016353 -13.185987228498282
31
 -2.9362182730426234 -8.679990838318936 -10.261177558822906 -10.419648542852594 -11.602692050618023 -11.374600475248796 -9.625314527720256 -11.271221425682592 -10.223609715343713 -12.011966542000108 -11.945584793963718 -11.768707221981431 -12.170053739530498 -11.816155658680902 -12.2307829385175 -13.750811623718553 -13.567564561004772 -11.76176425483297 -13.511342785652662 -12.95329979255705 -14.143395280433563 -14.066145550323306 -14.452643046654549 -13.733573693268335 -14.33537223057579 -12.080210554673455 -12.905034920137481 -12.554359300222679 -14.913352994859583 -14.202715419588001 -13.198235094761298
31
 -2.9362182730426234 -8.582934778885939 -10.46433092070854 -10.558115705588067 -11.65336024046887 -11.43223224696316 -9.706063326657212 -11.283319941719924 -10.135245424665609 -11.949678890471915 -12.049293610556335 -11.735782230615408 -12.137886375599015 -11.778698539238649 -12.18474174980816 -13.829871141809095 -13.491975390162048 -11.780407181477791 -13.509482943883288 -12.982618261282008 -14.11465577179142 -14.047809816229528 -14.570661319181655 -13.651865666584671 -14.379805677080348 -12.00710357817703 -12.955893926908777 -12.584187493214012 -15.005384570361755 -14.218028838953352 -13.235289999792723
31
 -2.9362182730426234 -8.781468130318029 -10.519130028326177 -10.440790998615032 -11.690927685400652 -11.45294079547352 -9.762694703177438 -11.294549823211373 -10.285197893376614 -12.044950729431232 -12.071119399499926 -11.666648459400433 -12.201498707100066 -11.861942123308882 -12.211095501427936 -13.869186067896397 -13.456582182763432 -11.798177003579402 -13.482531411835932 -13.04932460715319 -14.126338182089059 -14.143029786768125 -14.607100331913482 -13.71354316383569 -14.384112789276106 -12.04560995072789 -12.93908801955368 -12.633982149757454 -15.03302372415682 -14.214484322872487 -13.268267976317333
31
 -2.9362182730426234 -8.50921032201722 -10.36071885730406 -10.627106620400106 -11.699298190511637 -11.392580718171752 -9.650521220527462 -11.368671074784253 -10.13728174204587 -11.989944925580488 -12.045905921258266 -11.621350464485031 -11.976785039139466 -11.920284648514158 -12.169440305470003 -13.813666376735869 -13.45873783135725 -11.778179108836403 -13.478961876366519 -13.001009610969733 -14.1250216226616 -14.046868908680484 -14.534968007473605 -13.855307076749764 -14.297282468148472 -12.034458762235477 -12.85558502567209 -12.5873448476189 -14.95741826601054 -14.191706490681481 -13.188730664156205
31
 -2.9362182730426234 -8.512164764396198 -10.370749069079594 -10.519031044666173 -11.642409744097812 -11.421859989797332 -9.692665701805124 -11.237077049489011 -10.191645916276435 -11.914765303177525 -12.057547639674766 -11.669564340672533 -12.087713922668925 -11.850065535264207 -12.287396844380005 -13.810225773404508 -13.525361554150528 -11.745784543331888 -13.51333421024398 -13.022188747299893 -14.115412564242309 -14.024070889216304 -14.53585974668635 -13.720486688044591 -14.41835688030261 -12.104782026003381 -12.851121828722375 -12.543734944121905 -14.923182277621382 -14.203318541115546 -13.163572179765062
31
 -2.9362182730426234 -8.691379133778486 -10.618332441851884 -10.551713953628525 -11.672152247277687 -11.45187062064594 -9.753378396429927 -11.272705639189567 -10.374750157238052 -11.921238962569918 -12.101148004954156 -11.740461583124084 -12.250276450274681 -11.913901118883736 -12.271991758188006 -13.838266871340977 -13.496010471794563 -11.837750916241852 -13.551934036070689 -13.00332722208496 -14.152305108146528 -14.088062413989224 -14.467476228595189 -13.864017394486762 -14.389458434393667 -12.074662419729345 -12.823498897836123 -12.666068428378752 -14.955796087837395 -14.181700193856335 -13.201652201159632
31
 -2.9362182730426234 -8.554359680146733 -10.532778104183002 -10.592166349531887 -11.643377004182648 -11.282490733446178 -9.72972241312035 -11.323104091426936 -10.325373643081482 -12.05671592116803 -12.028081614667354 -11.65727780671089 -12.064142708618872 -11.815825248262119 -12.280547903345735 -13.633171126832515 -13.538072443918697 -11.771973369912235 -13.472829462433607 -13.074079819014925 -14.1157657812093 -14.192666894201382 -14.496208465492698 -13.664194158994665 -14.37984284817155 -12.103313299600103 -12.893849527174698 -12.622985635712082 -15.035576569604082 -14.216345424996852 -13.189751781083588
31
 -2.9362182730426234 -8.458642586240254 -10.396305354516688 -10.52882646659095 -11.714887061893778 -11.169463607070712 -9.649979358388368 -11.259084833736077 -10.191234912102983 -12.07169811286761 -12.108880990194152 -11.703989223295101 -12.13398189532312 -11.830480753966386 -12.179646962882497 -13.84345715839478 -13.5620198973931 -11.797472330936435 -13.509846590521226 -12.999375057866985 -14.129384310435144 -14.014245788020403 -14.590091565411354 -13.708920861768556 -14.337014246653544 -12.121902883659494 -12.854742889387257 -12.625983454545414 -15.063689832075118 -14.204177842055346 -13.180670930306885
31
 -2.9362182730426234 -8.55897637775769 -10.466765892300698 -10.590790962244812 -11.695665653410948 -11.350539537568313 -9.761223516230121 -11.245329455122613 -10.397845214818696 -12.060076782385789 -12.034690033442331 -11.79442685527694 -12.180903456207373 -11.82895874884356 -12.18477091003924 -13.688745706285847 -13.568483603856512 -11.712409445395979 -13.493753721901939 -12.937161753556618 -14.079105741705712 -14.085050026818573 -14.51828938475435 -13.7511886902787 -14.40653939137873 -12.108298495691168 -12.897331569235535 -12.604811839256788 -14.974989661454087 -14.217321031245868 -13.20081519468271
ADAPTDoubling
10
31
 -2.9362182730426234 -8.747459186531813 -8.863832276330218 -9.572424729789466 -10.400703387011209 -10.952508529191524 -11.160658343738703 -11.309845101887312 -10.424138096864235 -11.545847593814946 -12.072502431443356 -10.546593738450213 -10.81112397647715 -12.336465140386654 -11.713437434592153 -12.188055798548428 -12.1917099091338 -12.255857233427424 -12.532643301239984 -13.132604921183646 -13.31151724098706 -12.563926744588755 -12.686823990270907 -12.896757098022126 -13.118334647653437 -13.422322499357694 -13.610432149491137 -12.66068301949339 -13.633955219057457 -13.15710874026538 -13.517405569120232
31
 -2.9362182730426234 -8.620526009432806 -9.030497340330802 -10.341964338947843 -10.604053251690216 -11.35979044970391 -11.184627961501324 -11.311076987923046 -11.735341545653347 -11.419717034770663 -11.480598389695578 -12.012038969276144 -12.206386998287082 -12.12288770595411 -11.949685988045427 -11.659799113211752 -12.35316225538113 -12.88019149471091 -12.88161394065632 -12.957889260139131 -12.709814285751637 -11.112142144323283 -13.397970667328481 -13.03580705103538 -13.04848932626749 -13.29094317603977 -12.9134610720194 -13.398054429504004 -13.920176248640342 -13.837144665584818 -12.170695074660395
31
 -2.9362182730426234 -8.862509646823327 -9.229002535332052 -9.922649232333313 -10.436670996870884 -10.532297825616103 -11.1886043953017 -9.897336099486383 -11.452462012834351 -11.731025295128502 -10.447623575367903 -11.314915805894675 -11.628950557643448 -11.895869536911562 -12.485349226499817 -11.162776289139254 -11.967866372194544 -12.976680042007608 -12.280338441510958 -12.252025442147566 -12.391183519396165 -12.292111319933246 -13.272108487239604 -13.148386671061225 -13.509025761198936 -13.339307903033479 -12.627831790015783 -13.342057399242195 -14.145268076792027 -14.021345392296595 -14.267380833602571
31
 -2.9362182730426234 -8.422979586631987 -9.369469336599135 -9.904719666597714 -10.879022136815557 -10.966546305415457 -11.244654694194958 -11.363627668713647 -11.500450244440769 -11.710924832396168 -12.005315370235605 -11.779099548012619 -11.941035745507328 -11.002417848286067 -11.192993261699502 -11.018633018509734 -12.34304899389724 -12.917242288529817 -11.418145678722675 -12.902821160842581 -13.549160834396172 -13.86738991402194 -13.799433713303198 -13.639183949906462 -13.283632173111283 -13.88725025184734 -13.773985902643595 -14.314054927263586 -14.44316254065482 -14.50680463437182 -12.960929571159996
31
 -2.9362182730426234 -8.734283575988432 -9.874224065573104 -10.240537277522154 -11.049891057741897 -11.35561658390394 -11.44977911811468 -11.348021910923231 -10.749909225601463 -11.888059401591045 -11.962420577647185 -11.390532730110746 -12.408046261354654 -12.328156736057144 -12.101490354721829 -13.11328187188998 -11.991137504417836 -12.94817332370414 -11.670479445683135 -12.98960054897791 -12.809205952057095 -12.915127649585248 -12.219276555434933 -11.887535080302598 -13.595501703547175 -13.737293827842931 -13.525560920303587 -14.032359191330556 -13.457527716958012 -13.48957647120661 -12.940387224660917
31
 -2.9362182730426234 -8.42862301639352 -9.542697075102224 -10.709474862114806 -10.716413172538688 -10.961291764726116 -11.21739887256826 -11.328027811027791 -9.607246388726445 -11.163410798846966 -11.895735856382371 -12.017206870927351 -11.759666374020073 -12.563351268325027 -12.593335243600631 -11.857367360887512 -11.357001461868677 -12.928945680322533 -12.511931379818694 -12.877820646007464 -12.912106873907977 -12.817450365389597 -13.335733612885415 -13.32063774566841 -12.626578734616642 -13.470950448330532 -12.969247687722184 -13.453077727758721 -12.901662453131985 -12.763661864736648 -13.463277293428739
31
 -2.9362182730426234 -7.0676571594559965 -9.512630700229423 -10.26998316409528 -9.890325580768042 -10.649253516279389 -10.940231482249873 -10.73785532196233 -10.846905863454678 -11.734419845667077 -10.317312569819416 -11.760162756079472 -11.621049070116207 -12.405879274714929 -12.480007026489186 -12.829792106407664 -12.439034063103136 -13.387996265143942 -12.894666691678793 -13.561017794757051 -13.37463336851729 -13.02317340751044 -11.996496818985118 -13.321484161601864 -12.901526196993915 -13.605645046846668 -12.948614755461445 -13.429850301523576 -13.519495751723069 -13.153384502968075 -13.207855937423934
31
 -2.9362182730426234 -8.89720154384708 -9.53689813378707 -10.737391611508354 -9.806572988429505 -11.065926941992414 -10.37736221652909 -11.460791133960296 -10.68541366937363 -11.0470569613451 -12.094009090600405 -11.481549918368682 -11.504570503298648 -12.052537344010492 -12.037982004507949 -12.63018791610452 -12.850142693653668 -12.787039756150572 -12.184710579403921 -12.269974093798409 -11.949740150003306 -12.707233838590652 -12.349324624674002 -13.031327708518283 -13.488679750969718 -13.592291162399691 -13.443177889365172 -13.588249645473999 -13.441635658084946 -13.820168229920185 -13.583493827051026
31
 -2.9362182730426234 -7.815290059446112 -9.472568379858746 -10.561993657035625 -9.254590206559081 -10.987028279431966 -10.712858224354031 -10.666666994118174 -10.642150812827131 -11.560636315247612 -12.249588121269648 -12.342628045852758 -12.278391033904981 -12.523194634409126 -12.761205754541649 -11.480621257020736 -12.922125951589056 -12.415709055038885 -12.432872390723524 -12.419730085350373 -12.901249528381298 -12.948454815851187 -13.37241230291511 -12.747136368551718 -13.505989759696673 -13.731212548179558 -13.68460176814538 -11.719950958876556 -13.792530730363286 -14.086085808905585 -13.076958640865929
31
 -2.9362182730426234 -8.512131559402867 -9.490388543473749 -10.429179947847114 -10.217118287124759 -10.482912715489142 -11.341393597107484 -11.754470505436396 -11.323761348981165 -11.196529933924642 -12.063925543878106 -11.89840841743655 -12.330583933688807 -12.078571052617928 -11.77601897785556 -11.867741325444944 -12.527200710958692 -12.589026631485742 -13.09780003603635 -13.31673319058045 -12.922253228403315 -13.270959567860851 -12.714988124578884 -13.313666266731532 -13.296137182037887 -12.743530533176724 -13.161117845573122 -13.707516174447106 -13.692354373769483 -13.496118277503857 -14.260454405151183
MainSSVRG
10
31
 -2.9362182730426234 -4.55211025773756 -5.168281035425942 -6.109861744526753 -6.565100127156608 -6.757398437877543 -6.974048942833453 -7.620624927714001 -8.174795511294517 -8.463751278689283 -8.463751278689283 -8.463751278689283 -8.463751278689283 -8.494008828824144 -9.078989463125593 -9.196494457138874 -9.196494457138874 -9.196494457138874 -9.196494457138874 -9.196494457138874 -9.196494457138874 -9.196494457138874 -9.196494457138874 -9.196494457138874 -9.196494457138874 -9.196494457138874 -9.196494457138874 -9.196494457138874 -9.51686260579193 -9.55624561199552 -9.55624561199552
31
 -2.9362182730426234 -4.630047047120342 -5.572385922054968 -6.284438179999934 -6.710112806433372 -7.353913795579017 -7.882696667589128 -7.948171641373591 -8.29182667571193 -8.44563276322697 -8.44563276322697 -8.44563276322697 -8.44563276322697 -8.636099862895842 -9.162952306846801 -9.658492743467747 -9.915356670723781 -9.915356670723781 -9.915356670723781 -9.915356670723781 -9.915356670723781 -9.915356670723781 -9.915356670723781 -9.915356670723781 -9.915356670723781 -9.915356670723781 -9.915356670723781 -9.915356670723781 -9.915356670723781 -10.068820392284408 -10.37594184070673
31
 -2.9362182730426234 -4.621458639286893 -5.3265642258268615 -6.170982787479958 -6.496513256435723 -6.950253115623177 -6.950253115623177 -7.572279230622339 -7.999944509732206 -7.999944509732206 -7.999944509732206 -7.999944509732206 -7.999944509732206 -8.506892112647618 -9.014358193685286 -9.06890310536734 -9.06890310536734 -9.06890310536734 -9.06890310536734 -9.06890310536734 -9.06890310536734 -9.06890310536734 -9.06890310536734 -9.06890310536734 -9.06890310536734 -9.06890310536734 -9.06890310536734 -9.06890310536734 -9.458802604080676 -9.829302500110684 -9.829302500110684
31
 -2.9362182730426234 -4.60855766857278 -5.266090782312331 -5.946843140955664 -6.635658580978471 -6.845345118791379 -7.00848514526266 -7.646412434154643 -8.194634794200068 -8.461485870188307 -8.461485870188307 -8.461485870188307 -8.461485870188307 -8.509776391097205 -9.045703549677226 -9.105442692431314 -9.105442692431314 -9.105442692431314 -9.105442692431314 -9.105442692431314 -9.105442692431314 -9.105442692431314 -9.105442692431314 -9.105442692431314 -9.105442692431314 -9.105442692431314 -9.105442692431314 -9.105442692431314 -9.493913511253812 -9.98854970540131 -10.382803677460826
31
 -2.9362182730426234 -4.531540562472626 -5.486076238768735 -5.920869165053944 -6.638563942086343 -7.199826725240768 -7.3750135272367014 -7.535795078752598 -8.116445136490277 -8.624634565496152 -8.787515782860362 -8.787515782860362 -8.787515782860362 -8.787515782860362 -8.96461754471414 -9.474642248744498 -9.785983062395363 -9.785983062395363 -9.785983062395363 -9.785983062395363 -9.785983062395363 -9.785983062395363 -9.785983062395363 -9.785983062395363 -9.785983062395363 -9.785983062395363 -9.785983062395363 -9.785983062395363 -9.785983062395363 -9.887422267107125 -10.073203391643581
31
 -2.9362182730426234 -4.617547906574064 -5.475808050999143 -5.95594874996973 -6.326307627308198 -6.346902698752089 -7.022961074748992 -7.528230651127289 -7.703296374420319 -7.703296374420319 -7.703296374420319 -7.703296374420319 -7.91721686629246 -8.481664698864286 -9.010425884412648 -9.355825575271982 -9.355825575271982 -9.355825575271982 -9.355825575271982 -9.355825575271982 -9.355825575271982 -9.355825575271982 -9.355825575271982 -9.355825575271982 -9.355825575271982 -9.355825575271982 -9.355825575271982 -9.355825575271982 -9.444344696279556 -9.954661987294106 -10.422470573514875
31
 -2.9362182730426234 -4.4923904546285875 -5.246061809080968 -5.567379592935024 -5.610855210578968 -6.404498540260028 -7.045312807295077 -7.412615772580895 -7.412615772580895 -7.412615772580895 -7.412615772580895 -7.412615772580895 -7.915633528908405 -7.915633528908405 -7.915633528908405 -7.915633528908405 -7.915633528908405 -7.915633528908405 -7.915633528908405 -7.915633528908405 -7.915633528908405 -7.915633528908405 -7.915633528908405 -7.915633528908405 -7.915633528908405 -7.915633528908405 -8.434231370586296 -8.95206872196347 -9.11677152960936 -9.11677152960936 -9.11677152960936
31
 -2.9362182730426234 -4.55579804746215 -5.01951556663965 -5.882776919525673 -6.401934968436728 -6.6319496422779975 -6.943547212283841 -7.154009969585625 -7.762713149933522 -7.762713149933522 -7.762713149933522 -7.762713149933522 -7.762713149933522 -8.206159071995048 -8.708364547484427 -8.849086893485092 -8.849086893485092 -8.849086893485092 -8.849086893485092 -8.849086893485092 -8.849086893485092 -8.849086893485092 -8.849086893485092 -8.849086893485092 -8.849086893485092 -8.849086893485092 -8.849086893485092 -8.849086893485092 -9.185801625793003 -9.683634162559484 -10.098490720451572
31
 -2.9362182730426234 -4.187718617884514 -4.518662599824715 -4.573421325334015 -5.657425076664835 -6.1398293595197515 -6.1398293595197515 -6.1398293595197515 -6.1398293595197515 -6.146001842763688 -6.871775192980757 -7.513792244211377 -7.70589912418089 -7.70589912418089 -7.70589912418089 -7.70589912418089 -7.70589912418089 -7.70589912418089 -7.70589912418089 -7.70589912418089 -7.70589912418089 -7.70589912418089 -7.70589912418089 -7.70589912418089 -7.70589912418089 -8.00567527758429 -8.556088211561422 -9.080703411695968 -9.11495468151712 -9.11495468151712 -9.11495468151712
31
 -2.9362182730426234 -4.658960670436627 -5.503319269101718 -6.287642678537168 -6.8984281146593025 -7.203980780273255 -7.203980780273255 -7.77788750888826 -8.063417289981851 -8.063417289981851 -8.063417289981851 -8.063417289981851 -8.183342380434807 -8.74997766975522 -9.229287084351059 -9.32009498957411 -9.32009498957411 -9.32009498957411 -9.32009498957411 -9.32009498957411 -9.32009498957411 -9.32009498957411 -9.32009498957411 -9.32009498957411 -9.32009498957411 -9.32009498957411 -9.32009498957411 -9.32009498957411 -9.412128003669473 -9.412128003669473 -9.412128003669473
SGD:0.05
10
31
 -2.9362182730426234 -8.039561658925487 -7.007058439604701 -6.170153558788198 -7.29972291642595 -6.469092023796587 -5.912537920039186 -7.452512743646801 -5.5937906433231905 -4.85124277383647 -8.357448573175324 -8.411240802984146 -6.823174381883861 -7.562099510948487 -6.335831681895538 -7.15882609405214 -6.08710270027444 -6.593467488233945 -4.385517558085582 -8.091461379950413 -5.975675554599494 -5.671582195572033 -5.703048207648461 -5.939927916080306 -6.506901717561239 -7.822787404315844 -8.608295379086986 -6.157068235097169 -5.010007209937333 -7.038831415735288 -8.532564616383068
31
 -2.9362182730426234 -7.642496781455272 -7.257396726931418 -7.854541689920236 -5.680534932435301 -7.510731551605717 -6.214407901769695 -8.127606889983076 -7.693893678423722 -8.040491507825564 -7.783992623794789 -7.839260633453334 -8.273601183449536 -7.885844278998676 -7.248067679862976 -8.21402594007958 -8.106889890358607 -8.542150615538935 -5.831564739299967 -6.8201507764581875 -7.125951111280162 -7.16949954853697 -7.358553137794458 -5.583798653930132 -7.465277325324286 -6.394951544528484 -7.241748090446297 -7.173429211449066 -8.474805520146472 -6.36150473133312 -7.522509938211188
31
 -2.9362182730426234 -7.992242199715966 -5.620784316438018 -5.944686634478264 -8.749918757220913 -7.422110801971495 -5.91053046068759 -6.673613653694908 -7.987486898416597 -5.481817929981715 -7.472381409873852 -6.386201691647403 -4.9504990355523795 -4.733974078413606 -7.756151496760945 -8.29843240908156 -7.679350134506144 -5.470154533319348 -6.62589196094042 -7.900950065200723 -6.172258698060625 -8.756997816575868 -8.328589117780144 -6.419341039897408 -7.29395153089331 -6.107514027378495 -7.200931590828276 -3.5703781552593292 -6.201502487928683 -7.938516204825098 -6.182881530926086
31
 -2.9362182730426234 -7.402986066656083 -6.149098820752189 -7.665642895147126 -7.630246664953495 -8.614993511197724 -6.243071458586363 -5.4279004833993 -5.970667612057187 -6.047942142966282 -5.945800798818476 -6.590781562779368 -7.190558411908061 -7.553853964093387 -7.734393495483601 -6.349002235280089 -3.0958848843306277 -7.200479366864203 -3.921806110882815 -8.562802862539359 -7.656976779717863 -6.689362618031928 -7.338102749179495 -7.366857561429234 -8.26096312315598 -6.735885794973396 -7.701066559201044 -5.89168861095762 -8.607026994536943 -8.238830409939043 -6.4363245075706885
31
 -2.9362182730426234 -5.089819522166111 -7.0828709525512785 -7.808678549875395 -7.853690394136016 -6.665671107831691 -8.550607047421552 -5.73647212648688 -7.168849569880146 -6.601511098859674 -8.85115811857518 -6.640995987533424 -6.407177479669526 -6.425453237316908 -7.206705559446353 -9.154924797663707 -4.797423457701278 -6.863496741777304 -5.689327235668076 -6.075038216223303 -6.5857440494603035 -7.273793778548771 -7.484023118564603 -7.034883506906655 -8.0468186354135 -6.774290865977888 -8.44418861320138 -4.920056224963972 -7.8393727730531575 -7.3340196512633815 -7.213389530834341
31
 -2.9362182730426234 -7.641659460203928 -6.9983458388140045 -7.859648650914995 -6.12214601507843 -8.543959624481955 -6.897332916595261 -6.9378630574336 -8.19797903593231 -5.461101575392129 -7.406437325401933 -5.088610584303699 -8.21344479367308 -6.80467595947051 -8.414882093120228 -5.7697031816976985 -6.326748954880224 -5.512727186121689 -7.011739430557862 -7.47810676242278 -6.1256537716851 -8.90095583913934 -7.724070764921751 -7.0936201730166575 -8.321359527455098 -8.14944966342004 -5.728123695510154 -5.950191991807042 -7.501077244630804 -6.772462161865428 -7.696451292716926
31
 -2.9362182730426234 -6.180046564148838 -8.113981402998933 -7.796098442858778 -5.479340887318737 -5.964447695543705 -7.607200499907725 -8.056323404459224 -7.500126822793985 -7.644127177721324 -7.610250788165182 -8.1321732721659 -8.459632111249617 -4.559187342951275 -7.196385026590782 -7.4273941246055974 -6.497826043898029 -6.910088985854328 -8.270345874787003 -7.8790061506388565 -7.834256605797179 -8.232769118975003 -6.425914982031317 -7.909489138749083 -7.212526478256721 -8.10354655223965 -6.871559294282174 -8.573905966552962 -7.8643690517595335 -6.565838234030549 -8.11409622086133
31
 -2.9362182730426234 -8.708088388543091 -7.829678035399332 -7.178122815483586 -7.998415542904388 -7.95327086829823 -6.327148116663542 -7.713834617422699 -6.644221034423579 -7.598495088287402 -6.123543963874019 -5.140999461205965 -7.882478599416527 -7.317836329455958 -8.594208851616123 -6.29917361986343 -5.883168607879173 -6.567583906871745 -7.659935601902184 -6.9597588327026845 -5.704535862872651 -8.403555660871978 -7.931657485383868 -8.027934651499127 -5.517339785149376 -6.730407971998238 -5.700407522077732 -7.335491790335026 -5.357683674841656 -5.698343612457498 -6.962563400763955
31
 -2.9362182730426234 -4.832620165672736 -7.5902882676242704 -8.314699591578565 -8.982148650781088 -8.039413196425716 -4.586679005600068 -8.240291233862663 -8.20447776570648 -6.1277316714263455 -8.957762440666263 -5.881152451539168 -4.795189499689796 -8.175813632412428 -6.889359249076213 -6.055694814513618 -5.176626428555229 -8.037722483740465 -7.305722525017973 -7.009656385324895 -8.12583554987348 -5.1606328049996195 -7.248285931789376 -7.125466511306934 -6.719050540967394 -6.9388492654568 -7.221597379689465 -7.294946436737288 -6.170160922553636 -7.609110509135797 -5.661589275528828
31
 -2.9362182730426234 -8.288472199156928 -5.184095759280759 -8.436343572098744 -6.6771901154143 -5.564565152055892 -5.8773555196318314 -6.389157518374286 -7.491273236135595 -6.874561033009666 -7.0788857855316865 -7.7136932351642455 -7.876636911985754 -8.32393543469002 -6.837611384238919 -7.1636220272392706 -7.324689706086821 -6.74100864534341 -5.739196959259733 -6.840676790623155 -7.840451771944369 -5.962332819802927 -7.58008787619608 -7.253198802425851 -5.913084379190273 -6.143161602864539 -8.603936659445212 -7.24541769778743 -8.085731478356422 -8.881026144303986 -6.116064824116868
SGD:0.005
10
31
 -2.9362182730426234 -5.036281005392428 -6.25711339375126 -6.908613681517739 -7.903989778735335 -8.623381839579071 -7.3300600715198865 -9.496751068932587 -9.229849731664117 -10.258475873057943 -9.410174315542612 -10.111296450266089 -10.635365409434248 -9.842314241570305 -9.461993156427956 -11.642446554109835 -11.221819045868354 -10.674280964653372 -11.049584844585402 -10.398192492916282 -8.664611638771849 -10.170598985734465 -10.433644474379486 -10.552699106736382 -12.652889390736323 -12.197740357028511 -10.247259451785578 -11.31686995447916 -10.782001730197065 -11.240800548407044 -9.882366628758444
31
 -2.9362182730426234 -5.2096054059869985 -6.275815465919147 -7.09367959296959 -7.9214316739172 -8.299825426349514 -8.859096711727528 -8.904126537632376 -8.640525090229072 -9.40011422664514 -10.295824379178695 -9.341469218476036 -9.669924244646063 -10.355654456886333 -10.761507535610479 -11.57561461884906 -8.326592264739439 -10.691441385024733 -12.283502006046326 -8.565035624841913 -9.344158100988572 -11.668585514455925 -11.62561260356507 -10.203852805848824 -10.973348188763618 -12.530626097175563 -9.817584747681313 -10.267722641446573 -11.190134087239853 -9.194405849897592 -11.726023258199078
31
 -2.9362182730426234 -5.178575053586698 -6.195361369124105 -7.167338893871674 -7.792009597249213 -7.902130114505076 -9.043015690115153 -9.343657999301602 -9.214282966420154 -10.796919876763248 -9.078134731427621 -9.717176365034016 -8.8151644873502 -9.479038906122977 -9.24829531291733 -11.59373604195013 -11.071260440713086 -10.929197075816807 -11.02080658950783 -9.158878230417766 -9.487371957569101 -10.16660513190468 -9.959751644931405 -9.270338924070321 -9.736363348097905 -11.087089416810597 -10.858707288225876 -11.97088589039196 -10.482666642984574 -10.785559424244779 -9.624066921898448
31
 -2.9362182730426234 -5.099538938556807 -6.238049404818319 -7.131484154122632 -8.029051927126512 -8.4000117813565 -8.738623098795445 -9.751331521474242 -8.176976906719494 -10.898511600198823 -11.008714048308935 -10.872496564542741 -10.255880182894462 -10.708758037514913 -11.57783045090987 -9.169287436923536 -10.015091796855426 -11.339126070605017 -10.093461338524596 -10.501966872913295 -11.409879728379009 -10.630872135511373 -11.054472470372389 -11.625592766029134 -11.575979575940437 -11.193289173316016 -9.981866424739646 -9.303880344692574 -11.34065199539717 -7.322934022033055 -8.728231332588368
31
 -2.9362182730426234 -5.208455290927552 -6.165018777279982 -7.042475162324919 -7.782710683484386 -8.18897254384244 -8.429634410847004 -7.239588223510425 -9.27400360671773 -9.433595864815041 -10.739006880704217 -8.431794793306404 -9.651158096971011 -8.551701778972618 -11.663981412401004 -10.303097417678345 -11.226821248790289 -9.594075257081409 -7.773868806321649 -11.288680402762164 -11.011106183699942 -7.553016951083171 -10.359566311617003 -9.709894571184318 -10.453889959744776 -10.9061224136151 -8.850825660150385 -10.657467522895505 -10.092332557320715 -10.90216289142237 -10.552975393679676
31
 -2.9362182730426234 -4.906212686534925 -6.274063946588067 -6.886369297084585 -7.945933545341089 -8.538793823086932 -8.943873993641379 -8.618186541780254 -9.487120437542142 -7.916770449673254 -9.791991098192055 -9.591322863107756 -10.212338312851765 -8.768033573311598 -11.584360559834897 -10.057308406973489 -10.204595687597527 -9.162344014135343 -10.627245276871886 -10.187335799644789 -10.468478895115307 -11.026134434643152 -10.41724176154564 -12.140276929379489 -10.074302119080986 -9.575806461897892 -10.001596937555968 -10.514054179042793 -11.440006970696118 -11.052262772019194 -10.61967669247492
31
 -2.9362182730426234 -5.14607302522864 -6.32635601333848 -7.184992644856041 -7.774539834966612 -7.796826590288703 -8.93139957995013 -8.676324312425741 -9.000456992422874 -10.384701166121564 -8.601542798830286 -11.356064670531504 -11.228861503647195 -10.590503371723976 -9.438348082714118 -10.40310603327064 -9.276241143692069 -11.154822963444065 -7.568768160624269 -11.949501617647176 -9.507032748046026 -12.31918925197713 -8.416265383588184 -8.904039207915126 -9.82961149417772 -9.60172722202174 -10.340634325361357 -10.865435457069468 -10.717665020559936 -9.042259862205874 -10.755556115405955
31
 -2.9362182730426234 -5.16887873717031 -6.301750374651581 -6.895065138067212 -7.984802537126476 -7.8070771344753735 -8.624153684454312 -9.1962538190814 -8.781306382400242 -9.316710134565742 -10.520860878404376 -10.582252974718527 -9.590586751043833 -8.0853854394403 -10.748070718173226 -11.65702000858778 -10.04725993185924 -8.629544170472723 -12.21977945618252 -11.788288502085384 -10.85417239877057 -11.821326498811601 -11.831472936391346 -11.591461839256327 -9.384287790590474 -10.643708971595316 -9.904765264036635 -11.598974309756695 -11.296911933285477 -11.09905241463195 -12.89775633020997
31
 -2.9362182730426234 -5.156771791136969 -5.903227369983996 -7.11003638607212 -7.703514288047789 -8.166336346215994 -8.864813582981865 -6.719282436070786 -9.944696764460318 -10.357026473907231 -10.802860095143924 -9.274718560130514 -11.492303714708013 -11.076853268302855 -11.246853488245373 -10.275744142051146 -8.961657254189518 -9.622653487685389 -10.643494751818803 -11.189962366318913 -10.94362017564391 -11.2171816937372 -10.198777386428334 -10.102779390433179 -10.191480744778328 -10.082078181448592 -13.24501058681905 -11.288554623554912 -11.068034308644231 -12.105646395885106 -10.712135769865721
31
 -2.9362182730426234 -5.103577557738231 -6.331352959421414 -7.240659766963636 -8.040126330396351 -8.321984700563773 -8.908396552901278 -7.6559528557630445 -7.9573161867675335 -9.415027607210332 -10.176665772182215 -10.72677135913641 -9.697192499348628 -9.342669118360016 -8.65971116981684 -12.279282148070209 -10.630832540247425 -9.793774909517282 -10.894262692321044 -11.944687602765002 -7.9927293709874325 -11.259234242820028 -9.727753663825109 -10.401593610878857 -10.758594015474298 -10.2650578538323 -9.612522997384831 -11.853927968393737 -9.090325886015759 -7.720127262495384 -11.019131261553905
StreamingSVRG
10
31
 -2.9362182730426234 -4.517232082477238 -5.561420623301254 -6.356520033809042 -6.8769079577710714 -7.624352653551789 -7.937516074306498 -8.47481360936924 -8.766647092120111 -9.12676679627224 -8.435208873256974 -10.393033228214648 -10.271765998988899 -8.547935218737631 -10.808176663133194 -10.808176663133194 -11.435219619938081 -9.944017135605979 -10.443844137574859 -11.320976140865437 -10.213743982429254 -10.309013472052332 -10.348474829596418 -11.399198532867334 -9.50640891795307 -9.50640891795307 -9.50640891795307 -9.50640891795307 -9.449631302067594 -10.124274358692329 -8.285126913179623
31
 -2.9362182730426234 -4.714807173781479 -5.726115494605672 -6.524441445194882 -6.471199600429302 -7.609910357387864 -7.999098364399247 -7.930522132655034 -8.579525138235608 -9.316300711784358 -9.328146287801783 -10.284418374903057 -9.226120923548875 -10.705180339369488 -9.811010674425264 -9.144307621109192 -11.319879656505378 -11.742982799167955 -11.404226328405565 -8.623408599232707 -8.754559417050096 -10.745468527714904 -8.790303934783838 -12.291611472211711 -9.53511752749877 -11.962939611511366 -8.962610373094035 -10.125507393426744 -10.125507393426744 -10.865188082363465 -10.731200579848887
31
 -2.9362182730426234 -4.6910115883237395 -5.605922590416159 -6.168032957950933 -7.113440403591285 -7.614737893818135 -7.890635246698236 -8.256676875560775 -8.55525399162168 -9.126849173728376 -9.54061627775052 -9.038287571163849 -10.37299525575124 -9.00496421038308 -10.77544671588697 -8.857674300752652 -10.834680364118592 -10.834680364118592 -11.763389604590909 -9.76704755325832 -10.157225903092886 -10.311526323513304 -11.697282029907939 -9.769136974260174 -8.439654908816486 -10.243292753933462 -9.92823153228156 -12.10589685484434 -10.92731070268423 -11.746527429241182 -11.746527429241182
31
 -2.9362182730426234 -4.724832881558857 -5.713825635135078 -6.482099559646049 -6.875112463234776 -7.44654482859069 -8.176068730677505 -8.070041196370111 -8.373595898575543 -8.945861686546866 -9.224559059830465 -8.518793650128359 -10.724551684223027 -10.555195725948272 -11.192202195429964 -9.427096303356178 -10.251436503057729 -11.31645151077926 -10.864136153277402 -11.391920419262142 -10.621275443774259 -9.403146851737882 -12.463598032824695 -10.621426329731678 -10.780173551477892 -10.988521339647688 -12.189972063290613 -11.302889189335271 -10.99548791814242 -12.742161865135744 -10.132422026797395
31
 -2.9362182730426234 -4.747443431752443 -5.691727006413824 -6.472113857925305 -7.042944561584633 -7.559958285834017 -7.84065208216798 -8.646084360224261 -8.68205567068553 -9.475485705390055 -9.985222402164725 -9.360912904520223 -10.162766159343727 -9.679952910196343 -10.943705287619036 -10.943705287619036 -8.315965296609628 -10.831967601471282 -9.087671190435328 -10.8386425884329 -10.81026085862122 -11.016634535052349 -10.156545667343174 -10.52903060307823 -11.743070300207323 -11.136292246679526 -9.118838563539624 -9.71123796277156 -9.80561007448742 -12.271164114184577 -9.502804471350304
31
 -2.9362182730426234 -4.73642277833355 -5.747704179184453 -6.478378106323146 -7.100275070727989 -7.736493295169704 -8.159505440179775 -8.137726719510614 -9.18076253855054 -7.948801147578765 -9.238623220552576 -10.296256074478254 -10.719068019308143 -9.957803772553593 -11.002709045600787 -10.343727841005373 -9.943516445770145 -10.46522634904958 -10.5076020132176 -11.210773934189717 -10.176810358963136 -9.470343560487589 -11.357477496770107 -9.41622188447727 -11.553673583618417 -11.87128029798388 -9.330911702172536 -10.755639386175492 -9.084893831302773 -9.928680274108611 -10.518214040391825
31
 -2.9362182730426234 -4.660565035502051 -5.7286097492615 -6.42618652315907 -7.106057104229639 -7.6911742585024845 -8.057139707531219 -8.162019564233862 -8.981470311981385 -9.423853012983894 -9.847502568819316 -9.986313246726105 -10.30579065192489 -10.793638374738988 -9.612704151914036 -9.85343718221901 -11.138287894775587 -12.357288130552664 -10.3662956806297 -10.622458694081251 -9.144297467798106 -8.937279460215182 -9.881653973457285 -11.353674100016823 -9.738749917534463 -11.394377075848038 -10.635263437789812 -8.604053372653986 -7.742804658119623 -12.390422723029248 -10.524909497428988
31
 -2.9362182730426234 -4.7376543873429 -5.723776316705772 -6.459866738321899 -7.097747280788519 -7.704496063896846 -7.807071760837061 -8.66370492464561 -8.963175177553747 -9.570391180833198 -8.596171557834817 -10.212532897045218 -9.17640420072004 -9.447254834473826 -9.49714383338845 -10.913934043523703 -10.423952703503895 -12.198981637980474 -11.224083246060843 -9.169330766083407 -8.53806461913337 -8.513700314036912 -9.150480430618886 -10.984471129770892 -12.983431179839869 -10.487479290599401 -10.355205554818038 -10.775271311934732 -10.268018076631476 -10.717688993132382 -10.628812041273083
31
 -2.9362182730426234 -4.681669969932202 -5.758735068810706 -6.472034813292421 -7.099178507698093 -7.636183851997704 -7.808423618717025 -8.71376467434482 -8.990589202160583 -9.088522205292517 -9.918142464829963 -10.319619995705413 -9.558390606678612 -9.475521732205554 -10.430010856067318 -11.361869496207717 -9.266600341652234 -10.280154947680744 -10.836391333630171 -8.831248187255689 -12.142605791684945 -10.340104503742918 -9.013482517777865 -10.609112747751018 -12.039952569394492 -9.446643829115223 -11.12046648956051 -9.920989412036391 -9.920989412036391 -9.920989412036391 -9.920989412036391
31
 -2.9362182730426234 -4.667419753180988 -5.752262818063394 -6.390950412197346 -6.984589598231732 -7.658550535655744 -8.06214928880152 -7.910585610517639 -9.18276748919528 -8.556505818559312 -9.636766932922326 -10.238266680388177 -10.193252262408087 -10.351320475514369 -11.211559932863329 -8.813979152043146 -10.470798344713671 -10.470798344713671 -10.470798344713671 -10.470798344713671 -10.470798344713671 -9.416729150928594 -11.07565523631082 -11.314064751153525 -11.999484964855995 -10.686286658627289 -11.528389435060042 -10.930744213364294 -11.55476061283681 -9.638294541517599 -10.92911736845263
steps
10
31
 0 20000 40000 60000 80000 100000 120000 140000 160000 180000 200000 220000 240000 260000 280000 300000 320000 340000 360000 380000 400000 420000 440000 460000 480000 500000 520000 540000 560000 580000 600000
31
 0 20000 40000 60000 80000 100000 120000 140000 160000 180000 200000 220000 240000 260000 280000 300000 320000 340000 360000 380000 400000 420000 440000 460000 480000 500000 520000 540000 560000 580000 600000
31
 0 20000 40000 60000 80000 100000 120000 140000 160000 180000 200000 220000 240000 260000 280000 300000 320000 340000 360000 380000 400000 420000 440000 460000 480000 500000 520000 540000 560000 580000 600000
31
 0 20000 40000 60000 80000 100000 120000 140000 160000 180000 200000 220000 240000 260000 280000 300000 320000 340000 360000 380000 400000 420000 440000 460000 480000 500000 520000 540000 560000 580000 600000
31
 0 20000 40000 60000 80000 100000 120000 140000 160000 180000 200000 220000 240000 260000 280000 300000 320000 340000 360000 380000 400000 420000 440000 460000 480000 500000 520000 540000 560000 580000 600000
31
 0 20000 40000 60000 80000 100000 120000 140000 160000 180000 200000 220000 240000 260000 280000 300000 320000 340000 360000 380000 400000 420000 440000 460000 480000 500000 520000 540000 560000 580000 600000
31
 0 20000 40000 60000 80000 100000 120000 140000 160000 180000 200000 220000 240000 260000 280000 300000 320000 340000 360000 380000 400000 420000 440000 460000 480000 500000 520000 540000 560000 580000 600000
31
 0 20000 40000 60000 80000 100000 120000 140000 160000 180000 200000 220000 240000 260000 280000 300000 320000 340000 360000 380000 400000 420000 440000 460000 480000 500000 520000 540000 560000 580000 600000
31
 0 20000 40000 60000 80000 100000 120000 140000 160000 180000 200000 220000 240000 260000 280000 300000 320000 340000 360000 380000 400000 420000 440000 460000 480000 500000 520000 540000 560000 580000 600000
31
 0 20000 40000 60000 80000 100000 120000 140000 160000 180000 200000 220000 240000 260000 280000 300000 320000 340000 360000 380000 400000 420000 440000 460000 480000 500000 520000 540000 560000 580000 600000
