10
SGD
10
26
 -1.1296016682031287 -5.909048412291597 -6.8120219103390625 -7.162316788088843 -7.4251046350769645 -7.752906892200364 -7.939933092274748 -8.029206341135382 -7.944016952960979 -8.271609672600933 -8.334113474861551 -8.329731895867132 -8.536966366210864 -8.616729922729531 -8.750022925327645 -8.822731917112757 -8.942958920610675 -8.93486421212932 -8.92046813940653 -8.980369979507552 -8.949053529548285 -8.99106982049709 -9.071784759782897 -9.156100028219287 -9.195816282775713 -9.154387762446442
26
 -1.1296016682031287 -5.5824125609208 -6.288723979394332 -6.481382407384508 -7.025342631636497 -7.202946427251184 -7.429655552055063 -7.539050816342628 -7.742099734319466 -7.9595383044457275 -8.12533294999254 -8.191244205301807 -8.218360687597462 -8.325430888994404 -8.338432925109336 -8.477287421896866 -8.453997093837398 -8.51671560745925 -8.576816589585652 -8.669303361270323 -8.769109550130587 -8.773879502356891 -8.85119554528163 -8.870572027740732 -8.902304968993663 -8.982317296169402
26
 -1.1296016682031287 -5.8462462164667315 -6.608331433021537 -7.134833278679848 -7.390362531835043 -7.654113693116611 -7.836246438306736 -7.774340766049301 -8.067137953996827 -8.271125308798862 -8.342015628141915 -8.421493199191742 -8.44281301702165 -8.512395830237525 -8.676303822351567 -8.715921297673885 -8.753672260811731 -8.80037020290912 -8.714980112964579 -8.91903759943297 -8.968836744478358 -8.975054969533087 -8.966194455609791 -9.044432407846287 -9.132272336155308 -9.246357715790621
26
 -1.1296016682031287 -5.758370424229891 -6.471293753761388 -6.867733364557802 -7.374146639225726 -7.504323618147921 -7.748132233740903 -7.93411442320584 -8.102382925567957 -8.092138096863845 -8.166724648405477 -8.354628707639195 -8.3633679442508 -8.527590844239846 -8.660273226755583 -8.758076004966025 -8.79894645102819 -8.867839170109 -8.901895950650122 -8.953141478465717 -9.003087376873111 -9.04686052179731 -9.148679862903464 -9.149583923617836 -9.126833551744149 -9.165200552442105
26
 -1.1296016682031287 -5.53323032891907 -6.407761434401493 -6.924557718413659 -7.214227582892893 -7.446676375470357 -7.571091148150524 -7.699744612330076 -7.870753675096966 -7.976249577397515 -8.059716622537099 -8.155122282630408 -8.17299977061271 -8.247317329760575 -8.353083721796798 -8.373221870950971 -8.495279594211114 -8.61343114896975 -8.641585420603482 -8.696454373583308 -8.753216523134014 -8.72772354434429 -8.768164887762175 -8.8958957119656 -8.97764776020662 -8.982819915274046
26
 -1.1296016682031287 -5.895654985764722 -6.805279542844612 -7.187176539054412 -7.577395982656686 -7.629225882257754 -7.749395856744609 -8.027196554237547 -8.312773521128038 -8.471293708099466 -8.567399214967747 -8.554557698403986 -8.677471751688874 -8.810797386293507 -8.79001120672474 -8.88703847109685 -8.933432706537383 -9.010977104443928 -8.976744966839034 -9.091737539421406 -9.109502991780534 -9.220060410791184 -9.247144694500447 -9.230463535120254 -9.379612043771697 -9.444208048099537
26
 -1.1296016682031287 -6.067652751845614 -6.540395798522696 -7.122221482888141 -7.389188806925906 -7.585882630784851 -7.912003631331408 -8.046671229938458 -7.997759614291696 -8.210124299757442 -8.336038006017976 -8.380153175127916 -8.51541707992071 -8.562883486645854 -8.723029126814708 -8.806242376984816 -8.835816399079805 -8.90777210482928 -8.923539903899623 -9.007919337251352 -9.049154116609682 -9.064556423392697 -9.065014065944865 -9.07099902497423 -9.141113253238249 -9.202392407605048
26
 -1.1296016682031287 -5.9068799319671115 -6.393343992300038 -7.208247801006342 -7.541467703156327 -7.672062896262935 -7.929102646630923 -8.061917574948554 -8.269244389284609 -8.385706555956684 -8.476013821490056 -8.534201833507883 -8.624026794478283 -8.637382523724234 -8.65096979036681 -8.79689549434247 -8.876765250430834 -8.96192157041734 -9.022321975849508 -8.970221299714906 -9.018061926590505 -9.07855831384262 -9.118222862881781 -9.20805030337039 -9.190613818806316 -9.210015357601753
26
 -1.1296016682031287 -5.835606877751305 -6.399731246361314 -7.073345542443443 -7.278974780228522 -7.670544799848294 -7.859516303979177 -8.01581325208852 -7.957301135428609 -8.043111774881327 -8.213909179144395 -8.339295664641725 -8.48742390017729 -8.471898488270748 -8.517520460733202 -8.66045668653497 -8.694635334606474 -8.721636569613848 -8.821314904803701 -8.948538761432099 -8.982449148659004 -9.02088030480036 -9.063139478994762 -9.082892160559465 -9.142685750134952 -9.203680063888493
26
 -1.1296016682031287 -5.50953665633325 -6.1917174467831275 -6.874259958987131 -7.0487769230864075 -7.367983878715147 -7.533963393906621 -7.814105434099908 -7.9572945629732 -7.995161823665115 -8.117874418020344 -8.088358509388598 -8.294670357234656 -8.362158372263002 -8.462730021310163 -8.437428955761716 -8.513752413488358 -8.591741785666459 -8.683821989052124 -8.6982765573424 -8.749423160613494 -8.774111374996993 -8.879445745794651 -8.92317018535974 -8.995908296534651 -9.011215993989865
SAGA
10
26
 -1.1296016682031287 -3.076129522463624 -3.5950038435249443 -3.8350792174363706 -4.029385068073589 -4.197447539452466 -4.34444586160082 -4.523652201026512 -4.674733979928701 -4.8644231714183315 -5.0099417931430485 -5.162350565295891 -5.3249209837821265 -5.480710569198925 -5.623825113381624 -5.792111915800706 -5.942048100806216 -6.071402591133131 -6.198608404306279 -6.353731992697353 -6.496399543049155 -6.641157642127657 -6.791669585318078 -6.9192858893742635 -7.067934707481352 -7.182573989482364
26
 -1.1296016682031287 -3.091188999920557 -3.5937011570845634 -3.8585877011620395 -4.03958240101672 -4.223404453740636 -4.423556103653018 -4.590992731020712 -4.7621611696001915 -4.924912156809676 -5.063097885387438 -5.2266418960604515 -5.369398997050671 -5.541724570436049 -5.718900465397962 -5.871919092982865 -6.016058625611852 -6.1678942791633204 -6.292792397147372 -6.4428453929568885 -6.57814269215831 -6.7046724998189795 -6.8590302876540035 -7.011134267832764 -7.122506382555423 -7.250400489186244
26
 -1.1296016682031287 -3.081930138914745 -3.568900106300826 -3.8222950440204775 -4.020738667982627 -4.192131641044602 -4.35975898514358 -4.52179502397956 -4.704603484695125 -4.876789497434472 -5.026666774731256 -5.179244468095786 -5.315048268691498 -5.470027803885657 -5.616816476407479 -5.767707677507052 -5.922958452484781 -6.067764885963358 -6.193674411138444 -6.3438555796805645 -6.483832716887871 -6.625520811054296 -6.763183007309822 -6.887595034491578 -6.991830650137053 -7.14000185345299
26
 -1.1296016682031287 -3.0625891506852736 -3.565612754299839 -3.83732759684542 -4.047016821940449 -4.224391996562095 -4.383146272588785 -4.5513700948267255 -4.724599887960725 -4.883667230383136 -5.0206953908364556 -5.179064925511945 -5.332562774881914 -5.500577767912567 -5.667877620015139 -5.811097419902989 -5.9696756599146275 -6.1026861064857885 -6.246083662532466 -6.408648284599046 -6.536854231106775 -6.706389010204428 -6.835570919489409 -6.966461042862566 -7.126552161668629 -7.258260778167153
26
 -1.1296016682031287 -3.1099979832892726 -3.5782384843245736 -3.828592576387106 -4.001931880421155 -4.1790888657396765 -4.351345302727867 -4.512398624647085 -4.709702394251807 -4.87955808032882 -5.014359370966651 -5.168424581603083 -5.326445917342045 -5.467309085472469 -5.606845775138619 -5.779806735811825 -5.89832254805203 -6.033534324587745 -6.169416742204766 -6.3427745546056755 -6.4704541891869045 -6.603037764403647 -6.710202085258339 -6.826421735083522 -6.96976232103519 -7.110184549911879
26
 -1.1296016682031287 -3.102703134252331 -3.577727980213537 -3.820777436020833 -4.017577510395233 -4.191488046911075 -4.332224867807162 -4.510223138705611 -4.682945127893436 -4.84111307648059 -5.0204620615142925 -5.178379342487803 -5.336646413938759 -5.495722182550716 -5.662209235328259 -5.821018525930135 -5.9668641610664634 -6.100914190955075 -6.26165654159075 -6.40909906621927 -6.545211047051466 -6.683221550295412 -6.825787132069293 -6.979412096103985 -7.14724731570274 -7.27623004503338
26
 -1.1296016682031287 -3.1000850519988066 -3.583942067470736 -3.8322032834111943 -4.006997533599532 -4.191618883494356 -4.361148361282301 -4.55873413036142 -4.728438898146181 -4.893699619639549 -5.055734016244911 -5.21709315290219 -5.386210412064045 -5.552789111835079 -5.720695470997591 -5.880801222566293 -6.020868162285146 -6.164109526442821 -6.341194938692012 -6.491930823476808 -6.631670492682031 -6.767812210372664 -6.9216532678573826 -7.056359113263485 -7.212518948061708 -7.347985171599106
26
 -1.1296016682031287 -3.126149340767025 -3.577524572251562 -3.82489572466137 -3.9971289799226963 -4.174854535895445 -4.347389304634162 -4.519656796311829 -4.655096695290877 -4.819927907185201 -4.999530650056309 -5.158108742618445 -5.3327339615306855 -5.4849125342659955 -5.648479749602296 -5.770115004851006 -5.923990445912848 -6.045675843122876 -6.2192431303845614 -6.351621194707063 -6.504082103817534 -6.657922054498302 -6.82031539211068 -6.942400307688476 -7.016720917280505 -7.17857668257869
26
 -1.1296016682031287 -3.058621302235486 -3.6202245445611894 -3.8486309704766417 -4.043936308205805 -4.224837614985447 -4.3887551176735595 -4.546314941955881 -4.717037128768766 -4.899225609998807 -5.057820172547343 -5.189623959516485 -5.3537334137588966 -5.501837284171622 -5.628169833790306 -5.792546628065875 -5.943078867712248 -6.118026888438998 -6.257224455476051 -6.390410092680942 -6.5643710818528795 -6.690122980146255 -6.799385580190819 -6.956978725294904 -7.080502530253677 -7.230494600145693
26
 -1.1296016682031287 -3.047981709013428 -3.5884232198760904 -3.8467493641546926 -4.052997454128087 -4.2393348290965545 -4.419877693845537 -4.604920950857006 -4.760434765758321 -4.918531164339226 -5.067090226900482 -5.240495527421126 -5.384672841078407 -5.527207496274912 -5.653980189033514 -5.813057465542422 -5.9601761611152035 -6.095641981982798 -6.25449880615505 -6.392572040464118 -6.539174731247658 -6.6695082450420715 -6.836332610492119 -6.950041916184093 -7.096462463090766 -7.186310344424721
ADAPTSAGA
10
26
 -1.1296016682031287 -4.298550451116399 -5.326750236101613 -6.136802640541751 -7.049849940805966 -7.31387528697202 -8.108010732304518 -8.593495166882716 -8.378620448025108 -8.952297087490468 -8.852606024231815 -9.110444983727126 -8.956126185847463 -9.25325043893717 -9.44581042865166 -9.927087254569233 -9.427919249442112 -9.888058744537798 -9.58670915943215 -9.851499521297354 -10.560850834643375 -10.909578272475049 -10.90822344822212 -11.451630745312112 -11.159261507261068 -11.718891428631759
26
 -1.1296016682031287 -4.211142452424114 -5.149358877979644 -5.890158417793477 -6.684334336893168 -7.214443840143893 -8.035131709711665 -8.318122267410077 -8.332437151102074 -8.992311705265314 -8.539554261626158 -9.100839039539425 -8.93627860237754 -9.343765753911763 -9.633284438890733 -10.073398668254908 -9.514558592463546 -9.957402677082861 -9.608667529614506 -9.776693540338556 -10.478344378887847 -10.833729092540928 -10.746548564756916 -11.411562333217862 -11.306752361288517 -11.740031313653015
26
 -1.1296016682031287 -4.267965546818761 -5.142381368564519 -5.948777597504331 -6.758721625372374 -7.351844797953138 -8.076194766302027 -8.59092952958237 -8.495464459432048 -8.877905613005245 -8.823289437194276 -9.303875532104545 -9.148889648281704 -9.399939681810283 -9.40529746058107 -10.148642669009057 -9.536848434964991 -9.949887865377411 -9.527702483377416 -9.692982456938532 -10.716805676509226 -11.018722789347162 -10.845478474619147 -11.48825855592599 -11.158633751797353 -11.814514233416533
26
 -1.1296016682031287 -4.321066464798148 -5.256623248308436 -6.164478103884096 -6.9151791679080326 -7.233309872063266 -7.985536820178776 -8.236344809053644 -8.335738496366284 -8.904029468686009 -8.784930921955876 -9.059876679739402 -8.932930353067857 -9.100382025148235 -9.353436733244754 -10.030144063823785 -9.4396626164393 -9.844702603232168 -9.514914120300075 -9.678245944730007 -10.49639337374238 -10.76649188663364 -10.794380192721164 -11.2681664236118 -11.07630215875743 -11.713852295909517
26
 -1.1296016682031287 -4.251052346676122 -5.18907714184943 -6.17312712388092 -6.571818055661767 -7.151009982844515 -7.971317406339836 -8.358352562059405 -8.314158524800273 -8.861003065178505 -8.583397961203632 -8.897580328241506 -9.007610764396771 -9.234464124894357 -9.521338348419674 -10.082469010059615 -9.381718438484471 -9.863827311924874 -9.598962310384998 -9.775481146080674 -10.547438111999648 -10.931754340193471 -10.962129021128508 -11.445104610740401 -11.239287315594307 -11.817563409846503
26
 -1.1296016682031287 -4.297733738733853 -5.124718297997416 -5.906259556812743 -6.886186044031727 -7.008812970679652 -7.876445113259604 -8.429804004979875 -8.388990989546016 -8.837391086506193 -8.65730186023755 -9.079831304996516 -8.839899744322285 -9.192343408361412 -9.452781111222547 -10.042356547906133 -9.496977337389046 -9.999119637846697 -9.63337235603615 -9.792358656808016 -10.57820970994379 -10.880927811019575 -10.890456802942733 -11.476683815139863 -11.224582009825484 -11.743780292449838
26
 -1.1296016682031287 -4.291546163609271 -5.242138004487332 -6.167498872640996 -6.936441808133937 -7.139895682024618 -8.099309873332153 -8.41009717865613 -8.485142921835306 -8.887707066530627 -8.705669461641293 -9.113169682185164 -8.818830125431893 -9.289647337258023 -9.483343039744604 -9.999261321901797 -9.538931769133175 -9.939654080479665 -9.632176738227207 -9.696408340081017 -10.512614239518943 -10.893081386306052 -10.891090145132202 -11.333029859292512 -11.107649838995647 -11.80861504877285
26
 -1.1296016682031287 -4.259679646116489 -5.279978067443103 -6.161555901321849 -6.869296604449066 -7.322527621790296 -8.284846542861485 -8.742586156838332 -8.393259567541522 -8.944716886833 -8.891710703064176 -9.091106429469558 -8.911715827785205 -9.31510214224026 -9.26928818505864 -10.07852628349462 -9.57947613104602 -10.06327567289022 -9.687060803716111 -9.83633936264627 -10.587644967599324 -11.08406181805252 -11.059354357331674 -11.602220977182782 -11.237590074796628 -11.764754241070127
26
 -1.1296016682031287 -4.318432064153285 -5.393278685264573 -6.278652109670357 -6.892103011553141 -7.348525009549127 -8.21686835440702 -8.598637316993624 -8.595393712790862 -9.0489879653612 -8.875395922842987 -9.174477502907363 -9.060786413784692 -9.283556622790575 -9.620824110425193 -10.14490274904229 -9.598918826500276 -10.072823449143653 -9.811822311556725 -9.872639468991913 -10.803110898172111 -10.966865077000463 -11.025046665833756 -11.558634125392125 -11.278359166428475 -11.829899909242556
26
 -1.1296016682031287 -4.288686702396009 -5.16357829049356 -5.969206655802364 -6.665277912777247 -6.989632114434965 -7.833924311265969 -8.357138718177241 -8.296463514045788 -8.744979320300876 -8.541818721252044 -8.975624484736827 -8.924402755132993 -9.167331004734681 -9.27767383765108 -9.943502075860795 -9.473060825616457 -9.938127621953576 -9.587870155772253 -9.764430354843544 -10.52682307184992 -10.898749844831324 -10.79203793234105 -11.337345492144287 -11.279724326912492 -11.75849509772295
ADAPTDoubling
10
26
 -1.1296016682031287 -4.1572721191034505 -4.866516720204736 -5.6302839972418175 -6.30240843417862 -6.813164874995419 -6.993186492147511 -7.719675014170642 -7.97612853701382 -8.287162592511754 -8.52605310072329 -8.889919297788158 -8.540082915252563 -9.088006611636319 -9.396478051203365 -9.585517197210699 -9.751563311282835 -9.662065967548678 -10.113272608326294 -10.365444927378187 -9.597052568014306 -9.959535416268247 -10.427868812201346 -10.451578047628809 -10.638129353715762 -10.78114199165249
26
 -1.1296016682031287 -4.16331517660629 -4.928132915467717 -5.613167225932257 -6.1862402260955145 -6.795308721856045 -7.148497750344396 -7.3648014848573045 -7.873403812752664 -8.233050894598147 -8.447904223674396 -8.502922650140288 -8.736382647733102 -9.189928937660731 -9.408095997318847 -9.412550990563314 -9.594148711720646 -9.651907440616322 -10.110694220706463 -10.320589107605796 -10.422473982895864 -10.468471274513028 -10.572201175590873 -10.15408867952153 -10.415626909599986 -10.50214430179176
26
 -1.1296016682031287 -4.135031154257069 -4.968451665397204 -5.7470054642367625 -6.344258328123965 -6.833418603908951 -7.457035768782124 -7.594457002127808 -7.760279475288677 -8.006260659739517 -8.502481143472789 -8.686107770024346 -8.786489366909517 -8.97612520719847 -9.062479784865497 -9.397348765030047 -9.453304516614242 -9.763713076239366 -9.98539732532372 -10.010854072854995 -10.03310372903573 -10.215043865921734 -10.405875681329638 -10.314415230182457 -10.596647635898435 -10.906889585351694
26
 -1.1296016682031287 -4.006617638752654 -4.919936637547977 -5.564580452695589 -6.258354312975083 -6.823474645963735 -7.277591799615595 -7.556857746369563 -8.080567315158428 -8.454207700955509 -8.881997498567072 -9.160247284950207 -9.004517096500718 -8.959428290499467 -9.185152495731181 -9.458680568585494 -9.7165692180771 -9.781910516631333 -9.943845089115658 -10.092188206174066 -10.08635733827037 -10.19253643360848 -10.179826315101195 -10.604932039304899 -10.047399358850804 -10.47204846950967
26
 -1.1296016682031287 -4.118941062080943 -4.8762556167488125 -5.676267692398591 -6.275320882810451 -6.772301125650676 -7.092676508238016 -7.5316596099504896 -7.786090195007934 -7.770932319504717 -8.509667268530949 -8.59204684266576 -8.79069340254307 -9.01077987697409 -9.45747193343386 -9.82983918353201 -9.734590214343712 -10.181047848978816 -10.066650269117527 -10.304529504053136 -10.267404984906412 -10.633164807692905 -10.64948495469989 -10.710581901839493 -10.85857688949404 -10.937736747964655
26
 -1.1296016682031287 -4.048345962276176 -4.760072272887489 -5.611115357786258 -6.152926059481979 -6.678999172583734 -6.986384222015437 -7.321522647579773 -7.56760613697202 -7.782926394831068 -7.912677217043093 -8.488666414722966 -8.864285594951536 -9.107593624779016 -9.245014640937125 -9.347809253373626 -9.495185121783766 -9.74065248870879 -10.152250733318658 -10.311437925796621 -10.202366836923073 -10.272322589798186 -10.34222247131386 -10.645670984293883 -10.733678646386897 -10.81272444704259
26
 -1.1296016682031287 -4.087809450209987 -4.88251536762122 -5.577811095291489 -6.16598966346425 -6.795391785389192 -7.02821401823919 -7.5884706824353305 -8.01606562791621 -8.296892833587393 -8.197682534844562 -8.659863236624307 -8.870654456831621 -9.229219858171598 -9.163928711378045 -9.461978443314795 -9.576360954321528 -9.712787134667568 -9.917028902175089 -9.902455272609844 -10.020875502149904 -10.016503259590353 -10.38393932282015 -10.70219855624829 -10.689933606333248 -10.763779509327557
26
 -1.1296016682031287 -4.079292836687282 -4.7853903203452735 -5.66421305138799 -6.365381664347613 -6.756150825473625 -7.148928240628942 -7.503168518661942 -7.71203162614055 -8.179713425976505 -8.407220385062487 -8.621049249368129 -8.950836886629624 -8.731417166037518 -9.425732324328802 -9.534524707467808 -9.47503892865864 -9.576570014732336 -9.728280662597928 -10.201306782452727 -9.95540303232712 -10.512035590896739 -10.413767315344172 -10.858128923383957 -11.081213075989663 -10.868051892935185
26
 -1.1296016682031287 -4.192883280414788 -4.885762541611557 -5.670133860729066 -6.388602911174845 -6.828404684524702 -7.340238979836532 -7.866061376478752 -8.169665790718257 -8.508319301433065 -8.71580281300794 -9.036730623679292 -9.033915290798442 -9.265574448253354 -9.196445945786529 -9.760507394429059 -9.77844106315382 -9.376407789913314 -9.711476188130344 -9.822224138437914 -10.334696669924488 -10.462990556310766 -10.377832062705453 -10.509082077141247 -10.83267915810701 -10.552717415995115
26
 -1.1296016682031287 -3.968800885205682 -4.822617260227804 -5.585244993179277 -6.273176790365206 -6.538680515313942 -7.161499502672206 -7.472216114242301 -7.691131693296627 -8.229154175561048 -8.55451294217996 -8.88151214385528 -8.86501302318266 -8.95485092598357 -9.168806717884364 -9.347665654276511 -9.841793037806347 -9.942963161120742 -10.194770224524481 -10.248913750694573 -10.436493228149288 -10.216360203930009 -10.3964094242609 -10.097739490389564 -10.44371480159926 -10.649185987951526
MainSSVRG
10
26
 -1.1296016682031287 -1.1296016682031287 -1.1296016682031287 -1.970751927472722 -2.7215234844923692 -3.131297802396757 -3.39242129819038 -3.568814197570409 -3.688462902078556 -3.7875042740446903 -3.857805245415811 -3.9236244794239115 -3.993432379706676 -4.055777224369449 -4.1130211590000245 -4.1759189719389616 -4.2319076387614185 -4.296306182163673 -4.345511274757668 -4.407255666353363 -4.454862667053219 -4.522467031545917 -4.583669180250415 -4.599062316049096 -4.599062316049096 -4.599062316049096
26
 -1.1296016682031287 -1.1296016682031287 -1.1296016682031287 -1.9802649893076 -2.7308315450069545 -3.145373345608255 -3.3919646888833217 -3.55551960918464 -3.6662269888113967 -3.7220510044429824 -3.7220510044429824 -3.7220510044429824 -3.7220510044429824 -3.7220510044429824 -3.7220510044429824 -3.7220510044429824 -3.7618612162460945 -3.8414196341839038 -3.9162523709053967 -3.988149360534193 -4.0586398199896605 -4.1274316889680565 -4.195832054183981 -4.264014586719338 -4.331809893266719 -4.399951086834303
26
 -1.1296016682031287 -1.1296016682031287 -1.1296016682031287 -1.9768340602493997 -2.736870081011862 -3.151342192471227 -3.3952905685188477 -3.556557443030532 -3.6825462254767594 -3.7696606381499143 -3.85118393715787 -3.874156050731463 -3.874156050731463 -3.874156050731463 -3.874156050731463 -3.874156050731463 -3.874156050731463 -3.874156050731463 -3.9272605101053997 -4.0005224982476015 -4.0717333908805955 -4.141626137678342 -4.21027542225348 -4.278214727632249 -4.345806756245651 -4.4127672545070915
26
 -1.1296016682031287 -1.1296016682031287 -1.1296016682031287 -1.976938023896512 -2.7359698234890084 -3.1560081819598857 -3.4049851367288344 -3.558356395169789 -3.678947544254079 -3.784547110757885 -3.867634375358828 -3.938716247849563 -4.010799391641269 -4.077707358497715 -4.1368626021214014 -4.213918151534596 -4.276328357343473 -4.326011263688812 -4.3631854393652425 -4.41382663769843 -4.424802454487374 -4.424802454487374 -4.424802454487374 -4.424802454487374 -4.424802454487374 -4.424802454487374
26
 -1.1296016682031287 -1.1296016682031287 -1.1296016682031287 -1.9717697962222958 -2.708068607552159 -3.134941584391302 -3.399651848261475 -3.546864173715967 -3.6777864405939504 -3.7682587705238775 -3.847499586082128 -3.924562637055112 -3.9988683962003364 -4.061473885259833 -4.138873682605244 -4.207350685140075 -4.27763567245719 -4.317033966077862 -4.317033966077862 -4.317033966077862 -4.317033966077862 -4.317033966077862 -4.317033966077862 -4.317033966077862 -4.355968323760272 -4.4292624877413544
26
 -1.1296016682031287 -1.1296016682031287 -1.1296016682031287 -1.9776081957376288 -2.7382909080483215 -3.154036027021875 -3.4070495051601855 -3.5619417961084676 -3.674488487179124 -3.7758758887962536 -3.844863101803726 -3.922371909774424 -3.984016874445624 -4.03808828660437 -4.0980747538041555 -4.155635787548422 -4.217016190857535 -4.286769654461187 -4.353624645921918 -4.405352647686469 -4.478587801736956 -4.548860412401454 -4.625555491469434 -4.693068408162665 -4.747406236883452 -4.81866183665013
26
 -1.1296016682031287 -1.1296016682031287 -1.1296016682031287 -1.9828557326062166 -2.7324449503599264 -3.152578674205103 -3.3989349823582002 -3.543767769297714 -3.652367155637492 -3.7415345979088332 -3.821087578200253 -3.8735335605721524 -3.942040555748062 -3.997644994692842 -4.067046846788665 -4.129616361226979 -4.18760202899175 -4.240501599913564 -4.298714312236586 -4.354148431298508 -4.412523005475723 -4.456502104609271 -4.5141832913121265 -4.566242339656323 -4.604810219192018 -4.65550632738946
26
 -1.1296016682031287 -1.1296016682031287 -1.1296016682031287 -1.9708494980489697 -2.7188611491648715 -3.1253149439939527 -3.3734503303117678 -3.5208561085817847 -3.625606427823326 -3.7021038406937263 -3.7731155076038205 -3.829120398895215 -3.829120398895215 -3.829120398895215 -3.829120398895215 -3.829120398895215 -3.829120398895215 -3.829120398895215 -3.8551669116171343 -3.932468003128495 -4.004645652162511 -4.07365509088023 -4.1416258078931705 -4.208159619191397 -4.272503689399714 -4.292975018310498
26
 -1.1296016682031287 -1.1296016682031287 -1.1296016682031287 -1.9773382263410868 -2.7257222213623566 -3.1379280756902372 -3.3837697093162706 -3.520335264260631 -3.520335264260631 -3.520335264260631 -3.520335264260631 -3.520335264260631 -3.520335264260631 -3.520335264260631 -3.5500423174165388 -3.6636441054717803 -3.756613192392224 -3.838408912403294 -3.9136286849110156 -3.9857088870844373 -4.055238036617978 -4.123444814724953 -4.191039436453092 -4.2576278793975515 -4.3243513834146095 -4.390965586287956
26
 -1.1296016682031287 -1.1296016682031287 -1.1296016682031287 -1.970445120021549 -2.7194587398855044 -3.1372556024931466 -3.381280291837322 -3.534474426133476 -3.6522537959124453 -3.7449103759055005 -3.8238754416470395 -3.8938897938206196 -3.962983153753176 -4.030233902853737 -4.100675816218659 -4.153288352305713 -4.217281194159675 -4.279080767890897 -4.335661744672833 -4.366125764715482 -4.422378597233578 -4.487681685802752 -4.530360407047182 -4.599343935447916 -4.642477173935329 -4.670559327991206
SGD:0.05
10
26
 -1.1296016682031287 -3.785724173429918 -4.265185916848478 -4.712442748010656 -5.071145790803596 -5.386920246646307 -5.80350330651489 -6.070664966805855 -6.286996967255037 -6.64235338036005 -7.100917166155676 -7.519330848395313 -7.639777237254507 -7.886104967288751 -8.185564812650567 -8.341563764791584 -8.66422324324438 -8.888918238856126 -8.86785195881591 -9.019169174117712 -8.354526456931444 -8.50914661837801 -9.373965463627849 -9.192861050012127 -9.424357255064555 -10.052103035704343
26
 -1.1296016682031287 -3.7645547753185857 -4.217364068661912 -4.69996276736838 -5.13817397993316 -5.510703993258041 -5.7804964938330485 -6.168583155181469 -6.530013622418693 -6.846662408188193 -7.165815769218364 -7.420300758092364 -7.6072284473383895 -7.707513062723416 -7.718816803255299 -8.381245198766033 -8.341395481784197 -8.392664438172117 -8.60799136550664 -8.849062615129075 -9.233792178362775 -8.782345970852928 -9.824943714868914 -8.962759565792123 -9.46375548200937 -9.890958388222227
26
 -1.1296016682031287 -3.7684150241183434 -4.242438496615076 -4.614076077651045 -5.006245258037597 -5.417115894535466 -5.852044459713352 -6.1707446342677486 -6.488667118297833 -6.867521797833959 -7.23146931640004 -7.70939526297371 -7.848667657416495 -8.207344694505068 -7.978145049910456 -8.072712074169475 -8.095780730758456 -8.875678638847953 -8.744161678939063 -9.321534208033412 -9.221019039749226 -9.431625075098435 -9.262554779593044 -9.502920767635072 -9.432671245719948 -9.509322437179023
26
 -1.1296016682031287 -3.7410182245341463 -4.150712794320239 -4.613975920851515 -5.077922407175741 -5.490863214821842 -5.781748732427624 -6.1622430525601395 -6.594132544227555 -6.997510256245021 -7.4175007979030285 -7.563081706061599 -7.774713482291125 -8.16434845775047 -8.291001866760153 -8.40903577832034 -8.462641456128363 -8.55707998771921 -8.724028443740018 -9.182717857152078 -9.73281833144076 -9.62604435340242 -9.77845779223578 -9.360378017480349 -9.857100029848006 -9.473140493020301
26
 -1.1296016682031287 -3.7501291420986984 -4.230924716080943 -4.694705488722547 -5.096071355650572 -5.572811703038467 -5.973064094499199 -6.345443855262109 -6.5844294630372655 -7.067434020303853 -7.147405521789525 -7.529534723160525 -8.19436108648172 -8.199231247109692 -8.78040091648211 -8.930773297904235 -9.05056870501634 -8.94871773970466 -9.276251996080951 -9.131537485168332 -9.402781473566494 -10.071664368638231 -8.917888720165516 -9.01349469215282 -9.486247548766412 -9.591405885297423
26
 -1.1296016682031287 -3.741549894959953 -4.294056364818679 -4.740213968995851 -5.212414772437793 -5.57141608302183 -5.956825773527451 -6.3423932053359495 -6.605203025235086 -7.044888351914995 -7.138440596310382 -7.563733830610356 -7.821086919743003 -8.062068823460706 -8.2314982103679 -8.5931223598019 -8.852333861248775 -8.531440093223233 -8.571609764172923 -9.208771256030206 -9.171416065255828 -9.655954380196896 -9.815399720575819 -10.000178410843578 -9.865266639180803 -9.323864421461353
26
 -1.1296016682031287 -3.6851892710033294 -4.150694786926184 -4.637180634383756 -5.153580873287979 -5.47663679583007 -5.912750382569808 -6.180818786621861 -6.652695688424134 -6.959136033128723 -7.151783255332846 -7.361280517297924 -7.4094669860110836 -8.199529305192927 -8.09267993641601 -8.384908015984335 -8.66150040966768 -8.493570814058202 -8.886434005786127 -8.491448832122451 -8.598254926019937 -8.611656219977288 -9.957806618836546 -8.515888256615124 -8.948103917958711 -9.275667333672416
26
 -1.1296016682031287 -3.77532338940865 -4.238804332584525 -4.763007848351463 -5.113678970799048 -5.5344534601999325 -5.9267437603254 -6.241680388568139 -6.418109354272441 -6.971451476842504 -7.06610956709919 -7.513854666971787 -7.866682555037837 -8.188899034758855 -8.320277486984711 -8.633266463786102 -9.184088949025323 -8.639895863704917 -9.130835366923396 -8.645422847645696 -9.764861614293231 -9.707795095318815 -9.47588909114494 -9.669119040027782 -9.802541958023903 -9.923528112477317
26
 -1.1296016682031287 -3.7146891813988248 -4.114164165404916 -4.597153522514691 -5.029828193918932 -5.396137506986683 -5.787680389803432 -5.997410520798766 -6.395605728960512 -6.804294453099093 -7.204586209327281 -7.479950495818091 -7.989911543670618 -8.346140121025293 -8.381155109938087 -8.392997921478921 -8.645319303709355 -8.928905003144243 -8.46141237230466 -8.987688420445851 -9.390167744959541 -9.959918969901135 -9.404586533012456 -9.549089838450191 -9.618578345276681 -8.845281835337483
26
 -1.1296016682031287 -3.683064347758355 -4.074374714028268 -4.4917228359454695 -4.849978151740675 -5.24131946229306 -5.670297541198588 -6.046122168606099 -6.45095366950266 -6.809338727726194 -7.106518490965799 -7.382997158224139 -7.578724931270377 -7.961323542869861 -8.100919765394003 -8.349499270160948 -8.864269174965521 -8.852355564452115 -9.225287399499848 -8.979075758632465 -9.680045904126983 -9.859929949963446 -9.02730005429114 -9.482249304530608 -10.152244396425282 -9.810347759458988
SGD:0.005
10
26
 -1.1296016682031287 -1.9708986088025389 -2.5108526780951763 -2.9279253937280383 -3.1621144992515835 -3.34176747957744 -3.4715758626594897 -3.563376611641974 -3.641461656002582 -3.712399744321264 -3.772600122630077 -3.8336795066455958 -3.8862152453623473 -3.9375952739284164 -3.9865898391621597 -4.033178898258127 -4.079839336954061 -4.127183331047824 -4.176855951564987 -4.223043211149428 -4.269258784017254 -4.310308053630327 -4.35685428910942 -4.403931482708384 -4.450125550963481 -4.498554304873728
26
 -1.1296016682031287 -1.9585599454594669 -2.5211653593116727 -2.8925210070831877 -3.1329393183077987 -3.3229175551166996 -3.454113961557527 -3.558558248456731 -3.641263599457375 -3.711360135871084 -3.775690513053398 -3.840127182101924 -3.891590721075681 -3.9412366872247877 -3.9904449267132445 -4.035387416892628 -4.0867099961598266 -4.132817946224508 -4.1794591982251665 -4.2252548634152 -4.274787675144012 -4.317714662617699 -4.362222446102773 -4.408049696810076 -4.450528778170522 -4.488896086927785
26
 -1.1296016682031287 -1.9505534130268622 -2.49159197355964 -2.874656065588737 -3.1173287849748674 -3.306038505077594 -3.44329179179687 -3.545487746711821 -3.6363083165230603 -3.707931247100021 -3.776417157510939 -3.839282219319539 -3.8954082646870973 -3.94971918515331 -4.003039726671399 -4.056869042508296 -4.103848439651161 -4.149544621630399 -4.198876116141711 -4.246933646217619 -4.294786373438225 -4.341229474217639 -4.387790966766946 -4.431610963595587 -4.474068001780413 -4.519617113908853
26
 -1.1296016682031287 -1.9266828027545633 -2.4902955097122126 -2.8602043185245956 -3.112813790937564 -3.2940458239082817 -3.450832795218267 -3.5631767922512236 -3.649075572800701 -3.722390575270491 -3.7816123327450852 -3.837561139473245 -3.8892240689618554 -3.936889304801589 -3.99018086401349 -4.042485699521301 -4.090431601588933 -4.133433707911562 -4.1756168989623506 -4.218797694876216 -4.261683083997586 -4.310124645545187 -4.356721884678635 -4.3984590797201735 -4.445966429934797 -4.493218817044225
26
 -1.1296016682031287 -1.9664725747264329 -2.5305334627587697 -2.8785120014509475 -3.128191125158692 -3.306374870943809 -3.449366996813305 -3.551731561827588 -3.6403984398605447 -3.7121190181202364 -3.773261029253722 -3.8294202072354113 -3.874494419671451 -3.9267648820105383 -3.9762051639531455 -4.025430695254396 -4.069289625342231 -4.114793610700866 -4.158028389534785 -4.205894830539368 -4.245827288460419 -4.2934054686450525 -4.3390366007828725 -4.384800036555545 -4.4281921429453925 -4.472648849385439
26
 -1.1296016682031287 -1.950822948568439 -2.5111222109822355 -2.883302882288102 -3.1238050989165855 -3.298911969158576 -3.4371326958303743 -3.5431573374604737 -3.6188746956422753 -3.6914168810316306 -3.760933648477239 -3.825756950737399 -3.884235098501882 -3.9363270164116675 -3.9849089765526484 -4.034290994988603 -4.084558166966133 -4.130815902063567 -4.178225394084551 -4.231244966237212 -4.276749703244764 -4.320663270934133 -4.367478065274866 -4.413383789976246 -4.454536339194528 -4.500013623782429
26
 -1.1296016682031287 -1.9852016846018585 -2.536536745562974 -2.8886668524433174 -3.1439887030019693 -3.319889761162857 -3.4441370444909145 -3.5413288926614515 -3.623949250727214 -3.698419614038253 -3.7622240309396533 -3.8283874903178354 -3.886738793807003 -3.9388019393250446 -3.9851333482005025 -4.027933122541019 -4.075014554407936 -4.125084237982825 -4.170205327806441 -4.2162921183539 -4.258173122130583 -4.3035109802473865 -4.351009485136948 -4.396730761028994 -4.443357254970354 -4.494045376097698
26
 -1.1296016682031287 -1.9631824620819263 -2.514842761498864 -2.884678795902113 -3.138827891553062 -3.326987752124922 -3.459888328390549 -3.5449000157249118 -3.6304641555422883 -3.702803343608277 -3.764365191358983 -3.8149535889718895 -3.8691244623598355 -3.920999030117779 -3.973013656706734 -4.026938718567658 -4.076408457727972 -4.121587295573802 -4.170377534404099 -4.214451434896335 -4.263171853070675 -4.310805411687404 -4.350955129623634 -4.397087393310284 -4.4443991271543775 -4.485356216546392
26
 -1.1296016682031287 -1.9555186876158606 -2.4948442670113398 -2.8847111170152044 -3.1484993589592603 -3.3254534551486876 -3.4643813180281327 -3.5654309475702077 -3.6487317054475867 -3.720807000754105 -3.7819505412384995 -3.8383830560821797 -3.8895227780885295 -3.945927506786729 -3.9946409501960214 -4.044221785712691 -4.093607604191736 -4.140071872749118 -4.186501272917043 -4.233070046497337 -4.280310475521947 -4.323323031974774 -4.365651032291723 -4.407120872165514 -4.45065676986488 -4.498841854830316
26
 -1.1296016682031287 -1.9453262560493614 -2.52878471212856 -2.8942519725902236 -3.165937242297088 -3.3315992231865805 -3.451487447243774 -3.558207009496812 -3.6328696470385644 -3.7082036020659297 -3.7709527998780086 -3.8280991107066895 -3.879752006692163 -3.9296580952142355 -3.981227795919286 -4.031676647351337 -4.0792339973783855 -4.121573290246613 -4.162258568914525 -4.208903880829452 -4.253978711516258 -4.2920465035404956 -4.331020355804665 -4.37447994996096 -4.422011566480113 -4.466390889373481
StreamingSVRG
10
26
 -1.1296016682031287 -1.1296016682031287 -1.1296016682031287 -1.932979603585316 -2.717060102614266 -3.140157772615097 -3.3913949029924697 -3.5540850827343378 -3.6762512532467047 -3.769018680763064 -3.845057384051405 -3.9149120065670213 -3.9834877531220934 -4.05967131473831 -4.117667082492758 -4.193207177038128 -4.257287799468549 -4.316207213872961 -4.381334587266468 -4.438240609174006 -4.496355885169044 -4.552073084127686 -4.626883050395156 -4.685775171411649 -4.747319188790002 -4.804772282852262
26
 -1.1296016682031287 -1.1296016682031287 -1.1296016682031287 -1.9805653087562458 -2.7284495234706982 -3.121440604460136 -3.377445002062496 -3.5357894976465736 -3.6627588596509746 -3.761435724579182 -3.848273068066502 -3.932926897204034 -4.0034383939681994 -4.067223735896849 -4.141078995073791 -4.207184081516324 -4.265720129405018 -4.343981329220184 -4.416689419938005 -4.4838612978300345 -4.552699681673062 -4.62124330768529 -4.68538979955051 -4.756385844368773 -4.812742820987666 -4.8750231910566795
26
 -1.1296016682031287 -1.1296016682031287 -1.1296016682031287 -1.9518554888601243 -2.7277207230856835 -3.154037985462831 -3.4056200405875297 -3.563483835940235 -3.6797089894385366 -3.770301509002601 -3.8431927012478955 -3.917969102742455 -3.9991889583848916 -4.0684417076581 -4.138315198400823 -4.205778663289932 -4.272740895311808 -4.339431237189167 -4.401700722059775 -4.4715008923876765 -4.529477719732746 -4.600000587281975 -4.685082071974335 -4.748532381233292 -4.81785966031509 -4.886649764973427
26
 -1.1296016682031287 -1.1296016682031287 -1.1296016682031287 -1.9737001075638054 -2.686397963592032 -3.139554102388695 -3.3766698534470754 -3.5405376670768347 -3.652388910446957 -3.74512185708007 -3.832682239489808 -3.909947728114534 -3.9846884038273 -4.048873964948062 -4.117837841669009 -4.186026943529975 -4.255942491597149 -4.329934526820209 -4.393560213321229 -4.46106909249496 -4.520977757329571 -4.581394279885018 -4.648807687113719 -4.71487078603438 -4.779121124717415 -4.8406527502618975
26
 -1.1296016682031287 -1.1296016682031287 -1.1296016682031287 -1.9323777143012775 -2.712042204258765 -3.08903890394133 -3.358758404670116 -3.5347860680376306 -3.664296560455919 -3.7627986397692657 -3.8585746735198896 -3.9320492589130347 -3.999290661512358 -4.0623861672651636 -4.130523498944939 -4.1921279231107995 -4.255412043462748 -4.3202336949771905 -4.396940822660519 -4.473053342532036 -4.545857162067673 -4.610193378513762 -4.6831515326611015 -4.748356218293324 -4.806918778873754 -4.866998679791088
26
 -1.1296016682031287 -1.1296016682031287 -1.1296016682031287 -1.9528489968276157 -2.717808115951087 -3.105967558062853 -3.362375524565696 -3.541024378010117 -3.6610069378596144 -3.75871499142282 -3.8397595720432247 -3.917655299115843 -3.9952292142847403 -4.063168097148825 -4.134409051534573 -4.196880147478356 -4.2637284899852705 -4.333139853730454 -4.412099924440758 -4.48327921993124 -4.5360288450650605 -4.608680931215656 -4.666590553412237 -4.731517754578827 -4.795141441815825 -4.858878431132956
26
 -1.1296016682031287 -1.1296016682031287 -1.1296016682031287 -1.9664270134469557 -2.7269877822906246 -3.1188125725656626 -3.370162369083908 -3.535861318190509 -3.654404759645701 -3.739598448028618 -3.8247772204682953 -3.9003836835039363 -3.968682009665323 -4.040085014768343 -4.10070306956942 -4.16977113555845 -4.2409324505416945 -4.310225494999721 -4.375647023274883 -4.4514581432171925 -4.517953981263218 -4.576104941760764 -4.649619264517787 -4.702987754703165 -4.76426938176711 -4.823874154821416
26
 -1.1296016682031287 -1.1296016682031287 -1.1296016682031287 -1.9435401198780302 -2.684884647620496 -3.101522339197271 -3.3646524879865867 -3.5299437746560947 -3.6677618026590233 -3.7650797396100826 -3.8601963228467935 -3.945175194596252 -4.017564004730781 -4.082368952489415 -4.14599591175361 -4.204806066060991 -4.267092501249167 -4.328667223835016 -4.390475954825277 -4.453901595878383 -4.512738358300567 -4.571094918648374 -4.64448536226468 -4.720796861611122 -4.790490470945569 -4.862052058803171
26
 -1.1296016682031287 -1.1296016682031287 -1.1296016682031287 -1.9781376161268422 -2.7165995234541573 -3.1467696057832653 -3.365096222083423 -3.5371001808054214 -3.6626993117728315 -3.7613956407065188 -3.8366168121256834 -3.9154563272199896 -3.9818746237787455 -4.048496466370596 -4.116384217020488 -4.185225393334399 -4.265139347661126 -4.332708355759068 -4.400252015769658 -4.462027091517979 -4.533250566886488 -4.594441332806968 -4.649531721445564 -4.714369128745019 -4.7760797834374795 -4.841582514114184
26
 -1.1296016682031287 -1.1296016682031287 -1.1296016682031287 -1.9887695249438992 -2.731210847542018 -3.148870321114857 -3.37418221647495 -3.534443852891444 -3.6569122168462997 -3.759903677723191 -3.8545991114819964 -3.928526250139083 -3.995724927029115 -4.066628016595856 -4.138976259532455 -4.197920288037249 -4.258734815391681 -4.329036413579044 -4.395290666997029 -4.4673291171293235 -4.534988586052033 -4.609848782638047 -4.662241183010758 -4.715317925739817 -4.780996914968413 -4.8478371900782555
ADAPTIID
10
26
 -1.1296016682031287 -4.083312736240117 -4.980311776431333 -5.636501792125164 -6.282774865523559 -6.89912437615435 -7.146337379146089 -7.558638083934145 -8.060900578427342 -7.929198922120921 -8.62082323872696 -8.55953043332044 -8.722107136452344 -9.012689709098673 -9.139974127198732 -9.378733485909768 -9.215636235495518 -9.404771789985936 -9.966560606767159 -9.81531572562301 -9.850362623745548 -10.474610971236688 -10.50741124997075 -10.733126622573067 -10.868737761083644 -10.834078936463218
26
 -1.1296016682031287 -4.078360676359835 -4.894937228768701 -5.607953070813226 -6.204658771218083 -6.768151377946503 -7.422160879328274 -7.694599900384019 -7.669172646892191 -8.026560490255335 -8.423176349909076 -8.692373539663372 -9.008900540520626 -9.486417614422317 -9.515665673782545 -9.770163380247169 -9.926201963842285 -9.771054536418983 -9.6005761179914 -10.265246816691294 -10.113893396208038 -9.774193774242963 -10.46042787639945 -10.96344422089902 -10.740347401232551 -10.445414960268433
26
 -1.1296016682031287 -4.242916701440484 -4.979166584371733 -5.690987338895975 -6.35570719444427 -6.8564585958672675 -7.196054268868888 -7.654127668071801 -8.040952298206825 -8.246564133014404 -8.211216874227226 -8.477990665340048 -9.246570211146917 -9.23474252307807 -9.347471524426068 -9.771887540551093 -9.672104021386442 -9.95453399175253 -9.82738471558963 -9.928625348798153 -10.158068535668667 -10.02404273491837 -9.857606674467545 -10.18262562409082 -10.29138529488666 -10.804784578992098
26
 -1.1296016682031287 -4.260450944001786 -4.966431642906115 -5.745858994412605 -6.462209531138254 -6.8797925013876355 -7.311691639617933 -7.668102751620874 -7.827366352190525 -8.215013351391038 -8.733777334467167 -9.081926100183885 -8.985796807285059 -9.560527800089831 -9.74888079376355 -9.984526158025782 -10.160152019701602 -9.81273836320539 -9.557423608234098 -9.936450887329652 -10.043439145240468 -9.852761799923119 -10.963712153083318 -10.662570559781685 -10.403798000838712 -10.744763606365298
26
 -1.1296016682031287 -4.137736112268529 -4.909593403467011 -5.700823416127508 -6.149689996123688 -7.015859665538856 -7.334708840657749 -7.820616430065754 -7.663482361643158 -8.21669284433077 -8.445662966381587 -8.483802998269857 -9.03128063598018 -9.074744055898881 -9.58405763162653 -9.524476146021279 -9.728846765617861 -10.284696640695179 -10.079825857833825 -9.81094782297436 -10.317443816314679 -10.82691091712808 -10.77899999675743 -10.90189832875424 -10.82796537350943 -10.753223831706778
26
 -1.1296016682031287 -4.082747691197965 -4.948583314188056 -5.613948470449127 -6.3226250172155245 -6.883748075133145 -7.254782563134285 -7.414247275651721 -7.919804703142638 -8.029563810185929 -8.04795862787805 -8.762834666334339 -9.051672937259296 -9.206376219454253 -9.15395710136634 -9.403867657959417 -9.323600241147412 -9.50713915653113 -9.452483009216486 -10.351304502825027 -9.91620301285895 -9.949009724115003 -10.38353449398776 -10.120687008000832 -10.500915757876202 -10.935815293912396
26
 -1.1296016682031287 -4.100621015923933 -4.839456049698466 -5.514076906254508 -6.266937259728246 -6.936379550410522 -7.144613640920869 -7.831788235651923 -8.099514966099115 -8.09178765626863 -8.668743464456176 -8.870899593824575 -9.180313789694113 -9.035451966017852 -9.081422489325698 -9.011607019146275 -9.709256985030038 -9.899731860335239 -9.894691968319762 -10.279248060011886 -9.947540753895023 -9.784917452830795 -10.10363512900571 -9.951793932185666 -10.658908758540312 -10.929395817421213
26
 -1.1296016682031287 -4.163815320112252 -5.0424116020503975 -5.715065084326874 -6.2861654725039715 -6.882532766456041 -7.435561938416463 -7.744100687533732 -8.02164370492927 -8.186026325990712 -8.581235063277349 -8.74541045121794 -8.79188409602135 -9.197347220948867 -8.76764615216428 -9.140305998401717 -9.64667548847912 -9.465128356653578 -9.908594556471881 -9.822720885346149 -10.300018795504695 -10.547744075046099 -10.771111352694613 -10.189301534931666 -10.466813281197505 -10.6707112469304
26
 -1.1296016682031287 -4.1497301656543915 -4.676681736586376 -5.602552844153829 -6.199483681306914 -6.839852120944502 -7.378105836548556 -7.648209560057633 -8.071172360986235 -8.374515199569005 -8.980253018710176 -8.996897453320662 -9.24150600937747 -9.189018578134224 -9.373935465532503 -9.688849625290196 -9.852924750082096 -9.753571127834194 -10.107397380978883 -10.316268981373506 -10.384770864780263 -10.781272808556675 -10.250690449170762 -10.776076972448587 -11.02754277135067 -10.932197094956333
26
 -1.1296016682031287 -4.179525387412968 -4.98846819606391 -5.725207029170848 -6.157528376391981 -6.8548982185235845 -7.2418609166554235 -7.780064822168845 -8.196138551322907 -8.455490399953861 -8.952843250865463 -9.26750205982185 -9.06861698516702 -9.476348865370554 -9.487485030235531 -9.81539469311347 -9.775241415276307 -9.825988509822826 -9.818242453607457 -9.952340837155534 -10.81281960087688 -10.815507707920828 -10.752894202744342 -11.067161019355241 -10.92166195846653 -10.998008049738525
steps
10
26
 0 2000 4000 6000 8000 10000 12000 14000 16000 18000 20000 22000 24000 26000 28000 30000 32000 34000 36000 38000 40000 42000 44000 46000 48000 50000
26
 0 2000 4000 6000 8000 10000 12000 14000 16000 18000 20000 22000 24000 26000 28000 30000 32000 34000 36000 38000 40000 42000 44000 46000 48000 50000
26
 0 2000 4000 6000 8000 10000 12000 14000 16000 18000 20000 22000 24000 26000 28000 30000 32000 34000 36000 38000 40000 42000 44000 46000 48000 50000
26
 0 2000 4000 6000 8000 10000 12000 14000 16000 18000 20000 22000 24000 26000 28000 30000 32000 34000 36000 38000 40000 42000 44000 46000 48000 50000
26
 0 2000 4000 6000 8000 10000 12000 14000 16000 18000 20000 22000 24000 26000 28000 30000 32000 34000 36000 38000 40000 42000 44000 46000 48000 50000
26
 0 2000 4000 6000 8000 10000 12000 14000 16000 18000 20000 22000 24000 26000 28000 30000 32000 34000 36000 38000 40000 42000 44000 46000 48000 50000
26
 0 2000 4000 6000 8000 10000 12000 14000 16000 18000 20000 22000 24000 26000 28000 30000 32000 34000 36000 38000 40000 42000 44000 46000 48000 50000
26
 0 2000 4000 6000 8000 10000 12000 14000 16000 18000 20000 22000 24000 26000 28000 30000 32000 34000 36000 38000 40000 42000 44000 46000 48000 50000
26
 0 2000 4000 6000 8000 10000 12000 14000 16000 18000 20000 22000 24000 26000 28000 30000 32000 34000 36000 38000 40000 42000 44000 46000 48000 50000
26
 0 2000 4000 6000 8000 10000 12000 14000 16000 18000 20000 22000 24000 26000 28000 30000 32000 34000 36000 38000 40000 42000 44000 46000 48000 50000
