10
SGD
10
26
 -1.2279258794293735 -5.825612786445203 -6.451861131128561 -6.689652157415936 -7.005150134485629 -7.155511933219731 -7.282688736280455 -7.397640175328199 -7.571234827504105 -7.6614901737346575 -7.749522455977541 -7.810502989581764 -7.875706039170751 -7.953413876932439 -7.9928789386028205 -8.036349039499543 -8.073474305607853 -8.09032518370205 -8.127387983142011 -8.15627771011885 -8.18931801126049 -8.241121331477588 -8.292955562890675 -8.32496469992901 -8.370800614921679 -8.394138785187183
26
 -1.2279258794293735 -5.568539019778126 -6.046740790033335 -6.456050023165353 -6.690354622087126 -6.882071726884401 -6.952965188472015 -7.044504591608744 -7.144067364958548 -7.190887782636938 -7.309539666657473 -7.363755357279995 -7.463517218487074 -7.531010413417434 -7.565949148778374 -7.6226559609669255 -7.682245558226389 -7.717807293401697 -7.747012126851506 -7.796684187490245 -7.83309222154802 -7.872946466519904 -7.889689134601607 -7.9170065886433605 -7.952566019008878 -7.9917727812541575
26
 -1.2279258794293735 -5.84667165241253 -6.435116057007564 -6.7862688588463005 -7.030456248560702 -7.191679434675419 -7.329322281070895 -7.485687791959316 -7.526366877322346 -7.631535075181245 -7.7033023872761355 -7.732769497581034 -7.801067126479352 -7.863077710990764 -7.926406760958233 -7.970056893113645 -8.047103816465441 -8.098601903024209 -8.136424872102571 -8.17040015445901 -8.214009290755607 -8.248610445553712 -8.289301878978895 -8.314586481524264 -8.342011190074794 -8.374493472345307
26
 -1.2279258794293735 -5.689559896457253 -6.01977957510881 -6.383046529994945 -6.6828739380997755 -6.838468838433558 -7.0179724868620985 -7.125200803502646 -7.247134794879984 -7.313863260898511 -7.391713395963623 -7.465921627310664 -7.532323051900736 -7.5835953812178944 -7.628303141751151 -7.671433315423675 -7.700516403802827 -7.738213972882392 -7.7600387257550025 -7.815998673305653 -7.8520655551792125 -7.890438746030264 -7.92315035319457 -7.959657901495701 -7.989507695090429 -8.018172853272798
26
 -1.2279258794293735 -5.728311975535385 -6.244875815734211 -6.520178064219557 -6.680409137939175 -6.847513499379387 -7.0277324776233785 -7.19706246638026 -7.288583117273327 -7.3499284844801585 -7.4323547478388745 -7.495411319657241 -7.515970080940536 -7.58508781999206 -7.626558975977539 -7.685255118478086 -7.7632075053110885 -7.812407386078195 -7.865679217914166 -7.904488632710527 -7.945869368763774 -8.003910506001938 -8.038094089260328 -8.063299845142637 -8.08491439215084 -8.11997014686954
26
 -1.2279258794293735 -6.045404519899883 -6.6271566220636 -6.989773082923244 -7.280357045854713 -7.41162250873912 -7.52314471718887 -7.630996252214151 -7.7404890721749355 -7.822617324661508 -7.88904012201097 -7.970283602295853 -8.03584990004089 -8.061843454143043 -8.125839434892265 -8.190711938706396 -8.242583501364436 -8.276412398063892 -8.300044991049306 -8.347648370808866 -8.386306205135135 -8.427151539184946 -8.466303734713 -8.508394981964528 -8.54108858428016 -8.572907351223412
26
 -1.2279258794293735 -6.026071837214283 -6.505261349556091 -6.874163168120328 -7.042863438033733 -7.321990919414714 -7.486108368960489 -7.5627906861061085 -7.66015303097149 -7.768312491849209 -7.874569794791316 -7.958117665496475 -8.039704092806732 -8.076139380825879 -8.147018182133644 -8.196195109875676 -8.23558136531909 -8.3002107718841 -8.361482129049854 -8.422888650699035 -8.460884459073938 -8.515775873959173 -8.54948056184981 -8.581079239079989 -8.596155613802358 -8.632858190828495
26
 -1.2279258794293735 -6.1042007563029665 -6.547603021148055 -6.978447092453785 -7.19833438185468 -7.3751643014869055 -7.5373080041922496 -7.6491952695841015 -7.791759861335232 -7.86439920107552 -7.942562920703393 -8.004346550418413 -8.06691356704826 -8.128661790391057 -8.198137411244296 -8.274619575082468 -8.311694346635184 -8.376009446647817 -8.437272371263676 -8.4766520393226 -8.522506649651966 -8.558946240008916 -8.580738715019482 -8.603531295939552 -8.633898099641042 -8.66481059571788
26
 -1.2279258794293735 -5.784226943424165 -6.313489966612712 -6.71291002831855 -6.939617817263595 -7.155293324703617 -7.3175677939728425 -7.453558584810276 -7.542939231634578 -7.605133346336666 -7.711106449826014 -7.815623722184958 -7.89540873355731 -7.952242959884637 -7.999235458655604 -8.046191852657262 -8.103355375149317 -8.133188175247376 -8.176672531732223 -8.20725283023833 -8.262344313803126 -8.289319014604205 -8.315111561007438 -8.353878391849719 -8.383914015595172 -8.42060758547363
26
 -1.2279258794293735 -5.470676732308783 -5.973828988722493 -6.2908721207018345 -6.515312761430465 -6.732686799220327 -6.830673913175047 -6.981884578115957 -7.096402760661037 -7.236968737123189 -7.324687555790642 -7.387077033521579 -7.451782544140034 -7.5093679892024925 -7.575287210910387 -7.630514117120671 -7.671271647569066 -7.713905927512015 -7.7557612082612 -7.793058520612979 -7.8361531342295345 -7.88032904202187 -7.902676596281259 -7.936389323987355 -7.958202503049982 -8.005133625852249
SAGA
10
26
 -1.2279258794293735 -2.5612503742697297 -3.298317574817728 -3.737253465033388 -3.98462214065931 -4.158740334151821 -4.30339427127639 -4.421579861593447 -4.542124899336577 -4.6566788163499435 -4.758827097845316 -4.866560672336691 -4.973938943504189 -5.073366227887932 -5.167149807317646 -5.270059605323222 -5.374014956901467 -5.477200542668274 -5.56397121321472 -5.66764588316598 -5.761727462530744 -5.860308540311621 -5.948344209497587 -6.048596063428507 -6.163317706870026 -6.243698130124713
26
 -1.2279258794293735 -2.5739668434524274 -3.2983806945375123 -3.7377429329569054 -3.996912267649196 -4.165786749216313 -4.3056274981496685 -4.407130844655709 -4.5172155282240825 -4.624285289286666 -4.72737784959799 -4.826099158161682 -4.927117897046754 -5.029166444052034 -5.126442022139587 -5.224721135059437 -5.31343794426757 -5.41100814162912 -5.520305102330745 -5.624828990173268 -5.7257459355052385 -5.819757231108813 -5.917144984705778 -6.006771955571506 -6.105655562811344 -6.203420552035676
26
 -1.2279258794293735 -2.5746409796688567 -3.3016853640988892 -3.6984664407482946 -3.9636043026343404 -4.1408356701019695 -4.2878268280024745 -4.403841066655241 -4.526972083714571 -4.654137234773917 -4.764863442547258 -4.869312970693857 -4.961243318366137 -5.064525241378617 -5.17166903346158 -5.269850587122687 -5.370934437203385 -5.475837490223992 -5.57793012902091 -5.683725368305689 -5.79372332167855 -5.896701738193111 -6.000731499808473 -6.09758371013357 -6.204002630531712 -6.2980772347823235
26
 -1.2279258794293735 -2.552522786179984 -3.3254647229505743 -3.717451768134198 -3.983570773903352 -4.179464843346047 -4.3207425541753555 -4.4439674427184945 -4.558392820994037 -4.666878525654656 -4.766826177934017 -4.867827838714594 -4.953973033804534 -5.052101022331725 -5.151655795530754 -5.258404342915815 -5.3547780675891214 -5.462872016318143 -5.561712569236053 -5.664942187719437 -5.760704712355352 -5.8503285107621865 -5.959171513560174 -6.065352632026827 -6.168878787338069 -6.257686085105238
26
 -1.2279258794293735 -2.570981033121477 -3.280167882680757 -3.7213673751359417 -3.9769516031408068 -4.170960969033174 -4.308469301433642 -4.432411461496597 -4.5485935353046 -4.656967128669889 -4.763458788009421 -4.86302914715356 -4.979047160213793 -5.072536545183722 -5.179964005661856 -5.271336920695087 -5.369240931542463 -5.456854047960949 -5.553442577801849 -5.6503274611315 -5.72679513615346 -5.841701886709371 -5.928805020553656 -6.027044874098372 -6.1391633393977525 -6.2392081440563025
26
 -1.2279258794293735 -2.544103449583958 -3.2772000656203795 -3.737526497540623 -3.9729764395994813 -4.13668845673293 -4.282192171342664 -4.412804386338381 -4.527129597574594 -4.631557271027473 -4.741021060002411 -4.8341022173360155 -4.937457458436201 -5.046232606244423 -5.149503456613837 -5.251639298494493 -5.362977632821659 -5.459156923097611 -5.55496918256603 -5.645765357928883 -5.742374459956127 -5.832485748187538 -5.921602738452034 -6.026926597293591 -6.130167197654151 -6.222924051406962
26
 -1.2279258794293735 -2.5170634935921927 -3.276560127753333 -3.7000436706079074 -3.97782331439041 -4.190837001375355 -4.331872194421964 -4.4613789209458865 -4.573960794069637 -4.688400360816227 -4.786560322295373 -4.890111624384093 -4.986100727024387 -5.086263108777137 -5.185875008348011 -5.269161035475559 -5.379151713726848 -5.481242319569323 -5.572319428490056 -5.670381008176308 -5.769659961407605 -5.860620271789663 -5.962233904749343 -6.059249588482465 -6.149667104418264 -6.247664519170252
26
 -1.2279258794293735 -2.564824255758452 -3.313883210964631 -3.7399165527373395 -3.9880715280860453 -4.1743382717635775 -4.310291363729538 -4.43612393245156 -4.545877713524342 -4.646141905358264 -4.75497363836898 -4.849407148169949 -4.947508990931302 -5.047266856614396 -5.137944311116849 -5.245163983227588 -5.348216443779296 -5.447672059132774 -5.550974825207837 -5.649109858756718 -5.747975344931761 -5.843045602905628 -5.941546773599051 -6.029313103445087 -6.138693547868184 -6.229183700295621
26
 -1.2279258794293735 -2.5303309062868053 -3.280070424637626 -3.6989273477019715 -3.9733641731627265 -4.149935191678788 -4.30107549827207 -4.428891190905931 -4.544409949539779 -4.64382449205748 -4.7400621006687675 -4.842181269491436 -4.93463076591133 -5.030712047447202 -5.130562928238971 -5.231876434058885 -5.323494137941826 -5.415483965410742 -5.49773221826003 -5.595211731891178 -5.6998776955418045 -5.786652214074356 -5.885952901391589 -6.001353818542901 -6.111574872164043 -6.206018361665982
26
 -1.2279258794293735 -2.5513044908360185 -3.290260147344693 -3.733008939291384 -3.993360830845534 -4.1624370376489015 -4.305464067475313 -4.432470415248699 -4.540783230381449 -4.633730874389714 -4.723114626012085 -4.816029598264894 -4.918028779734974 -5.026166113297635 -5.12463635180713 -5.224289004760011 -5.326179833788186 -5.420443972055619 -5.523310555472635 -5.620811875562811 -5.70115160005225 -5.798184311965587 -5.89267803352646 -6.002570161004474 -6.10660194649564 -6.202713302193329
ADAPTSAGA
10
26
 -1.2279258794293735 -4.667064929229921 -6.142510689831987 -7.068856844150229 -7.812627956747784 -8.56173184924477 -8.993193176583375 -9.197241493448216 -9.09915803692664 -9.672317630162189 -10.044378611745655 -9.632199274160019 -10.385533505469894 -10.625238389920256 -10.582919878739506 -10.575895239971926 -11.041870469893126 -10.176593880887454 -10.245745553337473 -10.798137865790192 -11.227008380050824 -10.912673378682095 -11.778743509901041 -11.677307257071924 -11.8977014956947 -11.939091649108365
26
 -1.2279258794293735 -4.972750754267629 -6.247092483054329 -7.139887734924907 -7.8075110050204035 -8.588229276933603 -9.048074224340576 -9.18700284410354 -9.090480098221871 -9.748540121320124 -9.983506639521021 -9.619431423420766 -10.470834282756831 -10.6447478309033 -10.554359829527566 -10.620205276619139 -11.16155267405522 -10.252346134739632 -10.29201236968009 -10.863815754789028 -11.268153227261196 -10.946857242715415 -11.834818120766833 -11.740701313525914 -11.906179165118255 -11.915520530776728
26
 -1.2279258794293735 -4.933811077059464 -6.165535005621332 -7.250645710430491 -7.9335196474106615 -8.588048433072862 -9.13822827528706 -9.303459212118241 -9.186713515244568 -9.756094199553399 -9.997591339145236 -9.589207218517016 -10.44453764493535 -10.621167335505794 -10.479278553079794 -10.67272213931086 -11.145302919397158 -10.239904508030047 -10.344217452682638 -10.900871908927922 -11.328774033333135 -10.937614054654176 -11.80179623451807 -11.729487200255125 -11.902378349814656 -11.843395581385092
26
 -1.2279258794293735 -4.936443713776451 -6.259214858003436 -7.2664299977529545 -7.933010268591151 -8.718557525064524 -9.197004418835492 -9.19224004334154 -9.101564399357992 -9.76484761651897 -10.045571384762887 -9.642773634696038 -10.535966295927327 -10.70812779704756 -10.62855715544068 -10.669962234659664 -11.20355205197905 -10.205905217257076 -10.307942363105692 -10.904469035865343 -11.327743403156012 -11.00570844255298 -11.88200504502501 -11.745918193480335 -11.956647059581194 -11.974201153724541
26
 -1.2279258794293735 -5.020990541872942 -6.221793448234104 -7.192857676004875 -8.018819881025419 -8.776424479795697 -9.153961271022876 -9.318774438863016 -9.067219949993818 -9.710227473661277 -10.022983587781708 -9.561607527238348 -10.424577472197484 -10.589483717532238 -10.530970295074917 -10.611752740725553 -11.103788804568532 -10.23228092453539 -10.32373611197221 -10.861431526838647 -11.271455796164311 -10.983116147097462 -11.835795549028942 -11.732578844477445 -11.899118118111302 -11.960099549972389
26
 -1.2279258794293735 -5.009883374559239 -6.227654842218773 -7.189977454226132 -7.996298344684876 -8.773403860269797 -9.15993871096705 -9.327857698930828 -9.135174176840392 -9.762471858856157 -9.98557366889334 -9.6131711463583 -10.427264192680758 -10.604893750728984 -10.481403179610657 -10.582775305510665 -11.122770132239749 -10.245709479834918 -10.280627841255491 -10.888641549667465 -11.310446851778336 -10.94650685306779 -11.819422647374427 -11.759464265119828 -11.916986256723284 -11.92922422176582
26
 -1.2279258794293735 -5.020686523157098 -6.443305536522697 -7.406218861689962 -8.078097765846755 -8.951356925220475 -9.304601331998898 -9.357128570546196 -9.287038851291578 -9.858681017057588 -10.12655611982287 -9.65459471819648 -10.495904971893651 -10.768729786629029 -10.663222696978494 -10.716826947599467 -11.241621859934675 -10.253236221819929 -10.348794109419915 -10.964304494499961 -11.327514800507588 -11.049423298382195 -11.973762033127315 -11.865159855596566 -12.020038940371538 -12.018778841135992
26
 -1.2279258794293735 -4.878143754207801 -6.177215131131706 -7.254325796898107 -8.071044806721885 -8.800584452184259 -9.270621230626176 -9.415215993780546 -9.073183060419504 -9.795791263963459 -10.155094389772916 -9.658554499991556 -10.487889871942972 -10.643610480520184 -10.566858147130096 -10.609393122643503 -11.133409512743556 -10.320174323559309 -10.39834577456178 -10.954340551559499 -11.300097528030282 -10.987453044183077 -11.903852409732359 -11.759684347105184 -11.979216752516317 -11.957884573096939
26
 -1.2279258794293735 -4.761565890050458 -5.816195105440289 -6.956278738626032 -7.86622771597567 -8.507377407810212 -9.043697254287112 -9.268659437547273 -9.017123134573135 -9.584924101995837 -9.958053929055621 -9.502739307085305 -10.488562164856337 -10.692997061194529 -10.65617305798109 -10.670034841449825 -11.175647845510555 -10.211934302172272 -10.31757569626661 -10.906403240358218 -11.380050836567014 -11.035582134150687 -11.898496407834056 -11.79094787114916 -11.930681839688088 -11.89039894187812
26
 -1.2279258794293735 -5.067436437807217 -6.179163764983011 -7.2290880128600135 -7.976153493063365 -8.720728231499134 -9.094727505090825 -9.185048153904068 -9.123584474123318 -9.793224956402709 -10.079066709272416 -9.62889630789463 -10.399379647729724 -10.575692871155484 -10.529686622609924 -10.625287688613838 -11.180040896836495 -10.228998429321065 -10.225826162374988 -10.825732642410538 -11.277648604256024 -10.955005303703818 -11.850944715014124 -11.798418190604131 -11.924227530128656 -11.937249668128164
ADAPTDoubling
10
26
 -1.2279258794293735 -4.840843280837874 -6.0250054146662135 -6.844174476142473 -7.442702417356911 -7.9710324318840655 -8.194142409101378 -8.752650933522554 -8.745098126388287 -8.981980610680365 -9.130138817117604 -9.413620281444397 -9.379452161584288 -9.633201216729049 -9.798883084702826 -9.927610651831545 -10.03904174873749 -10.357574358873958 -10.53500484932395 -10.606362796768616 -10.92951062285134 -10.963497329117022 -11.11235024772249 -11.281465905375644 -11.367365484357354 -11.439501217781958
26
 -1.2279258794293735 -4.842779843661202 -5.851252302414993 -6.4992387662256625 -7.166676307499631 -7.780406510006539 -8.055710832553252 -8.435279504218464 -8.667474698353008 -8.882501630902677 -8.900447155231666 -9.348386352421821 -9.670238634487292 -10.021578073303466 -10.29368304440896 -10.288419331842757 -10.3686061784322 -10.760787491708026 -10.795120050269805 -10.965339430217899 -10.829226755243544 -11.157762615834832 -11.195346685657366 -11.534762059506571 -11.55194773539626 -11.674927104784649
26
 -1.2279258794293735 -4.764374953753393 -5.719286637640176 -6.461486974416761 -7.058794421402668 -7.677927386149448 -8.06376015803879 -8.42437969136508 -8.776665601723508 -8.926623636156076 -9.123609059295616 -9.486571429008558 -9.758054780876149 -10.005825967714237 -9.929733836985458 -9.75127759225831 -10.165803035411786 -10.464210812576376 -10.922338828908561 -10.77640261176214 -11.086375394787952 -11.130283235474737 -11.021077515580139 -11.021785519214509 -11.23754802001577 -10.838470404772822
26
 -1.2279258794293735 -4.915169710399099 -6.08256808560592 -6.770765472542309 -7.406977451092866 -7.917072706254777 -8.37087824589028 -8.550020074282981 -8.904476694022202 -8.988084025979404 -9.262546598486939 -9.30417320904131 -9.558659956539268 -9.696773485101845 -9.643889577660676 -9.859465336675115 -10.123767914499401 -10.401605720703751 -10.534794318228354 -10.78404102042466 -10.71603066865319 -10.587664946740624 -10.600449779152799 -10.711929986474873 -10.993424741699362 -10.844347533040418
26
 -1.2279258794293735 -5.0177253585431885 -5.982904998293018 -6.809295110934025 -7.405538809699105 -7.756126728863089 -8.147445156404048 -8.698879738647284 -8.858936295856651 -9.227021308947046 -9.470531293172472 -9.417305984983017 -9.45514740268435 -9.631174415261645 -9.819104270258393 -9.970873560507208 -10.056542111903116 -10.5179952518486 -10.52658990378645 -10.488067696488999 -10.5713206024535 -10.542527065879856 -10.69932503562619 -10.83098087656564 -10.9284390218584 -10.872958432503836
26
 -1.2279258794293735 -4.9117159157264245 -6.006896401580879 -6.697385949334491 -7.327575937395868 -7.674011379523688 -8.032910587594804 -8.388148224803887 -8.795348449415673 -9.038312320210977 -9.078872953332697 -9.481112630327612 -9.531114659748386 -9.570122135012877 -9.775756949425084 -9.793442925673768 -10.254027521000776 -10.315456426550014 -10.393159971619985 -10.299664791012427 -10.480363943477819 -10.273578077450884 -10.369877454413988 -10.745408339731085 -10.953141579191477 -11.083236937350117
26
 -1.2279258794293735 -4.907110525219291 -5.817534812212626 -6.753519474416351 -7.258378621173274 -7.784530079233683 -8.284579254883212 -8.564520924701068 -8.820958525914282 -9.093483676228772 -9.55604330972781 -9.660851102985593 -10.008086449934703 -10.219829643911707 -10.334968770290207 -10.20730540800615 -10.647060289292787 -10.493581449702095 -10.721728700650358 -10.744216745626666 -10.871601525554428 -10.915132600939614 -10.873851608379477 -10.725176405696669 -10.745466698477186 -11.175797203359773
26
 -1.2279258794293735 -4.730812508964535 -5.953087538813052 -6.812400747778865 -7.4050501575069205 -7.674422268584681 -7.953364984290576 -8.28968912153032 -8.503227290048173 -9.078490580523564 -9.356421925840287 -9.418448009612499 -9.615367851839686 -9.504330181093538 -9.554690392923433 -9.803122122758023 -9.85040853674466 -10.444785272221845 -10.620166760354952 -10.82831385261699 -10.650464383960097 -10.519207099528023 -10.753737773982147 -11.014357982294758 -10.963984822138896 -11.004431295918787
26
 -1.2279258794293735 -4.7154586177551465 -5.786762399095848 -6.747068515035968 -7.317749499199315 -7.778160464116078 -7.993432029613772 -8.545240259793147 -8.679952642487137 -8.728973551038079 -9.001704206397305 -9.09113215353239 -9.196303860026429 -9.397065639110796 -9.376004113602225 -9.562329343675323 -9.805492547323075 -9.857017855929021 -10.234491937361176 -10.375489564247125 -10.710875358090354 -10.74715540522676 -10.643922675949876 -10.777326688035984 -11.095400907915515 -11.146160259260428
26
 -1.2279258794293735 -4.783612161696464 -5.953156804656125 -6.796891017811072 -7.410305096023799 -7.768429251346023 -7.973045890562249 -8.337398985165969 -8.521877566813707 -8.904979780366409 -9.287822093858622 -9.49952416069624 -9.414778169263887 -9.869682506258174 -9.828992659765726 -9.907502814626524 -10.308500599008608 -10.457118293062187 -10.682388615691437 -11.027070349692972 -11.015437487130484 -10.968950482495119 -11.113139210525393 -11.01068052153902 -11.200445109552946 -11.589519994676444
MainSSVRG
10
26
 -1.2279258794293735 -1.3065845239551543 -2.4779179647045 -3.1543812124528388 -3.587734676583633 -3.865565503442708 -4.03803897540796 -4.186265418313057 -4.274866341656143 -4.3965142726641915 -4.4857568273365676 -4.576972485398799 -4.645685884504727 -4.730479428602112 -4.770752072819188 -4.805809370789727 -4.910175050452855 -4.961830390964623 -5.045661068836042 -5.122632710369322 -5.1795698543837245 -5.2678112614466475 -5.319488413252129 -5.32313779976425 -5.34553781009238 -5.386929966356753
26
 -1.2279258794293735 -1.3099624412878683 -2.5340382113891433 -3.2556230731614364 -3.686977352752609 -3.963642094299339 -4.1506982674665425 -4.299274621501108 -4.3937822804893445 -4.461485779032641 -4.526659343767952 -4.601703847746209 -4.682222868021164 -4.769114317337688 -4.859177245483536 -4.9352017293400765 -4.977844389933323 -5.069144988800266 -5.154325247656915 -5.23712895232256 -5.360342005832007 -5.434366461344822 -5.494310994888379 -5.55625283275212 -5.6282670276294775 -5.702584862100454
26
 -1.2279258794293735 -1.3051963665723256 -2.454292149092753 -3.1257788384547434 -3.525726125621444 -3.7811897047694325 -3.9929080654877045 -4.125386692180008 -4.259497564846408 -4.363592402755928 -4.4427010780169836 -4.5176389389078455 -4.573068393767793 -4.6502682912224556 -4.689844023145429 -4.786331412660091 -4.871725857894595 -4.971030162197584 -5.026194831723491 -5.074347355060132 -5.136207906314897 -5.195929604886247 -5.265054235166863 -5.297817085336593 -5.345421480881469 -5.411340186096688
26
 -1.2279258794293735 -1.3068501799760348 -2.4934852738776505 -3.184676979840078 -3.584229839883322 -3.853491122004093 -3.9465368637700338 -3.9465368637700338 -3.9465368637700338 -4.096407066888111 -4.258417783516931 -4.386640580590092 -4.495480662535435 -4.5958439561678786 -4.687910191843363 -4.778735336733359 -4.866602752365021 -4.953149465305175 -5.040000738591805 -5.127591089245512 -5.210972405138135 -5.29772356033884 -5.383806909243551 -5.466833469733645 -5.553968660004199 -5.636743728609093
26
 -1.2279258794293735 -1.3098020068270388 -2.534677757727938 -3.255529876117156 -3.6911536785054087 -3.959814024722163 -4.116214039132111 -4.243199236158548 -4.360577293999698 -4.446587887648757 -4.524819900545286 -4.609620787699761 -4.677472123706329 -4.73467512615331 -4.809633920747243 -4.848861310190572 -4.953293493903902 -5.032918856878762 -5.103991058992689 -5.157560853272038 -5.214270647766644 -5.24678817322217 -5.350914103933882 -5.413226737763203 -5.4430577950829 -5.483670500307909
26
 -1.2279258794293735 -1.3087855343948605 -2.516380034933021 -3.2142994993931255 -3.621251565649742 -3.858494652064855 -4.030495659504742 -4.137026419308697 -4.230931544514329 -4.320721916102081 -4.388166972614594 -4.464964614556281 -4.493253202429405 -4.540426840367771 -4.566585355792055 -4.6403858305782295 -4.6992090937641695 -4.733292304339741 -4.800745285915291 -4.8334500869113 -4.8871147702227935 -4.956231559847125 -5.020902826195189 -5.042191985835878 -5.106858390777033 -5.111158991848131
26
 -1.2279258794293735 -1.3061117542855571 -2.4781793297661467 -3.1685620258644063 -3.582541967049169 -3.8425277794229675 -4.015790677140736 -4.160250918641853 -4.260516658997357 -4.366294873131917 -4.467433125593521 -4.549788624404103 -4.643236480789114 -4.719463401534084 -4.786155780598488 -4.839773521010503 -4.894682338619148 -4.967378625803294 -5.038005500370872 -5.090005651140318 -5.186931026037304 -5.274723161332648 -5.303789813619914 -5.354306590461921 -5.402601918068924 -5.47714718621503
26
 -1.2279258794293735 -1.3072331134664907 -2.487873979614251 -3.1812874718216477 -3.5793571810283913 -3.8474721559085507 -4.033331604990436 -4.1717547584642665 -4.307258789517739 -4.3985216171432056 -4.479306754187603 -4.564159653860397 -4.633826898563722 -4.702454817591792 -4.781292039384372 -4.86104145152386 -4.9527973727365815 -5.02218837691398 -5.070084698955903 -5.162917519912043 -5.218224891081912 -5.277382290557189 -5.352830626167203 -5.405399728208816 -5.482335991040143 -5.589452825808986
26
 -1.2279258794293735 -1.3106894621499794 -2.5448161644125564 -3.264343018756482 -3.699924595496338 -3.967769515974812 -4.12833445293093 -4.261592274599956 -4.368750023607542 -4.457939596439074 -4.530300584486608 -4.61854031413834 -4.696460366281331 -4.770784645797509 -4.840221882888399 -4.91911621738544 -4.983146075905225 -5.027575250284515 -5.106408376969163 -5.17851835347769 -5.219749106766918 -5.237119275311333 -5.337648627591281 -5.295440028198296 -5.360049522149114 -5.466794513035115
26
 -1.2279258794293735 -1.307397664555375 -2.5020549881402006 -3.18837238485965 -3.593681830000229 -3.8195743382782337 -3.9819303169706757 -4.128712939603092 -4.231113608034694 -4.338077928353652 -4.406612901596106 -4.453176856858166 -4.496875687834799 -4.569707616281671 -4.617410168041886 -4.6800400524296455 -4.757607981707322 -4.818734077609925 -4.816410145687591 -4.906563278215283 -4.946827321126077 -4.966287099630791 -5.0556407122126 -5.121868952269097 -5.170433141061145 -5.2437945896255425
SGD:0.05
10
26
 -1.2279258794293735 -4.250269328444773 -4.964771385826751 -5.511906751010162 -6.117863559502154 -6.828486410328607 -7.344263829865259 -7.889037427993402 -8.064621516279987 -8.314686528725161 -8.709461649785814 -8.901188251907161 -9.459028815575218 -9.11998609918329 -9.13850661041516 -9.877348453799408 -9.440206863209754 -11.066435846101228 -9.81934960019951 -9.801154826423147 -9.682806582088617 -9.048014600015096 -9.601203642750784 -9.978500643854272 -9.29488256787923 -9.877201919785044
26
 -1.2279258794293735 -4.304818715482978 -4.939212812691811 -5.552171741231399 -6.11110537865817 -6.770118142688876 -7.164492178296279 -7.707237080322818 -7.807917567667581 -8.21704096325801 -9.368678406779509 -8.908663383669584 -9.546964408466817 -9.359715524052273 -8.673371093636652 -9.069036476455082 -9.095336334066749 -8.756253791809113 -9.961893636579468 -10.299629928362672 -10.813201644261122 -9.955842560031163 -10.349760495357943 -10.254836745588566 -9.712325927317343 -9.656930594298458
26
 -1.2279258794293735 -4.321177370165914 -5.03382939469704 -5.635194657300396 -6.337693966841315 -6.796773423261059 -6.852892020736526 -7.864975767571235 -8.472477080202108 -8.685591368471421 -8.719748940981605 -8.963983874957792 -9.551986745142676 -10.455850876453328 -9.801583019063376 -9.83904955325863 -9.565093628806748 -10.03506688277488 -9.794104679188738 -9.05358449697883 -10.657327575014573 -9.668797443507842 -9.747245051886951 -10.548640944292089 -9.277394981410355 -10.064318018000614
26
 -1.2279258794293735 -4.303983246975972 -5.052555272403737 -5.740781310177346 -6.234507350665374 -6.60246251560987 -7.101654058855645 -7.685884142160621 -8.142660156995237 -8.519607347754553 -8.885549315605397 -8.708433478768999 -10.346889975888873 -9.26419861481367 -9.76008453942537 -10.066728262994257 -9.033893549943917 -10.202513729701375 -9.285504424986774 -9.475696195068503 -10.003540040160281 -9.332890630073363 -9.351253657753869 -10.261800561663055 -9.50313134753668 -9.455187530062645
26
 -1.2279258794293735 -4.2778871516545705 -4.871585256469898 -5.413208486721344 -6.069128931484862 -6.559488208729547 -7.1682476462975355 -7.8108432678458435 -8.263859305057506 -8.273290179728468 -9.032319876244236 -9.034508437335857 -9.272824436660434 -9.16601915555341 -9.234922153848839 -9.240489772538059 -8.878742580697851 -9.287918508692528 -9.29335178681376 -9.534196017736232 -10.12192464722953 -10.02926506428877 -9.170648685711264 -9.956095782506194 -9.619357273203688 -10.036576684375216
26
 -1.2279258794293735 -4.356569930494902 -4.850540582781419 -5.267597830010402 -5.999915543849291 -6.622141033133948 -6.958654660816406 -7.53655541048898 -7.948862472625675 -8.123151732380743 -8.694279465138507 -8.543738917864355 -9.146362809223067 -9.15615740446541 -10.149387011226791 -9.942115836873032 -9.72154897561144 -9.601810826299275 -9.802952584193907 -9.530286778480617 -10.093513193393518 -9.620308941590855 -9.83530951922268 -10.27324860474026 -10.003081108753204 -10.36973993945617
26
 -1.2279258794293735 -4.3282657670765525 -4.939347042628651 -5.470628904280064 -6.122437809736322 -6.666268404656767 -7.23592106560543 -7.722550935518206 -8.106271619329233 -8.791322735724844 -8.338344628889987 -9.145392113050736 -8.423111249085544 -9.38674424625704 -10.050127517887155 -9.009971121981742 -9.524889701274725 -9.84124309994355 -8.580273684391212 -9.339086066106427 -9.966610149729217 -11.047220908768407 -9.862693296469295 -9.785731455661791 -10.002917211764982 -9.860971376295542
26
 -1.2279258794293735 -4.337280449373088 -4.906527942203784 -5.507342851084682 -5.995445883931216 -6.451021754413965 -7.235672239437287 -7.313215841460509 -7.73736219732074 -8.29652604101954 -8.943179966872483 -8.832468339639277 -9.196997632300558 -9.47816281907943 -9.142714188481328 -9.177644256485317 -8.929310734286549 -9.901380988739428 -9.699727724850355 -9.45364624441022 -10.414877171230824 -9.77992544252133 -9.204916632215719 -10.16247486973662 -9.002980211167138 -10.082719756575546
26
 -1.2279258794293735 -4.326907230590303 -4.9619731987751425 -5.563533243045061 -5.921921941992996 -6.442380430355682 -7.15896361103845 -7.627446373089402 -7.888503843611925 -8.305618388433723 -8.694435102208205 -8.769673815871885 -9.00274899516078 -8.712472437732268 -9.52082947000128 -9.721623449366168 -9.970907528463542 -9.458266368383727 -9.02549816272361 -10.037447053659715 -10.662466552928173 -9.964697117288276 -9.321497803881734 -9.198112515667292 -8.972834985480974 -11.028808677424523
26
 -1.2279258794293735 -4.334569213904525 -4.915381774196286 -5.496622106808062 -6.025956349163873 -6.409644627012075 -6.780498506915798 -7.454639025226719 -8.247224449343417 -8.754666980957712 -8.764919302601035 -8.958229114357232 -9.903742674444226 -9.853199359472072 -9.713723973550657 -9.939201943336533 -9.43213782232494 -9.968660479344319 -10.686819501562002 -10.346141110780332 -10.149504875428313 -9.871716335637968 -10.090433981766367 -10.08972350340311 -10.273596447352432 -10.335404530160602
SGD:0.005
10
26
 -1.2279258794293735 -2.1497147276210256 -2.7914562606604068 -3.202204725630594 -3.4978601545388512 -3.7470403079536356 -3.9202027076333894 -4.04196571307972 -4.1443615687954285 -4.242064732853167 -4.325754733725249 -4.396708269470142 -4.468727569992315 -4.53627422849995 -4.604395940322722 -4.670370307339326 -4.735309852548164 -4.794243423322441 -4.859436122000603 -4.920632976557842 -4.983138891730723 -5.040622304879466 -5.102145553396296 -5.160537866857871 -5.2208631173746864 -5.27301931798969
26
 -1.2279258794293735 -2.137762001953683 -2.7509456396966856 -3.2054185400945987 -3.5387463022037036 -3.745385807126837 -3.9128461011279976 -4.051401862378226 -4.167367815645731 -4.258377599320495 -4.339591398688526 -4.412297396831431 -4.478605378393414 -4.548673029127698 -4.616617873882916 -4.677484530994994 -4.742439476216595 -4.812851015612569 -4.880278146529402 -4.947575847957071 -5.01040707349622 -5.066653367695977 -5.124319928219471 -5.187393061484699 -5.241773989971751 -5.302760828195143
26
 -1.2279258794293735 -2.1396502195033977 -2.7857645421372412 -3.213732962903291 -3.528898440253694 -3.7367137804134507 -3.9027653941697533 -4.017238222132022 -4.139720396183024 -4.233847430952931 -4.330092832353193 -4.407551997564129 -4.478775952769114 -4.544933462414366 -4.6167877825867745 -4.685880704456487 -4.751551276503421 -4.817144290850183 -4.876570940707356 -4.934298021071806 -4.997785895848772 -5.058224034391671 -5.124043072408586 -5.192262980609604 -5.258720729944819 -5.326292985445459
26
 -1.2279258794293735 -2.137620475270863 -2.751534880709682 -3.2114041604411505 -3.5089264365465795 -3.7216846853515455 -3.9021063225603605 -4.040956152049464 -4.153773328096589 -4.239493060190023 -4.323870057234024 -4.406082950296254 -4.477264886424035 -4.540729130193189 -4.6088688701764715 -4.6733416956858855 -4.73610198054519 -4.8008881052896655 -4.863685226658235 -4.917522869970534 -4.980956980970684 -5.044176613024419 -5.094411740921047 -5.146880110534959 -5.205897261852801 -5.259051808471066
26
 -1.2279258794293735 -2.1022099640987304 -2.7666200914648904 -3.1790669986770697 -3.490485721336878 -3.7128990748194695 -3.884451469329439 -4.023109845902916 -4.136464498922422 -4.2436144573761085 -4.330708104081979 -4.412586208974127 -4.481875490093577 -4.545845884018366 -4.6152911141129085 -4.673324709589908 -4.732262881492236 -4.795101464395336 -4.860510681692338 -4.924055280259067 -4.992379039637748 -5.0539524735335215 -5.111328226515774 -5.180140511926576 -5.237680468966961 -5.299912616713266
26
 -1.2279258794293735 -2.131810835923201 -2.7864370941040275 -3.241802703501483 -3.5251512912657432 -3.747403819074955 -3.910028360766696 -4.045993102344501 -4.155496488285878 -4.249871889212087 -4.337190354537239 -4.415980737398081 -4.489181960934449 -4.561436284563651 -4.624187519201058 -4.685904122601215 -4.75508345893942 -4.821871966759086 -4.89146389162238 -4.954969380901321 -5.018077442423479 -5.070608116097903 -5.120052115197785 -5.178783367159455 -5.238716573465782 -5.298603424431553
26
 -1.2279258794293735 -2.1169245808184223 -2.735388145322278 -3.161042346462665 -3.466801311132672 -3.6951532660217077 -3.890513697338797 -4.042382998955253 -4.149765239812 -4.249908862088301 -4.340059464533738 -4.425000754190183 -4.495044981668345 -4.566867882884734 -4.629816058087931 -4.694928341053214 -4.759563877334404 -4.821213134392895 -4.884348506140533 -4.9523847641114545 -5.010975822653142 -5.070371812680788 -5.1328768382915175 -5.197669311077545 -5.258874117951521 -5.315164169984585
26
 -1.2279258794293735 -2.113998044940867 -2.768781533225874 -3.2451542431120064 -3.5598670018060035 -3.7646369409320384 -3.9214598560290796 -4.04908353346703 -4.153756751919542 -4.244800279385603 -4.327505244032787 -4.40576766581994 -4.480063901775665 -4.547664569003117 -4.6098077822516945 -4.666249849283212 -4.731030151348891 -4.794563190856275 -4.852268217229122 -4.907242260352051 -4.963886492302537 -5.023921194267542 -5.086248520143397 -5.145172146038129 -5.215105394685654 -5.271393045965722
26
 -1.2279258794293735 -2.1178547431336594 -2.7648239790805538 -3.1995917250146446 -3.514557223782652 -3.745321183916955 -3.9281074159392646 -4.053454377805139 -4.171935259652613 -4.266562144340183 -4.351823685992332 -4.431413556762206 -4.504860744167947 -4.5725668258237055 -4.643988979422616 -4.7101062511381615 -4.769534038321338 -4.834203561163775 -4.8984279523866645 -4.9643174832301575 -5.019810247082352 -5.083022384349232 -5.132632287006067 -5.190424456777635 -5.2495354332977495 -5.315117043374862
26
 -1.2279258794293735 -2.131053153649879 -2.763725168016754 -3.194025608403036 -3.5217675656504013 -3.7380110243890297 -3.922668460819032 -4.052372450053724 -4.1577022276556095 -4.255923065754541 -4.338746490016229 -4.422660013495073 -4.501677772749912 -4.571016485526631 -4.640880030233643 -4.705982712949655 -4.766631519663614 -4.831211326259314 -4.900075516111595 -4.95674659848589 -5.016852102350901 -5.081680913150706 -5.142580065495536 -5.2038594227391375 -5.260739300701787 -5.323185628603335
StreamingSVRG
10
26
 -1.2279258794293735 -1.3114743972616483 -2.495105204441516 -3.213690896837351 -3.6125864299782067 -3.8927642123305963 -4.089615701093064 -4.252731177946704 -4.360047507727022 -4.479761460949648 -4.587556373993708 -4.684697845063791 -4.778565996569216 -4.865801655854879 -4.950010452991681 -5.035776238563526 -5.125456802338419 -5.2131804705760025 -5.312017130868388 -5.41128548247866 -5.506350299583658 -5.584102551569856 -5.681172168729213 -5.767797904671466 -5.829044786074239 -5.910292657784989
26
 -1.2279258794293735 -1.310668943194066 -2.525808833549142 -3.048078600792808 -3.048078600792808 -3.048078600792808 -3.3103827110505577 -3.681553219691938 -3.9156487032695577 -4.1056831908676354 -4.255361070323755 -4.369327281616038 -4.486075625929072 -4.5861061844076225 -4.694780934592533 -4.791399234212355 -4.894663285717905 -4.996671415649059 -5.089513971786427 -5.177964624361863 -5.27537749466078 -5.359658420696584 -5.45202818255987 -5.548470716569182 -5.622562783945093 -5.714811997838288
26
 -1.2279258794293735 -1.3058667891253306 -2.5046637801694462 -2.657270282508346 -2.657270282508346 -2.657270282508346 -3.3060099824542415 -3.6978736410869764 -3.9401894425954853 -4.111762815670375 -4.27126751371139 -4.38850473433684 -4.493236351152483 -4.597741120400966 -4.692235038394204 -4.794853828631217 -4.890112653920339 -4.986099182323965 -5.06973661802837 -5.16620180062479 -5.257052732640707 -5.346256041620155 -5.448621350632557 -5.5449921331202425 -5.632765454126669 -5.727701282925424
26
 -1.2279258794293735 -1.3106350994253173 -2.486328492456596 -3.195599821640537 -3.6475447359134674 -3.919187442363739 -4.105082176110031 -4.256489043760969 -4.376202620427304 -4.487173967237871 -4.591264813420256 -4.685905421032223 -4.773788195738118 -4.859013378431396 -4.944519223168746 -5.035181624629389 -5.122956140173659 -5.202073717418012 -5.290098009708022 -5.367162067536172 -5.46469553456837 -5.536283998421507 -5.647693695666817 -5.7419299149621175 -5.824067629478813 -5.902674046796643
26
 -1.2279258794293735 -1.3141146940797344 -1.5791342268341213 -1.5791342268341213 -1.5791342268341213 -2.646918828997208 -3.299110712910034 -3.683462888965731 -3.9281801387188806 -4.125938348340354 -4.281110825662427 -4.395054870567895 -4.501794868965415 -4.604104147727233 -4.698306649867396 -4.796224324338086 -4.900083417925134 -4.988384698395834 -5.0918765721807535 -5.185259835635214 -5.262117626219045 -5.347321111383757 -5.447690890413782 -5.545284085392625 -5.636188757334993 -5.718954725065697
26
 -1.2279258794293735 -1.3133190334079754 -2.4887464076807806 -3.1849111956292986 -3.645767367094316 -3.9081420877271107 -4.092885666697569 -4.250269316680807 -4.371197873561392 -4.481359165723392 -4.583366823477297 -4.681569706537862 -4.77959738494889 -4.853719328248118 -4.966966519896803 -5.059735797739504 -5.169701669580061 -5.264142726898645 -5.348603565198622 -5.431343868895265 -5.528897045390283 -5.61544249893521 -5.713154371396162 -5.8103225656361746 -5.8886752567361516 -5.988180356096458
26
 -1.2279258794293735 -1.3020018779478126 -2.508084931574604 -3.219003685961276 -3.6526742788358586 -3.9360062253306993 -4.116007975647044 -4.241624391276028 -4.357451699471708 -4.458636684662459 -4.538672593759311 -4.619651649510032 -4.714224727152526 -4.810740688375886 -4.9051369781901935 -4.992290665825142 -5.085952609759448 -5.168672162741225 -5.263991935119742 -5.3579821499641325 -5.439721066849251 -5.528769964733292 -5.610539696570854 -5.650448716261031 -5.650448716261031 -5.650448716261031
26
 -1.2279258794293735 -1.3137425066807673 -2.534733500544595 -3.2079098647085376 -3.6705983797636335 -3.912220661269097 -4.1144819816845235 -4.2527957771870035 -4.3804455592759055 -4.495311469771292 -4.61422522679385 -4.7091560633007195 -4.802444612720756 -4.897997468224495 -4.992991263075454 -5.08439696757678 -5.165019929406901 -5.254133033767248 -5.336061062431801 -5.441307618537184 -5.551796513941041 -5.6341423739157355 -5.717604684715792 -5.809634800814054 -5.9038770757957435 -6.001418521475352
26
 -1.2279258794293735 -1.3094328914676576 -2.484954873205588 -3.2275970165426573 -3.6544665945638815 -3.926210556264585 -4.114527387549562 -4.260921390764716 -4.377265780609855 -4.475472854151838 -4.575512812933922 -4.662614590540417 -4.749214964272686 -4.820107394809944 -4.895896830443891 -4.993556505552841 -5.088204457952311 -5.170831722719918 -5.267611840794899 -5.370111797957217 -5.467911554359461 -5.546347779421643 -5.622971318948421 -5.721389429461113 -5.7875273940757515 -5.873068936611232
26
 -1.2279258794293735 -1.3078882583692866 -2.486890934717903 -3.1927150966223046 -3.6353380385464025 -3.9309920519949126 -4.122804632675473 -4.266341644064215 -4.385996336017585 -4.493780905997205 -4.594288055378274 -4.698860378631841 -4.79325728214477 -4.8820023335674145 -4.971363389762686 -5.061566300469992 -5.151100001057863 -5.240539315979427 -5.342548812200856 -5.442076809049944 -5.530068091877684 -5.601272587400804 -5.694052486012526 -5.793088232133122 -5.8750292048495325 -5.952013479062722
ADAPTIID
10
26
 -1.2279258794293735 -4.881675295936933 -5.921803035539343 -6.714956872796168 -7.290842468796111 -7.905325019326205 -8.345642773432056 -8.612534331907382 -9.12701606004386 -9.228961588718922 -9.359836421224498 -9.510896384812705 -9.987021341464482 -10.11803222926679 -9.88622525884832 -10.292560809732963 -10.217434284616983 -10.359942072211098 -10.79133435467471 -10.354131976901627 -10.385184691363676 -10.655807623252915 -11.193550566472528 -11.633306999366326 -11.504713034009766 -12.454855210246158
26
 -1.2279258794293735 -4.6492826690549025 -5.678224261042365 -6.347411420760755 -7.038046388619394 -7.498223177126904 -8.330555928303767 -8.66562002844495 -8.881429501487567 -9.309785750881712 -9.635473142313229 -9.655451239922316 -10.203852389322908 -10.039399897285731 -10.104827706351315 -10.295725310271408 -10.507765380093508 -10.881208047236951 -10.94610269257931 -10.452706855718827 -11.171423357028237 -10.804698370124967 -10.73550506311553 -10.948121816458185 -11.160083392811943 -11.058815304947828
26
 -1.2279258794293735 -4.735574822158663 -5.7343187497724655 -6.372281104254679 -6.9507750179381755 -7.303402454781397 -8.06457392314138 -8.42660793164812 -8.762318389241605 -8.961569007015807 -9.565155417303183 -9.691789072815775 -9.915624188506383 -10.102218705851632 -10.247688599631894 -10.466868970562357 -10.276981741675588 -10.379075860699588 -10.393474838563467 -10.516870937597874 -10.624501852484235 -10.838769780381426 -10.993929508481752 -10.93241912537643 -11.164220662265743 -11.108350321820414
26
 -1.2279258794293735 -4.699426772661721 -5.770889357732533 -6.500186705419743 -7.11120529373182 -7.677618434930345 -8.06119546085471 -8.320652151854974 -9.075587368754084 -9.335926882554475 -9.622803474092244 -9.657769710887804 -9.663743643588191 -10.11892411722136 -10.039326286429677 -10.331086185593021 -10.940722428975372 -10.98171753167379 -10.968335925282256 -10.934568363204901 -11.282394372096201 -10.856679307240636 -11.626035811728789 -11.826274336308671 -11.85832288939495 -11.584612038685648
26
 -1.2279258794293735 -4.800391297680234 -5.757949343189378 -6.48974396528718 -7.063117194150244 -7.531948564880033 -8.037770205930185 -8.325234149766997 -9.065440250415982 -9.333024188711352 -9.522680319729412 -9.98292434511108 -9.992557837494925 -9.816321719567208 -10.247167833928026 -10.667623358254259 -11.003809183524853 -11.260360817325923 -11.52535864592074 -11.498859757294262 -11.386236401931214 -11.348959322880486 -10.896071045668373 -11.173722892495 -11.554766698151617 -11.313927598097475
26
 -1.2279258794293735 -4.900822298229466 -5.90135892875782 -6.593493977649527 -7.118338383263645 -7.840863803451342 -8.28592802105749 -8.67008419411057 -9.208294134241452 -9.442667369187882 -9.43000068314366 -9.821620736096843 -10.194906605926754 -10.623063617530686 -10.407451610925522 -10.169095577624566 -10.320882325391949 -10.580957890481969 -10.845213168952649 -11.143879296545311 -11.065728079166725 -11.419130259698662 -12.197559206111777 -11.616860698640215 -11.832516526043058 -12.03487214921494
26
 -1.2279258794293735 -4.740232499516483 -5.672076200086938 -6.196178245329436 -7.240530897626969 -7.9115992965001904 -8.258755614461988 -8.593992049742399 -8.918244506059187 -9.067476396879556 -9.101553571087255 -9.627316028139964 -10.09859188529093 -10.418360679941642 -10.530435473283498 -10.405736130330908 -10.33773985673299 -10.739389171259482 -10.924283837943316 -10.930477590535899 -11.27526480472113 -10.704947710523681 -10.644376287022448 -10.883421808024304 -11.581188904489085 -11.368999725418623
26
 -1.2279258794293735 -4.774622785470104 -5.771887391720547 -6.583882435051785 -7.0826114011220325 -7.4144329133606774 -8.000558734730106 -8.230243946939686 -8.540914340821049 -9.157554911147917 -9.321916001757055 -9.536958421309743 -10.01327295739534 -10.1896056084663 -10.522814581089946 -10.628611634369244 -10.836011665448462 -10.853838367827352 -11.008330451901866 -11.560455363939552 -11.355489691373458 -11.434278671614287 -11.773263884710605 -11.456679204408019 -11.70365745443105 -11.996653868986241
26
 -1.2279258794293735 -4.785531377460997 -5.820996671789461 -6.543748017463679 -7.283365030552513 -7.876951939427822 -8.142882339771058 -8.781211666356906 -8.893642709332058 -9.094522913311838 -9.316875555195624 -9.746336263705821 -10.167559296379542 -10.364172187782087 -10.93347190571484 -10.447011896065039 -10.669513286485591 -10.978828585716784 -10.466866724968888 -10.646395394292913 -10.65834170324063 -11.314034702482338 -11.187009228655528 -10.835913646282913 -10.844578228541858 -11.499595781563356
26
 -1.2279258794293735 -4.751885336738013 -5.890491026136608 -6.572308928378216 -7.352850084269828 -7.7061530933264475 -8.254924593175309 -8.346855930114769 -8.617550078430167 -8.825838044847789 -9.369553249594492 -9.439363550790297 -9.967747666658767 -10.313233792621817 -10.478868509052786 -10.554776400548127 -11.032252092397673 -10.946828030505857 -11.069702525001137 -10.988260746388843 -11.44764865614436 -11.170771904222022 -11.171348630468337 -11.480278899888667 -11.961395845270532 -11.867998940512448
steps
10
26
 0 2000 4000 6000 8000 10000 12000 14000 16000 18000 20000 22000 24000 26000 28000 30000 32000 34000 36000 38000 40000 42000 44000 46000 48000 50000
26
 0 2000 4000 6000 8000 10000 12000 14000 16000 18000 20000 22000 24000 26000 28000 30000 32000 34000 36000 38000 40000 42000 44000 46000 48000 50000
26
 0 2000 4000 6000 8000 10000 12000 14000 16000 18000 20000 22000 24000 26000 28000 30000 32000 34000 36000 38000 40000 42000 44000 46000 48000 50000
26
 0 2000 4000 6000 8000 10000 12000 14000 16000 18000 20000 22000 24000 26000 28000 30000 32000 34000 36000 38000 40000 42000 44000 46000 48000 50000
26
 0 2000 4000 6000 8000 10000 12000 14000 16000 18000 20000 22000 24000 26000 28000 30000 32000 34000 36000 38000 40000 42000 44000 46000 48000 50000
26
 0 2000 4000 6000 8000 10000 12000 14000 16000 18000 20000 22000 24000 26000 28000 30000 32000 34000 36000 38000 40000 42000 44000 46000 48000 50000
26
 0 2000 4000 6000 8000 10000 12000 14000 16000 18000 20000 22000 24000 26000 28000 30000 32000 34000 36000 38000 40000 42000 44000 46000 48000 50000
26
 0 2000 4000 6000 8000 10000 12000 14000 16000 18000 20000 22000 24000 26000 28000 30000 32000 34000 36000 38000 40000 42000 44000 46000 48000 50000
26
 0 2000 4000 6000 8000 10000 12000 14000 16000 18000 20000 22000 24000 26000 28000 30000 32000 34000 36000 38000 40000 42000 44000 46000 48000 50000
26
 0 2000 4000 6000 8000 10000 12000 14000 16000 18000 20000 22000 24000 26000 28000 30000 32000 34000 36000 38000 40000 42000 44000 46000 48000 50000
