10
SGD
10
26
 -1.2279258794301755 -5.762561958481456 -6.601978357798501 -6.938081661869888 -7.085149751882272 -7.273706432410645 -7.4560768251514755 -7.514381535893307 -7.583239974384341 -7.688918461372662 -7.788642446883932 -7.852946073861606 -7.9056658667673565 -7.951441386382055 -8.022933258338988 -8.056706066547742 -8.12082773128187 -8.168447423553099 -8.203852015246387 -8.25890367562218 -8.304081525823698 -8.332498649964128 -8.382466215330526 -8.412395902391422 -8.478254885560094 -8.5095928462516
26
 -1.2279258794301755 -5.814547823848121 -6.476597360887185 -6.823801138071445 -6.995550150922188 -7.1602578255952185 -7.3291503179189625 -7.429137493479237 -7.5528202809056255 -7.715572588626909 -7.8021980483927384 -7.86746107077622 -7.925397051209276 -7.996239207759224 -8.051880749503487 -8.102035736787121 -8.107921114090583 -8.165973398969983 -8.225371356696366 -8.270764396928527 -8.31010029227896 -8.338182037497193 -8.387767509640152 -8.42089975660435 -8.443050404327778 -8.454974510860563
26
 -1.2279258794301755 -5.708755546975202 -6.1947159452532485 -6.606014387877314 -6.876233542613096 -7.029281641086458 -7.188229964336283 -7.354728843626382 -7.463449164567869 -7.582081347969019 -7.675484385712737 -7.755426125125387 -7.834038641683648 -7.830918527099352 -7.8971584795980565 -7.964723409436932 -7.994273451568655 -8.047060437819322 -8.083316736942184 -8.136391283108766 -8.174269754629874 -8.196821073900656 -8.223114237135013 -8.274074618639835 -8.29700292720061 -8.320727520618473
26
 -1.2279258794301755 -5.563571282845817 -6.256636987033269 -6.561403031723677 -6.724534297575955 -6.924899576306426 -7.077847843167243 -7.213581101829741 -7.295146039702067 -7.388973974564613 -7.503322038612788 -7.602891597787244 -7.691764823057133 -7.74410420378752 -7.776285666464081 -7.84470697788504 -7.899506104221865 -7.937621092892665 -7.9957699881740405 -8.035134769314354 -8.082079424467468 -8.115284439524121 -8.141694502174282 -8.18515940610517 -8.213826984350973 -8.244773284098297
26
 -1.2279258794301755 -5.54323225914431 -6.050346230796595 -6.4125832034191115 -6.651454482703502 -6.8106607926081955 -6.936409833541697 -7.039980520638225 -7.169682903131443 -7.2320311814187574 -7.287100156238498 -7.371438154207226 -7.405183065202271 -7.4813682016071255 -7.5335765735145035 -7.568405148793029 -7.613450507373335 -7.668043211983664 -7.706943490359223 -7.753868323903962 -7.783310818622954 -7.816271467970225 -7.838434313927884 -7.886314692584561 -7.915201739336032 -7.948632204184415
26
 -1.2279258794301755 -5.823054096258324 -6.601872885255749 -6.7937270605604905 -7.023679787753461 -7.26568850742835 -7.403702708727195 -7.505500377682974 -7.597336601506864 -7.6706923872183514 -7.779091351535841 -7.851849023290814 -7.9027791158236536 -7.974910556238125 -8.02750315000444 -8.084007364754617 -8.12927807450057 -8.175747174028198 -8.210570500611416 -8.243197033718666 -8.27968463776567 -8.332152969963568 -8.365411695297805 -8.411916909682997 -8.44131709786476 -8.48638305133162
26
 -1.2279258794301755 -5.856798390488041 -6.413007904082593 -6.691280224622316 -6.842824160598132 -7.063153360505481 -7.2108269302312324 -7.398695913606086 -7.497801271221571 -7.6234838459905045 -7.682768689545842 -7.739382747159144 -7.774047700715305 -7.839789037467969 -7.915311344126366 -7.972322174221189 -8.017548742585994 -8.067958952270093 -8.099034533395237 -8.130090393036436 -8.165713753075087 -8.206415335841376 -8.240754504163476 -8.283205764923462 -8.317427868090393 -8.356503315791743
26
 -1.2279258794301755 -5.7530445814140485 -6.4228656001681985 -6.698975284038513 -6.954345654763004 -7.112660319240958 -7.267495274598756 -7.382750907870965 -7.504372808695772 -7.59226988007452 -7.671879517007481 -7.756153897959106 -7.817124424918269 -7.86119760088076 -7.888466554564533 -7.9562403330753835 -8.017072181737207 -8.053779736182952 -8.103856884190902 -8.147743921735666 -8.187557460467085 -8.212299154108289 -8.242438501429627 -8.286856557301157 -8.325545324626201 -8.343375437022276
26
 -1.2279258794301755 -5.870560476808341 -6.232118769198459 -6.58711108564993 -6.906552915052269 -7.075003758128728 -7.222919562882901 -7.33804654111013 -7.413542781467892 -7.51031712311182 -7.570347173546174 -7.620125030509675 -7.687707683225257 -7.768038491416576 -7.833860430632001 -7.899485969217384 -7.978044109716581 -8.034828938562145 -8.073818163367353 -8.119147400130428 -8.14489787862301 -8.185147331254253 -8.218165026710766 -8.271328747985649 -8.305199079722367 -8.327642360356593
26
 -1.2279258794301755 -5.988453161621594 -6.527884012317014 -6.828498352947896 -7.178283711307212 -7.3479987818347485 -7.481282290179094 -7.575101354379799 -7.673381570162802 -7.777309820910095 -7.856264042401609 -7.893440965235661 -7.972013466181353 -8.001007661418157 -8.049618345441873 -8.115277097913614 -8.175103526899285 -8.198107839812343 -8.23722568110867 -8.281023970067773 -8.318932670311604 -8.343432116146968 -8.39259025901403 -8.449369132728041 -8.467916574052193 -8.493906963783791
SAGA
10
26
 -1.2279258794301755 -2.561514346543784 -3.2974127859665368 -3.7203879513705704 -3.973538789338417 -4.154360546162395 -4.2988304073851635 -4.418460877888088 -4.524086778670402 -4.63552949152386 -4.744410532360323 -4.853196253103255 -4.963457818108459 -5.0617302847141765 -5.159576012924227 -5.259025419898776 -5.3673158749340155 -5.464369958565994 -5.566578279254793 -5.670613765318249 -5.781677835202278 -5.877589508063848 -5.988985262228976 -6.095530446347819 -6.192403223978417 -6.28447357679099
26
 -1.2279258794301755 -2.568036106774161 -3.3029781726075482 -3.7265875016802625 -3.9850425139800847 -4.167420083193246 -4.317376643273141 -4.442667239593095 -4.562415200921761 -4.671122665708849 -4.779122047028169 -4.8857786275431465 -4.986536547603414 -5.080293442504865 -5.181931249028728 -5.269989456996019 -5.359313348812178 -5.456550007410716 -5.551830421643656 -5.6382049133766365 -5.7430784714327965 -5.847224182456606 -5.9421924404810245 -6.030339568383403 -6.12853884050082 -6.217880790899932
26
 -1.2279258794301755 -2.570354294195999 -3.2827471513911535 -3.7216997521307653 -3.976332867699547 -4.148566069718437 -4.292603544663741 -4.432541369562667 -4.542484916243941 -4.642625593648923 -4.746334924781406 -4.849125048505843 -4.945148081675085 -5.0483629687818405 -5.1443147321642755 -5.231918903268566 -5.333241189164439 -5.425445189989103 -5.520014953059819 -5.624489967158307 -5.730097232531391 -5.820563350418869 -5.9338344577100335 -6.036153801007519 -6.126013253261749 -6.223695750508393
26
 -1.2279258794301755 -2.539420535566625 -3.287729842166374 -3.7043500486032985 -3.9931486881839704 -4.174870174771973 -4.332947572712414 -4.45259290722189 -4.553714322271127 -4.64683342660125 -4.756197489344126 -4.856105824188991 -4.951135680542845 -5.040252084211467 -5.142960549576571 -5.250854513002928 -5.342619327613353 -5.443328707221935 -5.528992807006427 -5.630177678509433 -5.72653322161138 -5.817594629089152 -5.923589721990502 -6.017502611081736 -6.1205281491346835 -6.2236509735348635
26
 -1.2279258794301755 -2.577438038923733 -3.316299184904946 -3.722547737012139 -3.9959561441427893 -4.17794315114194 -4.327501871217567 -4.448696590765409 -4.557930611192793 -4.665578764168114 -4.777981383833906 -4.879785823463908 -4.979330881127174 -5.0847193777796855 -5.178889805380584 -5.273051650590003 -5.37613120774753 -5.471884331833308 -5.571225382711658 -5.666307882220392 -5.775272790934663 -5.870601147769545 -5.9641245169655175 -6.072269209969728 -6.161926334409047 -6.253221800408713
26
 -1.2279258794301755 -2.5633998885010367 -3.2895248605879783 -3.707112054489933 -3.975803166993352 -4.139758563822733 -4.301736235285126 -4.430597609690057 -4.5465522648624415 -4.651847121995821 -4.745770783406957 -4.859796576935291 -4.956954992850391 -5.057635963754385 -5.160904716509052 -5.252043186667802 -5.352263334651408 -5.456925342068694 -5.56621341989112 -5.666072680047155 -5.767630693185482 -5.873056447513132 -5.976835292628898 -6.073882753662084 -6.181523696215066 -6.276398192970434
26
 -1.2279258794301755 -2.5483672586405475 -3.291585696098393 -3.751102924938923 -3.9820015535679016 -4.168691794905329 -4.305204682562135 -4.431659253997485 -4.532798169148686 -4.649009439693836 -4.750248414907193 -4.850940671126407 -4.95022034383587 -5.046725183562559 -5.138663509470764 -5.244802691901746 -5.357642602219804 -5.449464714342959 -5.543543251656806 -5.642587662493154 -5.7530003000820455 -5.8576258696356955 -5.948666246040478 -6.045614461420882 -6.1369008621181935 -6.231049662821366
26
 -1.2279258794301755 -2.558650052916961 -3.278732855938376 -3.6949751409542353 -3.940308854884819 -4.141385391184453 -4.318680000963969 -4.446983339816816 -4.560246821040726 -4.664174083826078 -4.7749603829633305 -4.885523925762545 -4.989156226559755 -5.081443442837941 -5.1943599380822985 -5.296138374343644 -5.386086613520708 -5.480015117000737 -5.5645488913925325 -5.652596660983134 -5.764648658028448 -5.868495322704804 -5.970651248387745 -6.0599782152752315 -6.166814116502089 -6.248766358375597
26
 -1.2279258794301755 -2.582885347288541 -3.316789138799345 -3.7438534827827916 -3.979879744757766 -4.157763355614316 -4.302528308538106 -4.420201195697125 -4.532284759257617 -4.630538365982135 -4.738364347667161 -4.83511721951092 -4.9449769168933555 -5.0401585937758115 -5.153543538478573 -5.255283372072776 -5.357035047290564 -5.455936953072216 -5.55674433648625 -5.641920943529343 -5.743416799104702 -5.836679966307694 -5.93769741538135 -6.034389805026895 -6.121521402739009 -6.20304048749115
26
 -1.2279258794301755 -2.5563674136224797 -3.2606240975569287 -3.6996691983434666 -3.978707159807888 -4.190345640009009 -4.3331631183347215 -4.447017786975484 -4.551307538750101 -4.649961851606203 -4.757082674485454 -4.845485683965659 -4.942935778720942 -5.042995779057377 -5.140063258400916 -5.241927150572983 -5.335834908863714 -5.4374392485665615 -5.528743705118009 -5.629174720620908 -5.736141739100993 -5.839124116431795 -5.9418285308567045 -6.042019958166246 -6.137554019491139 -6.244449165693547
ADAPTSAGA
10
26
 -1.2279258794301755 -4.7863914612550955 -5.8039001657045715 -6.711088249337722 -7.585813727845546 -8.054773942777613 -8.375566301133443 -8.708488891210383 -8.987545397233447 -9.204972796333273 -9.812642452031527 -10.249396401392683 -10.297328038887617 -10.339279376735366 -10.278153274740038 -10.636289862571308 -10.971861521703078 -11.174126809169556 -11.401868950834936 -11.213319324024756 -11.549494591184851 -12.047076839555881 -11.68924455941698 -12.275568263868905 -11.80875307595039 -11.781230121181903
26
 -1.2279258794301755 -4.959612455612062 -5.899151815743847 -6.840141791841093 -7.626309726453605 -8.076338462448089 -8.40326326961351 -8.754184684963114 -9.040272596087181 -9.185975857265063 -9.853192768642366 -10.304719136355192 -10.363460212114578 -10.362042864297548 -10.223692032535467 -10.74331898862069 -11.039516973678191 -11.229662473141671 -11.400986059396452 -11.199851783991212 -11.548361666541034 -12.003260554784347 -11.651168946238668 -12.348614660049218 -11.795465373372966 -11.799668689755183
26
 -1.2279258794301755 -4.901884401856348 -5.681889689753187 -6.712387982658369 -7.528986699327339 -7.9524619602072715 -8.293738250599787 -8.681110818139587 -8.994901362580658 -9.227778011276891 -9.896175000545014 -10.26396884015935 -10.309682900576735 -10.331117750583006 -10.190074043058186 -10.67785086331539 -11.038154140900838 -11.19098313773207 -11.348227069320735 -11.162290494917793 -11.571660535804936 -11.948090054289471 -11.531187144259354 -12.20888197723367 -11.809825406181819 -11.725793840959097
26
 -1.2279258794301755 -4.81804201869556 -5.793635308298621 -6.773885690323129 -7.5294893393885305 -8.078309732971308 -8.448646133967209 -8.845403081571126 -9.073211102332742 -9.219365646187896 -9.846251273355914 -10.318333056103583 -10.41123745474571 -10.452123650745428 -10.268202203862536 -10.748003777218834 -11.100147263861261 -11.26096419209362 -11.450175749332447 -11.274317390976114 -11.684179022514416 -12.07476204060353 -11.691119084004443 -12.443857317473753 -11.812258370926916 -11.808496012437452
26
 -1.2279258794301755 -4.799716987523953 -5.852151415562286 -6.749832017459609 -7.553179253315882 -8.077857630121509 -8.478096902131401 -8.726607348970825 -8.96967899792908 -9.154384207062629 -9.814427473156224 -10.29099531301905 -10.29042619488016 -10.348362686900566 -10.284595692004299 -10.68035163386979 -11.009917721009554 -11.23520056211717 -11.38739125302402 -11.233545124930986 -11.596199427920075 -12.06728098053609 -11.68946532929163 -12.299570871232993 -11.85914556815067 -11.761050053481716
26
 -1.2279258794301755 -4.838646533471159 -5.900490967036086 -6.873172990580338 -7.599997419215578 -8.060360188425332 -8.468778164223176 -8.757713615046216 -8.971461087003727 -9.254369005969684 -9.919409454502787 -10.308886277509723 -10.262968757089723 -10.286601170532593 -10.224451151411065 -10.694139478655506 -11.016340198127573 -11.199033399854983 -11.425671573782447 -11.238467437158413 -11.558292221489834 -12.026709427171978 -11.636853698459774 -12.253784600261092 -11.839722723401362 -11.72772730825377
26
 -1.2279258794301755 -4.88208022866778 -5.802576037534173 -6.688736889830348 -7.460840969103187 -7.8408123242908525 -8.293892926004688 -8.58636482997438 -8.932073885957209 -9.080218398581836 -9.655638535108759 -10.047933844521268 -10.061861292219751 -10.159965963860188 -10.110131038187996 -10.571918415669966 -10.928677292507354 -11.112780714968945 -11.285375936684009 -11.17557774253498 -11.424342455366954 -11.860159398725445 -11.586727534428764 -12.15758943306641 -11.687305186488572 -11.66691846081361
26
 -1.2279258794301755 -4.772975119675575 -5.721467930893903 -6.669182696919836 -7.383367775456493 -7.907804813070759 -8.371138105791363 -8.687636777023119 -8.97291615218935 -9.215245964645861 -9.809722214263916 -10.287168543920806 -10.310252069575672 -10.322510355614433 -10.19883865783627 -10.635234612737078 -10.988187179754414 -11.186407469827158 -11.410886499174625 -11.272285921823197 -11.488662768836406 -11.988427078854548 -11.596183717655562 -12.229982085336463 -11.809674581393333 -11.7790015972391
26
 -1.2279258794301755 -4.846028180453659 -5.87038009769623 -6.849243948173712 -7.629035838429471 -8.124020300480435 -8.462232282265077 -8.729247226039753 -9.077378103239905 -9.218014825068273 -9.8805170696258 -10.343610629186896 -10.364163351213636 -10.405352161417426 -10.280915435704769 -10.748211481265997 -11.105017267925808 -11.198103640535013 -11.3774480539815 -11.213327755983666 -11.606836017306115 -12.103665212158344 -11.713960749296803 -12.378391895075323 -11.910997954413702 -11.789990472714235
26
 -1.2279258794301755 -4.9530974092766265 -5.831439208855798 -6.8239443384634795 -7.530596943679718 -7.953536343753068 -8.3836752989779 -8.672688135941964 -8.93168724032563 -9.174244516047137 -9.833362793274004 -10.271158226314624 -10.329304436103818 -10.413693609485621 -10.232351795231343 -10.71413559437403 -11.105759722070639 -11.24908771773689 -11.455340485753208 -11.29626891065261 -11.614662237263172 -12.049025802912212 -11.708029467017276 -12.367834857962798 -11.756116694049945 -11.694826730854379
ADAPTDoubling
10
26
 -1.2279258794301755 -4.65183281669609 -5.462411020380841 -5.93919230755449 -6.684950713117976 -7.05223704615836 -7.457564632117766 -7.798680988676432 -8.088868379879242 -8.309691694328189 -8.668566685324418 -8.746693956708326 -8.92381861671951 -9.187131036528884 -9.481594891397103 -9.551105165731093 -9.646697238154339 -9.720633515909864 -9.84428861590971 -10.087340207549122 -9.942789752798182 -10.192257710130312 -10.19589380380846 -10.381120496121191 -10.506756164863289 -10.697911071173467
26
 -1.2279258794301755 -4.731637436910897 -5.580604671994354 -6.081309845145538 -6.631054951010953 -7.003501461841917 -7.592145343598059 -7.998755767610681 -8.29438333386485 -8.553257562329305 -8.794990944063846 -9.017527530953492 -9.193780938392234 -9.296096190047495 -9.507217784591653 -9.609078835637881 -9.91300449853431 -10.009740432339427 -10.074735602374481 -10.21101334741103 -9.956057032449523 -10.14722682419761 -10.617019058944628 -10.733193756929394 -10.871510775295224 -11.058335537262058
26
 -1.2279258794301755 -4.661218007114958 -5.423801737864542 -6.0306559638321895 -6.564203846450372 -7.120671194496499 -7.512832326376004 -8.030761400790134 -8.35854205925426 -8.59481989606587 -8.932356176343236 -9.041731161366624 -8.881282223737145 -9.161779415177277 -9.801837534141638 -10.01809216436756 -10.036289835314607 -10.10319702216036 -10.197705240931137 -10.234134975372122 -10.284375927989572 -10.264079937900203 -10.391279928245158 -10.555242040282737 -10.662347170535154 -10.887295731920737
26
 -1.2279258794301755 -4.4771202064486975 -5.495140136539081 -6.20283366196 -6.815426961203987 -7.202381888650384 -7.650775945516455 -8.037863076689723 -8.406742091052704 -8.759891524115918 -8.853673237549067 -9.058443043448188 -9.19697270628424 -9.343870147105621 -9.46634995126148 -9.718344579637607 -9.728262620721852 -9.997851993597697 -10.161537906894308 -10.256977974937483 -10.43328039698974 -10.371633136194493 -10.546514275543087 -10.515462356843503 -10.570373272842083 -10.794142909688384
26
 -1.2279258794301755 -4.598312772718133 -5.463177600556261 -5.921456903989063 -6.669022560491977 -7.114403408222919 -7.681404512943366 -7.9607882297509915 -8.155033326081405 -8.562394228884768 -8.769493323308915 -8.917939958436165 -9.123977465847451 -9.366489266830891 -9.374951975150303 -9.670763114873855 -9.777951365254342 -10.010418330628834 -10.04666365866436 -10.254772533907435 -10.47350845928585 -10.463119714595669 -10.485932279806406 -10.597781901401216 -10.789943424762757 -10.921996078602024
26
 -1.2279258794301755 -4.778216330164152 -5.65119750669798 -6.253720280255577 -6.873427531927905 -7.33885519298024 -7.792595490969674 -7.955111837008004 -8.472999001344515 -8.6761539638782 -8.88722501820756 -9.02709334728885 -9.17923157122622 -9.327448837209007 -9.527855491209735 -9.72200964899415 -9.784203185909426 -9.747800371442077 -9.754529218591367 -9.649514297852335 -9.955233336378182 -10.214286016695505 -10.194052683266017 -10.24505528187538 -10.436024856012915 -10.65393546609757
26
 -1.2279258794301755 -4.696858461207805 -5.5021650959514785 -6.305399671533817 -6.683530029200007 -7.2778514242117955 -7.651519499623286 -8.043969689786369 -8.438754075151907 -8.667770397850616 -8.858703064126406 -9.161165659610957 -9.283357995675873 -9.520600195625375 -9.817387842607419 -10.035599350459153 -9.995964916641494 -10.240221043257595 -10.425505783468452 -10.356168193902635 -10.479113301948521 -10.577615275234448 -10.670751806323713 -10.700709645694744 -10.997915355875199 -11.05282261270448
26
 -1.2279258794301755 -4.665631985393123 -5.368804374356812 -6.26592398620532 -6.722340301564168 -7.197938083078569 -7.5687380523049725 -7.944092742145189 -8.36592811522588 -8.464545371677502 -8.723699055831478 -8.87693991895565 -9.120714518761211 -9.304898918588943 -9.480770684657294 -9.846179398309587 -9.94008855671135 -10.085276622798492 -10.32291877323202 -10.303317328844708 -10.237374850609216 -10.276658669182334 -10.364414134359718 -10.611867678986254 -10.792726509798614 -10.77411274657289
26
 -1.2279258794301755 -4.513752807422507 -5.449653069716436 -6.029618655723029 -6.563067322971472 -7.0497003269731 -7.422505727892991 -7.850431637275036 -8.159141755028466 -8.29163776148344 -8.616228771513477 -8.839811828082034 -9.053016831669526 -9.122232180808133 -9.40930178970979 -9.660106708989066 -9.668523382062697 -9.667699433317779 -9.792759831251537 -9.94541794402529 -10.06503555229673 -10.071285732694957 -10.186647090743202 -10.353481085745612 -10.616051316459394 -10.76245273237674
26
 -1.2279258794301755 -4.746193116182359 -5.481152154521956 -6.095329697366653 -6.6841805579494205 -7.191627168642762 -7.749530629048682 -8.076796152853444 -8.437783746958443 -8.524813166154306 -8.785455516602493 -9.02329991602251 -9.108096584025903 -9.290236231681684 -9.440468448309465 -9.408675957660654 -9.52747576856369 -9.717318940474396 -9.764797198222723 -9.64206732107435 -9.911893263467979 -10.159930462157075 -10.291257135659448 -10.359413933619956 -10.602404942336586 -10.574241036522677
MainSSVRG
10
26
 -1.2279258794301755 -1.3066644874050801 -2.4712928612663787 -3.1687871421955127 -3.5768980191787256 -3.83257926748429 -4.0204161912147285 -4.148754294346618 -4.24763946167353 -4.349235857369758 -4.427980876319478 -4.508263390402779 -4.59678068259264 -4.6576904596157345 -4.729186237607885 -4.816675843337934 -4.874654373636583 -4.902617226476588 -4.963847573692136 -5.012459530918251 -5.039362513540463 -5.048959784984173 -5.094662736871552 -5.194000037377916 -5.221035498838951 -5.210756685658212
26
 -1.2279258794301755 -1.3116137553298222 -2.560044492697154 -3.291484394590753 -3.7142518417591894 -3.9386630112652488 -3.9386630112652488 -3.9386630112652488 -3.994676770404133 -4.15752275585596 -4.290931303815675 -4.4077235121174825 -4.515395262143649 -4.615108348146611 -4.712068034158632 -4.809962157106315 -4.905148613919601 -4.998535723079882 -5.091402061497018 -5.184421856798731 -5.274721307597305 -5.3684452053888965 -5.458516594211671 -5.555499484458636 -5.644218321538988 -5.7381592404969375
26
 -1.2279258794301755 -1.3083022945773461 -2.5155530868627634 -3.2214113713914734 -3.6271596514460382 -3.876623128728156 -4.03155954420678 -4.168476555797665 -4.263043465214004 -4.263043465214004 -4.263043465214004 -4.323763882010264 -4.448635820726372 -4.557227134033057 -4.656309663718064 -4.748360488426575 -4.835791410800052 -4.922152213005187 -5.007402932315157 -5.077153294306245 -5.077153294306245 -5.077153294306245 -5.077153294306245 -5.077153294306245 -5.077153294306245 -5.077153294306245
26
 -1.2279258794301755 -1.3082513311473976 -2.514463192734933 -2.7351298061099754 -2.7351298061099754 -2.7351298061099754 -3.292011233010223 -3.675992528821716 -3.9239990506793605 -4.098198505738129 -4.23434988229313 -4.293240846853866 -4.293240846853866 -4.293240846853866 -4.293240846853866 -4.293240846853866 -4.293240846853866 -4.293240846853866 -4.293240846853866 -4.293240846853866 -4.416042767413944 -4.526004407326191 -4.6259496974867265 -4.720288429487227 -4.811280089052469 -4.900937422748139
26
 -1.2279258794301755 -1.3089202354727598 -2.532252819911607 -3.237493797762998 -3.644479357356633 -3.907945837808176 -4.082788717469682 -4.21550719534532 -4.340335647330231 -4.428726813814705 -4.521061270877361 -4.6117318408695835 -4.698332148810518 -4.787501011160073 -4.871279758645932 -4.930736922843623 -4.995159479531072 -5.094560508910839 -5.171365999668047 -5.227118292309147 -5.227118292309147 -5.227118292309147 -5.294397032281519 -5.421522818753368 -5.538430768566662 -5.635892331313754
26
 -1.2279258794301755 -1.3073585916392252 -2.4903948989785096 -3.1967643207108956 -3.5942705726739836 -3.8631778730629653 -4.032088035054918 -4.153544973089955 -4.25266478748361 -4.3337700279161195 -4.41550828662766 -4.505203469415386 -4.573121343153113 -4.649075820685345 -4.743551356309988 -4.8164529008104 -4.879577772868731 -4.9274271876522775 -4.9274271876522775 -4.9274271876522775 -4.972270822614681 -5.076990742892185 -5.176154294750303 -5.271523464373334 -5.3650825766865395 -5.456476991122446
26
 -1.2279258794301755 -1.3094180362117316 -2.5200838008922584 -3.231240887308239 -3.6738579514797274 -3.9479037890330426 -4.1181042516119195 -4.246392893125158 -4.366081853129412 -4.403910479404258 -4.403910479404258 -4.403910479404258 -4.4823591694451865 -4.589467711459871 -4.692040286873027 -4.791408829130813 -4.889582919094592 -4.984819754288844 -5.079810265110219 -5.174713713842673 -5.2682559164842635 -5.361713786718412 -5.446064432697759 -5.446064432697759 -5.446064432697759 -5.446064432697759
26
 -1.2279258794301755 -1.3063247188793659 -2.476019007771578 -3.1571550516583367 -3.566500605003028 -3.8305207218580577 -4.0070302285029324 -4.149468915729012 -4.265551766548511 -4.365572780897612 -4.457182945862915 -4.528392766789997 -4.574005913965783 -4.6754573960024866 -4.780231045912022 -4.838116836965179 -4.922113201543557 -4.966702026952017 -5.0087164671232145 -5.093064655194668 -5.115843184001015 -5.115843184001015 -5.120612233901523 -5.315398424756994 -5.475802441558043 -5.614509330870769
26
 -1.2279258794301755 -1.307368402523525 -2.497378033513773 -3.1723680891801815 -3.5662223957211356 -3.6418520431904957 -3.6418520431904957 -3.6418520431904957 -3.8940220630109144 -4.091314181850238 -4.2389058458192554 -4.3614026682462645 -4.470717247467573 -4.569072407343018 -4.664935092494604 -4.755753041586179 -4.848067506324703 -4.938072685173563 -5.027953625350176 -5.116026340317963 -5.207179899817166 -5.292848725730874 -5.381382372191429 -5.468793979245474 -5.558733403272546 -5.645210283043209
26
 -1.2279258794301755 -1.3075608153114326 -2.4921113583553116 -3.1944166704872368 -3.59636991426038 -3.878673810298199 -4.081168472516698 -4.2081472860989795 -4.32597902634651 -4.414217147733259 -4.50522856375544 -4.584285801571648 -4.656711909599767 -4.734205520159679 -4.790644436050679 -4.853936336808948 -4.956184497446168 -4.999858075691785 -4.999858075691785 -4.999858075691785 -5.087537006022634 -5.20587004152138 -5.315502606189343 -5.420481345596837 -5.51865621213005 -5.616649342975034
SGD:0.05
10
26
 -1.2279258794301755 -4.2911503576734695 -4.8992704979937205 -5.581705388220861 -6.080020728469441 -6.838947372909177 -7.18618553841453 -7.601529699283502 -8.253604348505146 -8.398052661338223 -8.735446257401026 -9.380396160738167 -9.494493504692402 -9.182490505043647 -9.567800055977585 -9.941924939777623 -9.039567230566243 -9.613180822810305 -9.85335418282167 -10.25543676448622 -9.661440274896641 -9.735641335486187 -10.426506013381308 -9.339170143600764 -10.095786051846677 -9.182837764839645
26
 -1.2279258794301755 -4.3204024476351846 -4.965105010655229 -5.513301518676239 -6.048252860970606 -6.496632710610194 -7.1253097955767615 -7.530908100017748 -7.962820222006436 -8.466770783575306 -8.646885331388738 -9.378856165492511 -9.223675719976875 -9.73647370499222 -9.902322191966045 -10.316316781396178 -9.781302424884837 -9.520511787414012 -10.360826852761916 -9.958132708327 -10.354233678417163 -9.985265269288668 -8.757892249997898 -9.767302266235808 -9.873553224146667 -10.509103729069281
26
 -1.2279258794301755 -4.326017736455835 -4.969846618215263 -5.650032117149632 -6.157701628451551 -6.592053008920097 -7.165051280465454 -7.400989202533222 -8.024581189461083 -8.151662640832999 -8.274046923323645 -9.260544322882325 -8.72998762323747 -9.395595346820024 -9.817452613052756 -9.081294283080465 -9.936972581874748 -9.957591798804966 -10.00060264541188 -10.078358578973194 -9.558697427874204 -9.777770871104797 -9.186500459382303 -9.405703668554727 -9.64946733085655 -9.195544304541382
26
 -1.2279258794301755 -4.301534381347246 -4.906955351771834 -5.4067814744868805 -6.0082838842960244 -6.49487575270669 -7.10063197629787 -7.605747448615515 -7.881242585206775 -8.261219176984937 -9.276414643952718 -9.495642793049296 -9.441064665232474 -9.635800142607602 -9.482537932920179 -9.323798301707116 -9.056905634636468 -9.530839991833272 -9.77118894600617 -10.629262517937182 -10.536137737342125 -9.66362955145758 -9.704671187106007 -9.438977994913564 -9.003338026499916 -8.741590296545843
26
 -1.2279258794301755 -4.285470877584808 -4.873024112565531 -5.464237447499517 -6.061077079089679 -6.459075322662701 -6.89004893500364 -7.358296537390697 -7.915805469162374 -8.165592319315515 -8.09743318808517 -8.78119111761524 -8.952025311187855 -8.851674498312605 -9.129283062690217 -8.290800493561203 -8.9756076036713 -9.392371805937128 -9.535376201564755 -9.73447107834855 -10.593364560451338 -10.528220703587406 -10.179801758663594 -9.711766556828751 -9.839914522499143 -9.306574549905442
26
 -1.2279258794301755 -4.327330288254141 -5.002743881015299 -5.53905249793022 -6.1959017425254626 -6.743890332823575 -7.179272917368718 -7.903679529162217 -8.070794401500123 -8.610021883042952 -8.753563449775475 -8.85860348572351 -9.547858560186617 -8.68312993807041 -9.22877395056325 -10.255372092757344 -9.721642143964056 -10.811229914216854 -10.041985143657929 -9.144650280032879 -9.835683751999499 -9.698353477704664 -9.179775238189652 -10.182601155848147 -9.895811556430147 -10.513936291971058
26
 -1.2279258794301755 -4.336845934607488 -4.906087266831146 -5.462278401624544 -6.072326246840495 -6.717872493437728 -7.2643763379049675 -7.841476294027103 -7.73696003809076 -8.710671923155688 -8.593137991989197 -8.766877535496418 -8.906611610512352 -8.994837433337752 -9.612554060620818 -9.053812890174223 -9.925478220663443 -9.19991459586622 -8.619283567087315 -8.393580909959427 -9.430154392185917 -9.907551202153076 -9.394449206700045 -8.89002656033169 -8.719510847312405 -10.135446744428679
26
 -1.2279258794301755 -4.3304196597099205 -4.939591169462233 -5.460769550213064 -6.191980803378367 -6.740254964361279 -7.154745292337166 -7.790282654204464 -7.935798605915737 -8.448539955904314 -9.046916982918939 -9.196200647728705 -9.376089849993154 -9.120235387812551 -9.559352664344313 -9.218570600914429 -9.761663938568464 -10.356306336353386 -10.145201930383449 -9.861807217898471 -10.594016912052979 -10.136211522666388 -10.43480207012217 -10.830034378757908 -9.544960839282975 -9.432016035172937
26
 -1.2279258794301755 -4.259610048695096 -4.817581141709078 -5.332006359709861 -5.697580760740765 -6.3470907396242575 -6.736147391275349 -7.394032784748408 -8.001921254028844 -8.177583403105958 -8.879605582960187 -8.988259833526383 -9.127889932791511 -9.284531440640896 -10.292401269030659 -9.07252667459744 -9.124682581376918 -10.71374631081995 -9.740800333501841 -9.530544070644517 -11.065404030466182 -10.387514852042214 -10.238155574472684 -9.347517509389117 -10.304525597555187 -8.783298640283222
26
 -1.2279258794301755 -4.346097557046068 -4.805315126884626 -5.323559045414912 -5.8420390948245045 -6.479915406015321 -7.094026650148059 -7.299194384585092 -8.115825727997358 -8.324799558287088 -8.878818998220947 -8.699859802008813 -8.906915657602147 -9.526385232323182 -9.634109505339683 -9.545840243495325 -9.790961117341997 -9.776976246081357 -10.522503113376716 -10.882541000428262 -10.371142889707219 -9.86632696228374 -9.532646094586955 -10.205294662217563 -10.027864284864146 -9.566392211866098
SGD:0.005
10
26
 -1.2279258794301755 -2.1140704074314005 -2.7455635760203214 -3.181070301927796 -3.483487107856078 -3.7287176574847085 -3.9392823003385846 -4.056876095804842 -4.15627012922795 -4.257062587012193 -4.345902450740243 -4.430934442422476 -4.509185286857255 -4.57484309110917 -4.6378014244019425 -4.696437288307221 -4.761988761274989 -4.830486977121035 -4.8933262992967945 -4.952055163975436 -5.01398604002076 -5.071240560451341 -5.133256502761942 -5.190556357190985 -5.256456680343829 -5.3006273783365225
26
 -1.2279258794301755 -2.122434123637261 -2.7533946194687293 -3.204235555904009 -3.5156345704131122 -3.7523922505116634 -3.928068201032016 -4.068577657314991 -4.163885708247543 -4.262253557117087 -4.350309971297389 -4.4199898086510006 -4.494369884739922 -4.556589909237557 -4.616580227681489 -4.679231582556641 -4.747519905649938 -4.813457570677679 -4.878719300378491 -4.9428991966487565 -5.009420664257041 -5.070813599603003 -5.130582671103234 -5.19364022348777 -5.256162754279437 -5.316475600338168
26
 -1.2279258794301755 -2.1116553315382567 -2.7515337581488883 -3.2057487949657193 -3.5036639532238723 -3.731060529719934 -3.8937918839810544 -4.040781545494692 -4.15089201535607 -4.256504308297852 -4.3431243752923505 -4.415708218754966 -4.493316436229144 -4.570353165572451 -4.635728484920752 -4.699809138098987 -4.77168153501168 -4.839840343944923 -4.9058229863248854 -4.975547569550688 -5.044767675162308 -5.111575666855227 -5.183867188252227 -5.248100650932018 -5.309567867455043 -5.37058111194966
26
 -1.2279258794301755 -2.1598842080932292 -2.7897045268459375 -3.218231571533666 -3.515336772010798 -3.7366382658524766 -3.9143437997827566 -4.046219741624325 -4.153691003352106 -4.255257715345242 -4.327808559417377 -4.408306210978225 -4.484815930372169 -4.558410228830157 -4.626476782049299 -4.68941484903843 -4.755874247355553 -4.825339021283766 -4.887598432584051 -4.951198568503812 -5.008283501747572 -5.072658630562178 -5.139740806759629 -5.194114657507947 -5.253640495330227 -5.306692142410582
26
 -1.2279258794301755 -2.136268784317981 -2.74981491743426 -3.1869661954721265 -3.5039944813447796 -3.749698705020396 -3.9275191661560807 -4.069713342689401 -4.169763132395661 -4.256527245281706 -4.339199191808163 -4.403515793209724 -4.46721584298572 -4.531563795656393 -4.59161750314239 -4.650624372409358 -4.70388044541935 -4.760575150569079 -4.8208631486873745 -4.884154642274573 -4.945308327890652 -5.0027905089286 -5.0555429737184365 -5.1014727780422655 -5.165700290954389 -5.231365437816929
26
 -1.2279258794301755 -2.140301243967755 -2.7534809679789145 -3.228177143212874 -3.5273541890197033 -3.7646587960523115 -3.9212621785278605 -4.052373152844099 -4.157623629948684 -4.2495290203276115 -4.334237740508508 -4.4086797996739 -4.4726689184304 -4.5456938541090794 -4.6144575493025926 -4.67852098469951 -4.7421818127133095 -4.806359924447544 -4.866565792215625 -4.939198018673687 -4.996619273170532 -5.064432724120989 -5.128284320009057 -5.188793486229764 -5.249407006608009 -5.310770768774319
26
 -1.2279258794301755 -2.1021869599190213 -2.720308031599253 -3.1618362441615484 -3.504043529982014 -3.7143009693190043 -3.8898970529439536 -4.032331853849703 -4.149917513646232 -4.235237628238206 -4.33279921937506 -4.41057522116241 -4.491318264949607 -4.564634426283792 -4.63706705543022 -4.702111778256709 -4.771913563041508 -4.833406023751407 -4.902027683451815 -4.965967022199535 -5.026923701719145 -5.092536557709334 -5.150653972171533 -5.215361604150404 -5.275670402752349 -5.34369134701265
26
 -1.2279258794301755 -2.158346341587177 -2.7663231510441237 -3.203083992647752 -3.50290084616746 -3.7561604928612686 -3.9266019729888013 -4.053049520590272 -4.154804297455742 -4.243113793410694 -4.324390676451598 -4.405472094608329 -4.478255346488905 -4.5444546287791 -4.610996398740077 -4.67027893073322 -4.732407085735012 -4.796377333476742 -4.8614396910431275 -4.9216654113246605 -4.97895242306998 -5.047933166134082 -5.118118043055766 -5.178789083481592 -5.233885013272475 -5.306476745061091
26
 -1.2279258794301755 -2.130327165211375 -2.7670152098459835 -3.195878976246335 -3.497848797995012 -3.73858809247171 -3.924170914148742 -4.044840538184316 -4.143814590553091 -4.2508244260375045 -4.333870456350228 -4.4136417337240745 -4.488938251846703 -4.559449205502527 -4.630099607920617 -4.691060773442857 -4.756508054936919 -4.815619410666743 -4.88009271660737 -4.943981965514379 -5.0072332345061605 -5.064743871414475 -5.130671688586398 -5.191419586535005 -5.251179079316303 -5.313770320870083
26
 -1.2279258794301755 -2.0876878516509043 -2.728619651577755 -3.1812777074053273 -3.4956894918873718 -3.7253619876897037 -3.908772020950429 -4.046329570980792 -4.163639541476477 -4.25180739781445 -4.321937735865015 -4.404229872774651 -4.475616522357931 -4.539429035447952 -4.6094971375918075 -4.67732759644298 -4.741367789447845 -4.8043067106746085 -4.8644805099466915 -4.918258611053654 -4.977019984425278 -5.042741153829753 -5.102829753947871 -5.160453712911435 -5.211522489341323 -5.268392955994712
StreamingSVRG
10
26
 -1.2279258794301755 -1.308224332107457 -2.5009545263730053 -3.2150316902057092 -3.624982810205602 -3.8928080524783537 -4.090871662186567 -4.226940283492751 -4.3613615751879315 -4.474731303973439 -4.576620635921543 -4.679859671852003 -4.784975620014575 -4.878510760304873 -4.968188538151255 -5.071190373821896 -5.159379955869198 -5.255736029485028 -5.337443131265257 -5.392642262769397 -5.503360646241219 -5.577302755877693 -5.661703389930243 -5.7637165708983105 -5.871939595243057 -5.953900327349934
26
 -1.2279258794301755 -1.2997055686057206 -2.4835121823574515 -3.2399093340925833 -3.6553067624038764 -3.7879609477876195 -3.7879609477876195 -3.7879609477876195 -3.9564456683198093 -4.132252777316567 -4.268361958098952 -4.389798361941616 -4.491251338386108 -4.6057142900081685 -4.706421731750343 -4.806888795160369 -4.90232294064652 -5.006703234383056 -5.095304566489245 -5.1650085411283895 -5.244015050861205 -5.334592808272315 -5.410300474998888 -5.5053570107043726 -5.596492142361901 -5.703649046721765
26
 -1.2279258794301755 -1.3144098568392992 -2.510470477520747 -3.1973158671838418 -3.6391354657655293 -3.9289237309900433 -4.11905652652406 -4.259097455659544 -4.382640416722132 -4.483461650045293 -4.5950703593973214 -4.6960933885698 -4.795942405309513 -4.889938747824346 -4.973158135006534 -5.063258537342969 -5.161708905418315 -5.253529239794158 -5.333992001576856 -5.405612212696165 -5.493174421058601 -5.5715920830315415 -5.649474232399524 -5.749214805452133 -5.832898456150903 -5.919164009710361
26
 -1.2279258794301755 -1.311351313547808 -2.512421077914464 -3.207097672008513 -3.608566794217432 -3.8718898085545344 -4.0836875920530025 -4.247094846174375 -4.397374252949427 -4.514307975742338 -4.6198688091924005 -4.706780468253374 -4.806515351532277 -4.904765071824148 -4.986194919562671 -5.079093762147513 -5.1643394811483425 -5.267480481169576 -5.351685667371381 -5.448929210887664 -5.548539881467836 -5.646712007862955 -5.743269571344041 -5.825737700955539 -5.9108293028762136 -5.990197086198027
26
 -1.2279258794301755 -1.3228788441416963 -2.5193374151275107 -3.2461440989773345 -3.6946658817380387 -3.936211092393678 -4.105791741014431 -4.248603681296719 -4.35471517022803 -4.454959814925875 -4.541152061248224 -4.639864066914585 -4.740663026014028 -4.836782206692522 -4.932095131282802 -5.011163354059687 -5.097183135347388 -5.185563369273185 -5.280723332857803 -5.377980908870575 -5.4643921556330595 -5.57262255939772 -5.659660093658284 -5.735972709556908 -5.835053769695597 -5.912795592685571
26
 -1.2279258794301755 -1.3164861900031934 -2.4941349481874657 -3.178792794943032 -3.6762005667946838 -3.9321938806815337 -4.120235571033605 -4.244526106740085 -4.370206651533289 -4.476247695498614 -4.574137060027735 -4.667579859407908 -4.757128722913649 -4.841011332403459 -4.933547229326764 -5.020523208128373 -5.112601656457205 -5.2120659601484185 -5.31241340277485 -5.394522502787177 -5.479636926254692 -5.572045521596852 -5.670703515023683 -5.759363010217911 -5.849656687054375 -5.893232138430314
26
 -1.2279258794301755 -1.3047631492942016 -2.5189286478711526 -3.222696410560034 -3.648560195239675 -3.909513763746591 -4.094701790656478 -4.242276205287511 -4.373900605458912 -4.482893801693054 -4.584161007754885 -4.66772092094116 -4.74295425842671 -4.825941147902627 -4.9076045823314205 -5.00361123259703 -5.092206727193126 -5.182927555899553 -5.2719959572429085 -5.3554952836039496 -5.452918498717146 -5.543052333045356 -5.639769889868046 -5.723421541740686 -5.813374318625731 -5.8993483243626255
26
 -1.2279258794301755 -1.3072155546588657 -2.5072520108590703 -3.2131771453438858 -3.662056800432797 -3.9285907606166846 -4.119922425784745 -4.256935421413897 -4.371291030620874 -4.466910145800338 -4.564438890432798 -4.66572342231803 -4.758444711937005 -4.847439543534421 -4.95059553135633 -5.033879815484778 -5.118317619084719 -5.195566059979043 -5.280923677163417 -5.38350099023556 -5.457942210049453 -5.5416502249952115 -5.634717368397709 -5.707964897730588 -5.807611037489024 -5.8803832950881265
26
 -1.2279258794301755 -1.3234170853347245 -2.547953793086543 -3.1966033819860633 -3.637119330068143 -3.894807233464661 -4.097249266179822 -4.247615282871124 -4.369214098580098 -4.4766912772957195 -4.570353888923748 -4.673518442498873 -4.777175337323823 -4.867555385812437 -4.973779724269351 -5.05185015517787 -5.1481714938575305 -5.2284895595034095 -5.315963175667821 -5.3958596588800924 -5.490819129937875 -5.585625380985437 -5.652600038189243 -5.716564839776698 -5.817886549595937 -5.8924072268576735
26
 -1.2279258794301755 -1.3094657364939253 -2.513947916363877 -3.242519214699656 -3.634270975774721 -3.887602110830758 -4.05561835023343 -4.218614527317828 -4.348925982660171 -4.46293007972705 -4.572393944785738 -4.670496575488934 -4.764948781598682 -4.848472454371405 -4.9401380492909155 -5.0213110027021 -5.130483419879451 -5.21649212694562 -5.297600166585023 -5.395352872533366 -5.4896785124844705 -5.58729825657496 -5.674780489379514 -5.773690756324238 -5.87014365678183 -5.9611874567179886
ADAPTIID
10
26
 -1.2279258794301755 -4.904539645819917 -5.974409693856513 -6.9030195274639725 -7.405297226561157 -7.839973674481091 -8.221621211894652 -8.364716365404167 -8.807065389741776 -9.36112744352388 -9.826818635843297 -10.250671061941015 -9.891430972997469 -9.53629742326734 -9.845482564781499 -10.361291100828959 -10.870600997013897 -10.45711107612831 -11.063827342304638 -10.80834076881865 -10.110910885887957 -10.419120393367502 -10.666583186058963 -11.541424309477705 -11.461188963095482 -11.721912949744068
26
 -1.2279258794301755 -4.845287690743813 -5.877685081899922 -6.751184657140368 -7.347393204782819 -8.078463574317635 -8.324622783011307 -8.817669455855887 -8.746128300588 -9.603805533323513 -9.513638463972734 -9.409357773027757 -9.752967867858704 -9.634725059882419 -9.997303569587169 -9.751707833229911 -9.932908843776609 -10.202778269180472 -10.61862856827593 -10.846423206759829 -10.787056213657552 -10.397660757806882 -10.841329448814003 -10.61251520618719 -10.540181077467516 -10.88880161057939
26
 -1.2279258794301755 -4.781631668034923 -5.882258533101896 -6.856977060928165 -7.288824093592066 -7.753806932732541 -8.282485099663463 -8.948316028715416 -9.096828065727033 -9.22854923726089 -8.877746060079938 -9.744808858074348 -10.240069117923559 -10.621204183776326 -10.663068969570286 -10.34279691252753 -10.287337377596916 -10.595866714363652 -10.889588292439539 -10.869542099022848 -11.02839620972972 -11.600411561745492 -11.595196488582198 -11.272611490344268 -11.979231238389556 -11.22941512368407
26
 -1.2279258794301755 -4.916747672715653 -6.054007576892763 -6.840949511471213 -7.434973087576573 -8.05799267471882 -8.793266373240478 -8.80247690456412 -9.203999331584733 -9.445343603626641 -9.693190687162868 -9.552587261102572 -9.671791068548648 -10.066765615601758 -10.134329634565336 -10.107156764097525 -10.301562438505169 -10.633913584409532 -10.853054598943796 -10.80895940758353 -11.334745432977293 -10.751598864176605 -11.184681145935874 -11.220952661369097 -11.102680579594239 -11.722756318121725
26
 -1.2279258794301755 -4.790868934487761 -5.880915921568792 -6.696010301280955 -7.301795232790282 -7.947987987649335 -8.113057832620598 -8.751842943868764 -9.143536017021315 -9.413287373301646 -9.80816575595339 -10.17681948224225 -10.045984689731597 -9.903839615946199 -10.075656698781582 -10.497992411125272 -10.725997268448351 -10.601826962982484 -10.36400735830235 -10.622576322013076 -10.915485276860602 -10.899427520544352 -10.46542205013694 -10.491675107347207 -10.356988531969154 -10.861590820564487
26
 -1.2279258794301755 -4.858529033560808 -5.986308394039117 -6.766622178512657 -7.350587245973628 -7.938027527432263 -8.313456468447527 -8.806604112221775 -8.88163158554704 -9.008350763125447 -9.328577566102016 -9.568858960787306 -10.001662960436239 -10.058531932132725 -10.072955282167369 -10.250857466685327 -10.438185942324713 -10.722519108629609 -10.903572239951547 -10.521605531544589 -10.679529907726057 -10.946383578974476 -11.008928168114567 -11.149412401617456 -10.997688426676222 -11.115984009138963
26
 -1.2279258794301755 -4.808428927389265 -5.8361704683863485 -6.747626733817512 -7.296733279859455 -7.6082034653299075 -7.918817102470096 -8.518027478663317 -8.99144968244864 -9.177776034580102 -9.395272289835013 -9.45459263344902 -10.082475071375837 -10.189257588266766 -10.27491696739967 -10.214462059911599 -10.318257354277094 -10.892116260074989 -11.205387062424577 -11.258155765289557 -11.166585315004099 -11.416616828868776 -11.489631758086661 -11.536124500766114 -11.456292169565177 -10.965388175256617
26
 -1.2279258794301755 -4.897637123226532 -5.977150182018189 -6.859581732547981 -7.523844095582711 -7.93445301715869 -8.177307260875587 -8.357793611199495 -8.982030993091383 -9.604977877122396 -9.513157698584338 -9.505351260287162 -9.743595903934077 -9.985581175067153 -10.378821429951484 -10.289749302106634 -10.702732878213892 -10.522809211847798 -10.41725400220649 -10.48244557940495 -10.404864808984735 -10.691538339504033 -10.763971101635422 -10.869362035930173 -10.637109974971448 -10.900063466383173
26
 -1.2279258794301755 -4.897893052370756 -5.896289295246165 -6.828712340227101 -7.372650745670309 -7.863727028338461 -8.263830931985986 -8.630296453932507 -8.998985478486647 -9.312582048816733 -9.92869757211139 -10.192303808845178 -10.66769963831803 -10.973245954917422 -10.548420320115792 -10.597711994045087 -10.557119772481775 -10.880819408020292 -10.59343385751394 -10.694212569067185 -10.721165185293474 -10.799740115129639 -10.975178136400128 -11.30137333185615 -11.266029546881326 -11.06598784939525
26
 -1.2279258794301755 -4.902740624957687 -6.029276332923782 -6.915058221965804 -7.582384526019109 -7.9794490171121355 -8.308937260559867 -8.496535052594465 -8.6879724017517 -8.876208006493753 -9.488508931037156 -9.698004531378388 -9.870287885604089 -10.023059111948783 -9.96313767137318 -10.229075467703295 -10.621670237728626 -10.637721931997394 -10.765925174463206 -10.635634758713392 -10.50241475386806 -10.661748309470616 -10.958782189881706 -11.20476272416274 -11.635921802100958 -11.274493575095462
steps
10
26
 0 2000 4000 6000 8000 10000 12000 14000 16000 18000 20000 22000 24000 26000 28000 30000 32000 34000 36000 38000 40000 42000 44000 46000 48000 50000
26
 0 2000 4000 6000 8000 10000 12000 14000 16000 18000 20000 22000 24000 26000 28000 30000 32000 34000 36000 38000 40000 42000 44000 46000 48000 50000
26
 0 2000 4000 6000 8000 10000 12000 14000 16000 18000 20000 22000 24000 26000 28000 30000 32000 34000 36000 38000 40000 42000 44000 46000 48000 50000
26
 0 2000 4000 6000 8000 10000 12000 14000 16000 18000 20000 22000 24000 26000 28000 30000 32000 34000 36000 38000 40000 42000 44000 46000 48000 50000
26
 0 2000 4000 6000 8000 10000 12000 14000 16000 18000 20000 22000 24000 26000 28000 30000 32000 34000 36000 38000 40000 42000 44000 46000 48000 50000
26
 0 2000 4000 6000 8000 10000 12000 14000 16000 18000 20000 22000 24000 26000 28000 30000 32000 34000 36000 38000 40000 42000 44000 46000 48000 50000
26
 0 2000 4000 6000 8000 10000 12000 14000 16000 18000 20000 22000 24000 26000 28000 30000 32000 34000 36000 38000 40000 42000 44000 46000 48000 50000
26
 0 2000 4000 6000 8000 10000 12000 14000 16000 18000 20000 22000 24000 26000 28000 30000 32000 34000 36000 38000 40000 42000 44000 46000 48000 50000
26
 0 2000 4000 6000 8000 10000 12000 14000 16000 18000 20000 22000 24000 26000 28000 30000 32000 34000 36000 38000 40000 42000 44000 46000 48000 50000
26
 0 2000 4000 6000 8000 10000 12000 14000 16000 18000 20000 22000 24000 26000 28000 30000 32000 34000 36000 38000 40000 42000 44000 46000 48000 50000
