10
SGD
10
26
 -1.553774828804244 -7.3567875175053805 -7.63726390153731 -7.817543372030333 -7.957653611808013 -8.055589908552975 -8.127104894974178 -8.192872240289944 -8.253099976940012 -8.299969775748782 -8.336041146369078 -8.37985582461475 -8.412821516509064 -8.439374262287746 -8.46521411706744 -8.494187559703493 -8.521910710190214 -8.552429648556076 -8.578417257122965 -8.598956983774501 -8.620965151590667 -8.642682037627663 -8.665266826899156 -8.68491251765812 -8.705588584643575 -8.724535595529748
26
 -1.553774828804244 -6.710955560874194 -6.999300548531986 -7.167428411349521 -7.288779551173481 -7.370969128617587 -7.445953963037949 -7.5135954153456375 -7.5642016642031935 -7.617672736921333 -7.660206326410097 -7.699335797672471 -7.7401228221894955 -7.779693198268073 -7.810828755195696 -7.835124018838867 -7.864162802047999 -7.890542091507226 -7.917091147364942 -7.94335524655114 -7.96320024872435 -7.979805969328245 -7.99647618449322 -8.017617243791127 -8.034061462637936 -8.050553930722694
26
 -1.553774828804244 -7.444824241475956 -7.804966969728308 -7.973136023874172 -8.094920152948871 -8.180265457890252 -8.260688581439187 -8.320193850396176 -8.38452486127564 -8.444180431294884 -8.49757294268336 -8.535240993763262 -8.570310728816082 -8.60365173759082 -8.631370466235415 -8.661520046297507 -8.68991458108743 -8.717094590704722 -8.745151322731076 -8.76567457006356 -8.78752811316021 -8.804692490906133 -8.819529650564846 -8.83660315569924 -8.854355959270894 -8.872736529222053
26
 -1.553774828804244 -7.064495798767906 -7.348178798057948 -7.55276344987466 -7.660133206946136 -7.758250752301823 -7.822476483831446 -7.894310431506245 -7.9486753661348555 -7.998705038474752 -8.042931951986443 -8.090380872563891 -8.122535043111224 -8.158727546438412 -8.184018889524959 -8.20840572341087 -8.234837067106296 -8.259499753889076 -8.284408988960624 -8.307301200494111 -8.327704990301356 -8.349497685911325 -8.368487217430479 -8.387461946647013 -8.397438886672807 -8.417982775666967
26
 -1.553774828804244 -6.841412481141034 -7.15945091884147 -7.328879568154721 -7.45120917705881 -7.553815248310089 -7.636394314874535 -7.70185089293487 -7.753535946955564 -7.802788065914622 -7.851066153647313 -7.887692115009012 -7.921969193350671 -7.955793206022586 -7.987251718582009 -8.01284053190067 -8.043047919645748 -8.06177425820601 -8.082489399316035 -8.104387463761276 -8.124376845427069 -8.141793900496346 -8.160166013662357 -8.17733757462325 -8.192143144271316 -8.206178052671989
26
 -1.553774828804244 -7.329903742680632 -7.835534402949022 -8.04400389632668 -8.184490934955937 -8.295531956312248 -8.383019235407206 -8.445149888555356 -8.515737246632034 -8.57501292116388 -8.626120033180946 -8.666487119544168 -8.702437386571951 -8.732639908220598 -8.770113655631775 -8.80020649005149 -8.838515955973019 -8.869583056144542 -8.897283291359619 -8.926687330891694 -8.954195320674282 -8.976095055285503 -8.997392552812315 -9.020832041056453 -9.039492127563756 -9.063430664446992
26
 -1.553774828804244 -7.246864561676394 -7.483785237472159 -7.664022434589036 -7.788395535282923 -7.885135905300227 -7.978509205911177 -8.048456505026495 -8.117363719437108 -8.170048472139364 -8.215059425375657 -8.249837188098978 -8.289468256090764 -8.324603499219364 -8.348138486506596 -8.377941693427397 -8.41512304774778 -8.447906702462848 -8.467978441744302 -8.493916081834449 -8.516597784842801 -8.53034808108335 -8.545543898239766 -8.569499092048106 -8.583622409615169 -8.593541067901125
26
 -1.553774828804244 -7.2028266347014185 -7.540090044240771 -7.692815143891782 -7.809569119007798 -7.879252693014769 -7.94997379389082 -8.012451565849991 -8.070753375730241 -8.105807073933178 -8.150786157054046 -8.181334589823875 -8.209112791859543 -8.24333275339842 -8.27708173067628 -8.30942656306778 -8.34156303547131 -8.368400850117839 -8.390298657819956 -8.417554202971896 -8.440215227334216 -8.468023061935279 -8.487612540453025 -8.506203059566916 -8.525346266206636 -8.535482772772552
26
 -1.553774828804244 -7.062163748659276 -7.342841154527614 -7.541704990038664 -7.674042791775086 -7.751865890611834 -7.83827412834263 -7.901129579697565 -7.955665991042231 -8.018844437545402 -8.05879719334965 -8.095404843598693 -8.130393161255284 -8.160764992558212 -8.197921687948611 -8.219295230161588 -8.242700156217508 -8.263101522003113 -8.291026285111775 -8.30890125971736 -8.329615979820097 -8.350952660950112 -8.368527744196358 -8.385286376759554 -8.403166806687603 -8.418984356044271
26
 -1.553774828804244 -7.444043258526564 -7.762038212953767 -7.911183841987731 -8.04348701702727 -8.155570843999383 -8.23958930490937 -8.308928528143193 -8.382463688570253 -8.429818157574902 -8.474559561695125 -8.519152615520902 -8.555827658703135 -8.588595583321773 -8.617418310412512 -8.646921927908432 -8.672992897265626 -8.697172160983959 -8.720381656200356 -8.745571001629042 -8.764042799788026 -8.785873329040955 -8.80133981012589 -8.821914134126327 -8.83826388636565 -8.852776408205663
SAGA
10
26
 -1.553774828804244 -2.2451483638327083 -2.869301989293586 -3.4258781077682996 -3.911774757387905 -4.342915636086195 -4.732152894686309 -5.060609304567152 -5.3309146909869645 -5.593260457541192 -5.841819225965237 -6.054649095516286 -6.235275341640577 -6.406800111143833 -6.556557551193847 -6.703802981511215 -6.829661869913439 -6.962129429379054 -7.084229023050257 -7.203335985539206 -7.317549660657875 -7.4342829011581655 -7.54308957705959 -7.647914520027917 -7.750660805124901 -7.857281058044563
26
 -1.553774828804244 -2.2739502229409223 -2.8979489651890793 -3.4467380698048222 -3.9359433008059534 -4.3622804952587435 -4.758067740138783 -5.073663287474128 -5.363200503777592 -5.62320486653924 -5.862718194160802 -6.061853916193511 -6.249175353553038 -6.424875921399632 -6.571932581052659 -6.720271825433346 -6.8611112148407285 -6.985708821699297 -7.110215329005476 -7.226951264346132 -7.339796322138433 -7.446922325297432 -7.561697721343671 -7.66962097211755 -7.770600768630506 -7.868720018235208
26
 -1.553774828804244 -2.245805648935814 -2.870257761777296 -3.425002026148413 -3.9235474505265864 -4.353288219526288 -4.738051611937717 -5.0711762280391675 -5.363388976939146 -5.620441619117705 -5.854631640352761 -6.067884274988653 -6.257652637792039 -6.423993920955633 -6.584502803565381 -6.722897459458606 -6.849736819021716 -6.9747372653778115 -7.103010643189036 -7.219219258734848 -7.334794616117678 -7.443313733757581 -7.557742411944218 -7.674889828917471 -7.7851240943120255 -7.897824363391394
26
 -1.553774828804244 -2.2625216936952803 -2.8918892085010475 -3.4478314075083945 -3.949995797843544 -4.371413994600672 -4.741739724680897 -5.082881589369568 -5.364153035362469 -5.62896144701427 -5.864037065112697 -6.0640546022317245 -6.2510115745500805 -6.403475586026887 -6.569900249633396 -6.7178630467824965 -6.850730252322358 -6.978955053726831 -7.093280939209215 -7.21038839456594 -7.326327713548537 -7.444420339919074 -7.555185566220704 -7.663797463461742 -7.768604575952087 -7.871937494003901
26
 -1.553774828804244 -2.265245726980779 -2.8761245096570494 -3.4242252856199284 -3.9156271080593883 -4.348795084231522 -4.723183475670512 -5.064344188092203 -5.367636350478906 -5.625298299728281 -5.856844296751646 -6.064968061142938 -6.24772811089608 -6.412909248124097 -6.568466507110129 -6.715750396875549 -6.8524950805300495 -6.976976646169672 -7.094206730277368 -7.207558574580644 -7.316758852762947 -7.433025279125279 -7.545710605904589 -7.655350349350541 -7.762486100099129 -7.865715231053707
26
 -1.553774828804244 -2.2667656644953933 -2.894813930012818 -3.444804637894182 -3.9390881144881593 -4.356631612006807 -4.718743466705092 -5.036486555365183 -5.345638256238092 -5.622896653816223 -5.849502500060597 -6.042372603163964 -6.229088955371743 -6.400300653779124 -6.552856541551209 -6.687380769940775 -6.822477041894353 -6.961802633029834 -7.088027560481521 -7.222125933868393 -7.347175445516947 -7.460055785287683 -7.578695335501686 -7.686880317482074 -7.8013417167852825 -7.906471630544267
26
 -1.553774828804244 -2.2538968649460633 -2.878765408380103 -3.418691010171317 -3.916317950097661 -4.35028636078336 -4.715954978991773 -5.060446028467926 -5.3601648138656985 -5.617628937851106 -5.864047358616189 -6.074001422708053 -6.251192731840018 -6.427783412832478 -6.590809316499752 -6.729965052832838 -6.87187518218726 -7.014052941587152 -7.137912117482527 -7.252143374938956 -7.370090055555518 -7.475718202915541 -7.581923340917635 -7.690016938121497 -7.79285066530256 -7.898481056644187
26
 -1.553774828804244 -2.264671265312695 -2.892249819087923 -3.4346684511332533 -3.941660480940241 -4.376571777964034 -4.766128873672155 -5.0969863355195235 -5.386248228962485 -5.638858158549383 -5.863500560275484 -6.073695663966142 -6.253411851465084 -6.437616805752114 -6.594279699120761 -6.738799296989676 -6.8779006008890535 -7.004966324970962 -7.135935420170723 -7.254458819150296 -7.362755980642457 -7.4756519196896996 -7.592314463832273 -7.701206694821655 -7.805322853570779 -7.907200624807432
26
 -1.553774828804244 -2.2476267155917133 -2.869013564358889 -3.433014195314781 -3.9204920307598052 -4.356596867852808 -4.717641921304229 -5.0610609207551525 -5.336867618162368 -5.581999069177805 -5.820084944698411 -6.038096637013484 -6.225257329993407 -6.39492520755785 -6.561755586056141 -6.712384150060608 -6.841149324985884 -6.9713572501700565 -7.087837435439114 -7.208407949466311 -7.324890254089028 -7.438509603230633 -7.553190100342077 -7.660908887958068 -7.767083400397478 -7.871416465084537
26
 -1.553774828804244 -2.2441186392839763 -2.8676302952915487 -3.4277032860565857 -3.9152166934543193 -4.342832511194699 -4.72224914303356 -5.0844231698514415 -5.362117077450081 -5.620549487885017 -5.8499858772634665 -6.060004033611865 -6.242490583502045 -6.410783564057244 -6.561942350926047 -6.710166863065957 -6.843373078019581 -6.971063070878271 -7.099996855481193 -7.217365189499889 -7.331373488856591 -7.44159064632149 -7.556001896112081 -7.669196855193172 -7.779385804555353 -7.885679694899622
ADAPTSAGA
10
26
 -1.553774828804244 -7.955652413013941 -9.565196370675451 -10.150283117824532 -10.623499868925673 -11.237804950124557 -11.61140155269119 -11.892916667595742 -12.348121351752388 -12.468637997544919 -12.671402127696593 -13.019243631698723 -12.789330885015104 -12.788704306588858 -13.220132623527304 -13.432923694823213 -13.775918829152248 -14.042768812964432 -14.049349584049288 -14.371760593564884 -14.561327473459528 -14.93612636725808 -15.194256315230819 -15.347068818556526 -15.46096862062882 -15.576223196669787
26
 -1.553774828804244 -7.916661048667128 -9.52782635924757 -10.044793372938008 -10.55691854307956 -11.144778392234738 -11.509064333495171 -11.815171117011324 -12.259834286144702 -12.370380478918728 -12.577184786472264 -12.932597997477698 -12.716899132989083 -12.719787759384058 -13.143184815877339 -13.362152262979095 -13.700688541879128 -13.950220851952666 -13.961603723093255 -14.273893919740658 -14.458812726765219 -14.818289963138561 -15.06787387297249 -15.212115959744251 -15.317717208912885 -15.428161899964048
26
 -1.553774828804244 -7.978958316564526 -9.51965393242422 -10.075474819992326 -10.574117213172878 -11.179137609037884 -11.566938126317075 -11.82877215859646 -12.276194912352588 -12.383139103882753 -12.576540528995247 -12.94383514768521 -12.74023393781399 -12.744789842479799 -13.180416578533542 -13.379468611783228 -13.716341705994198 -13.9910485943509 -14.012104078281439 -14.304392493381222 -14.495221665511023 -14.861109992933144 -15.125973510068958 -15.272638513157238 -15.385484305388246 -15.500819139041615
26
 -1.553774828804244 -7.975615190184042 -9.596033703986397 -10.14520281098327 -10.644991559432524 -11.236158409584506 -11.620243906449723 -11.903969409887207 -12.366627066356555 -12.47795983057576 -12.68084441669675 -13.042086159879213 -12.799726186993675 -12.800862550384531 -13.239398366551978 -13.452056510771097 -13.791087379832941 -14.046809798942121 -14.05596201718703 -14.375185376989895 -14.563724750823603 -14.944485082240586 -15.211274465833519 -15.370338914588089 -15.486394379657066 -15.598426965923823
26
 -1.553774828804244 -7.902066315175615 -9.48166679958856 -10.053882229286126 -10.554244812103454 -11.157216558215058 -11.51667033727622 -11.816972408683212 -12.267301472489805 -12.381655649702394 -12.580510198297157 -12.937550007484738 -12.717814774857164 -12.72823503221445 -13.152838914575137 -13.36964970591126 -13.697472722080118 -13.954385995006561 -13.979750182027297 -14.286161174212019 -14.464757104624846 -14.83160550511554 -15.093861956218237 -15.237284425467541 -15.350002697043948 -15.46606379762533
26
 -1.553774828804244 -7.784768710638159 -9.414050023876651 -9.993117576511407 -10.527201400306417 -11.130933946560479 -11.49372957180446 -11.774580183389702 -12.227985838788394 -12.353752742479134 -12.55736282668024 -12.893651289772034 -12.692944423786255 -12.69631696863906 -13.11880084478349 -13.338104111485348 -13.668837856492054 -13.918306857973207 -13.926420895442517 -14.238806073378427 -14.414811129810166 -14.770662170122293 -15.026564695557914 -15.17508394447373 -15.289453369415732 -15.399941655392423
26
 -1.553774828804244 -7.918550128714816 -9.585383215049733 -10.145269288614058 -10.633898094061486 -11.248662015464111 -11.60530042779818 -11.897552800035715 -12.346615456042823 -12.449729203279704 -12.660214116354087 -13.032174783178492 -12.79092561823316 -12.78570825659832 -13.229236390436796 -13.445205633427681 -13.802988343945643 -14.073556392581521 -14.077786485969664 -14.398519491921993 -14.590008805110571 -14.968364660719686 -15.248438674231041 -15.410986199502789 -15.524492792982084 -15.640607413346363
26
 -1.553774828804244 -7.943130061617388 -9.498340560413723 -10.077706461578043 -10.561750837275483 -11.197316607041346 -11.550405269270176 -11.86305512107172 -12.314765572221896 -12.418304664159564 -12.610357585175198 -12.957610572385741 -12.741989782523758 -12.751391328061882 -13.173321660500976 -13.393766906591223 -13.736080654929665 -13.992988703815046 -14.00367852694212 -14.322944330597187 -14.505608187509438 -14.879884609740532 -15.141436036314623 -15.298151906368059 -15.412716071119716 -15.518017513143217
26
 -1.553774828804244 -7.85337372169344 -9.454779641699464 -10.046317302778524 -10.54374330809173 -11.162562667430358 -11.52197538636376 -11.81540284053432 -12.271113727355548 -12.374462432306068 -12.584298638942931 -12.929731552235651 -12.722111359865234 -12.728515890094679 -13.146381733852381 -13.359698035619244 -13.690282708140103 -13.936127747494027 -13.937534881671874 -14.254059912168348 -14.442021337386786 -14.802378069495022 -15.062049238982498 -15.207514807129956 -15.319962030523818 -15.427702599961926
26
 -1.553774828804244 -7.89138105783627 -9.483390405921448 -10.049870770732177 -10.592067274578174 -11.175744420390075 -11.528051149497873 -11.82763364098636 -12.29004961598748 -12.401447789269852 -12.598208270235105 -12.946708615527605 -12.741773878833605 -12.752776272043336 -13.182662809337248 -13.375290089502187 -13.708786438816873 -13.971597541944758 -13.959268801238876 -14.277399728326003 -14.464632560410676 -14.830840613125195 -15.090788596944307 -15.244415263785573 -15.35400131047801 -15.46202553822297
ADAPTDoubling
10
26
 -1.553774828804244 -7.571216060313342 -8.321592854360706 -9.014374184792963 -9.457314836898789 -9.855196509633315 -9.960037818950429 -10.133311304630263 -10.33735354111711 -10.481915944907891 -10.666643536602074 -10.737081424988911 -10.938904890831175 -11.021088806996865 -11.23744263115847 -11.379393479281676 -11.50025120624799 -11.593117932078925 -11.674396678226799 -11.791868558237708 -11.895958881741283 -12.032979052024887 -12.167242649511387 -12.236714947138836 -12.310667244777276 -12.487727951230193
26
 -1.553774828804244 -7.957100087565971 -8.409810359079994 -8.963227591403067 -9.428484569496412 -9.885240437250815 -10.136575127445562 -10.436787284751293 -10.646535004163045 -10.8048423877082 -11.008595156160757 -11.218950127313548 -11.390285323537213 -11.420089429166337 -11.531319353155794 -11.636874180119513 -11.782396927820406 -11.865077389146876 -11.992037359970436 -12.10498386552484 -12.215762662476113 -12.346922530854204 -12.476748346309558 -12.504586945121652 -12.67483975248944 -12.683916220259041
26
 -1.553774828804244 -7.2653571530153735 -8.411085369572156 -8.906445374735055 -9.37500695867742 -9.795263543445762 -9.986263178885544 -10.220206095542927 -10.39901337788359 -10.643559927694767 -10.673873016288319 -10.854800924819346 -11.010315202743506 -11.189258097578119 -11.368183369972789 -11.540006758617425 -11.726655953500188 -11.793132921320336 -11.87849488386456 -11.990800971282887 -12.05290728386206 -12.233906077490504 -12.354899678575764 -12.453049809059753 -12.553651750339966 -12.631337601007543
26
 -1.553774828804244 -7.540358554609968 -8.194421505737745 -8.476362604804647 -8.876230621950244 -9.21286772235131 -9.61462748969416 -9.888379583668332 -10.134538844906995 -10.369572969914497 -10.529989468879187 -10.701611028083391 -10.833519869343037 -10.939723468166669 -11.089321658072041 -11.182438227144665 -11.289532571980663 -11.393500374458466 -11.535700840891968 -11.64786273917531 -11.767801399190972 -11.887352877357609 -12.025022936160385 -12.11186459801955 -12.248557930995887 -12.386826973990324
26
 -1.553774828804244 -7.783020896947708 -8.197211633162969 -8.666224349741222 -9.075445371759548 -9.50463195553862 -9.760597558562116 -10.001033625304203 -10.119021938354546 -10.373259478027395 -10.625684925382142 -10.862960630293381 -10.998865448747193 -11.221233342603027 -11.30371184867804 -11.484410393486009 -11.544410404508202 -11.719333991962007 -11.86838148617403 -12.026459314826136 -12.085503430962788 -12.128782013047074 -12.231824497959579 -12.267285978637664 -12.35853793030204 -12.433598692924342
26
 -1.553774828804244 -7.522310979472742 -8.21275702585488 -8.679664015544803 -9.012816750961958 -9.512148645211013 -9.820946834953414 -10.168335388269757 -10.419369845394142 -10.568853566838177 -10.68806217656342 -10.760063860625918 -10.856516524462414 -11.06074428266213 -11.168440455601742 -11.37257418513068 -11.545332841937308 -11.63171726012244 -11.803403628239131 -11.903403218193914 -12.012491118857092 -12.111061839033 -12.225355712291098 -12.337847404482849 -12.488396094239224 -12.63865329590347
26
 -1.553774828804244 -7.5168056140861905 -8.25482999390144 -8.542459161794936 -9.007802826094201 -9.360779357438252 -9.517515774596166 -9.824061367573758 -9.989484473081065 -10.259755125024745 -10.442328292038885 -10.762654445107243 -10.902510794456798 -10.989266516006836 -11.111613387738645 -11.22682511138403 -11.469369335996664 -11.601565809150022 -11.72186527644921 -11.805572503320299 -11.899374526471501 -11.995131368484987 -12.050942968566536 -12.190944570517555 -12.275876593341264 -12.361771740885079
26
 -1.553774828804244 -7.568118234263279 -8.182246164397695 -8.863291052278509 -9.320233274174347 -9.685950724186345 -9.95704154092142 -10.261180811326302 -10.408849322963654 -10.524832815018065 -10.654557061395314 -10.800789208019447 -11.014739526537342 -11.15301045380308 -11.194513480722781 -11.254158792272248 -11.432276206866161 -11.55316984258967 -11.56127227857015 -11.679204729047578 -11.754200641029762 -11.934950021751341 -12.162395722276903 -12.237539614601156 -12.30764506956247 -12.427193956071166
26
 -1.553774828804244 -7.435232148917177 -8.217883510003489 -8.551957461603886 -9.054470189734834 -9.590418325578874 -9.78806991954833 -10.060121101285253 -10.243988564246699 -10.460872912038301 -10.632785981119035 -10.880235407870344 -11.06518633174768 -11.153689242982944 -11.310800617913932 -11.460028336809264 -11.584700147890374 -11.657047350647229 -11.800068718297437 -11.938194534418374 -12.017086481148771 -12.213513335292374 -12.33962941679553 -12.41981947433083 -12.542218400178548 -12.692529495739958
26
 -1.553774828804244 -7.580902411518265 -8.219167864793961 -8.421998326978445 -9.004962373189677 -9.448917773369999 -9.722343319335948 -9.922251869018803 -10.07299365644534 -10.21308419910578 -10.418821490524367 -10.639361161922881 -10.75914801868678 -10.943715550711527 -11.058943264344549 -11.185103702185144 -11.34506790877452 -11.457480960277126 -11.520446716317212 -11.606497382684381 -11.693060246768836 -11.79189435824904 -11.919981810921655 -11.973453531399686 -12.157926301832251 -12.21443651029573
MainSSVRG
10
26
 -1.553774828804244 -3.7555416515557356 -5.139609012466146 -5.670201043381615 -6.442495472506469 -6.442495472506469 -6.442495472506469 -6.971898229261663 -7.070994365767782 -7.070994365767782 -7.070994365767782 -7.070994365767782 -7.070994365767782 -7.070994365767782 -7.295437714045094 -7.551985818593623 -7.551985818593623 -7.551985818593623 -7.551985818593623 -7.551985818593623 -7.551985818593623 -7.551985818593623 -7.551985818593623 -7.551985818593623 -7.551985818593623 -7.551985818593623
26
 -1.553774828804244 -3.7074957904495807 -5.441079691675175 -5.795756810816712 -6.705669838446409 -7.156391488970234 -7.156391488970234 -7.20769446731938 -7.20769446731938 -7.20769446731938 -7.20769446731938 -7.20769446731938 -7.20769446731938 -7.20769446731938 -7.346999193715746 -7.346999193715746 -7.346999193715746 -7.346999193715746 -7.346999193715746 -7.346999193715746 -7.346999193715746 -7.346999193715746 -7.346999193715746 -7.346999193715746 -7.346999193715746 -7.508518909660569
26
 -1.553774828804244 -3.7930175647221147 -3.886732512394361 -4.785239712209421 -4.785239712209421 -5.356283705963373 -5.356283705963373 -5.356283705963373 -5.356283705963373 -5.356283705963373 -5.356283705963373 -5.356283705963373 -5.845339767523958 -5.845339767523958 -5.845339767523958 -5.845339767523958 -5.845339767523958 -5.845339767523958 -5.845339767523958 -5.845339767523958 -5.845339767523958 -5.845339767523958 -5.845339767523958 -5.872407725599865 -6.7839624888395225 -7.422726497033632
26
 -1.553774828804244 -3.9639507935491554 -4.8429928171132515 -5.811769136723545 -6.52810037681957 -7.094962671047628 -7.094962671047628 -7.17263362196392 -7.372428912005639 -7.372428912005639 -7.372428912005639 -7.372428912005639 -7.372428912005639 -7.372428912005639 -7.5149502756687045 -8.067970929000255 -8.415117320063006 -8.415117320063006 -8.415117320063006 -8.415117320063006 -8.415117320063006 -8.415117320063006 -8.415117320063006 -8.415117320063006 -8.415117320063006 -8.415117320063006
26
 -1.553774828804244 -4.385737206134022 -5.124547433596851 -5.669540728646983 -6.062024703333291 -6.593633785119525 -6.593633785119525 -6.593633785119525 -7.243253531953263 -7.6172390074205305 -7.6172390074205305 -7.6172390074205305 -7.6172390074205305 -7.6172390074205305 -7.6172390074205305 -7.621465583355849 -8.16246533057363 -8.16246533057363 -8.16246533057363 -8.16246533057363 -8.16246533057363 -8.16246533057363 -8.16246533057363 -8.16246533057363 -8.16246533057363 -8.16246533057363
26
 -1.553774828804244 -4.332594771826221 -5.4681360829906485 -6.310258439120442 -6.657308284905057 -7.019955366148231 -7.019955366148231 -7.248302512949881 -7.782802871541337 -7.782802871541337 -7.782802871541337 -7.782802871541337 -7.782802871541337 -7.782802871541337 -7.782802871541337 -8.106047716389352 -8.625109011654486 -8.86851214932025 -8.86851214932025 -8.86851214932025 -8.86851214932025 -8.86851214932025 -8.86851214932025 -8.86851214932025 -8.86851214932025 -8.86851214932025
26
 -1.553774828804244 -3.652266468522855 -5.361974677191301 -6.121201673503182 -6.5776930310540935 -7.34180443238001 -7.42777926950697 -7.42777926950697 -7.896704085822822 -8.37460220593096 -8.37460220593096 -8.37460220593096 -8.37460220593096 -8.37460220593096 -8.37460220593096 -8.37460220593096 -8.70186851954336 -9.251853184333001 -9.282227371874033 -9.282227371874033 -9.282227371874033 -9.282227371874033 -9.282227371874033 -9.282227371874033 -9.282227371874033 -9.282227371874033
26
 -1.553774828804244 -3.814952467545325 -4.469659256647091 -6.020521117844257 -6.266340257446539 -6.266340257446539 -6.698235281745204 -7.095012102197882 -7.095012102197882 -7.095012102197882 -7.095012102197882 -7.095012102197882 -7.095012102197882 -7.095012102197882 -7.124098993577852 -7.124098993577852 -7.124098993577852 -7.124098993577852 -7.124098993577852 -7.124098993577852 -7.124098993577852 -7.124098993577852 -7.124098993577852 -7.124098993577852 -7.124098993577852 -7.48558717951026
26
 -1.553774828804244 -4.294636767412271 -5.446545090670509 -6.005802756402058 -6.267338621056525 -6.415270731627037 -6.629946833228004 -6.629946833228004 -7.166504292263222 -7.365011477553096 -7.365011477553096 -7.365011477553096 -7.365011477553096 -7.365011477553096 -7.365011477553096 -7.55790734319114 -8.114934914842088 -8.114934914842088 -8.114934914842088 -8.114934914842088 -8.114934914842088 -8.114934914842088 -8.114934914842088 -8.114934914842088 -8.114934914842088 -8.114934914842088
26
 -1.553774828804244 -3.6267121292563473 -4.316644826654407 -5.563151264690963 -5.563151264690963 -5.682097188451917 -6.644403888412212 -7.240164101955663 -7.240164101955663 -7.240164101955663 -7.240164101955663 -7.240164101955663 -7.240164101955663 -7.240164101955663 -7.6086589058017555 -7.682099958968375 -7.682099958968375 -7.682099958968375 -7.682099958968375 -7.682099958968375 -7.682099958968375 -7.682099958968375 -7.682099958968375 -7.682099958968375 -7.682099958968375 -7.682099958968375
SGD:0.05
10
26
 -1.553774828804244 -8.517798679017856 -9.82078707877329 -9.341518836804472 -9.40006835649503 -10.22214633957597 -9.513367662006688 -8.68289710811079 -9.222838853356391 -9.048079298435592 -9.031593830156137 -9.800443486621326 -10.013821496538416 -9.384662110768526 -9.12204379837948 -10.054196207637608 -9.334949377964573 -9.48788093303153 -9.283032721032287 -9.196924271438702 -10.207318100016817 -8.836539482497646 -8.905581232357104 -9.537418772987829 -10.607711302948669 -8.58697329148559
26
 -1.553774828804244 -8.532440085346856 -8.443047980232608 -9.028845386438586 -9.743618876676944 -9.063422164277634 -9.504007624513848 -9.787353762217055 -10.07189999537481 -8.935947039314405 -9.269511754269558 -9.83710535727776 -8.110480155886618 -9.764506733244625 -9.377077251419081 -8.638020071000705 -9.513887417199532 -8.06356373224859 -9.163004515745651 -9.457153282780117 -9.568557664380384 -9.00420223295336 -10.083380745761843 -9.7598596291915 -8.717650967567806 -10.01233082818855
26
 -1.553774828804244 -7.202812740103173 -9.093266283088221 -9.2850731851312 -9.846904925492195 -9.559692087964601 -8.884637860503858 -8.933911986184244 -8.734158820427934 -9.570765537973118 -10.059082802431323 -9.941150553218712 -9.840613476258786 -10.288515717588936 -8.940558916917821 -9.63602278789772 -9.96176346158159 -9.413154261717635 -8.728374002648355 -9.993869914988624 -8.716002068956369 -9.263769721464227 -9.709728837962267 -9.542291143924475 -9.335120118052854 -9.932593783142265
26
 -1.553774828804244 -8.034747693009951 -8.182202316229588 -10.373732275494117 -8.793955800165646 -10.04271508166025 -9.03832801000032 -8.790212196811279 -8.886129261581923 -8.87343002664988 -9.105102539341903 -8.863906324303606 -9.329178986389962 -9.7819927527678 -9.555783017053463 -8.260426060607598 -9.478408779085326 -9.47566657264104 -9.40613421242122 -8.667139664535222 -9.447251291696553 -9.037010210929658 -8.201314192787182 -9.889403015084262 -9.153697473971063 -9.136328083483034
26
 -1.553774828804244 -7.660129011941372 -9.604501128276674 -8.748607411763286 -8.772541169972438 -9.561143112215925 -8.680208917796511 -9.509095825135647 -9.354380818896942 -9.739049038921294 -9.346379006568872 -9.32948118856109 -9.93530897311121 -9.739995782859422 -9.832507641162671 -9.306882463882669 -10.100538164725176 -10.729311065809975 -8.665772175525277 -9.402445145336412 -9.904432578295062 -10.829498445226534 -8.265219622075195 -9.634696998367549 -10.38143984977443 -8.602337068941397
26
 -1.553774828804244 -8.22749400814316 -9.547126843312173 -10.104811557130606 -8.386723507378779 -8.439998415320986 -9.534093283482996 -8.351336820514817 -8.971825353636618 -9.693056568919175 -8.881808754825974 -10.364557433087155 -10.354452063905967 -10.100219895708332 -9.179075256510039 -10.375737540863497 -9.244933658067003 -9.916611131313804 -9.869661541545712 -9.5872759087664 -9.701787260179259 -9.842654187993407 -9.498958022263364 -8.75145049866287 -9.545988532566229 -10.565592235090437
26
 -1.553774828804244 -8.430445946817379 -9.357751823151103 -9.775508984730996 -9.926094811332712 -8.491841911174184 -8.678850322805232 -9.607010473575537 -10.41507780204857 -9.94005014017306 -8.94360753700494 -9.665358898336867 -9.500385932763255 -9.691198882460721 -9.691303235486435 -10.004992917071354 -9.829608896861128 -9.800836301358018 -9.500435400734856 -9.729173903591084 -10.106449009707184 -8.709628889889702 -9.165992058004942 -8.778745320939219 -9.63760963429837 -10.03158535394928
26
 -1.553774828804244 -7.564856573574767 -9.381009854132959 -9.898953988899446 -9.532491698662843 -9.745773146775637 -10.267706547427808 -9.190612172132775 -9.632446145678268 -9.681031231193833 -8.932875998722006 -8.928017813810373 -9.379160324783086 -9.11451343725387 -9.939621473355642 -9.461521863504645 -9.152205794194993 -8.800397827793612 -10.307049579999376 -9.821615587646287 -9.758149799374518 -8.831739570470235 -9.307662859776686 -9.311598079639628 -9.599471305314017 -9.797642174318188
26
 -1.553774828804244 -8.291742669136179 -8.993850567863843 -9.815318848810659 -8.701118904781412 -8.854790400651707 -9.375661241755473 -9.849910445744444 -10.043342207890362 -7.949891888392737 -8.827676596689294 -8.783148466512221 -9.392082159520065 -10.355465849027897 -9.872637605240588 -9.839474128723047 -10.474183666895714 -8.933999151100364 -9.909943303854595 -7.641203163041788 -9.277660194196487 -9.054071669833263 -9.703874859548769 -9.368244472542958 -9.770904779618892 -9.70126423704967
26
 -1.553774828804244 -8.55741575425522 -9.411668626105495 -9.443793487699452 -10.004509920913248 -9.09835042447832 -9.959258680563893 -8.810154274066853 -9.200643278582673 -9.310023367660936 -9.089429127815384 -9.050450621359937 -9.089906232763473 -9.219665806470985 -9.725080730504525 -10.029012468587595 -9.313773589536456 -9.722284757752881 -9.205892609388043 -10.241901044224056 -9.720275460154566 -9.36822085273783 -10.022410152649716 -9.412700444052424 -9.225410321868953 -8.284896669907925
SGD:0.005
10
26
 -1.553774828804244 -3.749429673735554 -5.097993411201445 -6.045649826629907 -6.604701516446376 -7.039935583418705 -7.425993478764329 -7.8443736845833225 -8.165930997697735 -8.54568948969338 -8.90002288279422 -9.163172029810738 -9.538072445735587 -9.912503173553551 -10.21623873900014 -10.43933710581816 -10.558019432469681 -10.816528856019382 -11.01476356596018 -11.459299475958069 -12.130249472920811 -12.115229931074568 -11.890877995215755 -12.040959455134939 -12.71102002063614 -12.845581723107324
26
 -1.553774828804244 -3.651588094789667 -5.047137309664075 -5.9253849193999475 -6.55549576610923 -7.036979145397469 -7.437558522822308 -7.782625676531858 -8.098501403219025 -8.361853126438348 -8.688236697971176 -9.017438391136825 -9.391052767191919 -9.717390088079716 -9.857139509303513 -10.296473817349641 -10.594499590206537 -11.159284275482731 -11.054297271526538 -11.541119512360284 -11.739759499421012 -12.178803086574352 -11.821612465747867 -12.079445627458306 -12.182577504122905 -11.614502940593459
26
 -1.553774828804244 -3.751519351869273 -5.1547293897826 -5.986252857855717 -6.58780273149857 -7.071006694713462 -7.491930251272227 -7.90324089994287 -8.276638589794116 -8.552326445558311 -8.935301811892023 -9.34238235530135 -9.671527822760373 -10.00590562809286 -10.196681564239897 -10.315678987713488 -10.766275145003465 -10.904183021558646 -11.584100253134228 -11.732630385039068 -11.80299651523123 -11.568284216041809 -12.41053997017496 -12.086191904383732 -12.23344564522907 -12.273721113867891
26
 -1.553774828804244 -3.792094907391674 -5.13853170846632 -5.97463998177846 -6.545508456320765 -7.008563372606112 -7.403807027883137 -7.798781577863629 -8.141126863063352 -8.558681025551728 -8.925956264974372 -9.154031730480316 -9.591993626592368 -9.79279187638169 -10.201876910886629 -10.774611913552233 -10.928128841858255 -11.27769809613137 -11.667510354118065 -11.711827806676103 -11.830582293892931 -11.621463425556838 -11.427719887814384 -11.786777647043637 -11.90154601290497 -11.898612765561392
26
 -1.553774828804244 -3.730962073695967 -5.150722059714134 -6.025948471869926 -6.587208034632522 -7.01842044716843 -7.365799326886405 -7.743770840037719 -8.1254671279624 -8.400443294089476 -8.688592014473167 -9.13689037570681 -9.482843096600918 -9.863250584639992 -10.08522171764705 -10.489781862115633 -10.838973637862912 -11.113312304882298 -11.726534404102274 -11.751348818821338 -11.893513438499669 -12.049710027342176 -12.67834774594658 -12.578112636044592 -12.271434537482493 -12.045603524988174
26
 -1.553774828804244 -3.7098705760185706 -5.084254908144326 -5.94295242441961 -6.571748505055427 -7.015696454816604 -7.460117693386607 -7.8617977479938235 -8.208636243881097 -8.535067270703701 -8.863936588106139 -9.311359575695464 -9.691095907958857 -10.063512957756343 -10.574877461949773 -11.03794810694454 -11.202786111412784 -11.54451341808607 -11.776337746414901 -11.984784174554308 -12.235312291522407 -11.781715654460296 -11.82675357304587 -11.785302382105192 -12.812465252843255 -13.669338341979026
26
 -1.553774828804244 -3.7035093814652895 -5.098732199225814 -5.995366032981217 -6.601286642440136 -7.117831502348131 -7.536774994678501 -7.90959280945595 -8.255237378081501 -8.617084078717822 -8.906982774434839 -9.070993737966333 -9.575249859598369 -9.811938271188016 -10.082911283298085 -10.346915777375411 -10.714124030136555 -11.088459826283888 -11.138210413919271 -11.092488839128835 -11.24333313832881 -11.95234955320826 -12.029645873307205 -12.337582868378334 -12.557323556073332 -12.15052389693257
26
 -1.553774828804244 -3.691644727743098 -5.095839005112191 -6.04583998352948 -6.62422030677913 -7.074562271001258 -7.456966514443723 -7.88018234569142 -8.218293362516238 -8.506428778124526 -8.812070626394245 -9.059610068474507 -9.57395144479927 -9.777545873086236 -10.038537628173879 -10.440741859016118 -10.651288353889546 -11.053934128874701 -11.212963138402623 -11.057387808321833 -11.688123373659925 -12.022129198820732 -12.389475140032763 -12.057411932244975 -12.092423082721536 -12.945569775222214
26
 -1.553774828804244 -3.77098987681019 -5.141763520078797 -5.928812176052429 -6.558530419333916 -7.0267061311647705 -7.438099081642053 -7.852822818552075 -8.09784439215168 -8.461836414839773 -8.826140754907625 -9.138188783016163 -9.531375224752846 -9.773944650733162 -10.255981959671901 -10.685501150883022 -10.770258501767389 -11.050191965805027 -11.496201424519564 -11.502453005580834 -11.867607783307813 -12.038914627020379 -12.774306102344546 -12.356165699256062 -12.211281873699068 -12.266249963855905
26
 -1.553774828804244 -3.780201341787762 -5.128153542347182 -6.001076968500041 -6.591685589260095 -7.031063191223008 -7.409315598034017 -7.75068622101916 -8.100406669622961 -8.496645375565402 -8.817061102013177 -9.260451229566788 -9.581777730524037 -9.993122475288287 -10.121151430972708 -10.522207724173764 -10.790098379869537 -11.081857630721972 -11.609282843856066 -11.519688487583473 -11.475465646112257 -12.119636310818919 -11.68803452809167 -12.047003760228137 -11.80387045446784 -12.26382437023308
StreamingSVRG
10
26
 -1.553774828804244 -4.320212400160864 -5.870801204120644 -6.686249865071568 -7.345298496314155 -7.800319285185411 -8.246064252043633 -8.601236724402442 -9.039838599917962 -9.220827474754918 -9.348744563001022 -9.78273532036657 -9.957222120337127 -9.957222120337127 -9.957222120337127 -10.848822422023915 -11.13803509375274 -11.312440414091057 -11.312440414091057 -11.312440414091057 -11.312440414091057 -11.312440414091057 -11.312440414091057 -11.312440414091057 -11.715270815702686 -11.715270815702686
26
 -1.553774828804244 -4.211587227592807 -5.852743394786777 -6.814721411726478 -7.41052811116541 -7.915561325569294 -8.222106984692486 -8.81776824726376 -9.150932497722064 -9.282949547102747 -9.925643069052974 -10.437019059395999 -10.789985951501851 -10.850764209647007 -11.405768936106353 -11.037388378631745 -11.017387724120727 -11.017387724120727 -11.510814265095071 -12.644295823128749 -13.554833312100062 -13.352515987104857 -12.416994197595148 -13.144650036755264 -12.925755940529925 -12.782507863386888
26
 -1.553774828804244 -4.291121449835232 -5.8962621754811595 -6.772932436156018 -7.418531237617699 -7.924360320848119 -8.353392463985323 -8.776295077369774 -9.314990370272453 -9.66187360079299 -10.152333490981269 -10.452081788092297 -10.499510435420211 -11.175007752423213 -11.219528229932443 -11.587609829347373 -11.180245726603355 -11.42553633782158 -12.23735093581871 -12.150131663651965 -12.508239888605534 -12.598725879112084 -11.774808514347534 -12.653340409239926 -12.194692516913788 -12.36755599862766
26
 -1.553774828804244 -4.3524963825856435 -5.893511885882752 -6.716076895760393 -7.3638571662752605 -7.9136301043519035 -8.47106289022585 -9.00195513031339 -9.459356477901407 -10.027396418506344 -10.331464456474297 -10.288847809909056 -11.48253120444709 -11.294193052868872 -10.784302167413463 -11.243020576829716 -11.381379951144746 -11.381379951144746 -11.312844074039655 -12.313450360390275 -11.77194942690359 -12.917718986283003 -13.331292333408577 -13.034463108045893 -12.249466595754486 -11.773410167036305
26
 -1.553774828804244 -4.2381750884803475 -5.8514481723812795 -6.687850843679811 -7.258885299529257 -7.850772762564001 -8.4608264758793 -9.003932210511659 -9.623344031461603 -9.911350932799083 -10.422812017178527 -10.713878840643845 -10.83414247312337 -11.321815170872249 -11.668571829906071 -12.124865775693916 -12.752393241474422 -11.668229616210287 -11.866205357322992 -11.62582994400579 -12.792317107671616 -12.67536313071098 -12.680158756463864 -12.680158756463864 -12.31766368307426 -12.050178282227508
26
 -1.553774828804244 -4.284848154338502 -5.832620642465334 -6.75630494288473 -7.395425678702605 -7.874533384441323 -8.23399263711339 -8.792268609382562 -9.333861818747287 -9.90044037506322 -10.207656850229265 -10.628483246537524 -10.862067955202761 -11.394574968568396 -11.705019092041976 -11.625035380465638 -12.155782636648524 -11.890859297493911 -12.069908687780718 -12.341465277312318 -12.002267111213472 -12.27784920943301 -12.039215825693534 -12.039215825693534 -11.237007907268834 -11.938278499017247
26
 -1.553774828804244 -4.286176808499478 -5.880746401607572 -6.805046567063981 -7.415524190336337 -7.764576260313766 -7.949827736506951 -8.489442609493414 -8.801987595866166 -9.4314546057774 -9.995267681223245 -10.240126802581408 -10.698726726411483 -11.209154416260622 -10.585144200118688 -11.415615451849805 -11.557041676617589 -11.557041676617589 -11.443528122670209 -11.993628338784902 -12.20861779917353 -12.20861779917353 -12.20861779917353 -12.20861779917353 -12.20861779917353 -12.20861779917353
26
 -1.553774828804244 -4.313355976342779 -5.6783397005468785 -6.570820085515211 -7.1376078871305735 -7.651187683966686 -8.165498871082768 -8.769584304604278 -8.9056174987 -9.343841225597952 -9.888684546876572 -10.437548061732985 -10.329322280691722 -10.712931367453624 -11.224542893711225 -11.414603866111472 -11.50791981628633 -12.056670422243293 -11.761657905435067 -11.761657905435067 -11.960917005577164 -12.762924807686431 -12.671593216432244 -12.117448132575651 -11.619533844484174 -11.904431754086332
26
 -1.553774828804244 -3.8109988825215297 -4.4550830112475825 -5.978649338609056 -6.794599939384012 -7.433775594849994 -7.902117510601835 -8.310217266567882 -8.736329558620579 -9.203694364142846 -9.203694364142846 -9.265662465694088 -9.8140051861266 -9.829007899642624 -9.829007899642624 -9.829007899642624 -9.829007899642624 -9.829007899642624 -9.829007899642624 -9.993530748037424 -10.575451459819874 -10.898690300991438 -11.373081215207565 -11.780168801463343 -11.780168801463343 -11.780168801463343
26
 -1.553774828804244 -4.3048849662222555 -5.819264057232685 -6.729486108845594 -7.353612432884975 -7.885270113768057 -8.505069783094477 -8.914680413953189 -9.111828067296427 -9.643172418743553 -9.963844247783411 -10.567357226408406 -10.873235889332081 -11.534085956427957 -11.474507526042071 -11.793977689074232 -10.533862687993416 -11.44554614028821 -11.260462451432796 -11.474069381596237 -11.539004719949777 -12.146453760326203 -12.133094102794812 -12.133094102794812 -12.937880652239224 -13.1701876681465
ADAPTIID
10
26
 -1.553774828804244 -7.708216527728171 -8.60599067151544 -8.982090790503637 -9.436030196580893 -9.681391769878502 -9.898083238445926 -10.359795047704791 -10.60961738879875 -10.86757146064771 -11.169853808773096 -11.486365006609553 -11.667166730937353 -11.890935443087375 -12.095048435344635 -12.239641268927983 -12.416039400891133 -12.548373041760609 -12.683481381957765 -12.69817204489946 -12.845731953105837 -13.088043971943417 -13.190500788692637 -13.260888185938915 -13.290189559630997 -13.450391011559978
26
 -1.553774828804244 -7.803451578957835 -8.686131282427208 -9.232538942315966 -9.47466925318314 -9.8715574251475 -10.242054684421758 -10.514720448369902 -10.871836146725768 -10.977402103113583 -11.272550641995975 -11.597571467660824 -11.709608904290866 -12.014768779222234 -12.211114102981288 -12.158299629479142 -12.497045778510989 -12.616234579960766 -12.76502093646025 -12.829946975959714 -12.894326128913026 -13.040689205416788 -13.163498322690572 -13.237238751984474 -13.388382161662344 -13.461559217864156
26
 -1.553774828804244 -7.385256510680415 -8.19290458395469 -8.626380926220024 -9.242002548678242 -9.605252170019874 -9.965936770405206 -10.235041103060091 -10.560266772198379 -10.78108064734272 -11.055877063440178 -11.162989468092317 -11.290170258273756 -11.654313879381155 -11.818048414597389 -12.04706326095872 -12.138744331039993 -12.252365750093848 -12.26393800580107 -12.508042006027368 -12.597050896560587 -12.719260555456259 -12.875946228228939 -12.894382713812927 -13.082751717128012 -13.186400680987916
26
 -1.553774828804244 -7.7523340374573255 -8.629416329629375 -9.166997461239426 -9.72579630755248 -10.075540199287175 -10.12997089960324 -10.484311380214475 -10.83361554449842 -11.053847853373822 -11.235739922051323 -11.19238622189655 -11.270426471140272 -11.41983014898412 -11.703210829140627 -11.8589960682317 -12.15839658500217 -12.18111586952463 -12.376518473441111 -12.536259821353894 -12.649161488005038 -12.682829240558721 -12.748854961861017 -12.858737432279199 -12.948132149632928 -13.095635228554121
26
 -1.553774828804244 -7.605663467075536 -8.497374716899587 -9.222009926678238 -9.567265153609101 -10.041209855838344 -10.261782542119908 -10.39408246346703 -10.604880531222546 -10.920502865861323 -11.1459220158262 -11.380119814455389 -11.583456264264678 -11.762011173897822 -11.84269446736309 -12.13325185446106 -12.289176638882802 -12.430192785926687 -12.640519741469815 -12.7715139221717 -12.676458622637012 -12.724192154185742 -12.872200655342843 -13.00500705713772 -13.108376663069693 -13.115154702152532
26
 -1.553774828804244 -7.497312418635615 -8.422642151906357 -9.084314090039546 -9.496974276222197 -9.819292034148619 -10.135781091228106 -10.343832380178968 -10.364839952564028 -10.631945410276545 -10.983682887012812 -11.272476164569287 -11.423146820096616 -11.653077538229363 -11.805924199287045 -12.033836855352972 -12.216506132544387 -12.237232522316065 -12.38037559478691 -12.478983651126258 -12.637415962009605 -12.852312632149005 -12.96508985336969 -13.02307329115138 -13.163417049331988 -13.164551205679
26
 -1.553774828804244 -7.582858285261209 -8.595461573151296 -9.057050579919446 -9.371398031314092 -9.736134377028641 -10.00194003579187 -10.324015016155595 -10.67139235336324 -10.83969001250053 -10.96948059519226 -11.131736926479997 -11.359945343312296 -11.428472389853063 -11.640532684780535 -11.83755578166473 -11.977319146222456 -12.098749776527368 -12.283630197103864 -12.419656000095467 -12.538805493830084 -12.579605401032538 -12.677693981772734 -12.775651476720535 -12.874744847106072 -12.991606933577355
26
 -1.553774828804244 -7.747197446790659 -8.392737122615891 -8.802635122997767 -9.208054262144499 -9.666463966127658 -10.03398740186771 -10.361199052660655 -10.492579770460619 -10.745910512901462 -10.96185009200903 -11.272591118504854 -11.540123468349396 -11.66646964018268 -11.721100880627732 -11.867997282456397 -11.975009875109963 -12.034761129241653 -12.28847661502154 -12.398435856454427 -12.509486305803891 -12.550706220631842 -12.535131526604228 -12.656352095295198 -12.950636218663464 -12.99198197003872
26
 -1.553774828804244 -7.533987169455881 -8.692577852015186 -9.110899192789924 -9.563241576153949 -9.92876075805488 -10.174055339793023 -10.546520517858989 -10.842448013652257 -11.029368171787263 -11.17560236670816 -11.422575935048004 -11.511373991186957 -11.5903357296961 -11.693861541543201 -11.849970478643847 -11.938287022685666 -12.027142274904353 -12.156424073497586 -12.287583623021657 -12.377179530350324 -12.542124780473813 -12.682717597597518 -12.73698673481935 -12.895447333232532 -13.00936743495565
26
 -1.553774828804244 -8.032969570462505 -8.71696968625872 -9.130588965042056 -9.663975047753024 -9.989027682620673 -10.36175539865944 -10.583280432573204 -10.707245090240916 -10.8961068386986 -11.038952765101055 -11.222712452593749 -11.526830106111856 -11.694554596204203 -11.737239957107281 -11.945073282506641 -12.264940382140098 -12.421483900091205 -12.504429800423498 -12.537469131826684 -12.697987937301153 -12.800845457874177 -12.840548398118221 -12.936394109754161 -13.136783463002926 -13.254423723245988
steps
10
26
 0 4000 8000 12000 16000 20000 24000 28000 32000 36000 40000 44000 48000 52000 56000 60000 64000 68000 72000 76000 80000 84000 88000 92000 96000 100000
26
 0 4000 8000 12000 16000 20000 24000 28000 32000 36000 40000 44000 48000 52000 56000 60000 64000 68000 72000 76000 80000 84000 88000 92000 96000 100000
26
 0 4000 8000 12000 16000 20000 24000 28000 32000 36000 40000 44000 48000 52000 56000 60000 64000 68000 72000 76000 80000 84000 88000 92000 96000 100000
26
 0 4000 8000 12000 16000 20000 24000 28000 32000 36000 40000 44000 48000 52000 56000 60000 64000 68000 72000 76000 80000 84000 88000 92000 96000 100000
26
 0 4000 8000 12000 16000 20000 24000 28000 32000 36000 40000 44000 48000 52000 56000 60000 64000 68000 72000 76000 80000 84000 88000 92000 96000 100000
26
 0 4000 8000 12000 16000 20000 24000 28000 32000 36000 40000 44000 48000 52000 56000 60000 64000 68000 72000 76000 80000 84000 88000 92000 96000 100000
26
 0 4000 8000 12000 16000 20000 24000 28000 32000 36000 40000 44000 48000 52000 56000 60000 64000 68000 72000 76000 80000 84000 88000 92000 96000 100000
26
 0 4000 8000 12000 16000 20000 24000 28000 32000 36000 40000 44000 48000 52000 56000 60000 64000 68000 72000 76000 80000 84000 88000 92000 96000 100000
26
 0 4000 8000 12000 16000 20000 24000 28000 32000 36000 40000 44000 48000 52000 56000 60000 64000 68000 72000 76000 80000 84000 88000 92000 96000 100000
26
 0 4000 8000 12000 16000 20000 24000 28000 32000 36000 40000 44000 48000 52000 56000 60000 64000 68000 72000 76000 80000 84000 88000 92000 96000 100000
