9
SGD
10
51
 -1.5224593130289559 -6.1329903540241455 -6.554922361071028 -6.708362315113797 -6.893751179172616 -6.999950414650571 -7.14021420130642 -7.2208669109596695 -7.295511872837399 -7.3469041876856025 -7.39313542900744 -7.43480754305677 -7.483417024683959 -7.514012406711645 -7.538019679591562 -7.576348014201139 -7.60671613175193 -7.640532987026646 -7.674306716793739 -7.692319629812001 -7.721823561746692 -7.747627490483544 -7.770514986669806 -7.794968975440892 -7.81571078920187 -7.834923897323799 -7.854531973082605 -7.865336809837372 -7.885283782245161 -7.905917995649442 -7.9194798484721405 -7.93573662079204 -7.951242555549587 -7.963981509150306 -7.972884250302055 -7.984870761876348 -7.997136510936195 -8.009031616756044 -8.019690280440607 -8.03425033150054 -8.040546851152719 -8.057225625226023 -8.065814886668168 -8.077452524010168 -8.08846318643597 -8.100245717774147 -8.105160483555135 -8.114091543226325 -8.120313920848742 -8.131808690089324 -8.139998350970464
51
 -1.5224593130289559 -5.9424151640075005 -6.421216367430472 -6.656649360037915 -6.8099121391351565 -6.889388715335433 -7.006446370741598 -7.0780944058982405 -7.13497174147828 -7.202743809340584 -7.2646169190455545 -7.3090181560413034 -7.372444037909603 -7.410101900364126 -7.457970776747911 -7.490767931803053 -7.5168868136003795 -7.551412323350964 -7.579081206362596 -7.606672918555369 -7.6325235417944555 -7.661868227644744 -7.68233871504887 -7.696117805997528 -7.7185704018080905 -7.738129359119589 -7.750557311010274 -7.774056200250174 -7.790644572686396 -7.799423491420778 -7.817807068962607 -7.829073945698716 -7.84921913769009 -7.861041537715673 -7.87469486467143 -7.885548135088306 -7.90282260989053 -7.918204029425387 -7.934404860971005 -7.940663631510853 -7.952382684564577 -7.962025560594782 -7.977089401868669 -7.986667149423889 -7.998324014847731 -8.007624146688022 -8.016617627363814 -8.028320375415449 -8.037004002393784 -8.04473240445325 -8.051808548655497
51
 -1.5224593130289559 -6.287796799718129 -6.59433665015778 -6.842217959837894 -7.013482129622474 -7.116323925472938 -7.193933553083913 -7.255769670156052 -7.319827229888262 -7.3738473031355545 -7.412302761992447 -7.4542960107627 -7.50435918769164 -7.540045308742377 -7.592744732463302 -7.634612271238578 -7.662085762820015 -7.688567169150837 -7.723395420852423 -7.746838319015823 -7.7625813970859046 -7.7872119216754685 -7.803289074031854 -7.829047287711453 -7.847330210550749 -7.863058400511905 -7.880855977180497 -7.891951512436399 -7.907936554300362 -7.921622703312404 -7.934436704690065 -7.948937039972433 -7.960732021800948 -7.977801521070427 -7.996694376677392 -8.01282118002343 -8.024688398519178 -8.036672061655375 -8.048146549325283 -8.053711756990651 -8.063941119130913 -8.073898115917673 -8.088297282910897 -8.09944843568472 -8.113897062976067 -8.124890684366047 -8.135658300534757 -8.147855375402559 -8.156290580294444 -8.161592803075623 -8.17186039261543
51
 -1.5224593130289559 -6.095321642132707 -6.360438301474161 -6.56258774019474 -6.686536800596372 -6.796045762790767 -6.849173986609693 -6.9249684262281885 -6.970889955736482 -7.004703274311206 -7.045277448823842 -7.082563286839772 -7.124024206853019 -7.149135624598926 -7.184795367039514 -7.236852100922371 -7.256943783248794 -7.2702088885590905 -7.298821443039365 -7.3230055347179555 -7.35259573020593 -7.385737560691043 -7.409011262487551 -7.432240162197757 -7.453132631297108 -7.470655741359137 -7.483629202826657 -7.504893442139335 -7.520541815482762 -7.536292624327854 -7.55563516415743 -7.570178183197211 -7.5845046862110514 -7.593876034172521 -7.604959673305737 -7.620231924243116 -7.635551286856351 -7.643089116389296 -7.657100943719499 -7.670080524508927 -7.67888779451522 -7.687733540962209 -7.6963591944661385 -7.707265075111976 -7.711911478607952 -7.7207980349134155 -7.732768401674175 -7.739550928993615 -7.74802023935516 -7.758191753913521 -7.767966154931014
51
 -1.5224593130289559 -6.012790899112572 -6.447140572894153 -6.648239919169962 -6.781845617145565 -6.879558204083244 -6.961744097037383 -7.0244417368288765 -7.080950952921033 -7.136844471248076 -7.176415571296093 -7.218504880419845 -7.253930255765177 -7.298988239548048 -7.321608008893823 -7.351655370820611 -7.388434771084692 -7.402634099646354 -7.436238505814715 -7.458545530380927 -7.478295137556457 -7.495030107657119 -7.5230655406232785 -7.53855896534105 -7.555646283826257 -7.570354994525133 -7.5887909034586505 -7.610087927158345 -7.625585000269835 -7.638888319953856 -7.654041965058656 -7.668399721333333 -7.679867909711706 -7.695122856223826 -7.71278720009413 -7.725457444575369 -7.738009680680787 -7.749040399081949 -7.757797509158083 -7.768351168167623 -7.779130675442376 -7.787053575569364 -7.79833437022314 -7.809346926884385 -7.8217035385182045 -7.832448009517287 -7.843954457618362 -7.854759243580818 -7.864596381258093 -7.87350226339936 -7.8837477742774436
51
 -1.5224593130289559 -6.123196477265014 -6.492424852444799 -6.681994542356013 -6.847852613239345 -6.9181768820678355 -7.020799988745343 -7.104794633077245 -7.1744867200951985 -7.235922549596281 -7.2933227440676625 -7.3292943429367385 -7.37009043680179 -7.403439574325179 -7.440820616692715 -7.484452180023081 -7.511429903269518 -7.54349279825146 -7.567471382415629 -7.591220294565194 -7.616402241953192 -7.635122433754643 -7.651001681664553 -7.668572935385301 -7.68407127864472 -7.701173155865994 -7.714650439537466 -7.733109236367381 -7.742956897535277 -7.76138920390511 -7.769176762255771 -7.784823925125846 -7.799830650612892 -7.816683770737837 -7.829643867079959 -7.83729510096121 -7.846997301405336 -7.858251926360996 -7.871292363678623 -7.8836241426460525 -7.891987554800066 -7.903498372192472 -7.913452493411068 -7.92606282642949 -7.935597534694679 -7.945465441518523 -7.952131480043634 -7.965258651772779 -7.97005868730367 -7.980074918492026 -7.9876169338426894
51
 -1.5224593130289559 -6.169500086535001 -6.501823886861265 -6.6936947387767445 -6.814285766183923 -6.8958574630792855 -6.964640453019891 -7.046891792738985 -7.103232251056168 -7.154653870385051 -7.205161367754058 -7.247892524515507 -7.275335756444109 -7.315778148827963 -7.343513256472173 -7.380335427181456 -7.396915689361995 -7.431049260629878 -7.4612727119242015 -7.478136143138057 -7.496098472934996 -7.516427376866175 -7.537848571600764 -7.561677238578777 -7.580618741763437 -7.597365566188615 -7.60929146455679 -7.628360052693867 -7.647707439927502 -7.6644792583748265 -7.681775929570066 -7.693573070661741 -7.703206247906115 -7.715975913516788 -7.7281296708234635 -7.74243195989641 -7.759274299730493 -7.770654542338119 -7.782291962500158 -7.792834368754873 -7.80074577572954 -7.812581400564406 -7.82412219636961 -7.83503553940376 -7.839739650342568 -7.848670002786746 -7.859099149366961 -7.873307760320166 -7.881620116739535 -7.892048894266327 -7.899290547745882
51
 -1.5224593130289559 -5.918445621997413 -6.327075147085199 -6.486188689312586 -6.655679695932915 -6.773239569325282 -6.858109254512087 -6.918659384022604 -6.976821800019659 -7.039370876823955 -7.079520531335416 -7.121473523086674 -7.14833804026118 -7.185978824522951 -7.223530523575837 -7.243059762367682 -7.272505544416931 -7.29674388825519 -7.318557134890019 -7.350094487941578 -7.376792715284412 -7.404120705408603 -7.426865008760192 -7.45414244856017 -7.4734046757706905 -7.494128820853852 -7.511139783522412 -7.528856025641946 -7.538692378854226 -7.55526757944507 -7.56892621043946 -7.582554122547956 -7.592416471049335 -7.602397447740691 -7.6139326236696085 -7.626010786280251 -7.636152319334174 -7.647781424207064 -7.659508336888844 -7.67082279416489 -7.678791422437802 -7.686715130994407 -7.696153255308615 -7.707571861960779 -7.7197383010705 -7.7286331452016235 -7.740033620921946 -7.7466886567393844 -7.753455211626505 -7.762558605262075 -7.769753863231006
51
 -1.5224593130289559 -6.120266672998202 -6.567362618972185 -6.822865027280045 -7.021257510007991 -7.191118886216154 -7.293481570321731 -7.3610562944459765 -7.409311319764326 -7.461571292445461 -7.508282311993334 -7.548238593985553 -7.583608476603672 -7.628256895151258 -7.664737120961346 -7.700762920674688 -7.734258839756968 -7.77195752621249 -7.80658768285929 -7.837448610630844 -7.8658661880460325 -7.902296510277236 -7.928558071337647 -7.957574716045883 -7.976154202599498 -7.99676669050226 -8.013322712506604 -8.0352340697745 -8.053302105702084 -8.068938126706854 -8.089578904173635 -8.10499584971978 -8.120462547657459 -8.132622625068954 -8.141569438187853 -8.149999711692997 -8.171570824220966 -8.185568318159978 -8.197467758287047 -8.211671373331619 -8.21962992625266 -8.226168834384898 -8.235302119572879 -8.241577526688141 -8.25399919332944 -8.268185205804912 -8.275749017077873 -8.286873285072586 -8.295276132711955 -8.302815958567798 -8.310164924177451
51
 -1.5224593130289559 -6.289504693896466 -6.6177201521087845 -6.788626639068913 -6.932940529185142 -7.017692182325707 -7.077785292949396 -7.152640337071538 -7.213377198710071 -7.2719493617430215 -7.325405037995846 -7.3654819482744305 -7.391032106288988 -7.427234606803945 -7.453778858742958 -7.489746917744651 -7.515192081914966 -7.553562689217153 -7.577458209031399 -7.60459974356067 -7.626242303684766 -7.639712323681907 -7.670088403130537 -7.69551338068203 -7.719017069603714 -7.723385931314337 -7.736943098984072 -7.757196866773507 -7.773708741411898 -7.789362030998635 -7.806922788460029 -7.821565495735808 -7.832809091255921 -7.8463738570928925 -7.860965687326651 -7.87190095449348 -7.885160043592502 -7.896927421764953 -7.9109411709216415 -7.92261258524431 -7.932605521870431 -7.943870044890769 -7.952316356718359 -7.961312124796703 -7.971420257254188 -7.985021917568796 -7.9938995726083775 -8.002215445693022 -8.012217295357463 -8.022369807371856 -8.026697549657477
SAGA
10
51
 -1.5224593130289559 -1.6992231604712598 -1.8773074366358806 -2.050735264706767 -2.2146660451911724 -2.374688581691336 -2.5278880520510105 -2.682923083501427 -2.820611791766086 -2.961936536946214 -3.0973267702298233 -3.2257802851511057 -3.355980811308196 -3.479842159458242 -3.5962461181284238 -3.7201120540301154 -3.835390540976409 -3.9415861020301124 -4.039667276977016 -4.138928582042978 -4.23016319632687 -4.322239132894384 -4.410390199971388 -4.495305788504744 -4.578592456564475 -4.649899691133744 -4.726412128017094 -4.801152114189869 -4.874021351007186 -4.94357199209967 -5.007546785801699 -5.067983166899071 -5.130929809503816 -5.191823989058173 -5.252274517907204 -5.309889041799109 -5.360796243830267 -5.416688376098577 -5.462800166903558 -5.513895160528203 -5.560723153548685 -5.604031659052783 -5.651025250826675 -5.6947398258358515 -5.744665583187039 -5.783659215750579 -5.828137875280915 -5.867299963703694 -5.9051968353280335 -5.940874690956292 -5.97742343612202
51
 -1.5224593130289559 -1.7161505706295626 -1.894322929771991 -2.075225650949975 -2.246140202469761 -2.4085575538255255 -2.5623119810313435 -2.7121563998744223 -2.8505564895025035 -2.988325362274488 -3.1228977217102556 -3.2516153301136668 -3.3755063835503636 -3.5048330066730315 -3.618137560726607 -3.730871468418237 -3.8402900978120167 -3.9434501090610485 -4.051028951258033 -4.152958150787335 -4.24615122737334 -4.328493171739968 -4.425306221339205 -4.503181632975869 -4.582563637577069 -4.659731595382814 -4.742493485645225 -4.8082786458898665 -4.870608501381859 -4.926836416637887 -4.994651077280265 -5.066084680663806 -5.1277422717772065 -5.184434335097773 -5.242892530233129 -5.295830689134944 -5.3449115357309855 -5.399458572524897 -5.453034149187051 -5.501100900112238 -5.546187823010188 -5.593812188653791 -5.648990739061383 -5.6938351500170645 -5.736870442284151 -5.778477828618497 -5.823538894252661 -5.862756306139435 -5.896201573552309 -5.934994744470095 -5.970832982436651
51
 -1.5224593130289559 -1.703244051216435 -1.8716021052793266 -2.0445796895562407 -2.2211157037143745 -2.3782103067384956 -2.5315390923646652 -2.6734115719136184 -2.821849621952752 -2.9619967719398668 -3.0980673389340754 -3.2237038427693427 -3.335600132306905 -3.445645973457244 -3.5522737451714987 -3.6726429078818517 -3.783118814598993 -3.8946547903358972 -3.9978670401617133 -4.08520311959166 -4.180754934277577 -4.272749893661108 -4.372744273342555 -4.4499305836591985 -4.533333297048058 -4.609839639551325 -4.686681218222025 -4.767755220553351 -4.841960305656772 -4.913371246599595 -4.975236477472894 -5.047245628563317 -5.108078970850948 -5.168238641347921 -5.215135979449304 -5.276728522354772 -5.332901336847675 -5.379002964605966 -5.435392345136634 -5.4838611983368954 -5.525120728307062 -5.5720429707352475 -5.622430438652649 -5.667192759817309 -5.710297062025625 -5.754054806158858 -5.792291418865599 -5.8333476964916064 -5.870556948262279 -5.9144090287820505 -5.954515067037075
51
 -1.5224593130289559 -1.7131396243235848 -1.897682811887267 -2.0697428714357597 -2.2330572719061963 -2.390163271611408 -2.553610263763273 -2.711563261383311 -2.843759464749106 -2.978455667675047 -3.109662194563532 -3.2402313929216784 -3.363173123111769 -3.483499451925715 -3.598026009305534 -3.7080764475793306 -3.813788447950022 -3.9236035362740886 -4.014907551428839 -4.1090219799303656 -4.202523426107595 -4.292895991849828 -4.369543111271923 -4.458720822594316 -4.5325767896575035 -4.620054228512235 -4.702108339908506 -4.773720397846 -4.847326380184118 -4.920968558213406 -4.989393546552546 -5.054549685687705 -5.111287917095395 -5.172472791426794 -5.227178162631749 -5.284325912639981 -5.335826784175717 -5.3859335387144585 -5.442907646437407 -5.492080610810837 -5.536695388631732 -5.578902382507871 -5.62148546322556 -5.667571574272204 -5.7138104648901145 -5.754584001493677 -5.800753754446467 -5.84148845394914 -5.882734390632565 -5.922088137684355 -5.957057757566938
51
 -1.5224593130289559 -1.715839433765141 -1.895497240176506 -2.0740005216004516 -2.235934250452422 -2.3924921268289014 -2.5458549921231355 -2.6970099739669386 -2.8303637597789306 -2.9812431092425573 -3.118355739998145 -3.23971342200112 -3.3625742472923776 -3.4746589986115755 -3.592688540849623 -3.705848498957255 -3.814352168972741 -3.9087180001919335 -4.0037397422683405 -4.100120331216917 -4.199035212084505 -4.286510641716297 -4.36757500645432 -4.459520612634428 -4.540010211311104 -4.61690273507424 -4.693255066588363 -4.764365017439366 -4.833305794934899 -4.901603130312831 -4.964914205277915 -5.023196008057009 -5.0852018454387515 -5.151322757264798 -5.208299429789565 -5.266082324871156 -5.319337987395648 -5.375039174846108 -5.424598618446991 -5.475955853881849 -5.526148697988336 -5.571928396158565 -5.619863733271036 -5.668425895759554 -5.715990547521588 -5.759993294456027 -5.80617650240983 -5.846283042340335 -5.88564056582694 -5.926342819073692 -5.968174276197426
51
 -1.5224593130289559 -1.698354454630497 -1.8897854752961731 -2.0622662118191704 -2.231547933760245 -2.3953402860979507 -2.555865893472682 -2.7033832758820284 -2.849929418686348 -2.988834583563336 -3.1114807962825752 -3.2413830897739797 -3.368263848541046 -3.487683030899464 -3.60044465905303 -3.714090215514756 -3.819567018752677 -3.9142648600301784 -4.010473808846124 -4.113134235384268 -4.20106729144163 -4.289489117234153 -4.372127351893952 -4.456051348835759 -4.5378889277809655 -4.6105100688523075 -4.688831003771928 -4.766025987883803 -4.837550708268869 -4.909751657518812 -4.967763528017587 -5.026852377746631 -5.0849023238233295 -5.14522301010715 -5.2049060131154805 -5.266555211837323 -5.31923968846709 -5.370211914062505 -5.418884987187587 -5.473270435019286 -5.523516748124226 -5.567620047657905 -5.614576597605544 -5.657841351783647 -5.699309498761046 -5.741889113869442 -5.7840544034356745 -5.8287774388184594 -5.871783564271375 -5.914922508754382 -5.950687764160335
51
 -1.5224593130289559 -1.7127013605131647 -1.8985100350837294 -2.0675546251639587 -2.2299495350093643 -2.39264474242881 -2.5442918829001853 -2.704503197113444 -2.855275238700403 -2.992843742926468 -3.1278709285863266 -3.2602903678015225 -3.388220573503627 -3.507381194236652 -3.627883326032704 -3.7318122403628835 -3.831013132668106 -3.921773698725709 -4.013255934241244 -4.106420638229137 -4.204533961009481 -4.292278764627438 -4.385177933394143 -4.465017658307777 -4.549005478396925 -4.627904133883827 -4.701505776938773 -4.77555218510531 -4.846996587744422 -4.9103467435779615 -4.985066346366839 -5.048690989458155 -5.115312483699392 -5.170722245606898 -5.225457698308548 -5.278193734543088 -5.337130353194829 -5.389988655195389 -5.444736086285663 -5.4975287722555235 -5.550226001889868 -5.594405442174463 -5.639925760985615 -5.684512201041647 -5.729346619137781 -5.773651840910884 -5.816509050819393 -5.857235279494336 -5.898615024704723 -5.941281105556847 -5.9800463825880374
51
 -1.5224593130289559 -1.707754051311136 -1.891237305889256 -2.067401887434335 -2.2333832491539223 -2.3914562036186635 -2.541436418385782 -2.69952560116206 -2.8471876147677424 -2.976018477283803 -3.114673772029597 -3.2493069903934773 -3.3741900926810517 -3.484472779888703 -3.5990586258798762 -3.710360950422409 -3.8154990866889578 -3.9256088084143723 -4.023566698028161 -4.11872543567533 -4.213846152572828 -4.310669164980141 -4.391857598387851 -4.480059534791571 -4.560575318764222 -4.638666349120352 -4.706844546532108 -4.780388801641144 -4.85627674085513 -4.923736284072844 -4.988376958988954 -5.0459279942635185 -5.106389969211345 -5.168955010695658 -5.226529707406191 -5.279492088120613 -5.328160704724515 -5.3807561150654495 -5.433526442200093 -5.484757305028192 -5.531156791715783 -5.575982164573251 -5.622763161315168 -5.662993330255302 -5.701801341497518 -5.745449921604745 -5.789325328279646 -5.8250642337932375 -5.871511000586526 -5.912212307936745 -5.951698276310194
51
 -1.5224593130289559 -1.7021142337389379 -1.882413969622758 -2.057043827165047 -2.2249602287835466 -2.3785172889997472 -2.539865061416973 -2.6855908449684454 -2.8326168265748377 -2.9787330554275124 -3.1135705663002144 -3.2462679764232245 -3.3823196756077065 -3.501915794542951 -3.6173843977595963 -3.731462126147877 -3.840441350181495 -3.941536652734666 -4.037289539769947 -4.127648044468343 -4.212112654318664 -4.301061116524893 -4.389948814511777 -4.480023670757947 -4.551995884959937 -4.624056219036118 -4.70868275262163 -4.781202646151016 -4.859121734026011 -4.928768193411399 -4.992230677728172 -5.059225604830155 -5.12164138165616 -5.1812301513564165 -5.2352178476210325 -5.295195124068399 -5.3513669218107625 -5.40167212652255 -5.449179687792204 -5.50289825262846 -5.55186939963129 -5.603563768877892 -5.650354506950352 -5.6911921416085125 -5.737136465179882 -5.781693515207542 -5.826154693789706 -5.862346728307229 -5.903383205726841 -5.939483560280278 -5.977100709078285
51
 -1.5224593130289559 -1.700644081073254 -1.878630866855495 -2.048098227715145 -2.2243492650226924 -2.3887508642036854 -2.5506431147400783 -2.7052890801607723 -2.853401782316522 -2.9909148368451524 -3.1281843463762184 -3.2470135236768267 -3.3635063155787392 -3.486250479447461 -3.6053982636587016 -3.7166357772493064 -3.8242014486568827 -3.9313556944650894 -4.035093136563897 -4.124445339211268 -4.227146511524381 -4.3171569290448195 -4.4056746329154475 -4.495669051776569 -4.567772133945777 -4.639912670439221 -4.702826672228017 -4.774909918230812 -4.844514832238737 -4.917919392406829 -4.98473555442483 -5.054590455345819 -5.110408314858827 -5.172434732444014 -5.227985147453277 -5.284291442764475 -5.33724000865194 -5.394485622930734 -5.449405524823632 -5.501086352383148 -5.552206936747609 -5.598723770478186 -5.642289276339386 -5.689576727169068 -5.733289470738916 -5.773250832142182 -5.818712955171266 -5.86163966162122 -5.897640131576841 -5.934781035468045 -5.970407385361128
ADAPTSAGA
10
51
 -1.5224593130289559 -6.032601660171847 -6.704145400262952 -7.36848750652538 -7.716442408467403 -8.097244163496079 -8.331774623275654 -8.49113383487164 -8.705507592907816 -8.852297439904666 -9.027051206549965 -9.30393255329423 -9.252503882751556 -9.435122349387797 -9.642914558391848 -9.738444204623427 -9.922122793003957 -10.1845310438694 -10.183524896859007 -10.448363161039284 -10.50895375758639 -10.645408961931984 -10.556407730959464 -10.696569137056404 -10.779014447036756 -11.005606479658503 -11.039308266304385 -11.123140940393741 -11.26309610941836 -11.25362929122588 -11.315895067467924 -11.399404981032596 -11.38902596303262 -11.450511709657688 -11.473672103832987 -11.579823777295712 -11.703558593829575 -11.715595177891023 -11.734383706266666 -11.604703343492705 -11.670077671808736 -11.698087489107413 -11.824948845844991 -12.003426518712539 -12.193423441013197 -12.268007874999256 -12.312299097092847 -12.487380712738366 -12.55398501926088 -12.571635855124413 -12.613909273330673
51
 -1.5224593130289559 -6.012093458091392 -6.807690436942713 -7.45418967899542 -7.810274363453554 -8.217198870365568 -8.439444839109267 -8.535336182031374 -8.767853890616788 -8.922629085454622 -9.096221093300125 -9.358426719189659 -9.297661252850588 -9.475768345153584 -9.672601356448997 -9.76577135762647 -9.94946571055229 -10.211777260354623 -10.208505518223218 -10.469161920541879 -10.534634943566688 -10.668005767398638 -10.58311754555615 -10.708824145842382 -10.792622050615137 -11.024154818275697 -11.061720315987923 -11.141067599565597 -11.280733919251107 -11.26818783847208 -11.326380665987505 -11.412562861992368 -11.398531310430878 -11.469581691691886 -11.495770653372531 -11.606525794463435 -11.72226153629125 -11.734429788120133 -11.75415438381163 -11.615654356914828 -11.680518614737085 -11.71273885913423 -11.83661711428946 -12.014430851362949 -12.204805967435991 -12.288019376702707 -12.337590041337425 -12.529288524243173 -12.588258988905919 -12.603052886319253 -12.647837190489575
51
 -1.5224593130289559 -6.118954866760043 -6.7976968566187725 -7.4609495577795775 -7.809627191196995 -8.201186821781823 -8.428572812184562 -8.53580539724117 -8.748972657707323 -8.907047208943075 -9.082557953731477 -9.355667490363297 -9.297641066160859 -9.483082572388273 -9.686342805528938 -9.771643815689742 -9.952619968910353 -10.220123229442695 -10.2208070198521 -10.485118089997775 -10.536017586557257 -10.669066929529945 -10.581353124029176 -10.71124623447937 -10.801240374718507 -11.031435070732927 -11.063309301256593 -11.146778874074299 -11.28163741379006 -11.26985734235601 -11.338170212447281 -11.42246349561575 -11.404391435888657 -11.472228699455721 -11.496965325079595 -11.608498130280713 -11.72868481836516 -11.74164177619895 -11.759376601471377 -11.62403786999128 -11.69091554227826 -11.718452437729479 -11.850024608701629 -12.030646556800457 -12.217918741384517 -12.296516040788884 -12.338554142605393 -12.525852255062205 -12.589372529445628 -12.605563771472275 -12.642436327187218
51
 -1.5224593130289559 -6.111286281272904 -6.815251993943532 -7.448552785887851 -7.838807916173214 -8.235467597152109 -8.47795935420439 -8.565833871507866 -8.78734112463254 -8.939174947309521 -9.11412109501129 -9.387490730098007 -9.328881455883092 -9.515228334576655 -9.722188304796443 -9.810467594079757 -9.989063678494654 -10.256328643143375 -10.253591310050828 -10.516497276383479 -10.576331931373367 -10.712466132345153 -10.618333828895446 -10.747143136924686 -10.823741076558605 -11.058116465263675 -11.094552686056954 -11.178755626869544 -11.322948819666495 -11.307465593972184 -11.364662538460818 -11.43958949227843 -11.427167615578133 -11.498849405932651 -11.519561558709205 -11.629087712523566 -11.748673044212996 -11.756271778685818 -11.770782325206042 -11.62605612447433 -11.690424140517361 -11.720261195816663 -11.857801884030387 -12.038196855477336 -12.228962920080582 -12.308872913015326 -12.360656696200474 -12.548927629415768 -12.60522338620893 -12.62152248455099 -12.669202850032864
51
 -1.5224593130289559 -6.116363322697402 -6.79394338883079 -7.459031630808038 -7.805070929045005 -8.20738821648626 -8.438200254775223 -8.54871280388573 -8.774811920296965 -8.920664770444338 -9.091290834783846 -9.365662103215046 -9.304557468964894 -9.488107500710463 -9.69146819965418 -9.78010774734948 -9.960878899385563 -10.226999911252946 -10.219716271300612 -10.484353490740924 -10.537481772935546 -10.683882608642232 -10.590948146167966 -10.730294035255618 -10.804055868183635 -11.032914740216125 -11.06993173651647 -11.152766774655307 -11.29409831908529 -11.275995916356107 -11.344811589810963 -11.426654269291376 -11.407571942030893 -11.466269097352379 -11.486543630425174 -11.597427400182656 -11.722970036894754 -11.740973859152737 -11.759200493401329 -11.620482618050243 -11.692399794375461 -11.716968661511904 -11.849620221909065 -12.032342530935061 -12.219572639319646 -12.30140414864912 -12.343044518729299 -12.52035746600044 -12.580475510439719 -12.587838493338484 -12.62733098410231
51
 -1.5224593130289559 -6.192659871029387 -6.859964327151757 -7.455787095733223 -7.789160335817589 -8.199641824930637 -8.436721632355866 -8.537870031081994 -8.766676689773634 -8.906986602285174 -9.088877163545675 -9.361682809728345 -9.307325182067943 -9.494751641562432 -9.695014223111723 -9.785990045132774 -9.97046926882591 -10.235641444344095 -10.227481784038869 -10.486978241796319 -10.544826916496199 -10.686708604071717 -10.59747328445174 -10.728901623054439 -10.80587062347456 -11.036418233031819 -11.077069406833107 -11.156975059233034 -11.297088752838297 -11.27982213505914 -11.337300163688216 -11.425988325953833 -11.40639437465275 -11.472370717737466 -11.496371912315167 -11.609231606698453 -11.736943676914251 -11.746872429861293 -11.764170643333543 -11.623422094760134 -11.693489634560198 -11.714513834831793 -11.845097222271287 -12.025723310481755 -12.216809887449676 -12.289158976042481 -12.34430685542967 -12.519231051607223 -12.580689721367394 -12.588345075285064 -12.633525350548405
51
 -1.5224593130289559 -6.26259680142962 -6.875434299455435 -7.518107288336485 -7.86511892050495 -8.263173518238354 -8.49987079733006 -8.606266726844604 -8.832228772330385 -8.977546735546062 -9.151503940428466 -9.423328539963563 -9.358364328305031 -9.538571385874015 -9.736419953929301 -9.831336790159826 -10.021719165377268 -10.291640139925706 -10.284856647256175 -10.55322286390459 -10.60499312731409 -10.738148529586141 -10.642619082164513 -10.767776535651002 -10.850911554840092 -11.086549369307011 -11.118298499899652 -11.200350934833539 -11.339727832977927 -11.3234949522266 -11.38317153323476 -11.470483371822532 -11.449970855196653 -11.513882628646204 -11.537709593398514 -11.647878981918746 -11.770870371526689 -11.782715458060583 -11.7944098444727 -11.648953266499348 -11.71033681720211 -11.732716208069522 -11.861013653131085 -12.04886821092927 -12.23867348933429 -12.316334770949917 -12.37038637878422 -12.557633632985018 -12.613582463255435 -12.62232668548377 -12.66642264294057
51
 -1.5224593130289559 -6.1446404984686716 -6.829467825017256 -7.4846158930294395 -7.8241123618521815 -8.217295765936043 -8.466199810359651 -8.572859105298289 -8.790424438776714 -8.943460989944398 -9.108067368275066 -9.380050388396125 -9.31895302562463 -9.49473532795197 -9.694514350486331 -9.785301179249338 -9.969747979441832 -10.237486956385684 -10.229292699205333 -10.49453956026577 -10.549448336215155 -10.689698036113406 -10.609828345773318 -10.739484120305562 -10.819701293070962 -11.05106004979816 -11.087012998747552 -11.167009362585219 -11.3028348173061 -11.291142903376755 -11.350598075314462 -11.44284282154628 -11.422078896860516 -11.488377346881538 -11.514297285309278 -11.63094127843559 -11.753257837720728 -11.761403454433808 -11.775968248364594 -11.636313939774647 -11.699163974052784 -11.718855450208622 -11.855037680402603 -12.034289193689528 -12.227125722001505 -12.297762673776383 -12.341155699682897 -12.525825916769795 -12.585942280391263 -12.594551762535911 -12.632945344978888
51
 -1.5224593130289559 -6.079021410137982 -6.800182488992567 -7.44944870498259 -7.808872855590477 -8.216919255239715 -8.456234457828733 -8.562021033028396 -8.775541996945712 -8.935815292255683 -9.103181590998933 -9.378841604777783 -9.320314536111557 -9.487678425530095 -9.684832494328507 -9.775737076816608 -9.960746676949848 -10.227033460089167 -10.222115584591219 -10.481204294628721 -10.538294656478243 -10.680950722433247 -10.589676337852634 -10.712377961594845 -10.795808910653161 -11.021424494669558 -11.056563949638974 -11.137614514900964 -11.282698064096746 -11.262756855346545 -11.329305608476425 -11.417388672995699 -11.403210334175256 -11.467158905511385 -11.478323282965908 -11.592890255296622 -11.716634259631602 -11.730234745396741 -11.753500524272065 -11.617683654345706 -11.691967557267153 -11.709879999615845 -11.837285777256072 -12.022112570156308 -12.211829283813358 -12.290040981403205 -12.336977925554896 -12.51803910515112 -12.575863979777592 -12.583538902977804 -12.622572121494457
51
 -1.5224593130289559 -6.175268179908407 -6.866661729117244 -7.508338341712867 -7.868098869736479 -8.27649429788364 -8.50674296459672 -8.603086271348172 -8.823232472478168 -8.968603263918567 -9.141683326985916 -9.41486158984184 -9.344914322779012 -9.534775039425067 -9.736623924703439 -9.825892728557635 -10.003182245409253 -10.272718474324567 -10.265526227292701 -10.5298170070584 -10.589002170221956 -10.732388013426773 -10.64310899200831 -10.77090746517307 -10.850999759361452 -11.085753277547955 -11.118041477666237 -11.200622773985264 -11.341643574523053 -11.324173404063028 -11.385410638004492 -11.469341900758993 -11.449815279866359 -11.517074943847483 -11.539400380900556 -11.654916587363841 -11.779261823682694 -11.790111668696378 -11.810694410415163 -11.668631335159896 -11.732857335919531 -11.752692643685132 -11.87835787534758 -12.06032954301216 -12.253031573100559 -12.326538557261626 -12.378205070654342 -12.566995312865266 -12.629092166747629 -12.642772840124787 -12.683503616353846
ADAPTDoubling
10
51
 -1.5224593130289559 -5.512796198808448 -6.5429513551873875 -7.0514952305941225 -7.396937351656532 -7.928229061646933 -8.125299493953715 -8.408875579688631 -8.389995314829678 -8.63166036031052 -8.69907720041895 -8.846764261352384 -8.989527122564988 -9.245370025590425 -9.422327169089774 -9.505979383911445 -9.69347502716136 -9.775977824058774 -9.925061135710358 -10.037552528262395 -10.140000731342482 -10.122805968099817 -10.183761356823618 -10.241911399799877 -10.276103639858892 -10.31274594806163 -10.401076190375322 -10.421727345814391 -10.496140963209323 -10.590298871905881 -10.586519779887468 -10.673151099679362 -10.700362094184092 -10.71167395381964 -10.754491654000198 -10.85288651094412 -10.93446413795668 -10.99406280753068 -11.000169300193837 -11.03827790066687 -11.086088815813934 -11.165541875523006 -11.197401680023981 -11.21445876057807 -11.219726591224177 -11.274615919666239 -11.370262476591993 -11.371974460014966 -11.344657706437287 -11.37767653183771 -11.365537700818358
51
 -1.5224593130289559 -5.848662801218229 -6.744236738031551 -7.225161738826105 -7.627682612958956 -8.079916547767223 -8.37235725576801 -8.565039545897177 -8.698883572237545 -8.788019892837632 -8.898154301235982 -9.009006184896872 -9.1789598644533 -9.189995617248488 -9.312619817006796 -9.320613758954604 -9.423659789310502 -9.548349267541186 -9.683652818263658 -9.784391417976455 -9.83228498555661 -9.941131097391555 -9.996942558911673 -10.108753564367788 -10.05285116030905 -10.166206380565084 -10.225502717354683 -10.269714088990986 -10.285996541151402 -10.31718818860696 -10.350260026958505 -10.412423576754911 -10.420224100935327 -10.40327310822478 -10.44878779526843 -10.48580346386086 -10.589559884116097 -10.660449898237838 -10.630501934667135 -10.643844256916864 -10.664662216254161 -10.816575099784197 -10.930587353847061 -10.95543795646348 -11.002700585639126 -11.043621531351734 -11.095590669810402 -11.10276031250493 -11.104815012250684 -11.180005089801785 -11.207695850914844
51
 -1.5224593130289559 -5.58167682520183 -6.651688545973316 -7.256993866817165 -7.635479367918697 -7.956980569791797 -8.259361490401046 -8.268418735690922 -8.481372442381913 -8.755098317983212 -8.918175271272128 -9.08506898297941 -9.148269032375547 -9.25839934908047 -9.375184771721555 -9.475603670573843 -9.580702830059739 -9.758572756752896 -9.970130196421511 -10.048357230703605 -10.123590051974487 -10.221303511988763 -10.276109315108842 -10.35759266264339 -10.440420905904398 -10.550830350645247 -10.639756622579828 -10.696459050214775 -10.792629376356757 -10.829078952017476 -10.869085189367677 -10.85601124475487 -10.931453660042 -10.956707531045284 -10.975845015486096 -11.019240146246295 -11.109933182717965 -11.150475160920378 -11.190422794969024 -11.21657518907372 -11.296006856526562 -11.332576463788179 -11.377988807281229 -11.482631663875813 -11.50091317699063 -11.541488282197472 -11.576542324496621 -11.606238464044015 -11.67239724611343 -11.704802004254717 -11.746668166271833
51
 -1.5224593130289559 -5.795430497561084 -6.651531499331063 -7.225139935722194 -7.45474357237039 -7.751272993343708 -7.959783555438196 -8.206046197955104 -8.488535450142567 -8.799926657771653 -8.91791191447688 -9.161933687221762 -9.313469932014149 -9.440586475708638 -9.652398374330602 -9.653136443253125 -9.770340423174519 -9.892284506985849 -10.030037335667508 -10.114457320564323 -10.229865467270688 -10.269686831644194 -10.302360808506856 -10.396633495421188 -10.480330499032986 -10.531261425657394 -10.602886772330198 -10.649045217908357 -10.681769993333146 -10.732514474787632 -10.8170029213788 -10.838004340058896 -10.869252940848005 -10.959299163974915 -11.045524823858075 -11.07313138895233 -11.114313229758281 -11.13531983059129 -11.154189290966938 -11.268303919084365 -11.314404767909524 -11.359519823426098 -11.402299982752456 -11.446366139972891 -11.46398350135736 -11.498832559221603 -11.528301158707803 -11.518674702355002 -11.570410054398732 -11.610299034882543 -11.635801170121969
51
 -1.5224593130289559 -5.97390731402907 -6.675265981127264 -7.127883261109378 -7.628211600867263 -8.028495894579628 -8.196832759843064 -8.391326759158984 -8.66548664857096 -8.827471522796648 -8.937722283091574 -9.137706364917783 -9.189634933810867 -9.318872201958333 -9.464980649909377 -9.624473905448264 -9.679597624153251 -9.74720632490145 -9.9193543890821 -9.933704472009593 -10.079201010626143 -10.111709678963273 -10.128830908081744 -10.23490153878734 -10.25245965242534 -10.295612589414166 -10.320386635790491 -10.44073361319002 -10.485157439684244 -10.556036684388149 -10.510028266850068 -10.637174215770255 -10.710026556166433 -10.786776570026305 -10.85989427395016 -10.907788217137254 -10.948502623989633 -11.019037482408208 -11.060299869930125 -11.11419146383129 -11.15806831777683 -11.199340599504591 -11.24435643589854 -11.250202549443662 -11.289665222412127 -11.303532389610991 -11.363451082759282 -11.352819642220762 -11.40944407400145 -11.454266182938829 -11.517602212911003
51
 -1.5224593130289559 -5.821302236316536 -6.843099712538056 -7.200066978580788 -7.453799126008425 -7.893912254574844 -8.225111008282205 -8.503315514403464 -8.780663922161187 -8.875647890524963 -8.964565938960336 -9.149619011742116 -9.263981312167553 -9.373662976244573 -9.486481120506689 -9.559318872677958 -9.593099037618737 -9.654908730096528 -9.83881036737238 -9.877833812297116 -9.938606546022575 -9.980397230495859 -10.050739613432404 -10.100627241840904 -10.255755737158765 -10.2463091172673 -10.358845689749845 -10.457074912494036 -10.538608476051461 -10.587851158879223 -10.600887440816802 -10.638368770119586 -10.717409663185837 -10.768775403648986 -10.868211246565448 -10.898267764217715 -10.94403164106685 -11.048494228751347 -11.084972118071736 -11.143226130980883 -11.226527150528367 -11.264393499913933 -11.299052668054406 -11.365451524535613 -11.392233400992426 -11.43834081892932 -11.483720059770407 -11.496681526304835 -11.480151961029906 -11.518796420708142 -11.518907570610882
51
 -1.5224593130289559 -5.608100536349049 -6.477937643884742 -6.9146352968571625 -7.326130664463551 -7.773772772780725 -8.129665668082179 -8.503768391992125 -8.712498619412127 -8.800062107419508 -8.909073840716932 -9.100782142312456 -9.181067843887941 -9.235673914577418 -9.363833842084325 -9.490459489261774 -9.594835099739724 -9.64081386307866 -9.746294999754824 -9.826590446492215 -9.889670188748601 -9.97639131272231 -10.022745805520074 -10.050940378931767 -10.102818319937741 -10.205484160799609 -10.257015869976106 -10.325831900442935 -10.357366196884973 -10.444108943389343 -10.497268706506164 -10.521398172919152 -10.586665354484296 -10.679506635040774 -10.725368663465122 -10.77832542922636 -10.778011008536838 -10.826597991934234 -10.828071674033753 -10.896425260906359 -10.941984823505743 -11.01761358608158 -11.063528003016861 -11.070768163123487 -11.108635179588424 -11.171575417812775 -11.263733502849702 -11.305270470487352 -11.317078384290998 -11.368936872700145 -11.352265504349075
51
 -1.5224593130289559 -5.730173588074965 -6.621780446577959 -7.371962253520276 -7.8224206821069275 -8.029013284990386 -8.301372452355276 -8.484610382001742 -8.616664207144929 -8.647493954142469 -8.744904510160135 -8.896668864863024 -9.009643411389835 -9.161557147206313 -9.375131868770028 -9.480058698641397 -9.523672914070925 -9.654565243605093 -9.750736154562091 -9.80757102690231 -9.877381020274479 -10.03852196282533 -10.075348466285096 -10.088288633712743 -10.103924519251532 -10.190217715584543 -10.240013541049674 -10.3224420874924 -10.441028736767104 -10.435655456137454 -10.496981724597575 -10.57204752647455 -10.680862537637001 -10.809495559260029 -10.837296400516198 -10.880873816249983 -10.956366200475028 -10.993711447810558 -11.074142457895828 -11.133643989717505 -11.177089388991638 -11.269547596400763 -11.330697562114612 -11.385294951946857 -11.408661781126337 -11.464086367508603 -11.51758340759742 -11.564401015199856 -11.58446577678966 -11.612964526274194 -11.639670754679157
51
 -1.5224593130289559 -5.7904311448554875 -6.61091358047149 -7.154728066328788 -7.575940221767245 -7.869727951527033 -8.121596274905974 -8.315390279363864 -8.586448234919924 -8.707694281504107 -8.768094567501 -8.898495262721667 -9.102047845229716 -9.312033095098975 -9.559813543339471 -9.65124640181493 -9.782280928462317 -9.839341816166456 -9.891779960739111 -9.943046000667172 -10.029858936685786 -10.097908549445629 -10.109832509476233 -10.15094860177718 -10.136731904315077 -10.168524393537943 -10.185370769522471 -10.20119567398818 -10.286501800178309 -10.35473425328892 -10.429366401166627 -10.526744703568799 -10.603312232139697 -10.646630891077995 -10.674486993460986 -10.709971116352852 -10.730517133536901 -10.806156302805576 -10.820307584128866 -10.874118018566053 -10.914519689202372 -10.911756557424637 -11.029767018571437 -11.038090930024953 -11.051104553238504 -11.061960071446736 -11.106185478545605 -11.20666341344249 -11.219053586747139 -11.25508416981981 -11.301281252479349
51
 -1.5224593130289559 -5.546782703647388 -6.542864317190442 -7.1107248293146 -7.399696193177762 -7.80535753020506 -8.109893635818436 -8.229592338251246 -8.347869783851694 -8.546012489943648 -8.778432945667918 -8.833516218157467 -8.934206547196093 -9.060705382715076 -9.177364152012283 -9.352301194789247 -9.442822340648767 -9.596724379681735 -9.695256563475716 -9.835777700976045 -9.931753689564152 -9.950179022314074 -9.968274033904816 -10.088458779532564 -10.221785307536587 -10.317518009949614 -10.397221041794499 -10.4214298274384 -10.4878131363609 -10.545075329069135 -10.616068344229562 -10.709771397609703 -10.764157876107557 -10.79518298441244 -10.834721759690051 -10.84764090668044 -10.890045507617163 -10.933741105348933 -11.026742071859578 -11.068444930650971 -11.093146254254236 -11.14141829190853 -11.248809889578558 -11.259219201319171 -11.317406884028065 -11.321793877831007 -11.36473643463656 -11.360548864722674 -11.350438829437364 -11.384375659157064 -11.419447380756099
MainSSVRG
10
51
 -1.5224593130289559 -2.153433510196949 -2.932899577431925 -3.5638067707660928 -4.049987624714734 -4.432997965385547 -4.7747720309029 -5.028900723928534 -5.220573943736635 -5.283197634148002 -5.474923022404494 -5.7910423192534495 -6.056646584027044 -6.2788823864779895 -6.320341043561088 -6.320341043561088 -6.320341043561088 -6.362877836752347 -6.362877836752347 -6.362877836752347 -6.362877836752347 -6.362877836752347 -6.362877836752347 -6.362877836752347 -6.362877836752347 -6.362877836752347 -6.48514560189148 -6.701757393776747 -6.901666116733745 -7.086243315944032 -7.257449257939712 -7.416336487394335 -7.570448608011425 -7.724634683910386 -7.862184725516733 -7.882137834089869 -7.882137834089869 -7.882137834089869 -7.882137834089869 -7.882137834089869 -7.882137834089869 -7.882137834089869 -7.882137834089869 -7.882137834089869 -7.882137834089869 -7.882137834089869 -7.882137834089869 -7.882137834089869 -7.882137834089869 -7.882137834089869 -7.882137834089869
51
 -1.5224593130289559 -2.1474125827904067 -2.6292777943729195 -2.941363076441517 -3.60565845207618 -4.13453988582956 -4.585880362063782 -4.945414821301983 -5.2515897741012285 -5.501558092060873 -5.72309724596612 -5.928219766179548 -5.977670428363738 -5.977670428363738 -5.977670428363738 -6.173687182512731 -6.405448108454493 -6.598949060995229 -6.759202360172481 -6.898646366892658 -6.972288196321209 -6.972288196321209 -6.972288196321209 -6.972288196321209 -6.972288196321209 -6.972288196321209 -6.972288196321209 -6.972288196321209 -6.972288196321209 -7.042352874153511 -7.220557611430168 -7.390743338687175 -7.554466582476142 -7.712138854855962 -7.865833714321738 -7.989138177422264 -7.989138177422264 -7.989138177422264 -7.989138177422264 -7.989138177422264 -7.989138177422264 -7.989138177422264 -7.989138177422264 -7.989138177422264 -7.989138177422264 -7.989138177422264 -7.989138177422264 -7.989138177422264 -7.989138177422264 -7.989138177422264 -7.989138177422264
51
 -1.5224593130289559 -2.103957099931115 -2.8320111736080777 -3.401538504826249 -3.858758137440569 -4.225667073016177 -4.498427052837494 -4.527059118003322 -5.022065786264427 -5.477136995560274 -5.843989135928514 -6.139112225569375 -6.268212323691607 -6.268212323691607 -6.268212323691607 -6.36499932185603 -6.480108074391134 -6.480108074391134 -6.480108074391134 -6.480108074391134 -6.480108074391134 -6.480108074391134 -6.480108074391134 -6.480108074391134 -6.480108074391134 -6.560441001292255 -6.760611562636006 -6.9400856886095434 -7.103800983619687 -7.150879783183265 -7.150879783183265 -7.150879783183265 -7.150879783183265 -7.150879783183265 -7.150879783183265 -7.150879783183265 -7.150879783183265 -7.150879783183265 -7.150879783183265 -7.150879783183265 -7.150879783183265 -7.150879783183265 -7.150879783183265 -7.150879783183265 -7.150879783183265 -7.150879783183265 -7.150879783183265 -7.150879783183265 -7.150879783183265 -7.150879783183265 -7.150879783183265
51
 -1.5224593130289559 -2.2360975067013276 -3.142406977885706 -3.8726409801964166 -4.393952798919972 -4.783125779339825 -5.032263625354914 -5.103022154340419 -5.243275198226598 -5.498459721890811 -5.718949317221791 -5.910738964115826 -5.982342274531693 -5.982342274531693 -5.982342274531693 -6.07769487191514 -6.238397207877194 -6.393336446528184 -6.541964191492943 -6.685459253198247 -6.825260763472734 -6.963391163088639 -7.074384843308191 -7.074384843308191 -7.074384843308191 -7.074384843308191 -7.074384843308191 -7.074384843308191 -7.074384843308191 -7.074384843308191 -7.074384843308191 -7.092420977008983 -7.246397420138619 -7.391075857027705 -7.529511447658727 -7.660756194020392 -7.787770738271428 -7.910579948949948 -8.029513058851332 -8.145537712111413 -8.164515816818568 -8.164515816818568 -8.164515816818568 -8.164515816818568 -8.164515816818568 -8.164515816818568 -8.164515816818568 -8.164515816818568 -8.164515816818568 -8.164515816818568 -8.164515816818568
51
 -1.5224593130289559 -2.17502938203332 -2.994308494827048 -3.4577437320740216 -3.6468171019981113 -4.2220639230224055 -4.682843483408912 -5.054390421489834 -5.357174808433054 -5.6055362445425745 -5.6055362445425745 -5.6055362445425745 -5.610570908484267 -5.844287308153512 -6.047572760126186 -6.226999540442 -6.237130946288636 -6.237130946288636 -6.237130946288636 -6.237130946288636 -6.237130946288636 -6.237130946288636 -6.237130946288636 -6.237130946288636 -6.237130946288636 -6.39732299358366 -6.39732299358366 -6.39732299358366 -6.39732299358366 -6.39732299358366 -6.39732299358366 -6.39732299358366 -6.39732299358366 -6.39732299358366 -6.39732299358366 -6.39732299358366 -6.39732299358366 -6.39732299358366 -6.39732299358366 -6.39732299358366 -6.39732299358366 -6.39732299358366 -6.39732299358366 -6.39732299358366 -6.39732299358366 -6.39732299358366 -6.39732299358366 -6.39732299358366 -6.39732299358366 -6.39732299358366 -6.39732299358366
51
 -1.5224593130289559 -2.191443698022114 -3.0270909799167045 -3.688252737392251 -4.2210264864185305 -4.238208893471493 -4.34972552462791 -4.34972552462791 -4.34972552462791 -4.646656088091615 -5.033814017351687 -5.361667654937723 -5.407361712912171 -5.407361712912171 -5.407361712912171 -5.407361712912171 -5.407361712912171 -5.407361712912171 -5.407361712912171 -5.407361712912171 -5.407361712912171 -5.641675033324787 -5.90170771492436 -6.005331292603589 -6.005331292603589 -6.005331292603589 -6.005331292603589 -6.005331292603589 -6.005331292603589 -6.005331292603589 -6.005331292603589 -6.005331292603589 -6.005331292603589 -6.005331292603589 -6.005331292603589 -6.005331292603589 -6.005331292603589 -6.005331292603589 -6.005331292603589 -6.005331292603589 -6.005331292603589 -6.005331292603589 -6.005331292603589 -6.005331292603589 -6.005331292603589 -6.005331292603589 -6.005331292603589 -6.005331292603589 -6.005331292603589 -6.005331292603589 -6.097176624817111
51
 -1.5224593130289559 -2.1543615099562845 -2.9546606337996835 -3.553392078262962 -3.7451074383128837 -4.059856720231654 -4.250581802961296 -4.250581802961296 -4.250581802961296 -4.534704365462299 -4.9488582338951135 -5.114732690117196 -5.114732690117196 -5.114732690117196 -5.114732690117196 -5.114732690117196 -5.114732690117196 -5.114732690117196 -5.114732690117196 -5.114732690117196 -5.2695583010144444 -5.547457473348673 -5.790069926326568 -6.008328813413013 -6.210191899899432 -6.390425924407301 -6.567095296037217 -6.607565458326048 -6.607565458326048 -6.607565458326048 -6.607565458326048 -6.607565458326048 -6.607565458326048 -6.607565458326048 -6.607565458326048 -6.607565458326048 -6.607565458326048 -6.607565458326048 -6.607565458326048 -6.607565458326048 -6.607565458326048 -6.607565458326048 -6.607565458326048 -6.607565458326048 -6.607565458326048 -6.607565458326048 -6.607565458326048 -6.607565458326048 -6.607565458326048 -6.607565458326048 -6.607565458326048
51
 -1.5224593130289559 -2.176891340758248 -2.3205600329441056 -2.9888555971922135 -3.630754975089047 -4.13954828955784 -4.535132145489776 -4.872862563751051 -4.934953138242173 -4.934953138242173 -4.934953138242173 -5.193169634358569 -5.480438428197223 -5.720413669541986 -5.932406223183674 -6.051332490488202 -6.051332490488202 -6.051332490488202 -6.051332490488202 -6.051332490488202 -6.051332490488202 -6.051332490488202 -6.051332490488202 -6.051332490488202 -6.115926606037353 -6.232128720910183 -6.232128720910183 -6.232128720910183 -6.232128720910183 -6.232128720910183 -6.232128720910183 -6.232128720910183 -6.232128720910183 -6.232128720910183 -6.232128720910183 -6.232128720910183 -6.232128720910183 -6.232128720910183 -6.232128720910183 -6.232128720910183 -6.232128720910183 -6.232128720910183 -6.232128720910183 -6.232128720910183 -6.232128720910183 -6.232128720910183 -6.232128720910183 -6.232128720910183 -6.232128720910183 -6.232128720910183 -6.232128720910183
51
 -1.5224593130289559 -2.151226309983986 -2.941043010841335 -3.543050045937331 -3.9890292091864574 -4.074362472915915 -4.459284170152804 -4.890797257086209 -5.241400029918868 -5.482232105692783 -5.482232105692783 -5.482232105692783 -5.548489902571938 -5.8995307018526955 -6.190317666209369 -6.4368719539455475 -6.647890349878983 -6.832186477966328 -6.999468287640612 -7.146384269961859 -7.146384269961859 -7.146384269961859 -7.146384269961859 -7.146384269961859 -7.146384269961859 -7.146384269961859 -7.146384269961859 -7.146384269961859 -7.146558473953269 -7.317329987016249 -7.482676222263008 -7.642719749197986 -7.798328550791017 -7.950239584892192 -8.099922413971054 -8.246415194385433 -8.389754075648714 -8.50904483594714 -8.50904483594714 -8.50904483594714 -8.50904483594714 -8.50904483594714 -8.50904483594714 -8.50904483594714 -8.50904483594714 -8.50904483594714 -8.50904483594714 -8.50904483594714 -8.50904483594714 -8.50904483594714 -8.50904483594714
51
 -1.5224593130289559 -2.1471064369437847 -2.9224441500783707 -3.5330291476425577 -3.577296348337541 -4.091292677049916 -4.517653341065781 -4.517653341065781 -4.517653341065781 -4.539354613689672 -4.934929509489978 -5.267171346163599 -5.551197915676865 -5.787515606581485 -5.910420770135198 -5.910420770135198 -5.910420770135198 -5.910420770135198 -5.910420770135198 -5.910420770135198 -5.910420770135198 -5.910420770135198 -5.910420770135198 -6.010239174339672 -6.227252476476979 -6.267701680871614 -6.267701680871614 -6.267701680871614 -6.267701680871614 -6.267701680871614 -6.267701680871614 -6.267701680871614 -6.267701680871614 -6.267701680871614 -6.267701680871614 -6.267701680871614 -6.267701680871614 -6.267701680871614 -6.267701680871614 -6.267701680871614 -6.267701680871614 -6.267701680871614 -6.267701680871614 -6.267701680871614 -6.267701680871614 -6.267701680871614 -6.267701680871614 -6.267701680871614 -6.267701680871614 -6.267701680871614 -6.267701680871614
SGD:0.05
10
51
 -1.5224593130289559 -5.369161915320404 -6.603413739476199 -7.527463119967303 -8.27895780204516 -8.717474120637632 -8.957262782315453 -10.64934101652959 -10.115501762283476 -8.778726057361515 -9.763089782620453 -9.007758223687228 -8.762538838835235 -9.155307249304657 -9.245232927476088 -9.335249727521754 -9.102140233332252 -8.91904751537553 -9.668723555306649 -9.20524809296974 -9.561835257751577 -10.215654266500746 -9.879965579901572 -9.180698527184333 -9.723812557559137 -10.190930335489243 -10.58380413236371 -9.39325658957461 -10.85841362264029 -9.23915954789982 -10.03441528567376 -9.682604087198788 -9.711111612469697 -10.133150182853743 -9.015804429498486 -9.13419451341789 -10.329939449915276 -9.517038882324005 -9.383052957908891 -8.807975177992603 -10.290129367884019 -10.287613745413656 -10.08027430259701 -9.907485179246208 -9.173404539574909 -10.067626028246286 -11.589012591975438 -9.690013304615707 -9.698917982325266 -9.948950362016907 -9.779832526635317
51
 -1.5224593130289559 -5.4403388821763805 -6.577651520966134 -7.493470205307853 -7.943734734127777 -8.661291345092765 -8.563910796045477 -10.051643474955334 -10.162383161504257 -9.100770392849808 -9.163575575649524 -9.07839509590316 -9.36900706659954 -10.04250282094103 -9.897558616950315 -9.16244189184404 -9.270140449962323 -8.513847580927298 -9.601308144743982 -10.321851760191953 -10.992027444848551 -10.916561679788115 -8.46165164025347 -9.695486893261329 -9.961811575208062 -9.446970239960143 -10.193011701574017 -9.73929193493468 -9.273819131376731 -9.285996537498537 -8.18680637875672 -9.01609616570375 -8.47805240519594 -9.266728844138289 -9.077785235434929 -9.282301513580745 -9.230242860402583 -8.926703856862488 -9.943083022063714 -9.888748827703829 -8.481527346330184 -10.169267420986449 -9.26153364182491 -8.98826233898264 -9.327376619777533 -10.009404319929846 -9.768737520641134 -8.358162607322306 -9.188413726703855 -8.972365435378407 -9.328684344250576
51
 -1.5224593130289559 -5.167963848107076 -6.314476333522333 -7.075168650938277 -7.403090634763378 -8.406297936407135 -8.92524713683571 -9.753198426030162 -9.835321862293993 -8.520229799651313 -8.724545804327388 -9.068358191122254 -9.349251249923402 -8.5918925471235 -8.900275920660894 -9.012028169897592 -9.373601765706626 -9.79105307288053 -8.890291640901028 -9.681956753340874 -8.921697694658802 -8.722301608970234 -10.051609123775908 -9.568810833009536 -9.542824853607806 -11.281043978861426 -9.408682619565475 -10.354082671767426 -9.09835330114189 -9.549967343046811 -9.548321958106593 -9.436397974062784 -9.414153457776635 -9.430916515625958 -8.814049057777396 -8.731693259357398 -9.370692613277273 -9.943279150381963 -9.306957245201998 -9.164790967534286 -9.605846043783645 -8.654858567224563 -9.025946420662518 -10.369264473015184 -10.630715948555267 -9.475521647823792 -9.039178297179573 -9.203037250544519 -9.512197101817994 -8.792984720929686 -9.400207301384473
51
 -1.5224593130289559 -5.305106785365295 -6.607184961537234 -7.331035653849507 -7.805882151115389 -8.45242269503208 -9.287881066014972 -10.24049492215454 -9.301022052658942 -9.309960132917807 -10.378011513680438 -9.670551881204045 -9.874452799389838 -9.673401326924889 -9.890556331626941 -9.118073775829737 -10.147438720528799 -8.320312086859849 -9.583591290930523 -9.131257074266827 -9.821394483722905 -9.43740285145847 -9.544010800706511 -9.239527871037106 -9.390135122516327 -10.502127924439593 -9.087607346978528 -9.23397327230375 -8.666919726894294 -9.231847259258759 -9.497432997499137 -9.867561242610567 -9.74574659173762 -9.63411876862882 -9.085556599753023 -10.22141196188771 -9.294917190108125 -9.668092168253684 -9.776820881210272 -9.254490627488778 -9.869019935870842 -9.511052887093522 -10.393662707153894 -8.90031778721637 -9.655856551635587 -9.465384599538337 -9.373079856980931 -9.52903305488002 -8.806887350905745 -8.942942158341564 -8.839073004952594
51
 -1.5224593130289559 -5.191161195566153 -6.425054046036932 -7.146957947052093 -7.938337381564109 -8.789222128885017 -9.27861723252043 -9.015483383731127 -8.88490650350208 -8.96320647405912 -10.29196065516902 -8.895915809685654 -9.059004553542355 -8.914588101180595 -8.7975044989883 -9.203133602620568 -8.76230102393249 -9.041368808390358 -11.086239733519902 -8.891073236208937 -9.510349462345529 -9.989715376777982 -9.518059572512014 -8.402780147626515 -8.688998827675222 -10.191927697084855 -9.251812236132253 -9.09300865436463 -8.708281675231866 -9.416420065751081 -10.265936995950685 -8.907370971979855 -9.391729548535865 -10.421107153419921 -10.242939539917458 -9.543954045037545 -9.680451711007747 -9.058379137923861 -10.216600294669021 -9.424935527447584 -9.972309479155395 -9.424365721173972 -8.666064227548254 -10.249393931993485 -9.33706091441457 -9.885290054580421 -9.675231938662009 -8.76885965364584 -9.283215095564238 -9.586459591607367 -9.646478311166877
51
 -1.5224593130289559 -5.232234862467222 -6.6135260830632046 -7.056091394695192 -7.9761762880705165 -9.319585619643188 -9.119580055617387 -8.84477674495745 -8.610378312476689 -9.096700496754519 -9.597382327326562 -8.43771286823843 -9.013783876210711 -9.919297540039153 -10.030771479957016 -9.75413738404098 -8.779630216804616 -9.044603686615938 -8.668097171166051 -9.672679847774827 -9.455995876717104 -10.34186563930117 -8.846369287228118 -10.061659173090927 -10.468791214358141 -8.830472713407465 -9.810235578376611 -9.386327474844153 -9.046940239770471 -10.53620773160221 -10.537628277060591 -9.137239516924094 -9.34190926903047 -9.671121153702162 -8.154445398359528 -9.16561634565732 -9.961561329280844 -9.689685513947213 -8.257297956360745 -7.955162172761669 -10.17534681846465 -9.571122506398448 -9.398681745391912 -9.761879243149359 -9.21427884820101 -9.398333682590142 -9.363703663178605 -9.736222664376978 -8.988194795708194 -9.175964273577002 -9.902090668064409
51
 -1.5224593130289559 -5.385381916119557 -6.271802584053279 -7.078575817325654 -7.634736029387228 -8.355518441332132 -8.425158853426105 -10.158785218963693 -9.12421690313957 -9.463584211788083 -9.362056019069891 -9.119784325550901 -9.78891551221281 -8.98205036692138 -9.925853684257177 -9.365657261563008 -9.495936255695815 -8.83921426015378 -8.605242405077865 -9.318518552083608 -9.763635471774695 -9.349438144640601 -9.079149899555413 -9.327163689433972 -8.550787184854553 -9.16921376316817 -8.864134531865796 -9.48014026671631 -8.979421546148881 -9.55384350015005 -9.258940396663828 -7.9865422213501525 -8.550803078717772 -9.098003920264166 -9.318099232113001 -9.404359616977123 -10.813036749554014 -9.806986453060112 -7.991737450515016 -8.93655502253064 -8.631121669270492 -9.609266111616309 -10.9437291467198 -11.79127936796873 -9.909570830654559 -8.612523077105433 -9.235270241582441 -9.16330511179117 -9.70147512737954 -9.415377704487453 -8.938294128978148
51
 -1.5224593130289559 -5.46464394945305 -6.464641974311192 -7.24219870084328 -7.495259031767904 -7.992093553659319 -8.52679300852595 -9.652439388712546 -8.313445881140435 -9.57287194620877 -10.382798698981935 -8.707681102902388 -9.32419671393281 -8.81560318119214 -9.821302976492786 -8.924031904409071 -9.661851908935482 -8.777523521217471 -9.925571219555762 -9.268533254070693 -10.178912440063423 -9.608675879704915 -9.27438844080712 -9.096756303348384 -9.480926568256336 -9.562215409400515 -10.16294488775658 -9.771880480282444 -8.82151462354416 -11.136857803342759 -10.233172885176764 -9.94726073846949 -9.523611573523862 -8.776415416191327 -8.284181932702452 -9.943538296158582 -10.430245545887985 -9.715942125800352 -8.882690097274175 -9.059443750705137 -9.339389475353835 -9.360045705828144 -8.663099751941045 -9.751733871403847 -9.432043286992537 -9.062215287093109 -9.389945515752514 -9.250234054917726 -10.714066276833675 -10.519956168445963 -9.851515950312146
51
 -1.5224593130289559 -5.276818741324971 -6.612074604125157 -7.520933797092551 -8.20527429346647 -8.778291315447412 -8.857417745792157 -9.065224369560768 -8.998608142849934 -9.50698366295439 -8.801765267027587 -9.48435719549797 -9.93507291029788 -9.673067221617442 -9.123753876606777 -10.307897266706307 -9.567405840360054 -11.019136697059208 -9.242972011864225 -8.872682949507348 -10.112923076312352 -9.035497340412743 -9.044509874689478 -9.022448001122005 -9.11472097292133 -8.91520904174131 -9.570406282170431 -9.59339489068166 -9.883544297849786 -10.685508192886525 -8.867965633065115 -8.650930860816965 -10.534532028705526 -9.85231627519842 -8.622179052068075 -9.406128922486289 -10.252594961684244 -10.154115866611441 -9.064752359454056 -9.169082433994182 -9.070359349577775 -9.38810055483069 -9.345877880372676 -10.395532743640656 -9.608793907649673 -9.54837716640698 -8.350864271451643 -9.06948687028064 -8.748152045061854 -9.96714022317803 -10.907970063466811
51
 -1.5224593130289559 -5.285063139710178 -6.671515629691818 -7.3438728648023845 -7.9479324769638575 -9.017582859588233 -9.299878744297727 -8.982791401791173 -8.855013371843016 -9.04808438796872 -9.421760921259835 -8.772344785050628 -9.318922815055084 -9.894212882224858 -8.629904590028726 -9.173770166926971 -9.074380547563809 -8.993128287543424 -10.452243115812875 -9.946150774908826 -9.995486605849145 -9.65035784666644 -9.492175952893902 -9.24931444767442 -8.41504606053099 -10.054110516521957 -9.024276800191883 -10.430539062394645 -9.554085279170907 -9.754235811754734 -9.74030245808425 -9.123203307877285 -9.448302802275698 -9.357734240591519 -9.6618476800913 -9.312237895040257 -8.847216891725672 -8.632864288390747 -9.719463370849958 -9.017270452103114 -9.125561990349578 -10.924804038530663 -9.50469394947704 -9.361792295210856 -8.58201484002857 -9.6990641394984 -9.570426861651937 -9.053813029071572 -9.494254286190607 -10.49812588091877 -11.101929204311581
SGD:0.005
10
51
 -1.5224593130289559 -2.2122124553145506 -2.791760962412484 -3.308610161962645 -3.7537395430629164 -4.13110589916128 -4.431490131232471 -4.688901017429603 -4.939667404825745 -5.132730946741112 -5.34694889297763 -5.559719902994937 -5.723563213798452 -5.889577164117221 -6.05199412552328 -6.177550020545838 -6.273579759799438 -6.397194260507422 -6.486285687866921 -6.586080348556432 -6.70171576975952 -6.808907194275512 -6.899023165655739 -7.009671942905281 -7.113434601087546 -7.213562832504492 -7.289769429410965 -7.392212015988925 -7.495830606369529 -7.549594422876069 -7.617177078802582 -7.727790264880548 -7.824086316557725 -7.945827346416165 -8.014060324531403 -8.091631903158772 -8.220730910743308 -8.330001970527924 -8.421215990079826 -8.513963732672659 -8.62838654214915 -8.71410369528116 -8.792925602950202 -8.880154117013447 -9.00602554967921 -9.067720585008015 -9.100631614110311 -9.191890948656875 -9.25766707940017 -9.384785906404849 -9.436597272018155
51
 -1.5224593130289559 -2.2042934089459876 -2.779981833636032 -3.275155963343552 -3.6832548370394407 -4.085471189850133 -4.440719117772709 -4.71642143806369 -4.95143740738932 -5.188443547125264 -5.42701466894696 -5.592039995947505 -5.750338698014476 -5.900829610391434 -5.982485028308107 -6.1126665932979405 -6.238696872516708 -6.3706964818813026 -6.506734109733833 -6.635550749287848 -6.74740156290995 -6.860860163492293 -6.957919174903245 -7.042710377973112 -7.132926449223389 -7.1953448225661365 -7.309613379527246 -7.409756112842343 -7.481095951507389 -7.586554123970571 -7.715507711257989 -7.807892020945917 -7.888638568419448 -8.011082903121608 -8.122848568086711 -8.233502277663735 -8.324677112019508 -8.412060696100585 -8.473264774495425 -8.586978119041097 -8.70525373162269 -8.79980576757937 -8.85751581910074 -8.953774473660271 -9.07142085154364 -9.14448719823537 -9.256300954042452 -9.305777861485213 -9.292880391897887 -9.471337993892845 -9.58723663401611
51
 -1.5224593130289559 -2.1899446979777526 -2.7651606750075652 -3.2731435681823142 -3.720387991383945 -4.054196505203578 -4.394073234830085 -4.656959299725296 -4.952342435032469 -5.2000096612399425 -5.388483601807462 -5.566128597810451 -5.727675974607316 -5.8947922588311314 -6.039663393135689 -6.205969067766266 -6.344839845601858 -6.467378137302624 -6.570306782771854 -6.695359980362905 -6.832669867236451 -6.924823537625019 -7.018792565879742 -7.146303829055123 -7.250894116469923 -7.360888506820656 -7.434274372510178 -7.498911178892681 -7.586089573564537 -7.685521928161949 -7.765502387266552 -7.850205284905928 -7.9555848139033305 -8.03374226898141 -8.077639449308219 -8.188255594501646 -8.261241600131546 -8.374015560657186 -8.462291229252008 -8.544338277642945 -8.620231053519944 -8.69769563380186 -8.802181041983571 -8.855062119769011 -8.90028564300739 -8.983453850626015 -9.031169324407474 -9.102510926097189 -9.177162832467944 -9.244856609966416 -9.374481988961838
51
 -1.5224593130289559 -2.1670023452566567 -2.7604565540710255 -3.287750574080993 -3.7147875657351213 -4.106064077925863 -4.432647861457625 -4.730883190296936 -4.990184027530706 -5.218476506942628 -5.427402393278201 -5.629503008045443 -5.796124477698016 -5.94138515533609 -6.06684548354006 -6.207081802496723 -6.353261939472539 -6.459520550235902 -6.564223126103692 -6.664982006977176 -6.772766960606534 -6.888738908500459 -6.990628585148404 -7.075923006292103 -7.167131799261374 -7.255050989511374 -7.328629067067125 -7.40724056501947 -7.526008030379436 -7.62395230292096 -7.73838536824782 -7.801662697066816 -7.9095320175160015 -7.985765446558862 -8.096814068555965 -8.161713910935086 -8.270877423428338 -8.358745414639447 -8.475839099793554 -8.552348006860479 -8.65421437209935 -8.744516941644273 -8.808742190326237 -8.873287272014313 -8.939725588090033 -9.026158270533275 -9.127241369472305 -9.21185612418913 -9.285271817383629 -9.447577511790813 -9.517239854275743
51
 -1.5224593130289559 -2.1840872727245406 -2.7800313569933723 -3.2398327370407984 -3.6984215213077887 -4.073530907016331 -4.405761995074776 -4.716024462141359 -4.960214202950347 -5.214292119869269 -5.459273761485281 -5.660494251586605 -5.819143845395792 -5.967124202325537 -6.098628656061202 -6.2136982617940735 -6.344576842858072 -6.447094782869003 -6.551714972100055 -6.652405169054721 -6.733817197339323 -6.818208445922312 -6.926515129030425 -7.027276921118581 -7.1066901785967955 -7.210580546709946 -7.298884546791831 -7.397940109516073 -7.462416000234274 -7.544236161733776 -7.603206570919645 -7.723420258062047 -7.807735377524519 -7.933162729894914 -8.02867666121132 -8.140035040237068 -8.247132595375438 -8.309204127217807 -8.402164973369915 -8.452511110849635 -8.56624424741796 -8.681581646174934 -8.787437979629448 -8.85383904296105 -8.914920145689456 -8.954479763701793 -9.064851122640132 -9.113772646427368 -9.20171781010739 -9.307212732953 -9.298708345331853
51
 -1.5224593130289559 -2.1751100355702713 -2.7392613946816753 -3.243640386643851 -3.7037874372851363 -4.099552103882775 -4.4148941242269455 -4.708809781709511 -4.983260232445443 -5.184500788262343 -5.404401481332725 -5.6028814493317585 -5.781377200943389 -5.9552510150617115 -6.089279621968412 -6.205669635059057 -6.324229733031908 -6.42358357183879 -6.537847609824168 -6.632701273732448 -6.714727441855023 -6.80665449613027 -6.8875772198827745 -6.9695306529217875 -7.0468893370891195 -7.117273958402247 -7.202148553454918 -7.287321223567729 -7.400886866602991 -7.506122122402982 -7.629757926170842 -7.707291354325871 -7.761610598708697 -7.851119889969554 -7.95822882454056 -8.039954945059113 -8.10729313656282 -8.22581846932959 -8.320223798829632 -8.387806754155001 -8.505088191290973 -8.58644554949051 -8.661564018183942 -8.765086318199401 -8.88692084513231 -8.980848829617598 -9.088596599356071 -9.182505265275433 -9.22131412855452 -9.253074974969172 -9.374847133421868
51
 -1.5224593130289559 -2.1896958854642987 -2.7699727993843184 -3.294828446046565 -3.7062172334196 -4.093534145753189 -4.44331790606184 -4.717572525746091 -4.984081477983874 -5.218947399000828 -5.433294866662222 -5.617430741426311 -5.771072095467563 -5.9531294226903455 -6.078907316840247 -6.2188567864204085 -6.338583734427461 -6.436331057494181 -6.559137464366256 -6.677837081885831 -6.789233292438678 -6.901962469444366 -7.0057428361185385 -7.097373893923909 -7.178481595334878 -7.2703703556425285 -7.364358363369197 -7.461124948048647 -7.557398667462139 -7.671355356013047 -7.76820365119634 -7.8713312653577505 -7.95650940196116 -8.044676207084217 -8.120449830980244 -8.21051693569752 -8.256283635618797 -8.326332146921052 -8.406824530667288 -8.456279308768554 -8.621894651168317 -8.725815414755324 -8.860940322624256 -8.931552249992453 -9.013391655511255 -9.104721168795946 -9.157596638122222 -9.254500847534269 -9.324398547230958 -9.462115911091852 -9.508858519845848
51
 -1.5224593130289559 -2.201859153011655 -2.78164570694712 -3.2720983933733083 -3.7179943750527946 -4.086180323782434 -4.4776434940054 -4.779318728038316 -5.040143095199291 -5.269865937054392 -5.427129773611335 -5.594214182321251 -5.755122708348142 -5.925088864018502 -6.047365255805881 -6.196913871647119 -6.324113216599895 -6.439301413683922 -6.526578929514286 -6.637198562939867 -6.749041381660338 -6.825578811384143 -6.913853443299073 -7.01857414050545 -7.114602710624065 -7.189481201954337 -7.260709463304999 -7.358489755099851 -7.4445200283813735 -7.526725320352368 -7.634448219863612 -7.667962723252229 -7.810128926759933 -7.920275743036761 -7.9804397312649025 -8.055651925803312 -8.124085869259341 -8.163170104553272 -8.195836260922986 -8.304547166177805 -8.408035334502467 -8.555448718339965 -8.67023130519014 -8.76678063091118 -8.85761350370664 -8.919515528393916 -8.99169568778928 -9.039190192813749 -9.17459560674728 -9.224579252428086 -9.362354937668265
51
 -1.5224593130289559 -2.1763037477249614 -2.7422580542488886 -3.2550965219440355 -3.7140325383357777 -4.079789821064214 -4.414083957560198 -4.711619394105692 -4.958921348127995 -5.187457087227988 -5.413159448393192 -5.611158909657147 -5.758449189751743 -5.9114843176115235 -6.036093993585491 -6.193875034964958 -6.330209208485139 -6.459666302982754 -6.576646449248519 -6.6958179288366315 -6.795557811028623 -6.923652963968991 -7.0190987832953065 -7.10903637183208 -7.196947238954394 -7.277256964983805 -7.391552510637014 -7.455539042675957 -7.566367780088028 -7.6790453874746785 -7.7476914208369605 -7.8654573569437725 -7.962643912431241 -8.039904982874347 -8.160381360197634 -8.236920387585714 -8.301609313765463 -8.377216498332778 -8.4386302922606 -8.539349726660996 -8.579103640921437 -8.639693818050745 -8.689136565725486 -8.703521603637213 -8.738552126253856 -8.843967959453343 -9.034962647315508 -9.111918118266297 -9.206066150626677 -9.246793722540446 -9.309606687233073
51
 -1.5224593130289559 -2.1722968107276945 -2.776787250425587 -3.2677521182685574 -3.7403052410540014 -4.146108998852915 -4.4690956113098 -4.718785022682816 -4.969198423173442 -5.177261127190358 -5.357674957939578 -5.5463345108207625 -5.699066211445467 -5.845201396254468 -6.011249854470177 -6.134077669409537 -6.242396470200302 -6.358892207234491 -6.482847790360832 -6.606212499838408 -6.707662869064218 -6.82863767654832 -6.949973295982027 -7.0699294761147335 -7.163589017867376 -7.266166661415321 -7.3589185464782645 -7.477245769148024 -7.557255870934941 -7.645505929531425 -7.735311212538885 -7.822032175931785 -7.913864491404678 -7.981615379639599 -8.076067356442737 -8.157171836208116 -8.209986745013861 -8.303907910980326 -8.382104985465354 -8.497567871176239 -8.58668344752886 -8.628122694957563 -8.660265496351244 -8.748835797182426 -8.809271504450178 -8.912181312442463 -9.011459957380547 -9.114322140622354 -9.269696527724848 -9.368622031252112 -9.407833729742366
StreamingSVRG
10
51
 -1.5224593130289559 -2.1716430381647243 -3.0285845016793007 -3.734247988609964 -4.297035713859498 -4.802672232737001 -5.163560438037199 -5.440206878706815 -5.667561729245975 -5.888179248434212 -6.082304130154473 -6.260362524821386 -6.426150165335432 -6.606018023843866 -6.7400090727774025 -6.90649673453124 -7.040663140670857 -7.171102146912728 -7.306042458101279 -7.409956421422554 -7.581873715261916 -7.722226526208786 -7.844887037639284 -7.966190311981873 -8.086467761778469 -8.154230764955159 -8.1726340886742 -8.32530345898973 -8.499898342537394 -8.632417127946203 -8.798239725495495 -8.89642626493361 -8.89642626493361 -8.89642626493361 -8.929054074254452 -9.143704916548733 -9.286812896093794 -9.385222934460485 -9.477924847391906 -9.527435984122379 -9.454136113749973 -9.505243010476024 -9.740577623295245 -9.88445235797439 -9.84857237308159 -9.904218192658554 -10.188287416835522 -10.33205423547107 -10.224569281323324 -10.460406114979728 -10.699637884708261
51
 -1.5224593130289559 -2.193792680473517 -3.0052316075773815 -3.6815861074810248 -4.285560574421406 -4.68697376425896 -5.043552981730313 -5.396788625771791 -5.6019372873968605 -5.87296151480406 -6.083195524718431 -6.261676473773721 -6.398009417913361 -6.555635338906572 -6.69124450422253 -6.812731690390035 -6.830663822287121 -6.9728090947512475 -7.1418275632554895 -7.2805321815219015 -7.392178980154193 -7.517857198757665 -7.692556591224575 -7.835031231026205 -7.9606473222383975 -8.132751812379928 -8.235628156014782 -8.277847636194753 -8.398062321465373 -8.511748730617095 -8.563466809544416 -8.70520091288798 -8.7843426481289 -8.920260196199589 -9.129183085712443 -9.295930163064153 -9.394696873837658 -9.525425299780867 -9.574286132798305 -9.63807097092615 -9.69551471247111 -9.780141910248705 -9.950895170577732 -10.193597125283729 -10.294694289319409 -10.646840512482605 -10.868739338262298 -10.686336868598774 -11.002629343405617 -10.91578045207667 -11.102984010519007
51
 -1.5224593130289559 -2.174746738448193 -3.0191320902015337 -3.663792764853004 -4.211778564493222 -4.684101291555531 -5.084607958578243 -5.452676151498342 -5.732522464487814 -5.959410211310436 -6.160443186134732 -6.319236885021774 -6.465294713938273 -6.617938489567026 -6.764930534967342 -6.910489155814601 -7.053763115425149 -7.174489220488185 -7.289535632082701 -7.436641018418275 -7.550654569679396 -7.700167484731168 -7.842948539528619 -7.945271219197124 -8.01783219782785 -8.18219641223501 -8.299273751132203 -8.421263182404617 -8.57436851234887 -8.6782504960179 -8.820797892620595 -8.923415600253152 -9.02925514924091 -9.017568689929607 -9.087173520052769 -9.15705830716618 -9.23660260615949 -9.238393289252205 -9.284952298604772 -9.284952298604772 -9.284952298604772 -9.277536138994463 -9.461376111287388 -9.513915410528814 -9.61126602128234 -9.6077495262173 -9.72817758779035 -9.981881896088316 -10.082831985026784 -10.177189479448622 -10.302725097179126
51
 -1.5224593130289559 -2.185130251506563 -3.0400166997404843 -3.7596353312341075 -4.329861544985539 -4.812799390301011 -5.194210906173806 -5.490778518743004 -5.723934659796789 -5.919851788790977 -6.087484651557081 -6.261108197879411 -6.410920376363288 -6.562258924207195 -6.689989982776781 -6.805399979180725 -6.954481554685463 -7.046762283804724 -7.164368088770691 -7.2570539623818595 -7.372226960413613 -7.533083671314323 -7.682756064459609 -7.806517510674038 -7.988844560419209 -8.106414029264682 -8.196849586126794 -8.365575735808122 -8.525551530906476 -8.553906871142502 -8.636479736162393 -8.743353199299724 -8.905909952362103 -8.916899331255175 -9.03595797352983 -9.063705262336306 -9.142308162580525 -9.275910730004972 -9.384512727231996 -9.441759647591331 -9.61886367210225 -9.693497570110653 -10.016415666564464 -10.002220557703971 -10.007710313420217 -10.200698439944652 -10.10260335564069 -10.262173427615506 -10.262173427615506 -10.262173427615506 -10.257304277384089
51
 -1.5224593130289559 -2.130946616279611 -3.030090488945062 -3.700861879387958 -4.293236959132224 -4.737362220100925 -5.0619087899731054 -5.366540665461366 -5.61777159894832 -5.838243341689154 -6.06116531870242 -6.2439160311049795 -6.427145715551437 -6.589418932784105 -6.747539546061751 -6.9048881162380935 -7.049917905003806 -7.204286300190588 -7.347185144577434 -7.514261726912093 -7.689063216761693 -7.80748376907431 -7.896166564889032 -8.05595873547563 -8.210905661879101 -8.361268703815956 -8.473794829043337 -8.656157416623897 -8.696697318413587 -8.819857684882185 -8.968800055490053 -9.008569775300147 -9.164723702790855 -9.220619212059539 -9.319073754905034 -9.476256405898294 -9.656444364121835 -9.678028424762665 -9.828986192617567 -10.014446049386235 -10.159499083286194 -10.226125800694286 -10.256636549319579 -10.382316938901065 -10.573240263387657 -10.84660771671171 -10.907764754639174 -10.784165800328942 -10.963801367468909 -10.959478939556773 -11.192012142894635
51
 -1.5224593130289559 -2.168347036506925 -3.0135687685255785 -3.7851336152132 -4.260745761201556 -4.710443115468755 -5.07305118395949 -5.276311817149218 -5.6061068782876315 -5.843985199773173 -6.063300690815471 -6.248759653415787 -6.431836032416553 -6.585136056606601 -6.746171645095334 -6.87768378873771 -7.022996498805669 -7.198457634343027 -7.338832690907659 -7.474833805427097 -7.587345308008741 -7.7389034752600905 -7.869985729202025 -8.046552321450184 -8.119080214983832 -8.246221323483818 -8.402884063372499 -8.45158400243347 -8.57097137189269 -8.703267748021942 -8.790028564182911 -8.853505359465661 -9.001490155401896 -9.191687340306599 -9.246668673123674 -9.410158901212798 -9.629353415207458 -9.630996786837992 -9.594856044218782 -9.779539769091661 -9.823983595815212 -9.877118649849645 -10.177577641302067 -10.344726918012485 -10.60912433242807 -10.696638225252858 -10.791152015439089 -10.962321931434985 -11.20467660145728 -11.074491631255903 -11.01352153040528
51
 -1.5224593130289559 -2.152024865107833 -2.97432365335656 -3.685250267945877 -4.257547042177067 -4.683771113887726 -5.011382491928817 -5.369030521292985 -5.647988707791114 -5.870331105222354 -6.114310120581224 -6.299379677741756 -6.458552756402264 -6.582745320799608 -6.744848557764237 -6.8952685649218415 -7.011535118264983 -7.13622002980037 -7.243491266873048 -7.445283982660155 -7.566752615611869 -7.727832370538831 -7.857697200538774 -7.955299603127713 -8.085605401660493 -8.162125800685512 -8.217434408837404 -8.274864304224442 -8.424087647865194 -8.563848260360553 -8.761235122647856 -8.920178144579399 -9.081567153013918 -9.079171911384366 -9.399351582773193 -9.505521705950246 -9.574539312898835 -9.742529098985017 -9.875389271059191 -10.080381324726835 -10.23434942120906 -10.319860826310606 -10.502037882355365 -10.617625792371982 -10.819715622289952 -10.776819909396709 -10.750476095182512 -10.755089715122164 -11.037399400688095 -11.20230653375795 -11.187700307693065
51
 -1.5224593130289559 -2.161681103102328 -2.9775358079048795 -3.6175620527935664 -4.1488110513655725 -4.6037177408788805 -5.012804658992629 -5.320938713809259 -5.579511532864692 -5.767081840004043 -6.0308505821324 -6.245001227832481 -6.459984472714654 -6.651796814808648 -6.830913561603037 -6.999803010591809 -7.187361710352516 -7.334159020205018 -7.494797071138973 -7.604395252572082 -7.684643046173156 -7.864972955794596 -8.034405568258437 -8.147062831700357 -8.271117973888334 -8.383750261720877 -8.56726161750087 -8.664416706552702 -8.832704780965328 -8.951414447662716 -9.076279983509933 -9.147035800412416 -9.206369566629936 -9.189218368237219 -9.22202280224635 -9.384318052305801 -9.53843288102753 -9.674015607660074 -9.73248171584484 -9.929685135547498 -10.001056437108732 -10.075864200293632 -10.098441679437249 -10.098441679437249 -10.098441679437249 -9.959151910243866 -10.148016954046351 -10.061596632933629 -10.357814664032228 -10.375729859239684 -10.400105330791867
51
 -1.5224593130289559 -2.172560072031046 -2.9866337165457835 -3.6178756684492983 -4.21860020659035 -4.6622126727524815 -5.057255686568636 -5.379878629481746 -5.676095896191839 -5.900980676350966 -6.071316579907923 -6.257965060593327 -6.4150791888028005 -6.580110370073039 -6.714962848310293 -6.837907028827697 -7.006112490900428 -7.148098824698273 -7.260134947564266 -7.38597108843283 -7.448654962868137 -7.5720656516131974 -7.7360434248018235 -7.877428345685768 -8.068212429015803 -8.14206465221746 -8.282125744579734 -8.396866360786063 -8.506733486050704 -8.614163019468826 -8.685963468115038 -8.769776181547337 -8.901962935376453 -9.04841006340018 -9.234102905008468 -9.40789611941921 -9.618000065212906 -9.738248760913963 -9.881307427745224 -10.138657259547216 -10.269454470691079 -10.257082585419278 -10.415433972032185 -10.457071311099615 -10.622904041865036 -10.620002094714401 -10.536779885731095 -10.67144887721824 -10.926742060519958 -11.118909207769065 -11.338692761359
51
 -1.5224593130289559 -2.1714681331652406 -3.0405454838339305 -3.682390652277842 -4.248093495181165 -4.663919405030572 -5.02309238368197 -5.348146643345111 -5.6415912269643185 -5.843394448459307 -6.046224874525713 -6.250545961225853 -6.413232377139812 -6.54830385432778 -6.6995742185929394 -6.840398075871257 -6.861292356041576 -7.0176753782889385 -7.148359593896635 -7.264448613160398 -7.422417220681902 -7.5560011437414305 -7.685723876197052 -7.8262493545601535 -7.956529861669736 -8.020657738074256 -8.099318407796472 -8.220617886002003 -8.389336729132683 -8.417912093228667 -8.637024042154806 -8.755751410861656 -8.898540299647777 -9.035470260249426 -9.139403794545048 -9.203784764112651 -9.219638654461281 -9.400872047985814 -9.67031775130022 -9.811772449925371 -9.963402662518286 -10.09218171198082 -10.287986417610387 -10.402337955132523 -10.486133730084854 -10.553525124573142 -10.43466240968873 -10.77048754110614 -10.757891116051008 -11.023818283982449 -10.666798018197928
steps
10
51
 0 1000 2000 3000 4000 5000 6000 7000 8000 9000 10000 11000 12000 13000 14000 15000 16000 17000 18000 19000 20000 21000 22000 23000 24000 25000 26000 27000 28000 29000 30000 31000 32000 33000 34000 35000 36000 37000 38000 39000 40000 41000 42000 43000 44000 45000 46000 47000 48000 49000 50000
51
 0 1000 2000 3000 4000 5000 6000 7000 8000 9000 10000 11000 12000 13000 14000 15000 16000 17000 18000 19000 20000 21000 22000 23000 24000 25000 26000 27000 28000 29000 30000 31000 32000 33000 34000 35000 36000 37000 38000 39000 40000 41000 42000 43000 44000 45000 46000 47000 48000 49000 50000
51
 0 1000 2000 3000 4000 5000 6000 7000 8000 9000 10000 11000 12000 13000 14000 15000 16000 17000 18000 19000 20000 21000 22000 23000 24000 25000 26000 27000 28000 29000 30000 31000 32000 33000 34000 35000 36000 37000 38000 39000 40000 41000 42000 43000 44000 45000 46000 47000 48000 49000 50000
51
 0 1000 2000 3000 4000 5000 6000 7000 8000 9000 10000 11000 12000 13000 14000 15000 16000 17000 18000 19000 20000 21000 22000 23000 24000 25000 26000 27000 28000 29000 30000 31000 32000 33000 34000 35000 36000 37000 38000 39000 40000 41000 42000 43000 44000 45000 46000 47000 48000 49000 50000
51
 0 1000 2000 3000 4000 5000 6000 7000 8000 9000 10000 11000 12000 13000 14000 15000 16000 17000 18000 19000 20000 21000 22000 23000 24000 25000 26000 27000 28000 29000 30000 31000 32000 33000 34000 35000 36000 37000 38000 39000 40000 41000 42000 43000 44000 45000 46000 47000 48000 49000 50000
51
 0 1000 2000 3000 4000 5000 6000 7000 8000 9000 10000 11000 12000 13000 14000 15000 16000 17000 18000 19000 20000 21000 22000 23000 24000 25000 26000 27000 28000 29000 30000 31000 32000 33000 34000 35000 36000 37000 38000 39000 40000 41000 42000 43000 44000 45000 46000 47000 48000 49000 50000
51
 0 1000 2000 3000 4000 5000 6000 7000 8000 9000 10000 11000 12000 13000 14000 15000 16000 17000 18000 19000 20000 21000 22000 23000 24000 25000 26000 27000 28000 29000 30000 31000 32000 33000 34000 35000 36000 37000 38000 39000 40000 41000 42000 43000 44000 45000 46000 47000 48000 49000 50000
51
 0 1000 2000 3000 4000 5000 6000 7000 8000 9000 10000 11000 12000 13000 14000 15000 16000 17000 18000 19000 20000 21000 22000 23000 24000 25000 26000 27000 28000 29000 30000 31000 32000 33000 34000 35000 36000 37000 38000 39000 40000 41000 42000 43000 44000 45000 46000 47000 48000 49000 50000
51
 0 1000 2000 3000 4000 5000 6000 7000 8000 9000 10000 11000 12000 13000 14000 15000 16000 17000 18000 19000 20000 21000 22000 23000 24000 25000 26000 27000 28000 29000 30000 31000 32000 33000 34000 35000 36000 37000 38000 39000 40000 41000 42000 43000 44000 45000 46000 47000 48000 49000 50000
51
 0 1000 2000 3000 4000 5000 6000 7000 8000 9000 10000 11000 12000 13000 14000 15000 16000 17000 18000 19000 20000 21000 22000 23000 24000 25000 26000 27000 28000 29000 30000 31000 32000 33000 34000 35000 36000 37000 38000 39000 40000 41000 42000 43000 44000 45000 46000 47000 48000 49000 50000
