10
SGD
5
21
 -2.5914215696116227 -4.229175748207925 -4.557759397771431 -4.744791803581284 -4.876323100629045 -4.979459244012874 -5.064462986414881 -5.13454435313669 -5.1944159164898664 -5.246138696407622 -5.294739337130919 -5.33898854797464 -5.378930529280007 -5.415360289751592 -5.4483329467858255 -5.47973564355442 -5.509125476784077 -5.537026702525385 -5.563451526447453 -5.587538163914429 -5.609283963162182
21
 -2.5914215696116227 -4.187665670707768 -4.5183646529971755 -4.714735881851114 -4.846931676743847 -4.94819414991184 -5.029807651137143 -5.1011439058673 -5.159743373999067 -5.215198262678747 -5.2615851829258515 -5.304647603792392 -5.342766847688685 -5.379237990782625 -5.412512140303956 -5.441562237706244 -5.470129800893979 -5.496868376020393 -5.5211473199582795 -5.545076369333232 -5.567347450139107
21
 -2.5914215696116227 -4.186667378881672 -4.505273517104727 -4.694310836458688 -4.822049305627999 -4.924550732579693 -5.008131356944718 -5.07695751210473 -5.140942544248119 -5.192821736805022 -5.241515267348286 -5.2847246893240225 -5.32577365436476 -5.3606860789360145 -5.393471929282958 -5.42440091810645 -5.452207481683851 -5.478470943305574 -5.504590390307098 -5.5293723693989625 -5.5540211464825875
21
 -2.5914215696116227 -4.190634039046158 -4.503175805431132 -4.6919815024933715 -4.818503269126978 -4.919250381326157 -4.99719179078334 -5.0673599673823455 -5.128268892095391 -5.181083739312381 -5.227831405593553 -5.27066501551313 -5.3090708778195115 -5.34555106405457 -5.3787427787067355 -5.408202669205294 -5.438089063137754 -5.4639788926456845 -5.489436917925938 -5.513852649556204 -5.536013320901555
21
 -2.5914215696116227 -4.219578535774211 -4.544641660574771 -4.735018887784012 -4.86474614993278 -4.9664496936931295 -5.0523015647550675 -5.123292446611253 -5.184761176839683 -5.237821623947665 -5.286262070300053 -5.328712020554467 -5.3667537904153955 -5.403481734926178 -5.438140694095626 -5.469860746971698 -5.500247651116193 -5.527014656387805 -5.5521878058079475 -5.576779149324179 -5.59989448293978
SAGA
5
21
 -2.5914215696116227 -2.7652777255995935 -2.9357122443111345 -3.105081735492389 -3.2721187020600135 -3.4372596169012835 -3.603261286076039 -3.766802029784531 -3.9295159371990542 -4.090308022280978 -4.248842805318894 -4.408580177981032 -4.5680656852095405 -4.7241762184823965 -4.880320365924743 -5.028032677916976 -5.178736049529518 -5.330258866927735 -5.479093650380338 -5.626849708596007 -5.775576229474969
21
 -2.5914215696116227 -2.7625764015917094 -2.9282370624918617 -3.103016288516574 -3.2823121073532318 -3.4573609265881657 -3.622705552469425 -3.786408865172679 -3.951288937044462 -4.1110991714091565 -4.2672844161119565 -4.427981533484426 -4.580957193066241 -4.734534183237197 -4.887986041788208 -5.042606250419991 -5.193190011095572 -5.344435894685748 -5.48940217409486 -5.635049157044072 -5.78494029181077
21
 -2.5914215696116227 -2.768071920716841 -2.943174042553005 -3.111668420274811 -3.2793739923247167 -3.4450604736511368 -3.6104459750903253 -3.7753073396710057 -3.9351176527347365 -4.092630547639595 -4.253715928078089 -4.411362407755406 -4.568911805341449 -4.725042887572746 -4.875843294158811 -5.02848524930899 -5.180838561801603 -5.331975081892623 -5.481664849155867 -5.6299285377884365 -5.780801852289506
21
 -2.5914215696116227 -2.770186381935785 -2.941695857200848 -3.108335874213707 -3.2736773376388855 -3.444474320093289 -3.609709084622604 -3.775548938360815 -3.9332954902178696 -4.095271397981319 -4.252710789977616 -4.406791151601173 -4.564870250479556 -4.719258304561548 -4.873024415221903 -5.022921655695133 -5.176175114379676 -5.322547754272477 -5.474124852477805 -5.623315291736959 -5.765327634142937
21
 -2.5914215696116227 -2.763154144933628 -2.9406724971272755 -3.1123025880434687 -3.2810287957748696 -3.4446081421314068 -3.6135077733921785 -3.775493950255793 -3.9343065633446095 -4.091206014986121 -4.2497170786872545 -4.406911843661069 -4.564318931197114 -4.71780631009803 -4.870442793423499 -5.019859835248243 -5.17485398482614 -5.327842372512687 -5.476274226790378 -5.621464080220913 -5.771538428467871
ADAPTSAGA
5
21
 -2.5914215696116227 -3.923323442343038 -4.872052697439915 -5.493148530342289 -5.980663533317141 -6.348241167348597 -6.6782867330422055 -6.956491583546607 -7.187875807885366 -7.4117917003457165 -7.622174410428531 -7.809204067791648 -7.989054429441559 -8.164905163996387 -8.327813777714862 -8.486771552633947 -8.633713262777661 -8.787746395260042 -8.939541208672331 -9.060343191564112 -9.17240095277083
21
 -2.5914215696116227 -3.919330613454898 -4.87483883115929 -5.498327921869048 -5.98293873181038 -6.349165189335651 -6.675709538946319 -6.957428343640307 -7.189922846736819 -7.412650680768429 -7.620393206826028 -7.808891931450538 -7.989271532880336 -8.166127211453519 -8.330440206608559 -8.487904752287744 -8.639502258833044 -8.794837622287396 -8.948644939439813 -9.069424520512838 -9.178616265270898
21
 -2.5914215696116227 -3.9107254689493423 -4.8693876955537965 -5.491109472696325 -5.98220938741729 -6.3490182794437295 -6.677268199366153 -6.96191667030259 -7.190566891250664 -7.416273427902899 -7.624441200743907 -7.811845913073085 -7.98979607302347 -8.163216717653743 -8.327719674070543 -8.48574238955854 -8.634329847829514 -8.789756755731323 -8.944139699340242 -9.062342959251392 -9.173656703564692
21
 -2.5914215696116227 -3.9259829055041324 -4.877237002103007 -5.488947183898443 -5.971854189718478 -6.337623467363699 -6.668270273917131 -6.948925282854393 -7.17904202154572 -7.402930930123116 -7.611324217068434 -7.7959646679085095 -7.9758702331097036 -8.154643395143585 -8.318778440854155 -8.476883943185403 -8.624187817276114 -8.780568731656489 -8.935815127888134 -9.058525648131658 -9.168133349198763
21
 -2.5914215696116227 -3.89947854627026 -4.846531907765044 -5.475029828242 -5.964981730483936 -6.332939758153583 -6.662335125161517 -6.948782732835029 -7.180638916142423 -7.401535737161434 -7.612735282182013 -7.798543495817373 -7.97966675588901 -8.158277496794664 -8.320209815105912 -8.476933608729826 -8.624785139659028 -8.780981174767822 -8.93536466979774 -9.054525012029933 -9.165346842754788
ADAPTDoubling
5
21
 -2.5914215696116227 -3.9769357466433672 -4.754341448944071 -5.217461801717786 -5.616082271664469 -5.877154669631722 -6.108908790632842 -6.330927611288251 -6.537290008855993 -6.6853919254031045 -6.817604909943765 -6.938921193983213 -7.0648182850986725 -7.186875214429435 -7.306257923610777 -7.425949751645206 -7.547282993560269 -7.659347645223935 -7.765240102691765 -7.874656687869045 -7.984495982349316
21
 -2.5914215696116227 -4.006442940202574 -4.7751701968640035 -5.255661560576911 -5.655951351901909 -5.918310520223314 -6.14127234046198 -6.354644301637336 -6.557873605564244 -6.702122495616696 -6.82594144801199 -6.951956791955025 -7.072197181097584 -7.193617374175874 -7.313237345572259 -7.428173815183404 -7.548639284242394 -7.661190173827511 -7.771973385004935 -7.880302796444193 -7.989688177980437
21
 -2.5914215696116227 -3.9933251164804857 -4.790276797332207 -5.25933538647399 -5.657586909928278 -5.923064928238171 -6.14707266510743 -6.361708688470437 -6.561316570580296 -6.7115523207642775 -6.830443285068345 -6.955548970138298 -7.075846591312449 -7.194953403501478 -7.314974806235756 -7.434499443346022 -7.555560516332254 -7.670899709904239 -7.77746082603078 -7.888447962995891 -7.999171983116636
21
 -2.5914215696116227 -3.991923244919436 -4.771775850043015 -5.244161201631631 -5.659765694482933 -5.9193682636430145 -6.1438898531476 -6.366884889789801 -6.574340219729735 -6.720427116139048 -6.838349400550647 -6.963259722351295 -7.082856150185146 -7.202689555479626 -7.3235331841857585 -7.440848506618763 -7.556514497709938 -7.669710113732184 -7.784103006185883 -7.897587711820552 -8.002863597583696
21
 -2.5914215696116227 -4.0078948948992705 -4.793067544019299 -5.247770714693625 -5.663597425904015 -5.9252411678553525 -6.15026884306759 -6.374764387371172 -6.591055206982199 -6.733484631197717 -6.85929249504601 -6.980278092013984 -7.10123215878986 -7.223592179210493 -7.343636099569756 -7.461188681064749 -7.5818018227319355 -7.69788201679082 -7.804787717783347 -7.914962562391826 -8.027274777883182
MainSSVRG
5
21
 -2.5914215696116227 -2.6489860718065765 -2.7674277680785444 -2.883796730501466 -2.998267312852796 -3.11195192234595 -3.2231690739625685 -3.3315132011962603 -3.43774085872096 -3.541226527038349 -3.618146916679767 -3.618146916679767 -3.6960216062559863 -3.8076710871878 -3.9178059063177413 -3.993411780511525 -3.993411780511525 -3.993411780511525 -3.993411780511525 -3.993411780511525 -4.06217976868852
21
 -2.5914215696116227 -2.6484297815884776 -2.7655990990493047 -2.881051963661204 -2.994241075806363 -3.1051590310158197 -3.2143619512012584 -3.322504431163899 -3.42622861839044 -3.5271680817651676 -3.577013939063251 -3.577013939063251 -3.6817933815079966 -3.792659994002775 -3.902172932280505 -4.010146045195811 -4.117174872433869 -4.221931804296921 -4.3260658657243205 -4.372688727873626 -4.372688727873626
21
 -2.5914215696116227 -2.648829822115967 -2.76680269065873 -2.8823676615063563 -2.996307402596296 -3.1070572270324552 -3.21610371185501 -3.32190073606704 -3.4265353947405086 -3.5255297035748896 -3.611233680742007 -3.611233680742007 -3.6753893779618334 -3.7844312637301574 -3.8918672919221664 -3.998011604901325 -4.102391147171185 -4.204770855232789 -4.306191041283877 -4.365394661208925 -4.365394661208925
21
 -2.5914215696116227 -2.6320062806760753 -2.6320062806760753 -2.7015975509126684 -2.817916010221186 -2.9328647639331686 -3.0280389455814913 -3.0280389455814913 -3.0280389455814913 -3.0280389455814913 -3.0280389455814913 -3.08592438361002 -3.2026703658444795 -3.3183115688173994 -3.432848056899337 -3.5457925146323457 -3.658095182649789 -3.769882247990058 -3.879828034882329 -3.989899625400673 -4.098460196278648
21
 -2.5914215696116227 -2.648381663671055 -2.7652476557088295 -2.8803836211589506 -2.992951464404013 -3.1031391810561892 -3.2112942992711067 -3.3172626135301595 -3.420366154233395 -3.519438098674941 -3.616334435603793 -3.710266666552052 -3.800311400488684 -3.8494775208048915 -3.8494775208048915 -3.9414696627618397 -4.043732369417022 -4.144452943878402 -4.243207469365024 -4.341007317211795 -4.437519044903171
SGD:0.05
5
21
 -2.5914215696116227 -3.38364811041736 -4.140071287276124 -4.841035739263244 -5.500775303076351 -6.099744642108045 -6.656022264874069 -7.108889750691645 -7.569455865317517 -7.9392961616425355 -8.270055191695139 -8.598672454089943 -8.725992874767543 -8.799689079088257 -8.921842936476018 -9.010965311350002 -8.946792593188968 -9.207381483406198 -9.162795177292049 -9.206826691886846 -9.240740506587088
21
 -2.5914215696116227 -3.3749528424199426 -4.118006569369198 -4.805279020017065 -5.4491043753952795 -6.051183969228622 -6.647631219091183 -7.17651420248504 -7.623726891639076 -7.9420162120612225 -8.25530505405217 -8.568848244790846 -8.78574882851042 -8.90873399071959 -9.029046645352286 -9.043114167733815 -9.031930998114232 -9.221709153650554 -9.174560807981042 -9.324525512101618 -9.350468077783919
21
 -2.5914215696116227 -3.375479491723562 -4.108651285901488 -4.8203741947757806 -5.490821498950106 -6.085351350392469 -6.6685892514663605 -7.178418258822115 -7.6281498982181 -8.01197050935573 -8.384433801841375 -8.604682559333144 -8.714497772543483 -8.870382802483428 -8.963407120348107 -9.01214484561579 -9.10221664636937 -9.098885220046837 -9.129393070671178 -9.202667954714958 -9.255114210675993
21
 -2.5914215696116227 -3.355748371892732 -4.096432217007824 -4.779653587430917 -5.4317510398859925 -6.031555035741295 -6.598694922527736 -7.112759229167739 -7.585736531113482 -7.990868199595704 -8.308903863578093 -8.57048897133276 -8.731044040484496 -8.8694795638417 -8.917848798757134 -9.006638128227129 -9.041742420405038 -9.161760952396046 -9.281374921600182 -9.2986318546566 -9.25683053507103
21
 -2.5914215696116227 -3.3599275597994676 -4.129141305127369 -4.827442452261953 -5.480991135465115 -6.075590000577792 -6.64173044163522 -7.157554280281131 -7.616309125961705 -7.993023453307089 -8.32732662684926 -8.54448928559258 -8.728660501219851 -8.828866009843797 -8.953968961582538 -9.043798258394391 -9.073525688987207 -9.001015843716278 -9.107070387325905 -9.13938445746553 -9.169309767242133
SGD:0.005
5
21
 -2.5914215696116227 -2.6734172273515084 -2.755421916725271 -2.8376976772218887 -2.917680661008855 -2.998593016841032 -3.078341501756031 -3.156126077996942 -3.2324904753719257 -3.309275136598699 -3.3871308580211306 -3.4647192590253852 -3.5379859479770754 -3.6150268429111687 -3.6888332945359896 -3.7645548543942016 -3.839154868334615 -3.9130244675072463 -3.9858879444836783 -4.058015711494754 -4.132496556182543
21
 -2.5914215696116227 -2.6735962908015405 -2.754743006603538 -2.835398558898571 -2.9152763258915124 -2.9936271856144896 -3.0733469075278297 -3.1530896823663883 -3.231943942286998 -3.30972553382106 -3.3843193226057733 -3.4616700594622016 -3.5376770802978172 -3.6143344523351026 -3.69093394629796 -3.7666746729958125 -3.8420423444480365 -3.917792343053134 -3.9910347485093514 -4.065448437808031 -4.1384950445985575
21
 -2.5914215696116227 -2.6735419122508737 -2.757233662467183 -2.839456355305673 -2.921148034918643 -3.001709040707281 -3.081343483239298 -3.1591000864619874 -3.237927190014526 -3.3188406138725846 -3.397246212140992 -3.475046986706525 -3.552813206908195 -3.6273939991783712 -3.702760406636545 -3.780639556888817 -3.853995759916401 -3.9297541118195847 -4.002617852676365 -4.0748215412418025 -4.148627915980231
21
 -2.5914215696116227 -2.6710363710635656 -2.752805279082885 -2.83443501217297 -2.9167669233636335 -2.9959677170062102 -3.07474651791745 -3.156222982362991 -3.2346085516882606 -3.3126452441942136 -3.3899523869956316 -3.4659641154302836 -3.5404770620299377 -3.6166048560775192 -3.6933876483015737 -3.7701650330037593 -3.846020087488688 -3.9204570487188857 -3.9941618806889556 -4.06995651244539 -4.14447487887133
21
 -2.5914215696116227 -2.6726548732229225 -2.7548708350136275 -2.835221342861437 -2.9170615659422445 -2.997833256971979 -3.0786196393449115 -3.1583795650302706 -3.2382124981867446 -3.316458525844179 -3.3932348033820583 -3.470103378181718 -3.547709279596324 -3.6233620343643596 -3.6988895543333173 -3.7738745752999066 -3.84636135451971 -3.9216998771093037 -3.994079118696794 -4.066172297539421 -4.142127600255222
StreamingSVRG
5
21
 -2.5914215696116227 -2.647364845998324 -2.7687275980805848 -2.8894335320734004 -3.00571590192551 -3.1296029811707458 -3.251321628547043 -3.3701117890162786 -3.4825486095898825 -3.5241469125091682 -3.5299049747195586 -3.639621217413122 -3.750854546989519 -3.8591155728786997 -3.9721936001031546 -4.076677086627976 -4.185017169767427 -4.293854171925834 -4.398705864704258 -4.502548706480679 -4.610449586549152
21
 -2.5914215696116227 -2.6495369074026205 -2.7693576130398116 -2.888112287908631 -3.0081937916019785 -3.1253440232717833 -3.240457458082522 -3.2523453313021893 -3.2946979073929548 -3.4068621961667875 -3.5206231790072575 -3.6347308042011246 -3.717438842405572 -3.717438842405572 -3.717438842405572 -3.717438842405572 -3.717438842405572 -3.7860483663154585 -3.8970528064220193 -4.009382899445557 -4.121499097859829
21
 -2.5914215696116227 -2.6467143568597313 -2.769637890581218 -2.8877260989657705 -3.0057239124939317 -3.121289415796276 -3.2378605554896036 -3.352620261436155 -3.4712693025592234 -3.584073757028548 -3.69595008033843 -3.8022002503585837 -3.9133250399278894 -4.022236975914425 -4.132620263347141 -4.243011952078348 -4.348375454398116 -4.453836090514902 -4.559066604904594 -4.665337919468631 -4.769166328515867
21
 -2.5914215696116227 -2.6516273247493345 -2.773311624110258 -2.8887945871189413 -3.0064987799287803 -3.1208543877234494 -3.2366799252113854 -3.350416860444542 -3.466389589966199 -3.580362723695898 -3.693601459173394 -3.807168215746189 -3.920536366751548 -4.032386484914128 -4.138107105860558 -4.242883884686529 -4.351051330019499 -4.460748412634111 -4.569711400252445 -4.671628424066543 -4.777061888077449
21
 -2.5914215696116227 -2.650726407936981 -2.720041594575502 -2.720041594575502 -2.8229830881377143 -2.9411382702284294 -3.058608178033931 -3.1746783262575984 -3.1901146673159846 -3.1901146673159846 -3.1901146673159846 -3.1901146673159846 -3.213769206800144 -3.3286802907926822 -3.443501983854517 -3.558958435504378 -3.6695070122734363 -3.781559767193126 -3.8946005048507075 -4.003505861574901 -4.112913863500583
ADAPTIID
5
21
 -2.5914215696116227 -3.9696556922548516 -4.791162518613471 -5.309245988282542 -5.705133197535431 -5.992246942502166 -6.236496061268953 -6.446558707578663 -6.645058299918511 -6.81410969164867 -6.97480145785325 -7.121521752343599 -7.258540232182483 -7.384467681770561 -7.49951342085647 -7.6179318677093635 -7.728477782175235 -7.840570925654975 -7.94382702502646 -8.055919583106814 -8.161366198076816
21
 -2.5914215696116227 -3.9574065474710665 -4.814701413821218 -5.332967091380909 -5.699780477102065 -5.978305238541653 -6.225386605673649 -6.44014540092587 -6.624979831501113 -6.804391775097387 -6.966716125649686 -7.1165693618035055 -7.258508736555544 -7.3867278851139435 -7.512924187415427 -7.631337328061008 -7.7432775568269365 -7.851501390484914 -7.9580663095137805 -8.060583937545047 -8.161421705088305
21
 -2.5914215696116227 -3.949963055830452 -4.78804363606807 -5.3043756654732945 -5.67385260038953 -5.971805935320765 -6.212817130040169 -6.422933980776122 -6.611354557553638 -6.7684817516321685 -6.936063445108536 -7.078385783996274 -7.212985186986811 -7.3463091372518425 -7.466101686721091 -7.587264922718614 -7.701353690082774 -7.814094830724676 -7.923515633088068 -8.022702051594122 -8.13031090328305
21
 -2.5914215696116227 -3.962550448887627 -4.803954497736175 -5.307200596054679 -5.6789262891673395 -5.965286930114876 -6.220348056886447 -6.4376197879007675 -6.630226604068291 -6.796099018255821 -6.946247622962098 -7.088913530156563 -7.228312290338723 -7.362690354844006 -7.488351502624171 -7.605514630938375 -7.71423302924639 -7.821955275158139 -7.928045274777358 -8.033515563819044 -8.135335705890173
21
 -2.5914215696116227 -3.9553717808653723 -4.8000498997153755 -5.310588646719284 -5.682485516056422 -5.990262622459625 -6.232458676884904 -6.447818317208357 -6.641949956262794 -6.816494701420955 -6.980623647869896 -7.128315405963321 -7.271399927726301 -7.399783410908837 -7.519862117062835 -7.635456507716856 -7.752439260832768 -7.862660413793158 -7.96396101066401 -8.069256382038697 -8.174135612897695
steps
5
21
 0 2000 4000 6000 8000 10000 12000 14000 16000 18000 20000 22000 24000 26000 28000 30000 32000 34000 36000 38000 40000
21
 0 2000 4000 6000 8000 10000 12000 14000 16000 18000 20000 22000 24000 26000 28000 30000 32000 34000 36000 38000 40000
21
 0 2000 4000 6000 8000 10000 12000 14000 16000 18000 20000 22000 24000 26000 28000 30000 32000 34000 36000 38000 40000
21
 0 2000 4000 6000 8000 10000 12000 14000 16000 18000 20000 22000 24000 26000 28000 30000 32000 34000 36000 38000 40000
21
 0 2000 4000 6000 8000 10000 12000 14000 16000 18000 20000 22000 24000 26000 28000 30000 32000 34000 36000 38000 40000
