10
SGD
5
21
 -4.195513169624306 -5.487626851008542 -5.678607697194242 -5.79569567993737 -5.879102998617253 -5.939573244225042 -5.9900752631855285 -6.0342027184385705 -6.070783754584675 -6.104550862889043 -6.1350911322101185 -6.160313332954514 -6.183546426968943 -6.205182296171046 -6.2254001116602495 -6.244114332785365 -6.260792360777352 -6.277388426523623 -6.292567863158173 -6.30750125941236 -6.321043547703253
21
 -4.195513169624306 -5.578738028957847 -5.7812619489879005 -5.901522759642511 -5.983162484255272 -6.048752046579146 -6.098696851841892 -6.141660030506642 -6.180416244589532 -6.212202854016027 -6.2420449585323645 -6.267681223753978 -6.291808304284609 -6.3124846703876285 -6.332835862179812 -6.351028430462222 -6.368014375531977 -6.383839696829983 -6.39828075485813 -6.412790483513776 -6.427567887193766
21
 -4.195513169624306 -5.423218859801423 -5.623857715066034 -5.742752211651094 -5.829441280526745 -5.892653792908632 -5.944787300065383 -5.990185332582856 -6.029110144112911 -6.061905205326828 -6.091912406139651 -6.1179336355198615 -6.141545792118086 -6.163279264818348 -6.184071659099218 -6.202765741995866 -6.220504730687534 -6.237466678505399 -6.253048147925914 -6.268396248653529 -6.282717692402482
21
 -4.195513169624306 -5.4148042562078835 -5.620800852268511 -5.740518316012189 -5.824070576176284 -5.88838452021006 -5.937346622056753 -5.980406564463322 -6.017335261193137 -6.048885049764051 -6.07791704791188 -6.104491075870598 -6.127929410643235 -6.1488624941168775 -6.16958807725093 -6.188282839304746 -6.205866068486949 -6.222774936537679 -6.237942097340166 -6.252261511817514 -6.265500682489303
21
 -4.195513169624306 -5.352431545128398 -5.559663931311377 -5.678322906947632 -5.763175232854442 -5.8320652427499695 -5.8831088776798675 -5.928707123285156 -5.966770401555048 -6.000960927569585 -6.030412540088543 -6.058003124212431 -6.083701209696627 -6.105582988762971 -6.126862569438473 -6.1471477172434845 -6.16470344968842 -6.181156882146847 -6.197961391124501 -6.212933639296384 -6.226884811801408
SAGA
5
21
 -4.195513169624306 -4.302945253111192 -4.412437994081435 -4.518119666221467 -4.623866631352343 -4.731050761466561 -4.8385614903524035 -4.94644732323812 -5.04866230907891 -5.152090273028794 -5.258564216190685 -5.3629899036429265 -5.4653704146361255 -5.5663053108585805 -5.6681600381744195 -5.766205970823448 -5.865678126230902 -5.963201302717569 -6.058742998949111 -6.154518957960596 -6.2484951932419905
21
 -4.195513169624306 -4.305371712681848 -4.414038566546837 -4.5225492332764565 -4.628006562172319 -4.735154406000145 -4.841148506739481 -4.947183853368346 -5.053312528142232 -5.157898402243954 -5.2605648456282 -5.364897915147416 -5.467143734504651 -5.568801894604359 -5.66732394817142 -5.767128502690129 -5.865157635171242 -5.963437111892251 -6.060379866522455 -6.151592035913205 -6.243530348841049
21
 -4.195513169624306 -4.304544123013317 -4.414776520697065 -4.524746069393083 -4.631246209601008 -4.735924279548915 -4.8420886067736815 -4.947912149119326 -5.050040965557869 -5.157502696254209 -5.260334987062636 -5.361835556445146 -5.466333341500631 -5.567332534988155 -5.667497672178674 -5.767347513108535 -5.865405814819567 -5.962096378699956 -6.057464056478414 -6.152742409208652 -6.246390228966138
21
 -4.195513169624306 -4.30184782712722 -4.408669724567774 -4.514176089205943 -4.62174068565758 -4.73111498388754 -4.835831837124017 -4.943681788093136 -5.047888794133722 -5.151768547079358 -5.257931262219846 -5.3594408710225805 -5.462509227910219 -5.562059185469953 -5.661762312802122 -5.7617630410054685 -5.859940973124209 -5.9576402957445564 -6.053450475381986 -6.146412601046072 -6.240716607985284
21
 -4.195513169624306 -4.302588536114119 -4.407918468769921 -4.515901603706194 -4.622634909461976 -4.724976414165774 -4.831702070185173 -4.938915380435252 -5.045640968065565 -5.149799972262606 -5.2527079063473465 -5.354916648094879 -5.457924275456679 -5.557859283493776 -5.659051090610717 -5.759225187410206 -5.855614227764961 -5.953774583605453 -6.048491226059343 -6.142994634846137 -6.235955449880717
ADAPTSAGA
5
21
 -4.195513169624306 -6.060024829113282 -6.684899456346657 -7.048824855254941 -7.29720245804214 -7.492423297202458 -7.638136721844606 -7.766054263856049 -7.86291459026324 -7.948130938995853 -8.021850842334473 -8.0881564223718 -8.145444585838082 -8.197044421321227 -8.245030748975518 -8.29016111017831 -8.330470158570929 -8.366744628243005 -8.39886314819044 -8.423729817654042 -8.444463969945781
21
 -4.195513169624306 -6.087689493415847 -6.7068981585169745 -7.0672965455316294 -7.31110438830551 -7.506202086242708 -7.651311201025933 -7.776272351459482 -7.871981804836591 -7.956000565945705 -8.029568567326205 -8.094655586978263 -8.152035129787846 -8.202853036292902 -8.249936828538232 -8.294379276152858 -8.334901397095614 -8.370645962582854 -8.402865100785178 -8.42709197281545 -8.447723390696112
21
 -4.195513169624306 -6.075450147847357 -6.697321000006839 -7.06116821269725 -7.3081841655196556 -7.50369978062223 -7.6478726538764965 -7.774172514700759 -7.870216156743684 -7.955268649368958 -8.029418905713317 -8.094914325166416 -8.151982620394273 -8.20236926231191 -8.2490900978585 -8.293338118092047 -8.333720229929297 -8.369623604344024 -8.402378408807804 -8.426615201758043 -8.44718034194323
21
 -4.195513169624306 -6.052848433474609 -6.6819701322667 -7.047263769529166 -7.297292469350541 -7.494810919141999 -7.639759213207117 -7.766327449132289 -7.863371710421516 -7.950153890461799 -8.024466057667466 -8.090478609469363 -8.147541322586736 -8.198983914489455 -8.245903398160678 -8.290828378775489 -8.33128628620371 -8.366938242515053 -8.399478011486943 -8.424153614001636 -8.44499199806535
21
 -4.195513169624306 -6.0773617773205215 -6.698815227689409 -7.059363218194316 -7.305786664022333 -7.501286729073621 -7.64831702407492 -7.77324761329198 -7.869559746134089 -7.955370440284331 -8.02927015521646 -8.09444180542876 -8.151639278736416 -8.202516792971377 -8.250036669057453 -8.295261424286544 -8.334785538356591 -8.370101061934218 -8.402440342655112 -8.42736640134754 -8.448439677124057
ADAPTDoubling
5
21
 -4.195513169624306 -5.812086982502337 -6.264774184670019 -6.566027954293158 -6.756313731202792 -6.9188856606256 -7.073076911271593 -7.187083674558978 -7.277566632067957 -7.352900503108255 -7.433527837087907 -7.506785982498167 -7.5830295806241645 -7.653472573809671 -7.706646113226915 -7.758786383369718 -7.807912644374714 -7.857669067055051 -7.906486659387951 -7.947066807880718 -7.988033888227924
21
 -4.195513169624306 -5.840588305959296 -6.281756929083777 -6.605182566394769 -6.803771897528893 -6.967981465151783 -7.117100600496995 -7.224333015647776 -7.311053290428487 -7.394737795953737 -7.479521471959302 -7.549341455182366 -7.62247798447148 -7.688112051070634 -7.740662062308649 -7.789290653174304 -7.834714102790473 -7.882862767701376 -7.926659353116399 -7.96931118697017 -8.011156030381997
21
 -4.195513169624306 -5.860852440820707 -6.316132784428557 -6.609901436723371 -6.799128531957243 -6.963051544568532 -7.1092579553450435 -7.21571756273138 -7.3002872097521765 -7.382669165507235 -7.459086699106652 -7.532806448640863 -7.6062259215889005 -7.677116984921694 -7.726994651974286 -7.779667383352073 -7.827530831781302 -7.872222144073097 -7.915409146714396 -7.958629524947189 -8.002686671707771
21
 -4.195513169624306 -5.840023138542215 -6.305604071260123 -6.594869783399042 -6.785666611545529 -6.9507235534952105 -7.092369906795613 -7.210541280118046 -7.303125757012899 -7.383021959142826 -7.469740064179451 -7.543389349931687 -7.615699358699867 -7.680327720587396 -7.734921854902316 -7.785643379602436 -7.835023707274491 -7.8809829411813865 -7.925271053367142 -7.968806485997886 -8.009227187261665
21
 -4.195513169624306 -5.806844956618089 -6.265907879743298 -6.569675505969536 -6.769018850152339 -6.936048087774704 -7.081145792515293 -7.194877031980243 -7.281772416431149 -7.369892142843711 -7.447157378734197 -7.524834305247551 -7.596189970236704 -7.6671674475101135 -7.716612412279335 -7.765040701720937 -7.813048364271064 -7.860822992589095 -7.905400866458448 -7.9494738234553015 -7.993990700262376
MainSSVRG
5
21
 -4.195513169624306 -4.456334771538015 -4.757735503970071 -5.052234649291623 -5.080723979656048 -5.41829768939049 -5.731895679213124 -5.74136548295406 -5.74136548295406 -5.8232418182519154 -6.1491093835611315 -6.304494388404406 -6.304494388404406 -6.304494388404406 -6.304494388404406 -6.304494388404406 -6.304494388404406 -6.304494388404406 -6.304494388404406 -6.399703906859824 -6.66933371693125
21
 -4.195513169624306 -4.49193842073785 -4.750869186693924 -4.9425135870522245 -5.204683211717195 -5.330936485843593 -5.670649380694895 -5.974882093187484 -5.974882093187484 -5.974882093187484 -6.065681659225528 -6.309172732139652 -6.309172732139652 -6.309172732139652 -6.309172732139652 -6.309172732139652 -6.309172732139652 -6.309172732139652 -6.309172732139652 -6.309172732139652 -6.545536997564722
21
 -4.195513169624306 -4.450065467238981 -4.624295997333136 -4.921581045890125 -4.9589010387989525 -5.29516184521923 -5.330354429206145 -5.330354429206145 -5.387959783909332 -5.434613253920957 -5.434613253920957 -5.434613253920957 -5.434613253920957 -5.434613253920957 -5.434613253920957 -5.434613253920957 -5.434613253920957 -5.611138605897531 -5.611138605897531 -5.611138605897531 -5.611138605897531
21
 -4.195513169624306 -4.464573147317917 -4.652581072062242 -5.012281442927153 -5.12249131236082 -5.378124875849494 -5.692409847406986 -5.741628059793671 -5.741628059793671 -5.777366686171719 -6.099900709286619 -6.209983012481892 -6.209983012481892 -6.209983012481892 -6.209983012481892 -6.209983012481892 -6.209983012481892 -6.209983012481892 -6.209983012481892 -6.35555593675276 -6.655517159847083
21
 -4.195513169624306 -4.471493850689132 -4.704895145259836 -4.9461200896870565 -5.252663494939437 -5.362186071751159 -5.60031227431781 -5.903869753289336 -5.903869753289336 -5.903869753289336 -5.934464212309538 -5.934464212309538 -5.934464212309538 -5.934464212309538 -5.934464212309538 -5.934464212309538 -5.934464212309538 -5.934464212309538 -5.953006358049342 -6.270215071964102 -6.454632682667322
SGD:0.05
5
21
 -4.195513169624306 -6.2139363026416365 -7.273122792504722 -7.6264311932088376 -7.668856570579054 -7.687042084477032 -7.716478797458092 -7.652893651320537 -7.717904338179079 -7.708632230577509 -7.634284985620178 -7.698396546063524 -7.687929019962659 -7.696612643758759 -7.6697280553894505 -7.693534620571133 -7.735447633470011 -7.748429913167873 -7.732854538966316 -7.642336106669148 -7.718330389276153
21
 -4.195513169624306 -6.271316638165421 -7.251269540470052 -7.628078815086776 -7.681061194670463 -7.652941449363834 -7.661419717796207 -7.675132814389373 -7.64246285313432 -7.723698956831333 -7.7462489457317885 -7.700851957657985 -7.740894614114911 -7.652359668897919 -7.728904107799183 -7.669069033776352 -7.71531017393182 -7.691315718976271 -7.724038092673002 -7.715193010190178 -7.65553740592427
21
 -4.195513169624306 -6.209628123880799 -7.254342022098585 -7.628540978527734 -7.691888198935037 -7.674020662305244 -7.628444266033349 -7.683928072058066 -7.690417109860971 -7.705170011700286 -7.71463547113686 -7.73255495124748 -7.71847858957024 -7.625168957700171 -7.595900353676944 -7.733027955618973 -7.681092703468631 -7.603644807938019 -7.725350794316459 -7.746268382230391 -7.660875872561854
21
 -4.195513169624306 -6.236397558973086 -7.314350161847354 -7.653136923392411 -7.719298950914743 -7.698201852818718 -7.722874332137625 -7.704243016495556 -7.683544344926042 -7.714551894063839 -7.718647767751892 -7.71539039698038 -7.6419842996924165 -7.699206159482719 -7.686449367031847 -7.700116832210751 -7.725181058038279 -7.673858819406244 -7.701809849451004 -7.704629067965122 -7.747818288479152
21
 -4.195513169624306 -6.2864564606835875 -7.218773389648321 -7.541694201185286 -7.692508469009805 -7.715066392930234 -7.746733639031326 -7.730150108670274 -7.725435702208061 -7.6819646337368015 -7.726053211236539 -7.716636807810423 -7.6741128878500975 -7.732695488588898 -7.715552495568567 -7.764717569266601 -7.733707557550809 -7.723305567033065 -7.7095410866615435 -7.66488965418454 -7.751397210629864
SGD:0.005
5
21
 -4.195513169624306 -4.441520559790979 -4.677847848676762 -4.924945180450934 -5.159794196611556 -5.3925868591789765 -5.6223792629978355 -5.838735659520139 -6.048000361651744 -6.267092289963978 -6.457392630844488 -6.6533974258242035 -6.82946505440309 -7.013628001968033 -7.173333938891202 -7.339092225613119 -7.478394737444356 -7.613092178288306 -7.743094289230651 -7.843227982600186 -7.9384429938258325
21
 -4.195513169624306 -4.437750466468531 -4.6851707761279595 -4.9175333482404096 -5.150170642031203 -5.38670166031622 -5.615486633173989 -5.836420161081486 -6.055855059119558 -6.256456862470903 -6.4535759885019575 -6.656038428678662 -6.837910397373384 -7.001108372569416 -7.176610220582974 -7.3328208163941495 -7.475542104027194 -7.601341839034724 -7.6999729675556345 -7.810853547783501 -7.909952655515565
21
 -4.195513169624306 -4.447148956360489 -4.692448448636299 -4.938153818782113 -5.172851623718156 -5.3993744071368415 -5.6280033184251685 -5.858951048373998 -6.073508078565367 -6.286559208899919 -6.4845747492769155 -6.6659436636949945 -6.854616558657918 -7.033642069273161 -7.19595269866006 -7.344146053945452 -7.487662397797191 -7.612948187755821 -7.730348393650036 -7.836127590230953 -7.93070521245257
21
 -4.195513169624306 -4.45282414125526 -4.689507871783139 -4.924913251315763 -5.157678469371961 -5.383763720282994 -5.614661304288255 -5.829120933445653 -6.041367318323653 -6.251459710074536 -6.453769474201598 -6.655109531764986 -6.841115226869311 -7.016002631794685 -7.1846563374417745 -7.3549901561801905 -7.509025236401367 -7.636013181930601 -7.764588598771956 -7.872710097343687 -7.967112850648659
21
 -4.195513169624306 -4.442488467316503 -4.685292852703719 -4.924722982488955 -5.163936562493873 -5.3951739756207715 -5.6203892872576535 -5.843205223069001 -6.061016814648998 -6.262055647450943 -6.458083033614201 -6.655150412226166 -6.853149001447615 -7.025614903978226 -7.199417166867261 -7.347691991322384 -7.4963259788543555 -7.647916773976146 -7.770193371694463 -7.880493289185112 -7.9759406704905595
StreamingSVRG
5
21
 -4.195513169624306 -4.522573264701215 -4.880198230980104 -5.233689793092176 -5.569798795148131 -5.889362958744295 -6.187509920774853 -6.478799930570755 -6.771382578949844 -7.050738380012214 -7.279976212140101 -7.472058943481341 -7.665949752944717 -7.7886227381431326 -7.943275450142998 -8.075779639832145 -8.171081351259192 -8.241858132067133 -8.315431486344467 -8.368574254806749 -8.40746840463033
21
 -4.195513169624306 -4.516445499256058 -4.759609880016808 -5.101761676004759 -5.440723220970073 -5.764195666439643 -6.083132171070386 -6.375375344668898 -6.6799205672817346 -6.948641262397705 -7.206756201771562 -7.4056561240525145 -7.598365612441418 -7.671502164847319 -7.780684380952937 -7.920807008760606 -8.062368154347856 -8.164910456363277 -8.243684569247407 -8.318414293541705 -8.375871838610042
21
 -4.195513169624306 -4.520615892542095 -4.875552016465753 -5.226049212040558 -5.575730854355045 -5.895930743784742 -6.2087949529642374 -6.496779609995165 -6.781533082693637 -7.032792644961014 -7.25150127452791 -7.409713771426986 -7.602409594002802 -7.748516841271516 -7.8934972829219205 -8.015728662073611 -8.119246529095356 -8.204187535001891 -8.278388362852256 -8.323679438343563 -8.369370280509347
21
 -4.195513169624306 -4.518676022584695 -4.874898857779722 -5.223101574502842 -5.54351018818417 -5.869712943616312 -6.174608148657366 -6.475552037634184 -6.76338882529132 -7.027424433919856 -7.263597422379918 -7.414330005590541 -7.587238456156463 -7.765502134233113 -7.905495296374837 -8.035041941057456 -8.146264362674414 -8.236981185708357 -8.30576981088995 -8.308590706708214 -8.346140408587907
21
 -4.195513169624306 -4.525422464196961 -4.872720866887315 -5.232478508185829 -5.574690033648807 -5.8854756391188126 -6.19243873437762 -6.490204567203529 -6.763979119126098 -7.0210301951904714 -7.257357392263211 -7.408737215363493 -7.601625283637669 -7.761527252125989 -7.907460265992878 -7.954135762175816 -8.04398444823424 -8.113918531398252 -8.113918531398252 -8.113918531398252 -8.167920461739888
ADAPTIID
5
21
 -4.195513169624306 -5.691861461124713 -6.157192163416874 -6.489334223524329 -6.7231010380651774 -6.900741059486574 -7.0573032363078285 -7.184524247245632 -7.290750461288623 -7.391915364008866 -7.478436270817824 -7.5567885700072654 -7.628145724204277 -7.6911225526436775 -7.753952085472412 -7.809506595645941 -7.858446879315709 -7.905595061711287 -7.948264134383869 -7.988803621318065 -8.028826497162504
21
 -4.195513169624306 -5.70253952031535 -6.175878666747973 -6.477781702186386 -6.713567078946029 -6.9041817230090174 -7.0604156467209815 -7.18651560019577 -7.301588539130922 -7.3982992901535525 -7.4865540862109805 -7.565729147141408 -7.638602274337504 -7.704357949754769 -7.7635236191295105 -7.815672051084185 -7.866804849517665 -7.917167760847828 -7.961007638469077 -8.000136324309372 -8.03937529474525
21
 -4.195513169624306 -5.746841311905967 -6.181092369739215 -6.504914709338679 -6.7477966323188205 -6.929381873498501 -7.084280169096804 -7.207389393314164 -7.31950164790317 -7.417506535325674 -7.505941494276332 -7.58668489098882 -7.658469463541911 -7.721922406040261 -7.78185107459898 -7.835361213311001 -7.887104393058752 -7.931011492130121 -7.973184129294435 -8.014470387752526 -8.051545718909072
21
 -4.195513169624306 -5.712756614554831 -6.185823172001529 -6.499630465558294 -6.732323253968083 -6.920366793702275 -7.0708150210694685 -7.197176604163366 -7.308438611887532 -7.4118006052001855 -7.496717386779029 -7.575278117511835 -7.645430872470452 -7.7096260739247375 -7.770584085363331 -7.825714506380654 -7.875751677282364 -7.920071937826844 -7.962093959999463 -8.002198779437036 -8.042859772870475
21
 -4.195513169624306 -5.7096677074958295 -6.161512884541604 -6.4771251403699495 -6.717177260836572 -6.903150403389014 -7.062225349362319 -7.199893591052358 -7.318452403503148 -7.407774976199121 -7.4896219380036095 -7.565752145516049 -7.636380154113119 -7.703849755905398 -7.763203373019228 -7.818037898769786 -7.86469813107237 -7.911096788123155 -7.952934851369083 -7.995243789414457 -8.035486852750141
steps
5
21
 0 2000 4000 6000 8000 10000 12000 14000 16000 18000 20000 22000 24000 26000 28000 30000 32000 34000 36000 38000 40000
21
 0 2000 4000 6000 8000 10000 12000 14000 16000 18000 20000 22000 24000 26000 28000 30000 32000 34000 36000 38000 40000
21
 0 2000 4000 6000 8000 10000 12000 14000 16000 18000 20000 22000 24000 26000 28000 30000 32000 34000 36000 38000 40000
21
 0 2000 4000 6000 8000 10000 12000 14000 16000 18000 20000 22000 24000 26000 28000 30000 32000 34000 36000 38000 40000
21
 0 2000 4000 6000 8000 10000 12000 14000 16000 18000 20000 22000 24000 26000 28000 30000 32000 34000 36000 38000 40000
