10
SGD
5
21
 -2.008583573363876 -3.76139196166823 -4.159800089071755 -4.389921117570471 -4.55087864272072 -4.675139822908923 -4.773298983180219 -4.858144623490799 -4.935164411276172 -4.999559834403158 -5.055867445986867 -5.108579441878832 -5.155637863465046 -5.19874993866435 -5.238104691737006 -5.275432097541164 -5.309842519959228 -5.342254543279079 -5.373260203827009 -5.401933330219551 -5.428971018354276
21
 -2.008583573363876 -3.8410142470799284 -4.229432417721059 -4.464519948657983 -4.623157436201944 -4.75099540857757 -4.851718709454878 -4.937923297394765 -5.0107037532780145 -5.0724659269779915 -5.127024200498702 -5.179081716791464 -5.224036387731152 -5.2654848626567725 -5.305105451342143 -5.341339596754388 -5.376287195543158 -5.409729276188889 -5.440230186628246 -5.467515964546592 -5.49475262929893
21
 -2.008583573363876 -3.772076990662751 -4.157786182318878 -4.393429351414779 -4.558389319577481 -4.687840898437818 -4.790834673617391 -4.877115729579983 -4.952206591542174 -5.016998844654251 -5.074468119874785 -5.124084334642641 -5.170520735602272 -5.212659006901077 -5.253275809929775 -5.289969378828939 -5.323502988671153 -5.355180955862753 -5.385578243220876 -5.4143205385228885 -5.440992509423102
21
 -2.008583573363876 -3.753383337830276 -4.148831323722753 -4.382892814859356 -4.552648603401567 -4.6754282191249255 -4.779597964658441 -4.867711653741331 -4.938773867792658 -5.002701748795695 -5.060640973499722 -5.111555612278219 -5.158953713465928 -5.203427601209337 -5.242804396841232 -5.281265734513178 -5.3156184593572515 -5.348134180197818 -5.3803499643522485 -5.408966432827549 -5.43577342504758
21
 -2.008583573363876 -3.8011424114978505 -4.185430448980041 -4.413825666197006 -4.575229497324891 -4.701220630424972 -4.800818417012981 -4.881546335621361 -4.954177905795378 -5.0157697219954365 -5.071922738163298 -5.122317347563933 -5.168092472405783 -5.211416698204765 -5.251280406543538 -5.288378600820749 -5.321980665816182 -5.353075102648682 -5.384413042923556 -5.4133669623912155 -5.4401746209181825
SAGA
5
21
 -2.008583573363876 -2.2489669395113108 -2.4900327467099923 -2.715617670731724 -2.936248174566333 -3.153749467788175 -3.3657194557730343 -3.567697139141946 -3.764659384579007 -3.9558335664758832 -4.145103609477215 -4.326338408199171 -4.50666079708684 -4.6867796498136 -4.863439722048199 -5.03266510456038 -5.20563278290738 -5.370102987492401 -5.543548913776633 -5.708452343582594 -5.871109592732565
21
 -2.008583573363876 -2.250581594063762 -2.484380955806023 -2.713340231058779 -2.928128021760479 -3.139205955782135 -3.3472943697991147 -3.5557190016511426 -3.75455521381345 -3.9522779254639926 -4.137353876299238 -4.321799924905717 -4.5015486809236425 -4.683495790930628 -4.863443855533942 -5.0367148172535705 -5.20979583751479 -5.376571514377644 -5.542715662879113 -5.706044216972383 -5.865652634521285
21
 -2.008583573363876 -2.247486939476539 -2.4808870329422676 -2.708900960575169 -2.9238232635985972 -3.1374682698385934 -3.3447174343298793 -3.5479233818840408 -3.745062027597841 -3.9359084838726 -4.124219297462904 -4.316002635299953 -4.50176647471603 -4.678170819496823 -4.850812175245569 -5.0256676966114755 -5.198798960817919 -5.365271289425559 -5.531952447881726 -5.694051542920209 -5.861525377791911
21
 -2.008583573363876 -2.259410118107017 -2.495758729188825 -2.7174995579417778 -2.937911063023581 -3.1535067590450976 -3.3663421212790996 -3.5692413370742564 -3.771133685664058 -3.9675513386855106 -4.156854351334708 -4.342189069929906 -4.52737487049083 -4.709364539040177 -4.885578796323912 -5.056835844050688 -5.225760481649782 -5.3959538282178015 -5.564559782562637 -5.7294856132144885 -5.888027796859673
21
 -2.008583573363876 -2.250447938930027 -2.489084806856505 -2.717420391461787 -2.9332555579065986 -3.1473152260407073 -3.3609541126271427 -3.5590099862397113 -3.7535752558101962 -3.9452883866508266 -4.130967342751734 -4.31711961849384 -4.501998511183183 -4.678821663508871 -4.853386869505462 -5.022730912694848 -5.192660704955707 -5.362623286633129 -5.529168525855795 -5.699514103985706 -5.865104116148544
ADAPTSAGA
5
21
 -2.008583573363876 -3.000846427085137 -3.8200578667305725 -4.51444207133422 -5.048508314026071 -5.473507133004405 -5.821372906959966 -6.1267997358421304 -6.3815075532097385 -6.619651549641511 -6.849718360940214 -7.066467406127652 -7.254508921693406 -7.444571298852438 -7.620557712060151 -7.788684038606392 -7.946292701253488 -8.107043660240056 -8.267611515738272 -8.398499769371321 -8.51888582679115
21
 -2.008583573363876 -3.0018584676866844 -3.813618707666575 -4.509627692908728 -5.04754274291026 -5.4724461096487795 -5.82424417833325 -6.1195984453779095 -6.374805348552877 -6.612946982038565 -6.84164268271892 -7.062548880071482 -7.255563636798353 -7.4424448993977705 -7.614397880061674 -7.78376742601556 -7.946854867836258 -8.108354726531541 -8.27163518899003 -8.4052704150292 -8.524135589502812
21
 -2.008583573363876 -3.000301516518039 -3.808426368190623 -4.50448153874315 -5.038145141013017 -5.462806425039015 -5.820346612800257 -6.124418806694229 -6.380900725426458 -6.623909457452677 -6.847677483135435 -7.069118251623799 -7.264959458298095 -7.457707858622676 -7.635028063297966 -7.804241983327512 -7.967891287675032 -8.130225462726308 -8.293552338452349 -8.423945561263865 -8.54718349608805
21
 -2.008583573363876 -2.9938024834141053 -3.827714850788109 -4.510457124804841 -5.039019747386429 -5.467240234460576 -5.816721194794393 -6.116878442045134 -6.368660872127264 -6.611490189628083 -6.8356208537952305 -7.051918876611202 -7.248935509904691 -7.435424552401012 -7.606248728882904 -7.775472530561277 -7.9392815641769765 -8.10061675637594 -8.263930871184666 -8.397396086610051 -8.51824840935308
21
 -2.008583573363876 -3.0038755385805733 -3.840917011630807 -4.520469233054436 -5.043641541539401 -5.4649723170448885 -5.819196675728602 -6.122757575969178 -6.382886860572433 -6.621264110055268 -6.847285353444918 -7.066090543663022 -7.255268890561477 -7.444663496002578 -7.616368869749639 -7.785298004581116 -7.9447397388394885 -8.105025435957197 -8.26878147878604 -8.39773035063417 -8.518029543538315
ADAPTDoubling
5
21
 -2.008583573363876 -2.9793404652964974 -3.7912787742386462 -4.356007583169324 -4.798131003189535 -5.15801790622588 -5.3990490890042855 -5.633426437912096 -5.860761351552604 -6.074785691098638 -6.2462199615817084 -6.3829028697858385 -6.51885567189089 -6.652475983074242 -6.781894011514525 -6.915123840791941 -7.04518640080041 -7.174034318433989 -7.298802037523767 -7.420176223600268 -7.5402958997751846
21
 -2.008583573363876 -2.993580577012935 -3.786461683318884 -4.350155810333886 -4.782585037815163 -5.14045321013262 -5.391457221127002 -5.626300881626821 -5.848222161613947 -6.063646732366905 -6.223123713921381 -6.359851011405674 -6.491201161213607 -6.623118138893208 -6.75531219179674 -6.881067463004104 -7.010487836518721 -7.136184468176301 -7.264388575671646 -7.390280931879499 -7.510408356471922
21
 -2.008583573363876 -2.984146336985404 -3.7785908804710178 -4.324061289130484 -4.783257621621856 -5.145554415921027 -5.398267173307134 -5.632522620598383 -5.8584100553801886 -6.0753216559824015 -6.249695578368204 -6.387907666119205 -6.524411931526103 -6.655917826659346 -6.786205916920039 -6.913627290699566 -7.036698688673783 -7.165421931669526 -7.295952579418667 -7.425769879680304 -7.550387139747742
21
 -2.008583573363876 -2.9676448358320466 -3.7709178820521325 -4.336327255645829 -4.777303669994382 -5.133941097981913 -5.38279981293336 -5.6245241372539185 -5.85175093996539 -6.069899537973116 -6.231994360188152 -6.365962396720022 -6.502876667329424 -6.639090255059486 -6.774536423417215 -6.901689894612002 -7.032585389446183 -7.156269194820336 -7.289349575505721 -7.412160221424146 -7.535964178362632
21
 -2.008583573363876 -2.9791186354089843 -3.7599713980507885 -4.310932062013043 -4.755954199308536 -5.1122679428478 -5.3640054884310935 -5.603315854319038 -5.827880250965519 -6.045761363755494 -6.209596288570997 -6.345682319372616 -6.482822491246584 -6.617909714488522 -6.750916495171459 -6.879537677344014 -7.0118885772604855 -7.133974584072437 -7.260692178120397 -7.386421721947572 -7.510819949374879
MainSSVRG
5
21
 -2.008583573363876 -2.008583573363876 -2.07523831348436 -2.1551386771415113 -2.23376989526154 -2.3110239300149824 -2.387170690715889 -2.4621765351336133 -2.535391747357369 -2.607688010204299 -2.678617568864073 -2.7483674370535565 -2.8172755957152207 -2.885972185020823 -2.9542390372039193 -3.0204594988908013 -3.0857957645642293 -3.150820493729265 -3.2141730061235765 -3.2779625953875224 -3.340070693328614
21
 -2.008583573363876 -2.008583573363876 -2.074989283203139 -2.15439322758765 -2.2327547504142173 -2.30988840233737 -2.3857484005199687 -2.461121497953553 -2.53531285427932 -2.6085080215495684 -2.6803546404689076 -2.750921054976407 -2.8210638413776756 -2.889849416883761 -2.9569743574365503 -3.0236733163577365 -3.0881407035423263 -3.1532132483260424 -3.2160735441698143 -3.2782223574524783 -3.339281518248731
21
 -2.008583573363876 -2.008583573363876 -2.0752567209458697 -2.1549764640831968 -2.2332960418632104 -2.3098297278559974 -2.3857049695507277 -2.460214683663785 -2.5329078387893587 -2.6052660907404817 -2.6765036602586716 -2.747591813464759 -2.8174565604882402 -2.886020047292128 -2.9540222687430706 -3.0188809324791936 -3.082925358720851 -3.147540065105023 -3.210944382276867 -3.273037732003713 -3.335266042657839
21
 -2.008583573363876 -2.008583573363876 -2.0745353100933155 -2.1535554835072834 -2.231391524012615 -2.3079908893123915 -2.3838816961870006 -2.4586149856475292 -2.5327065988264046 -2.604614714170815 -2.6761509070828393 -2.7469341739403155 -2.816218765895261 -2.884515353087896 -2.951537031282406 -3.017363755011768 -3.0814871013300515 -3.146026835221451 -3.2096999872748944 -3.2724651996574883 -3.3341794507124627
21
 -2.008583573363876 -2.008583573363876 -2.074575978774866 -2.153896720159919 -2.231878762408016 -2.3083586579396633 -2.384151646405237 -2.4585709372490943 -2.5322453571514103 -2.6048191760035286 -2.676372092647098 -2.746830292500174 -2.8164215529152283 -2.8857702152321396 -2.954114448014514 -3.0206498277233895 -3.0854507741251846 -3.1512628096603486 -3.2147635654720004 -3.277859734751781 -3.338719550153262
SGD:0.05
5
21
 -2.008583573363876 -2.5238377244248342 -3.0165026588217865 -3.460047608103413 -3.867288311078363 -4.277588388776983 -4.668225615542173 -5.054414474115331 -5.39124800359639 -5.736134331161301 -6.070217199025893 -6.376610683460937 -6.688075462254654 -6.9747198525239 -7.246636266684995 -7.506799583169644 -7.719209927739899 -7.934875960092146 -8.129505961698998 -8.289421615831172 -8.45332506935028
21
 -2.008583573363876 -2.535128455030418 -3.014209002645721 -3.4585684203652907 -3.8774379554727783 -4.2891571148775025 -4.669177972191574 -5.042742340838754 -5.413920067471755 -5.75093608160997 -6.063348879609693 -6.365980826900412 -6.667018062736591 -6.940450468044978 -7.204175806537365 -7.45741023463477 -7.684562105016831 -7.902746872839457 -8.1278376164569 -8.318275830744584 -8.42984250149704
21
 -2.008583573363876 -2.5367566907768206 -3.015566211332535 -3.4635266917263086 -3.877697609427092 -4.279615551768747 -4.661471306961284 -5.030750210072592 -5.389116040178591 -5.715279999607145 -6.04252649072412 -6.33899947773294 -6.6253137097614525 -6.922906028524323 -7.19991205632725 -7.458107977218099 -7.697492351317423 -7.924962850227534 -8.145182942902528 -8.37530816122768 -8.558801339244756
21
 -2.008583573363876 -2.5381730322305303 -3.0136022182119944 -3.465485299923366 -3.8898227972469535 -4.27666867389774 -4.668580463722533 -5.033925111014147 -5.387448050051862 -5.727146965319124 -6.06936262390839 -6.372173680091546 -6.6745099080575265 -6.957509211509241 -7.2227201947110045 -7.44591224025945 -7.675468893991776 -7.934492092873399 -8.16940693453678 -8.344979560587978 -8.52953212474505
21
 -2.008583573363876 -2.5159767143202627 -3.0045107038110896 -3.453858951629378 -3.8830898538496403 -4.28614945733429 -4.663885870009386 -5.0382633580758345 -5.40255070421442 -5.747178838586357 -6.068662539416992 -6.382618402429947 -6.684995646516393 -6.975462822641084 -7.253899458644307 -7.516802998517951 -7.759561750724256 -7.966110283906546 -8.140598221190793 -8.336074099629663 -8.492405715373733
SGD:0.005
5
21
 -2.008583573363876 -2.062233621961932 -2.117399637850933 -2.1721724237510167 -2.2250814582127005 -2.2780378637392147 -2.3295365919511766 -2.3825224713138202 -2.43435438535954 -2.485767438968865 -2.536975760481407 -2.5862698121854946 -2.6355679587538816 -2.6843950921569837 -2.732885996204091 -2.781242039221776 -2.8286185046674923 -2.8768140317037827 -2.9243113654207042 -2.9711045069229693 -3.0182124583130223
21
 -2.008583573363876 -2.064059053835371 -2.1164565482245274 -2.170445327781983 -2.221926126037726 -2.2761873733163407 -2.32633159226701 -2.3777077796283383 -2.4283889912449026 -2.4780364441072735 -2.527112026964387 -2.5782066839393756 -2.6275288183936536 -2.6772287782858863 -2.7260561479140786 -2.7754875373736825 -2.8230202813335046 -2.8718175785526383 -2.9199042970776192 -2.967810100588001 -3.014234032324187
21
 -2.008583573363876 -2.0618715270926646 -2.116074255410277 -2.169684417459696 -2.222382409264371 -2.2756772504886955 -2.327360016112734 -2.3776940423273065 -2.4278130016091297 -2.479035842870305 -2.530531951511993 -2.581716678562741 -2.630217520955171 -2.679626700455985 -2.729706709238708 -2.7790132428471392 -2.826525945477014 -2.8750959490720245 -2.9226267590395603 -2.969190386887395 -3.016314684382116
21
 -2.008583573363876 -2.063010776528678 -2.1174596406697255 -2.172007514494504 -2.2250599887645435 -2.2777818317156697 -2.3289217755973 -2.380833491744015 -2.4320259817943692 -2.4819697249576866 -2.531592629055584 -2.581260775092696 -2.6302500300143334 -2.6791206460049355 -2.728940012580857 -2.7779193051244424 -2.8261541538101214 -2.8749842864937376 -2.9217466186944505 -2.9697794814285956 -3.0174267999085176
21
 -2.008583573363876 -2.0634683072922733 -2.1161535993959726 -2.169991494048387 -2.2221062744799007 -2.274212363068995 -2.325787053453591 -2.377301466131485 -2.4279326966346084 -2.47871118343054 -2.5320261128190964 -2.5820429007470076 -2.6318142225342136 -2.6807083504941525 -2.728925916070259 -2.778857500923239 -2.8273040885587117 -2.8746596395367767 -2.922156314822133 -2.969323012495293 -3.0152229290660557
StreamingSVRG
5
21
 -2.008583573363876 -2.008583573363876 -2.073604133311705 -2.154253656782326 -2.2322505047177525 -2.3115903369972783 -2.390029712184415 -2.468334396454797 -2.544467089526949 -2.619907351443226 -2.6922859222757416 -2.764670708955656 -2.832650184814807 -2.9023891388327754 -2.9719335400889673 -3.0412325819049406 -3.1119963860328297 -3.179971147601849 -3.2466702054963483 -3.312373811064471 -3.3773722907490034
21
 -2.008583573363876 -2.008583573363876 -2.0643507302038637 -2.0643507302038637 -2.0643507302038637 -2.0643507302038637 -2.112236366610554 -2.1910281473181854 -2.268023026965489 -2.344788981636783 -2.4198465496581907 -2.4963940662308555 -2.569270219511648 -2.643522820427394 -2.7168807950099456 -2.789468347251162 -2.861163951710323 -2.930533737311611 -2.999195340005026 -3.067932753437488 -3.1361162787136885
21
 -2.008583573363876 -2.008583573363876 -2.0735442694370305 -2.1562270780139676 -2.2340526822841404 -2.313821056225942 -2.391875416464014 -2.4649536876430647 -2.539986474824329 -2.6136186074622665 -2.6867321738798084 -2.7583076520974474 -2.829419970141953 -2.9012498642222666 -2.9717633545131257 -3.043925098017114 -3.112007581022456 -3.1815162059299578 -3.2501254108402233 -3.3166546566846384 -3.3840330537606755
21
 -2.008583573363876 -2.008583573363876 -2.0727276686422753 -2.153382292317635 -2.230997638704467 -2.310133247746728 -2.38835506598502 -2.4663263424105084 -2.541211955375777 -2.613755728623659 -2.687266686070383 -2.7603320286514674 -2.8310719927082144 -2.9021836735701014 -2.972844925735453 -3.043904756081672 -3.1139850031548124 -3.1817048102298853 -3.2491357861475145 -3.3186318712678795 -3.3855202518403846
21
 -2.008583573363876 -2.008583573363876 -2.0750795050115545 -2.155063444260655 -2.232920582553725 -2.3113561072832187 -2.386115789272003 -2.4607546551372477 -2.5351675654072836 -2.6107773011423845 -2.68248312122498 -2.753304388045044 -2.825132456970659 -2.8952423495928685 -2.96658876694107 -3.0356604023452047 -3.1067360975484535 -3.1742207547279566 -3.2415080258841704 -3.3095597240145227 -3.376484060919859
ADAPTIID
5
21
 -2.008583573363876 -2.9720565847327216 -3.7635604912976235 -4.404906053751751 -4.865499544131789 -5.232259628762302 -5.524482757635922 -5.778076906371753 -6.010151285562654 -6.211512248040645 -6.390098717693331 -6.546070896675646 -6.707947075710462 -6.859654222113558 -6.996410229424861 -7.122432840090503 -7.25318167315195 -7.370829022604472 -7.481609866882159 -7.586360034442922 -7.693964331943822
21
 -2.008583573363876 -2.9728107128029095 -3.7761844432203566 -4.415904770805081 -4.869207123847184 -5.24748246998237 -5.546388894943419 -5.80446037675656 -6.028097252408542 -6.225779227829018 -6.399697919883621 -6.568626255903455 -6.721568893701266 -6.866179135987345 -6.999881795949482 -7.1329646510539355 -7.249979051643176 -7.366956310319307 -7.480724104085273 -7.588045322867377 -7.702166678546313
21
 -2.008583573363876 -2.9732522758334703 -3.758966274107222 -4.392055160933565 -4.847707188240061 -5.22753840651366 -5.544169718613207 -5.799283710233076 -6.018549087761646 -6.218614049403178 -6.397713365823327 -6.566587804762859 -6.723573988153112 -6.868561523247324 -7.002720199306236 -7.127110985592749 -7.248847564999721 -7.368514655649565 -7.476594730675907 -7.585423693979504 -7.690494704868219
21
 -2.008583573363876 -2.971801762139305 -3.7726185825712313 -4.4014544623930405 -4.869884258336046 -5.247501284349648 -5.540823128805521 -5.78106059316191 -6.013327047677594 -6.214838610904884 -6.402976885656593 -6.5662949346047865 -6.722257873137981 -6.874346528180979 -7.006104287195146 -7.13961294195849 -7.262071054079897 -7.370933806983903 -7.484651650128787 -7.594653467272384 -7.7054305109469405
21
 -2.008583573363876 -2.968343932056273 -3.776224424121604 -4.415973311731473 -4.887918358050336 -5.248065149547901 -5.555421670642213 -5.800009704107842 -6.0270547347987495 -6.2247240991722075 -6.4025051437770895 -6.566669596715617 -6.723965131263701 -6.86515977942509 -6.997077283369515 -7.123825140841613 -7.24903481169087 -7.362582486646394 -7.479815128344354 -7.592365177507086 -7.703257696689713
steps
5
21
 0 2000 4000 6000 8000 10000 12000 14000 16000 18000 20000 22000 24000 26000 28000 30000 32000 34000 36000 38000 40000
21
 0 2000 4000 6000 8000 10000 12000 14000 16000 18000 20000 22000 24000 26000 28000 30000 32000 34000 36000 38000 40000
21
 0 2000 4000 6000 8000 10000 12000 14000 16000 18000 20000 22000 24000 26000 28000 30000 32000 34000 36000 38000 40000
21
 0 2000 4000 6000 8000 10000 12000 14000 16000 18000 20000 22000 24000 26000 28000 30000 32000 34000 36000 38000 40000
21
 0 2000 4000 6000 8000 10000 12000 14000 16000 18000 20000 22000 24000 26000 28000 30000 32000 34000 36000 38000 40000
