9
SGD
5
21
 -4.195513169624215 -5.509210548855521 -5.735457381428539 -5.869897595095628 -5.96276321154189 -6.035208718809432 -6.093602436231842 -6.1414959026681615 -6.1850030922293175 -6.224080962620967 -6.2586973980650615 -6.291048870443426 -6.319307534579824 -6.345447680650875 -6.370733367649819 -6.392672936319582 -6.412872041059535 -6.432938058855142 -6.452064280115196 -6.4703059589001874 -6.486800475645125
21
 -4.195513169624215 -5.52022361335335 -5.748291687555886 -5.877878300693847 -5.969897230724545 -6.04551023119458 -6.106940625001878 -6.160588228377311 -6.204718111025053 -6.244333870177588 -6.27807513950737 -6.309756460088809 -6.338335787320949 -6.3658292238279115 -6.39010173949256 -6.412500861332893 -6.433823112287983 -6.454577441628593 -6.473248781128379 -6.490200956204661 -6.507593710178562
21
 -4.195513169624215 -5.546537460620807 -5.777829173580757 -5.91654093778631 -6.01016672710761 -6.08512210587773 -6.141473209732296 -6.191069261654765 -6.234204319038107 -6.274125489109475 -6.307037149741597 -6.3368636666046845 -6.363923501568351 -6.390924909157829 -6.416222058999617 -6.438875838196113 -6.4593820341507895 -6.478904223004374 -6.496862706473439 -6.5145598679550325 -6.5318964892632225
21
 -4.195513169624215 -5.566072452772148 -5.792586911404538 -5.927005740186488 -6.022462861653439 -6.096659491570136 -6.157481075081388 -6.209929460888264 -6.255062205464398 -6.292864887678596 -6.327393784413723 -6.3592215234378875 -6.387771039453296 -6.413596453889653 -6.438637639041543 -6.460857864401786 -6.481907666832544 -6.502556247807605 -6.5217693920434465 -6.539343192092911 -6.557181898149626
21
 -4.195513169624215 -5.511063654355523 -5.737672465466653 -5.872453722013068 -5.965198789062774 -6.03815907017253 -6.096085538770559 -6.144711025167772 -6.190169118709638 -6.229179472253037 -6.2647552737458625 -6.297813810466316 -6.326369103358725 -6.352874165367435 -6.3765647678480875 -6.40037087350027 -6.421716234994505 -6.441953584636963 -6.462714135676949 -6.480844647384371 -6.497522073718102
SAGA
5
21
 -4.195513169624215 -4.299486245619715 -4.401408972787585 -4.502801444370776 -4.6039222517117775 -4.7076615526311665 -4.809991558207818 -4.914883756076621 -5.015191659893999 -5.115724557343371 -5.219805238976194 -5.32342357287598 -5.419555882105206 -5.523603534288092 -5.628294438023916 -5.731343153427074 -5.832271219695423 -5.934048692562539 -6.036066892949972 -6.14038160046776 -6.242449042373473
21
 -4.195513169624215 -4.300296311226272 -4.40423992332547 -4.507263309076849 -4.613778725138257 -4.716288029788701 -4.822012294665396 -4.924081013547728 -5.026564141280487 -5.128098375668983 -5.231022397798447 -5.3309567719564805 -5.435317568451324 -5.538836448850206 -5.6414823728455294 -5.743280054075803 -5.8461095518003905 -5.948574546184876 -6.050550880088316 -6.154395927521952 -6.257750136504161
21
 -4.195513169624215 -4.296047569913785 -4.398869361819136 -4.501847253224213 -4.603409194969104 -4.7090616336123725 -4.810672207066016 -4.91200989652656 -5.013467009314406 -5.116505197659927 -5.219464738273827 -5.319856971484014 -5.423184803661175 -5.525057818756584 -5.631756798858574 -5.735871129296915 -5.835145004766271 -5.936388602625744 -6.037637678201299 -6.140589196612491 -6.24359313642584
21
 -4.195513169624215 -4.296644140682081 -4.40146953233646 -4.504609299440268 -4.60939425318729 -4.710163698579154 -4.8147488045893025 -4.914292500746749 -5.019117645862681 -5.124089830592209 -5.226788790443042 -5.328797954923922 -5.431095206817015 -5.5323539012668945 -5.6342892526926525 -5.738472505865597 -5.84059523350292 -5.942708064463413 -6.043498489825593 -6.1467492516572095 -6.2490288085148995
21
 -4.195513169624215 -4.298975807827886 -4.403616857871809 -4.507436159365074 -4.6059201756220505 -4.710883791711601 -4.813038166685475 -4.9145916542489125 -5.018036454453804 -5.119815540654862 -5.223245512938144 -5.326649967571506 -5.427551060013929 -5.529920107913688 -5.633210068316897 -5.7377180727647605 -5.838972349665412 -5.944180897642595 -6.045843705516849 -6.146034036075131 -6.247306543416815
ADAPTSAGA
5
21
 -4.195513169624215 -6.2432474721751055 -6.991902106153546 -7.479800345152785 -7.838205355316027 -8.125092154109932 -8.393916323752803 -8.625998359632396 -8.843528580367042 -9.02704632568239 -9.207838562754713 -9.365230937611702 -9.521073875095906 -9.674576932612156 -9.812698681604841 -9.948145850944876 -10.080203733081827 -10.211915304488079 -10.331343191081166 -10.455899579411053 -10.580255618647604
21
 -4.195513169624215 -6.243270916536137 -6.985138024612886 -7.471303755422111 -7.832797844112079 -8.117273249164137 -8.388876915320115 -8.619831481434678 -8.837608991635312 -9.02097387444892 -9.200787088345258 -9.358851473586427 -9.512918294286408 -9.667727691990507 -9.805038532202534 -9.942452177211718 -10.073604090027091 -10.20441368998023 -10.321659225517184 -10.446318213881087 -10.573063201616389
21
 -4.195513169624215 -6.233429308659691 -6.9894340297691055 -7.48371713149738 -7.846909372151625 -8.132908740114305 -8.40342550692004 -8.632992331706268 -8.850228432862362 -9.032867120808172 -9.21332939381907 -9.37250394225775 -9.526014563947186 -9.68240906375471 -9.820118139461394 -9.95665951801239 -10.089162978556951 -10.220424428959186 -10.33844938432875 -10.463596773666257 -10.589035261900655
21
 -4.195513169624215 -6.244725458209295 -6.985937175640501 -7.472404529134043 -7.832427487777529 -8.11836917964073 -8.389016083215465 -8.621342407738805 -8.837897559230681 -9.020669207273723 -9.201996312249255 -9.359624524918745 -9.515662366088943 -9.671511039863738 -9.80969838622095 -9.946978186426378 -10.078663443669996 -10.209261794737799 -10.326870780714838 -10.451976106213822 -10.576117995624445
21
 -4.195513169624215 -6.212318381407001 -6.966626498716391 -7.460547302893082 -7.821523970655938 -8.108793681366484 -8.377348258756578 -8.609623260443733 -8.826251784149596 -9.012204069430162 -9.192434426601613 -9.351262701596882 -9.505453735662256 -9.661315599599758 -9.80019549611087 -9.937527904588071 -10.069731752990197 -10.201286627927237 -10.319133673910713 -10.443875940089839 -10.56936404541102
ADAPTDoubling
5
21
 -4.195513169624215 -5.982888833747948 -6.563457435300877 -6.927561404888658 -7.202926802710753 -7.430254206469275 -7.642040022968768 -7.8344521336227215 -7.962531644335266 -8.07776945332958 -8.197153464764071 -8.316777188781895 -8.430048324283856 -8.542754357454976 -8.647872457644207 -8.735833606602421 -8.824429014678259 -8.905684056874325 -8.991149268999829 -9.076460264610725 -9.162440142314747
21
 -4.195513169624215 -6.007058525594477 -6.580768996034798 -6.946531990129375 -7.215304729958572 -7.431910194758768 -7.6380444352202765 -7.827325937925823 -7.952317156683674 -8.070447534462769 -8.19062592102353 -8.31016063069206 -8.431336211363144 -8.542256568071858 -8.643289019812844 -8.730381082990304 -8.81704355421145 -8.90376308973573 -8.995998866829972 -9.08783992216649 -9.17505415885801
21
 -4.195513169624215 -5.960555866001457 -6.5621438254563165 -6.942190870490615 -7.215060733994588 -7.434945080916723 -7.645506918780608 -7.833791695553842 -7.9581830062525345 -8.080315604463856 -8.207767292891697 -8.324925811651287 -8.446541060481785 -8.556910993607204 -8.663198699772098 -8.754466649650864 -8.843995965963124 -8.935570426536982 -9.027147421493684 -9.112782830142878 -9.196344687208791
21
 -4.195513169624215 -6.007803505229689 -6.56114244515842 -6.944386622058699 -7.213937139281837 -7.430169443998272 -7.638315334674842 -7.81597230914924 -7.931599504424387 -8.05541023953012 -8.176795897898925 -8.296014475690539 -8.413632821226637 -8.532663226299057 -8.63695718653401 -8.727642142371915 -8.818973659980506 -8.90394560799258 -8.993376106999154 -9.079735348473857 -9.166696787943746
21
 -4.195513169624215 -5.99619379049537 -6.575121163059518 -6.939487344306765 -7.199985836959759 -7.4201828181039495 -7.633022080380676 -7.821330900690367 -7.938060153535417 -8.061450152061624 -8.18214259189541 -8.303709891586141 -8.420704265148679 -8.53303678213834 -8.641796801491457 -8.728895292947556 -8.817279452711626 -8.90560610394419 -8.993806983666943 -9.082220802844748 -9.172029572300664
MainSSVRG
5
21
 -4.195513169624215 -4.404411432231499 -4.752361453929041 -5.072145314679974 -5.127896589597963 -5.2116617700259305 -5.2116617700259305 -5.2116617700259305 -5.478948249932154 -5.478948249932154 -5.478948249932154 -5.478948249932154 -5.478948249932154 -5.478948249932154 -5.478948249932154 -5.478948249932154 -5.478948249932154 -5.54323318521403 -5.54323318521403 -5.54323318521403 -5.54323318521403
21
 -4.195513169624215 -4.400583440479691 -4.753410201299497 -4.871650792801156 -4.948673665656321 -4.948673665656321 -4.948673665656321 -5.163619909068221 -5.516564306707482 -5.807188765685545 -5.807188765685545 -5.807188765685545 -5.807188765685545 -5.807188765685545 -5.807188765685545 -5.807188765685545 -5.807188765685545 -5.807188765685545 -6.000986209003341 -6.360357282591844 -6.522105802824263
21
 -4.195513169624215 -4.527357709733847 -4.832853271659603 -5.049468997272477 -5.385528783689618 -5.679726491363295 -5.691558928838413 -6.0250732674121315 -6.336636346094539 -6.497792892222524 -6.497792892222524 -6.497792892222524 -6.696996302230389 -7.037586112606791 -7.3639824350242815 -7.40882141647358 -7.40882141647358 -7.40882141647358 -7.40882141647358 -7.40882141647358 -7.40882141647358
21
 -4.195513169624215 -4.395979377025768 -4.748491504839722 -4.973705509322323 -5.104258000864656 -5.22772752919309 -5.22772752919309 -5.22772752919309 -5.508843225253565 -5.725547996776072 -5.725547996776072 -5.725547996776072 -5.725547996776072 -5.725547996776072 -5.725547996776072 -5.725547996776072 -5.725547996776072 -5.725547996776072 -6.006235132932026 -6.120993752180186 -6.120993752180186
21
 -4.195513169624215 -4.515264474517052 -4.759003266182468 -5.046570409067146 -5.122627121841291 -5.488125935327283 -5.71149477884797 -5.71149477884797 -5.71149477884797 -5.887087240230542 -6.237028676906997 -6.510621192895478 -6.510621192895478 -6.510621192895478 -6.510621192895478 -6.510621192895478 -6.510621192895478 -6.510621192895478 -6.510621192895478 -6.510621192895478 -6.715564096832173
SGD:0.05
5
21
 -4.195513169624215 -6.403461583385148 -7.855123122618456 -8.376528724362023 -8.508450783651448 -8.604948254891767 -8.503147017395698 -8.633580865316924 -8.762768172338196 -8.655793392838575 -8.683788302864276 -8.697696146268072 -8.712873008670263 -8.581214489422292 -8.75248570470832 -8.608852311022364 -8.601450598707933 -8.557856218736125 -8.623237569015094 -8.69037929379068 -8.595102607935619
21
 -4.195513169624215 -6.405155935645391 -7.936549539611055 -8.497741090983846 -8.594871910176993 -8.533897702859237 -8.668660794203136 -8.687538074749337 -8.675221059926315 -8.66339525727121 -8.683110704887724 -8.549736446699791 -8.657719703855037 -8.7096086981503 -8.720450308839595 -8.611617509234788 -8.659757597363912 -8.598175716779183 -8.692887903681351 -8.639749195587374 -8.635356552929043
21
 -4.195513169624215 -6.393512505481561 -7.845294866959679 -8.508705619935968 -8.590100542524194 -8.662331457012419 -8.637142129197443 -8.640784979486416 -8.562757487276997 -8.50601859925854 -8.60441499161499 -8.649522467680265 -8.660201313827413 -8.629622176952424 -8.649236797074563 -8.644563481533705 -8.60603670535081 -8.687061529204103 -8.669647340826048 -8.739165217040489 -8.750217797524872
21
 -4.195513169624215 -6.370354620380986 -7.851977545694259 -8.378941626055926 -8.617088683277968 -8.631504814243504 -8.641105448756917 -8.601409964133856 -8.65709409651079 -8.624161390545106 -8.6383928608496 -8.671045808065017 -8.59924847674138 -8.660467678871964 -8.572257965590921 -8.571156086280524 -8.67685761774274 -8.69755195152083 -8.632611417784576 -8.52467560401565 -8.68195528286649
21
 -4.195513169624215 -6.401352995635617 -7.793136532206404 -8.338366090301262 -8.462069207761807 -8.490913587377865 -8.678640198686194 -8.622708118591007 -8.71019722366512 -8.736024659918632 -8.556328480401563 -8.622937033837845 -8.55938797594369 -8.52735734986387 -8.599009090596427 -8.617659445107847 -8.631261773168431 -8.618303462946812 -8.677448292194711 -8.60344899789916 -8.642458749482353
SGD:0.005
5
21
 -4.195513169624215 -4.4269507938133685 -4.6696992385737675 -4.911821162483579 -5.162883061066035 -5.414028462874222 -5.646763810854063 -5.885889080611303 -6.1209583259664315 -6.357793980194173 -6.588538476690549 -6.8289232813402165 -7.062192944359605 -7.295523608468902 -7.531147006843714 -7.760265552934027 -7.973549398249345 -8.193471063259981 -8.40897877707604 -8.62515162588499 -8.864564853910233
21
 -4.195513169624215 -4.444234217669362 -4.698443629250704 -4.948507375691247 -5.191734343363148 -5.439774473065661 -5.6809356645932185 -5.922929763340638 -6.173396858897841 -6.409299105628989 -6.651866214126481 -6.8901848446424365 -7.140314997930503 -7.390224591675505 -7.630823210994348 -7.855069239826027 -8.07973214391133 -8.28643854458347 -8.514906175794717 -8.732877664602873 -8.938678283815701
21
 -4.195513169624215 -4.443477221209355 -4.693365469127101 -4.944842399530202 -5.190345824605551 -5.432496789690295 -5.675472447591292 -5.918017032709079 -6.160091984974623 -6.399045167920904 -6.64022394100979 -6.880028103823835 -7.107872583482903 -7.339244767864377 -7.558742304223947 -7.784099420741478 -8.007021401672787 -8.240832520602746 -8.46585287382428 -8.674870247523607 -8.888518017558802
21
 -4.195513169624215 -4.447747653789671 -4.696672860434633 -4.938390069092413 -5.187354617189346 -5.427102117220598 -5.671468685273153 -5.909969155292396 -6.142906817595666 -6.384351818886856 -6.615128541822893 -6.858076979355437 -7.085625532198019 -7.32310151727341 -7.576414753830474 -7.807955120859482 -8.038116851531282 -8.277237141120521 -8.499809480336893 -8.729277100375734 -8.932394308196399
21
 -4.195513169624215 -4.449233354232595 -4.692877697840641 -4.932399420357143 -5.173862721460791 -5.4212696889866026 -5.657034529547761 -5.904220510686037 -6.148224887268733 -6.378900973645755 -6.614248504782704 -6.860428823423981 -7.1000068500553315 -7.335142956867511 -7.570828824119176 -7.793492068639737 -7.999155373993944 -8.221777343538939 -8.452269526184333 -8.676380284774558 -8.868467452994096
StreamingSVRG
5
21
 -4.195513169624215 -4.523835462466124 -4.875471036392558 -5.238968355705006 -5.607536408199808 -5.969394441013559 -6.330634451214729 -6.680725844035148 -7.012696604372348 -7.359743000800588 -7.680802104375338 -7.993876599515103 -8.306525951774567 -8.502393760188854 -8.789973431579918 -9.03505023346488 -9.339694621568153 -9.627140067751967 -9.852450593910227 -9.932176573791072 -10.076158051911971
21
 -4.195513169624215 -4.513522292991948 -4.869567185208955 -5.2392703437102375 -5.592340643009946 -5.952409418094353 -6.273543929437996 -6.547181062871724 -6.89886161162884 -7.243023806236072 -7.575389020660681 -7.907482097122335 -8.230967226552076 -8.5717978464281 -8.885359615310806 -9.17432115965153 -9.417717338522944 -9.67364639153348 -9.678870838543329 -9.897971776653177 -10.116613704331394
21
 -4.195513169624215 -4.519751733092365 -4.88350733808164 -5.24776721685019 -5.605573494347925 -5.961632486782247 -6.321743491079036 -6.680663906606229 -7.007562626916242 -7.265889447882213 -7.587460355862099 -7.891216911710109 -8.207820739685637 -8.504497419454719 -8.821136439690774 -9.133765161840683 -9.393264692964461 -9.622080271803458 -9.881215256433057 -9.939090957917838 -10.106635364349476
21
 -4.195513169624215 -4.515710647876642 -4.880551467406458 -5.239497784545865 -5.605250507332794 -5.959915100954165 -6.322743715165428 -6.673692603487747 -6.994949123082672 -7.3491641380538395 -7.69837419942696 -8.031063159975732 -8.372291905683104 -8.6840550849988 -8.989220817220104 -9.191009084834716 -9.47705244452418 -9.723770237426981 -9.986729094274894 -10.18172856720724 -10.37522936877222
21
 -4.195513169624215 -4.515825291262485 -4.8780853426391655 -5.134875926160038 -5.383709750505301 -5.512472580958546 -5.871349527570768 -6.221658235301688 -6.5867060994708275 -6.946786143362083 -7.276988527582671 -7.608623597255294 -7.936223527013536 -8.30540960428665 -8.61122518449496 -8.910324057809712 -9.177137316678627 -9.436148963551389 -9.677138908165729 -9.78621989199089 -9.78621989199089
steps
5
21
 0 2000 4000 6000 8000 10000 12000 14000 16000 18000 20000 22000 24000 26000 28000 30000 32000 34000 36000 38000 40000
21
 0 2000 4000 6000 8000 10000 12000 14000 16000 18000 20000 22000 24000 26000 28000 30000 32000 34000 36000 38000 40000
21
 0 2000 4000 6000 8000 10000 12000 14000 16000 18000 20000 22000 24000 26000 28000 30000 32000 34000 36000 38000 40000
21
 0 2000 4000 6000 8000 10000 12000 14000 16000 18000 20000 22000 24000 26000 28000 30000 32000 34000 36000 38000 40000
21
 0 2000 4000 6000 8000 10000 12000 14000 16000 18000 20000 22000 24000 26000 28000 30000 32000 34000 36000 38000 40000
