9
SGD
6
21
 -3.366314724896274 -5.107423651400329 -5.373182201971413 -5.529564075133512 -5.64195925133792 -5.727931116597471 -5.799952105193544 -5.859037478356047 -5.909647534706657 -5.955413811962598 -5.995693021715407 -6.034083678885028 -6.067312328031565 -6.098379860490023 -6.126578764871922 -6.153426265052556 -6.177816717040312 -6.200524734208134 -6.222330479950806 -6.242934436789358 -6.261573443518056
21
 -3.366314724896274 -5.199912658948016 -5.459763171583975 -5.608688954001708 -5.715594896690503 -5.7975443242672045 -5.86403586700734 -5.918547064512223 -5.9676577622422196 -6.010895116109257 -6.04922175914801 -6.084091410409092 -6.116943823261455 -6.1455140142318205 -6.173115932381077 -6.199179614344626 -6.22316808200636 -6.244701789841058 -6.266123192903776 -6.286350331237096 -6.3051736081276255
21
 -3.366314724896274 -5.159430201949378 -5.421406420453998 -5.577695372587996 -5.689182649308535 -5.771506310915191 -5.837681504746221 -5.894974967596987 -5.945418095708159 -5.988631906705424 -6.026762943210573 -6.062633942571544 -6.095235541068525 -6.125142301898335 -6.152324238450144 -6.178145602840634 -6.201954203658912 -6.223750465608031 -6.245431404896563 -6.264998535659759 -6.284049728219858
21
 -3.366314724896274 -5.17735289802563 -5.433861598482682 -5.583591606649858 -5.693349544215291 -5.775405357894358 -5.84406129030602 -5.903028761351928 -5.952027605736341 -5.993622070254204 -6.031250328403659 -6.067149557460315 -6.099846650656741 -6.129461550553151 -6.157526232576893 -6.1832233773823955 -6.207076190228484 -6.2296748416634316 -6.2507077068824275 -6.270780894101084 -6.289391504679886
21
 -3.366314724896274 -5.032769556392116 -5.304368833392256 -5.465777978181311 -5.576640096537042 -5.658822640503547 -5.731314595397012 -5.79078195987879 -5.841343017599692 -5.887344165283531 -5.928876080704759 -5.965044728668689 -5.999056346960179 -6.029787392209586 -6.057918692698287 -6.0838500886596485 -6.10891692373236 -6.131697169031431 -6.153156079885046 -6.175046244089285 -6.195364664589749
21
 -3.366314724896274 -5.127791039626782 -5.3940091603099845 -5.544511847596886 -5.651240823616858 -5.734975997164391 -5.806003122296932 -5.86363137289189 -5.915463944590419 -5.960249428699337 -5.9988550390488955 -6.034617890020479 -6.067395733224214 -6.096916796347408 -6.124299615060496 -6.1499475029700506 -6.173095290972609 -6.196152270775491 -6.21747861568497 -6.237907274033424 -6.257056057928238
SAGA
6
21
 -3.366314724896274 -3.437170546799811 -3.5071549716112695 -3.5787203118449655 -3.6488805399466404 -3.71969078334437 -3.79300265899256 -3.8620555634725444 -3.9323386542748344 -4.002131656756457 -4.070679831679138 -4.14000900479562 -4.212258639224245 -4.281480189289949 -4.350437517278995 -4.419614752771527 -4.4901559712509105 -4.559590136568623 -4.628320048606849 -4.69774251609945 -4.766017126219636
21
 -3.366314724896274 -3.4389163794772837 -3.50909124929689 -3.5822333549266907 -3.652843251681102 -3.723836665791975 -3.794519450107686 -3.8676085938043583 -3.938542629734213 -4.008389522621904 -4.078079550915904 -4.147205378847224 -4.217264115997659 -4.287785501697684 -4.35592463532894 -4.427201843783279 -4.495845741624672 -4.56584182283979 -4.635214263334865 -4.703327226082521 -4.772260719488502
21
 -3.366314724896274 -3.4396383747673362 -3.508663877220499 -3.5806793396609136 -3.6535107734258685 -3.7226808855895297 -3.791079893521134 -3.860494244859118 -3.9323455181795977 -4.002861013701741 -4.073591802963817 -4.1424349219283405 -4.212381651118265 -4.282265853414191 -4.350915690657842 -4.420463697634892 -4.489049002227812 -4.5590033646202865 -4.628066998044315 -4.69659262612302 -4.764627494804394
21
 -3.366314724896274 -3.439858848963823 -3.5107870365422884 -3.582005282512528 -3.6531865746463 -3.7233971175390246 -3.7946501823831627 -3.8649996866863394 -3.935775549223361 -4.00568630252286 -4.074796558479535 -4.145854015679667 -4.21672605678672 -4.28608960006823 -4.356501443069638 -4.4250789668433415 -4.494626389726141 -4.563586980529686 -4.63122447003053 -4.701406783054755 -4.770022973597017
21
 -3.366314724896274 -3.436614267596989 -3.5078833578519264 -3.5782133292548166 -3.6498347595541905 -3.7219784153451827 -3.7928045957023446 -3.863274392863741 -3.9357768974586356 -4.006456164165344 -4.077068647635075 -4.145830862791003 -4.21486627896248 -4.28518875773042 -4.354765241337227 -4.425201225635302 -4.495195563439098 -4.563432434239011 -4.632361520389603 -4.701696788621076 -4.771107959212365
21
 -3.366314724896274 -3.436029636501694 -3.5084968773412313 -3.579089486668231 -3.651571803512827 -3.721348946737358 -3.7917919156250366 -3.861214351897462 -3.9334020370621365 -4.003296022342823 -4.074068294961302 -4.144153613003713 -4.213242873721203 -4.281136540169939 -4.348958437278943 -4.420463606626468 -4.491159663581332 -4.561368769403581 -4.632691997210708 -4.700910141841346 -4.769252195993668
ADAPTSAGA
6
21
 -3.366314724896274 -6.086724394999164 -6.977490523361809 -7.477871179153664 -7.860429545486074 -8.167681128678701 -8.412675576135412 -8.61643577833073 -8.806512542094707 -8.9736404804337 -9.121533671293943 -9.264788396232564 -9.394136359257578 -9.516337112675458 -9.626275141835528 -9.738258994988545 -9.848428171422142 -9.939164135624823 -10.034040080901702 -10.120961377018313 -10.211527528171803
21
 -3.366314724896274 -6.0902220864987155 -6.984240196094347 -7.483169732577402 -7.86374530058622 -8.169937647307632 -8.413178884433586 -8.618213109727895 -8.807430548662545 -8.976534010904384 -9.125622551022863 -9.267528488483254 -9.39604892137111 -9.517486504935038 -9.626519350625324 -9.740134152566082 -9.84885757092168 -9.938185144353147 -10.034430712984904 -10.120302409032636 -10.211297226906511
21
 -3.366314724896274 -6.081462383331941 -6.982608929130021 -7.482542969332666 -7.8641429636522 -8.17097916151798 -8.415432816284492 -8.619196061292344 -8.810083180901662 -8.977277291806347 -9.1264659300475 -9.268817564298734 -9.397834605549804 -9.518248975585605 -9.628379043960287 -9.741226468661774 -9.851556899021125 -9.941600896914407 -10.037177641790125 -10.122865238189293 -10.212984377671066
21
 -3.366314724896274 -6.0738114770657265 -6.9767581176595375 -7.478013647906624 -7.860989193132126 -8.167266671161558 -8.412729537325953 -8.616614019535728 -8.807410190651538 -8.97396846228914 -9.122079287655085 -9.265918659420716 -9.39558393794736 -9.51636143843165 -9.626379921115756 -9.738856229608329 -9.848860562087228 -9.93973916946081 -10.035779282343562 -10.121906381233424 -10.212410699525092
21
 -3.366314724896274 -6.075147803653983 -6.963502108931947 -7.466395799510495 -7.8497835031741365 -8.158035904116845 -8.403782568949396 -8.607406240016873 -8.797373658538016 -8.964363749731884 -9.114208419026463 -9.257098866263284 -9.386333954281069 -9.507638305242867 -9.617331490532768 -9.729816064617081 -9.838361049496793 -9.929437071909748 -10.024826068751535 -10.11072217540357 -10.202193777870697
21
 -3.366314724896274 -6.08534191454548 -6.973289899911518 -7.472284569933547 -7.854988096645724 -8.160129324388283 -8.406306268215486 -8.609475589339889 -8.799780750607272 -8.966394908831994 -9.115615596354342 -9.257727616465754 -9.386608821909642 -9.509005165954706 -9.619676791531722 -9.732638200128342 -9.842931368800123 -9.932985068586195 -10.028964337826253 -10.11556389766849 -10.20651645621156
ADAPTDoubling
6
21
 -3.366314724896274 -5.798936651199353 -6.464832640420887 -6.883696832790261 -7.188064938635769 -7.417395487640419 -7.629075732766979 -7.816963995765623 -7.944128660783073 -8.060097522315797 -8.17498391992527 -8.288704895705127 -8.401769989663734 -8.512778994466903 -8.602545304598205 -8.666337748021073 -8.731180214595877 -8.793707193598637 -8.856075268486943 -8.919999975713162 -8.983776403158423
21
 -3.366314724896274 -5.748348391339615 -6.442798548282973 -6.864657731525585 -7.154207900696556 -7.377757981622298 -7.594914315147825 -7.783522406395426 -7.901784437103692 -8.02384861557447 -8.141599249910914 -8.255317718769039 -8.36826722210514 -8.481185336073873 -8.574033834701813 -8.640041405203341 -8.704492082198321 -8.769381018484108 -8.832451816721157 -8.894630178581764 -8.962459307203144
21
 -3.366314724896274 -5.77051472650956 -6.446179719911665 -6.867903085078313 -7.175246262111458 -7.400318575241535 -7.612142967393131 -7.795520987649582 -7.918911976405556 -8.035346880155993 -8.14974477023475 -8.269426788598516 -8.379882073069199 -8.495917334790278 -8.586258414557134 -8.649946970659107 -8.716735971412392 -8.779611178444833 -8.844616106974286 -8.910650462572086 -8.974254519414973
21
 -3.366314724896274 -5.7452056449822 -6.458931043100901 -6.892335639303549 -7.186904355508572 -7.412387039706065 -7.624922119143847 -7.81324691931685 -7.936393916186963 -8.055851475284431 -8.176175274243677 -8.290898886401424 -8.405229815199803 -8.519024664494932 -8.610371338385487 -8.67398127777897 -8.738219299170431 -8.803922038503513 -8.866964153298955 -8.932459452670923 -8.99546789372779
21
 -3.366314724896274 -5.740019180857502 -6.435140785781178 -6.867040915040896 -7.1656430239279905 -7.392319780305556 -7.61193972709527 -7.792563310952724 -7.916212278443089 -8.04175934508424 -8.160649090249732 -8.275033754960821 -8.389361825764839 -8.497646248564667 -8.592402007259725 -8.65577720965479 -8.722542398677106 -8.78696835216821 -8.852225530654726 -8.914313755574783 -8.978333232186802
21
 -3.366314724896274 -5.793357171288945 -6.475973403521828 -6.896977605365611 -7.184700960131175 -7.4102318022289335 -7.618557694368506 -7.803755861733434 -7.921984966610149 -8.045551559906668 -8.162994936786317 -8.279416114468852 -8.39004500267278 -8.497627846421608 -8.588362429086624 -8.655218584101917 -8.720875009729598 -8.784243094889812 -8.848138186773213 -8.910787348691523 -8.975876664150272
MainSSVRG
6
21
 -3.366314724896274 -3.740323986649747 -4.11126181188583 -4.372348012846474 -4.73751359122606 -5.143320048170088 -5.304134307923626 -5.549148299315501 -5.9325145722558625 -6.071995871240008 -6.071995871240008 -6.071995871240008 -6.370447467344605 -6.418581121869874 -6.418581121869874 -6.418581121869874 -6.418581121869874 -6.418581121869874 -6.418581121869874 -6.418581121869874 -6.418581121869874
21
 -3.366314724896274 -3.727491343862195 -3.9830410663544784 -4.409045308683244 -4.806390683534198 -4.973388404181275 -5.220929381370029 -5.595064356357309 -5.595064356357309 -5.595064356357309 -5.6802327660472685 -6.083584996376637 -6.475545907868217 -6.523761785695836 -6.523761785695836 -6.523761785695836 -6.523761785695836 -6.523761785695836 -6.523761785695836 -6.523761785695836 -6.523761785695836
21
 -3.366314724896274 -3.7342025893558466 -4.027675659679496 -4.463694527979288 -4.799746091487627 -4.894831372310966 -4.987088799398115 -4.987088799398115 -4.987088799398115 -5.37186587789258 -5.6153880428127385 -5.6153880428127385 -5.6153880428127385 -5.6153880428127385 -5.6153880428127385 -5.6153880428127385 -5.6153880428127385 -5.6153880428127385 -5.6153880428127385 -5.956435139522738 -6.366379988724298
21
 -3.366314724896274 -3.63669127342605 -4.013089752105285 -4.093952409992014 -4.5312374847128005 -4.874037849684374 -4.874037849684374 -4.874037849684374 -5.015860655243332 -5.440179384557219 -5.849950379655983 -5.849950379655983 -5.849950379655983 -5.849950379655983 -5.849950379655983 -5.849950379655983 -5.849950379655983 -5.849950379655983 -5.849950379655983 -6.024636517768071 -6.438445256353662
21
 -3.366314724896274 -3.591191443900522 -3.6456754424908864 -4.088276685833667 -4.518093477707536 -4.5944618548886105 -4.5944618548886105 -4.5944618548886105 -4.997007662754611 -5.22788828103041 -5.22788828103041 -5.22788828103041 -5.22788828103041 -5.22788828103041 -5.22788828103041 -5.22788828103041 -5.22788828103041 -5.22788828103041 -5.425313407210247 -5.425313407210247 -5.425313407210247
21
 -3.366314724896274 -3.8054532849730696 -4.1168612226920365 -4.553323689074756 -4.8089812468955815 -4.990999121528526 -5.410741850659107 -5.811288615864556 -5.874498550509577 -5.874498550509577 -5.874498550509577 -6.270244597568032 -6.666132031888634 -6.792171513528959 -6.792171513528959 -6.792171513528959 -6.792171513528959 -6.792171513528959 -6.792171513528959 -6.792171513528959 -6.792171513528959
SGD:0.05
6
21
 -3.366314724896274 -6.163613038979643 -7.932421104547257 -8.59034616504724 -8.808374828143403 -8.912183317959766 -8.963695115883478 -8.947307641026896 -8.874652707168167 -8.921735381518424 -8.86258234319883 -8.810514677558425 -8.875234768394678 -8.911868416594164 -8.960534556790568 -8.898060667618864 -8.859480083531011 -8.849019012792722 -8.821647221120871 -8.940619446720737 -8.892142281937119
21
 -3.366314724896274 -6.098365993837863 -7.9860544492752545 -8.709577657015805 -8.847123845033579 -8.81303004370629 -8.878919414007598 -8.889852432603115 -8.948659018177057 -8.8172233435626 -8.914287887869836 -8.917716582199043 -8.927930959125627 -8.844447184155596 -8.86612783741245 -8.906265942363465 -8.84313254632841 -8.906896260584574 -8.895018474574458 -8.858824920896353 -8.822111701254551
21
 -3.366314724896274 -6.025815850897289 -7.851475458502799 -8.664679903114104 -8.903053961170093 -8.905593634393531 -8.794177756345269 -8.809087701343945 -8.84838270643375 -8.964104041296343 -8.842961629241653 -8.86360319860883 -8.90401654533529 -8.909388939762543 -8.872266902288736 -8.898307737629043 -8.86859026355364 -8.932811703896864 -8.878988229415436 -8.854261602724176 -8.914780628054208
21
 -3.366314724896274 -6.078482574908928 -7.954986849970438 -8.747598118726897 -8.765817365838014 -8.857962592287784 -8.871481038279565 -8.901531571332564 -8.88178907223838 -8.929898691781128 -8.938914886188362 -8.929133444645066 -8.85142493035198 -8.893469187335418 -8.876958871383417 -8.902448931321612 -8.838126379138242 -8.817966511288256 -8.818327653647 -8.918720673183595 -8.851161926220259
21
 -3.366314724896274 -6.058488094285291 -8.042578187759796 -8.687031241418504 -8.801740398166816 -8.810188100779127 -8.94081293724224 -8.915644916257747 -8.93035218725785 -8.896827486968325 -8.875377878625127 -8.9073643149075 -8.794985597914787 -8.83787658801883 -8.904899907521106 -8.944405118078024 -8.95630259678911 -8.894855977713554 -8.954426774623313 -8.849708907309557 -8.860232204476194
21
 -3.366314724896274 -6.052505065851857 -7.901983588453213 -8.61197214922261 -8.787017061464272 -8.89989217552734 -8.901260433472181 -8.920322324093052 -8.890326218286829 -8.916371937447087 -8.889922823252366 -8.889596751221417 -8.906893868263992 -8.921422290796361 -8.911231733572462 -8.91427444138348 -8.920035654853292 -8.876710050816492 -8.803223579114698 -8.90084717226284 -8.881459843473655
SGD:0.005
6
21
 -3.366314724896274 -3.666894354777007 -3.9678241716062286 -4.267461837628088 -4.552481394106833 -4.837552191281767 -5.130091942123436 -5.418576114656599 -5.701570082408382 -5.980083536927085 -6.261684040777027 -6.5476976669481495 -6.821941788637394 -7.096565744335715 -7.353708421090109 -7.6005980493897605 -7.856003075540285 -8.134409425848522 -8.397378661037742 -8.658954977419 -8.889079591700899
21
 -3.366314724896274 -3.6703588909654408 -3.972384795589349 -4.268140421220768 -4.565630408434735 -4.857718661048142 -5.13991250137948 -5.432626772796831 -5.723104808587704 -5.997521992520318 -6.282312588301576 -6.558109238094811 -6.826901587026657 -7.102241045726394 -7.368515984822867 -7.626837364931135 -7.86708615095139 -8.13374444361456 -8.3940187922175 -8.631490254971448 -8.868745684366841
21
 -3.366314724896274 -3.6650575872389743 -3.964450995646506 -4.264647998206522 -4.558250599382371 -4.844031414906197 -5.136314784399049 -5.423006245963246 -5.71816903513158 -6.005429008965167 -6.274634460649418 -6.557950558933422 -6.83037636889348 -7.107282395638709 -7.36705349600421 -7.636112108551255 -7.909801684626083 -8.168470042038617 -8.406235508151674 -8.663831563867076 -8.923048284380661
21
 -3.366314724896274 -3.6658274374044546 -3.9733070015581564 -4.275752917537311 -4.570824820001521 -4.863827121069277 -5.153955100976483 -5.431058451084845 -5.713706260889831 -5.998327525204452 -6.279553843869124 -6.553189284352741 -6.828421161231298 -7.0916163747229115 -7.3690637174535745 -7.6323806884175776 -7.881157505603464 -8.156327808413215 -8.410114508529949 -8.668590157528078 -8.91197997851642
21
 -3.366314724896274 -3.667993710846708 -3.964764431827511 -4.256628117879607 -4.550271731167454 -4.836361992675622 -5.1200340219859 -5.411632866499001 -5.6861783026801795 -5.981414238014615 -6.246733600327871 -6.520609847886416 -6.793359659152378 -7.067807538330846 -7.328730295595376 -7.591333917856913 -7.873657470696572 -8.11957493994307 -8.386791679047908 -8.6367402170811 -8.87476705428237
21
 -3.366314724896274 -3.666368070657402 -3.9607687839576706 -4.25808238830905 -4.565917037512694 -4.863223535434428 -5.153589934362981 -5.43513235928016 -5.722056307221905 -6.001843645819347 -6.277643600301772 -6.562350277494524 -6.831904927842448 -7.112584008457449 -7.362385506720944 -7.627815138236636 -7.881597361526255 -8.142878576758745 -8.39694823823262 -8.651729940336594 -8.905380941222232
StreamingSVRG
6
21
 -3.366314724896274 -3.7687757594769336 -4.200758538855494 -4.647032472473608 -5.07425153750496 -5.5133059452229585 -5.927807824708337 -6.339243491572723 -6.734951479908459 -7.113493780910459 -7.517801618390985 -7.76956018486298 -8.140269132034817 -8.495335591269152 -8.823335531513726 -9.152623206175232 -9.487377383479464 -9.541309301404263 -9.780044427717977 -10.033756153634794 -10.285538352599112
21
 -3.366314724896274 -3.773001834228189 -4.211624701410467 -4.650749802599446 -5.088245464920862 -5.504696036855476 -5.932570939438339 -6.336096533084484 -6.730391638519601 -6.9946394067156685 -7.14842428529232 -7.4066725276733205 -7.500135174180435 -7.500135174180435 -7.500135174180435 -7.833233330362254 -8.20922359568159 -8.569734074844975 -8.944102582437134 -9.306695480992104 -9.639444995324283
21
 -3.366314724896274 -3.7623471468677443 -4.2079478905699945 -4.64762452026743 -5.070274327569272 -5.358084515159556 -5.77482990053975 -6.180341148584002 -6.600742191382171 -7.0247921074902155 -7.413647065682084 -7.798934195898135 -8.189497147985254 -8.532994526993768 -8.86057634711665 -9.18626499069812 -9.243450198942353 -9.553890641314078 -9.880487182849519 -10.109000644230758 -10.332092054728967
21
 -3.366314724896274 -3.777820731026249 -4.209782560092394 -4.513845885153103 -4.92575882780734 -5.334157122315485 -5.751278785254786 -5.7805324496325765 -6.178610370574443 -6.581937767160309 -7.00476218918828 -7.405632021190816 -7.726613564278452 -7.726613564278452 -7.726613564278452 -7.851682288964284 -8.238002820573248 -8.59616062349808 -8.959060635022892 -9.074423100327548 -9.074423100327548
21
 -3.366314724896274 -3.7597927169799124 -4.205661731310913 -4.638822710269044 -4.968818014110611 -5.356732173991358 -5.773617948816825 -6.207090826722984 -6.604423222878247 -6.9820765669033875 -7.384207907867813 -7.764512291878856 -8.143564505151854 -8.510076165343705 -8.850116315278676 -9.063409014856118 -9.199148657882816 -9.514691058786218 -9.784110214353888 -10.061510318195575 -10.27110739086076
21
 -3.366314724896274 -3.626188466301452 -4.058899014815785 -4.456235176863874 -4.510511484570342 -4.954596752228533 -5.389910717259492 -5.804132258823766 -6.228280619866409 -6.659746744840547 -7.059566633172029 -7.434131596331714 -7.811319744909705 -8.149969919020107 -8.525912978671773 -8.899188626961712 -9.222957854023706 -9.360389297033219 -9.360389297033219 -9.360389297033219 -9.57985581222793
steps
6
21
 0 3600 7200 10800 14400 18000 21600 25200 28800 32400 36000 39600 43200 46800 50400 54000 57600 61200 64800 68400 72000
21
 0 3600 7200 10800 14400 18000 21600 25200 28800 32400 36000 39600 43200 46800 50400 54000 57600 61200 64800 68400 72000
21
 0 3600 7200 10800 14400 18000 21600 25200 28800 32400 36000 39600 43200 46800 50400 54000 57600 61200 64800 68400 72000
21
 0 3600 7200 10800 14400 18000 21600 25200 28800 32400 36000 39600 43200 46800 50400 54000 57600 61200 64800 68400 72000
21
 0 3600 7200 10800 14400 18000 21600 25200 28800 32400 36000 39600 43200 46800 50400 54000 57600 61200 64800 68400 72000
21
 0 3600 7200 10800 14400 18000 21600 25200 28800 32400 36000 39600 43200 46800 50400 54000 57600 61200 64800 68400 72000
