10
SGD
6
21
 -3.366314724896274 -5.15859987885286 -5.4155716093633055 -5.566786729120864 -5.6764195751992155 -5.762919986085091 -5.831151967161621 -5.889838980537829 -5.9395445857540645 -5.982999390573519 -6.023270438772541 -6.059089085834961 -6.091431727405503 -6.121522291305184 -6.148226423475797 -6.173832817958874 -6.197659830715891 -6.22072784109141 -6.2419370238689895 -6.26174614225682 -6.281436802168627
21
 -3.366314724896274 -5.175022529993314 -5.437394339259892 -5.586961312901265 -5.698663404732352 -5.781938684528099 -5.848546478653902 -5.908308227969387 -5.958037622474212 -6.004556649691165 -6.043679483963598 -6.080225358612681 -6.113049266298085 -6.142663211863419 -6.1700782740198195 -6.195094780260781 -6.218185458772995 -6.241208003816697 -6.262365814145976 -6.282011836257237 -6.301022710575635
21
 -3.366314724896274 -5.069169506556665 -5.33157791033776 -5.491773383076385 -5.601851149253364 -5.68951995420721 -5.760037116841348 -5.820543929448793 -5.8717868290802 -5.916138077270343 -5.95683067463546 -5.991813411903642 -6.024322358373773 -6.055760945202173 -6.08363639704273 -6.110331089091748 -6.134262425201414 -6.15678060466922 -6.178730856242346 -6.198037971816098 -6.216145448310599
21
 -3.366314724896274 -5.129521323377168 -5.387253447294335 -5.542512619813372 -5.648152313685551 -5.73156294894733 -5.804319448209082 -5.862157262797539 -5.913103030967456 -5.9598206930287265 -6.000216184980149 -6.036563435972704 -6.069814273154549 -6.100470581262638 -6.1279217763858735 -6.155412565754369 -6.179807907434899 -6.202734237436285 -6.224635719524889 -6.245629312157951 -6.264745108079406
21
 -3.366314724896274 -5.136788533052278 -5.408849923060377 -5.561878120851638 -5.677482006958612 -5.764644691664558 -5.834603869931838 -5.894176730528631 -5.943532704537068 -5.98810555783669 -6.02913757994611 -6.065481651358159 -6.096702261078632 -6.126523108925707 -6.153754153534121 -6.1798988245350905 -6.204645150599314 -6.227986045623167 -6.249636792134931 -6.269549035438585 -6.28797339360275
21
 -3.366314724896274 -5.149664230170357 -5.4086100690948165 -5.566850462382653 -5.67974725488544 -5.763805843156099 -5.8333714735524405 -5.891495887384638 -5.940750523851273 -5.983503406167984 -6.023770088208038 -6.059867595602191 -6.0923132248569 -6.123386005290214 -6.151956703591088 -6.178536558723173 -6.202706085412676 -6.225838974801399 -6.247559332040299 -6.268142765028539 -6.28704674518696
SAGA
6
21
 -3.366314724896274 -3.43897735372031 -3.508900440069554 -3.581892950588635 -3.6539834838029925 -3.7243269685092124 -3.7957150062592513 -3.8673016347456968 -3.9391260407099105 -4.010013899563796 -4.079349430914814 -4.150146972832663 -4.218802515079741 -4.288241025916821 -4.3596483884800605 -4.428989906409118 -4.498791322479055 -4.567484730328172 -4.635680606159796 -4.704757288408833 -4.774518299109999
21
 -3.366314724896274 -3.4362606674859086 -3.508249925359575 -3.5824015415326675 -3.653149740852757 -3.7253057837898944 -3.7960088002742025 -3.8669997865870744 -3.9375301845011053 -4.008885337976234 -4.079414658924583 -4.150410949165714 -4.22153663312767 -4.290671053625256 -4.358834188050088 -4.4283116107863 -4.498202732639131 -4.566837020849711 -4.636043653441313 -4.704865415297595 -4.774059159429894
21
 -3.366314724896274 -3.4376078735044286 -3.508269266463677 -3.577395277529244 -3.649825205436383 -3.7199293318166275 -3.7905974698733984 -3.8619636354412656 -3.932211522251354 -4.001300803002287 -4.0719959835957935 -4.14187736067319 -4.212583989311305 -4.283401526150007 -4.353910164118216 -4.423561944861553 -4.492280307860282 -4.560977100595573 -4.629432171671087 -4.697090794173384 -4.764540323597399
21
 -3.366314724896274 -3.4393395536799614 -3.512533146390229 -3.583005818002261 -3.6557861752458627 -3.727262136548964 -3.797599941010071 -3.8683863249447223 -3.9384163338883695 -4.0087282402789315 -4.079474551176629 -4.149866998102182 -4.2208908437088395 -4.291012091713221 -4.360885343801272 -4.430265268500914 -4.500813370180158 -4.5694021082367975 -4.638391373115652 -4.7073522850340135 -4.775374579781776
21
 -3.366314724896274 -3.4374717042029226 -3.5094010241053226 -3.5808630310611815 -3.651206072976735 -3.7215324162336407 -3.7935918530192723 -3.8639263492189957 -3.9329912916185297 -4.0036667934094465 -4.074054867169317 -4.144162785874501 -4.214381829748352 -4.281786564989181 -4.352611804634783 -4.422328377208597 -4.492822677332831 -4.5606470316352805 -4.63058305954664 -4.698930392516803 -4.768515478666996
21
 -3.366314724896274 -3.4369876345173767 -3.5071984002625767 -3.578371178309988 -3.648964544491247 -3.7193219410544325 -3.7910678160046336 -3.8629160221911008 -3.933617535211046 -4.0046833614771025 -4.076089057754055 -4.1447191605635565 -4.2158173246571025 -4.286220450015128 -4.355223475650881 -4.425111539423794 -4.494113126038217 -4.562713639118003 -4.63180604547045 -4.701984144077687 -4.770169548556419
ADAPTSAGA
6
21
 -3.366314724896274 -6.087821074769919 -7.001086154126344 -7.508179743732855 -7.869058892621684 -8.149760254137563 -8.390202162846613 -8.598269714839452 -8.78225259858771 -8.940334353231812 -9.100191582373908 -9.246528491721103 -9.37898338418434 -9.501002178689486 -9.622541793536003 -9.742742199946164 -9.845877894076144 -9.943202535605883 -10.03593370652746 -10.128451112872913 -10.222382371839188
21
 -3.366314724896274 -6.096047178044329 -7.008457552073705 -7.515613715572888 -7.879725741094401 -8.161491005188742 -8.402806383625624 -8.610308974680194 -8.79403205024836 -8.949381088286405 -9.109568163905147 -9.256365725712428 -9.388195363275063 -9.510723469320679 -9.631664288000524 -9.751286874971175 -9.853854299084132 -9.951918187593204 -10.044612268880094 -10.136683151818191 -10.230270635390387
21
 -3.366314724896274 -6.116592828940651 -7.030555518820905 -7.532076354484169 -7.891266312226022 -8.171232918555447 -8.411641933882171 -8.618486741293063 -8.799026137428019 -8.954231954006557 -9.112377448678723 -9.258407056834427 -9.38949036568582 -9.510924948926247 -9.632707637783124 -9.75158490676049 -9.85370664008331 -9.951275324161328 -10.043964374739629 -10.136388801610892 -10.229717825533688
21
 -3.366314724896274 -6.065928545134147 -6.99783768401248 -7.507085354748938 -7.871428568235482 -8.154002476589335 -8.394876718445872 -8.602555701510827 -8.785937669383616 -8.94205160660626 -9.101870489955099 -9.248072870153381 -9.38063040383902 -9.502728890837885 -9.62430939049421 -9.743528413332658 -9.845725736106502 -9.9438129145887 -10.03627883070163 -10.128159490875095 -10.220821460100312
21
 -3.366314724896274 -6.065387713440063 -6.994056514619848 -7.504833049011049 -7.8676072002787345 -8.150812008904921 -8.391219868301674 -8.599063201301725 -8.783234995072643 -8.939322848359257 -9.098222778277494 -9.242913830955446 -9.375006160788907 -9.497339292045567 -9.618913932820895 -9.738033941367028 -9.840802886302692 -9.939345241161162 -10.03248504142577 -10.124833032770198 -10.217999018754014
21
 -3.366314724896274 -6.095182174195164 -7.023916498041012 -7.532902555308392 -7.89890977416584 -8.17895490299884 -8.419440337979296 -8.627541382286998 -8.809880678800083 -8.966803857059965 -9.126867445070072 -9.273394969834078 -9.404568261144815 -9.526372067176364 -9.64658101339995 -9.766874759017664 -9.869228741985193 -9.966025809545386 -10.058432366537584 -10.151611006695582 -10.24382541063742
ADAPTDoubling
6
21
 -3.366314724896274 -5.758350518332873 -6.419553137649162 -6.829432773514753 -7.111846153799712 -7.329405398821858 -7.549226141793906 -7.738418346081215 -7.862451157069213 -7.986412367481994 -8.110568859471126 -8.227944029904165 -8.345590923626318 -8.459154153683102 -8.552508581165739 -8.620142837857532 -8.686323876379454 -8.74906999133588 -8.814794344554535 -8.881424015132744 -8.948512295307948
21
 -3.366314724896274 -5.798317984874766 -6.445476470834054 -6.850994678925605 -7.143650306629317 -7.3674569293091965 -7.593878908325867 -7.786862103418995 -7.911480871834489 -8.032525799853389 -8.151663567932031 -8.268168931242618 -8.381309301264816 -8.492718626296472 -8.582485987627956 -8.648169919531492 -8.71375670299648 -8.777474298973097 -8.847756508388649 -8.916062836542268 -8.975908873430482
21
 -3.366314724896274 -5.778905260417616 -6.426742678663576 -6.8382873723681294 -7.1244578532718075 -7.344621861293219 -7.552688325843785 -7.741724369028803 -7.867508895750574 -7.986006394291425 -8.102651438387317 -8.221596555813289 -8.337436762955948 -8.450770388742358 -8.54555802845167 -8.609494727893207 -8.669864662981801 -8.7388261877819 -8.808730255671747 -8.873980743982557 -8.940177161214457
21
 -3.366314724896274 -5.792148709269699 -6.452740485643213 -6.850723620634255 -7.140163497788388 -7.360118002859885 -7.572677075722748 -7.7607136759727195 -7.878173778254475 -7.9949151230282 -8.1187764860294 -8.244196870152892 -8.360515879892928 -8.475657727052354 -8.56737382801651 -8.635101607311135 -8.701654717803358 -8.767266217454019 -8.831966792535544 -8.894940034209123 -8.960141455790549
21
 -3.366314724896274 -5.807260426416378 -6.471466875463884 -6.889383591480338 -7.176668372949423 -7.404750895647068 -7.619286107229367 -7.802603137202597 -7.926592020658831 -8.046537257187953 -8.164748332624754 -8.281239203002729 -8.394817806832465 -8.505645593596524 -8.598215114723322 -8.664999151204169 -8.729825850697738 -8.794336014998851 -8.859441950727392 -8.925112515583878 -8.989036267086924
21
 -3.366314724896274 -5.79305047300939 -6.431097494664275 -6.848732537228691 -7.136024469000765 -7.359641386200565 -7.566052293187936 -7.749293310848221 -7.870442344676843 -7.993921465148029 -8.112984294778416 -8.22751263728684 -8.342655558661004 -8.459073233517842 -8.556866594462308 -8.620728913793716 -8.686632956251994 -8.754016911993526 -8.820321356563742 -8.881716794795166 -8.94772304872871
MainSSVRG
6
21
 -3.366314724896274 -3.7481474455829797 -4.054095766744265 -4.486863089348169 -4.64401248561561 -4.9237897363435525 -5.328631897199713 -5.404485541433746 -5.404485541433746 -5.404485541433746 -5.805828234616779 -6.206113650799235 -6.206113650799235 -6.206113650799235 -6.206113650799235 -6.206113650799235 -6.206113650799235 -6.206113650799235 -6.206113650799235 -6.206113650799235 -6.385196728731929
21
 -3.366314724896274 -3.73959495618237 -4.06916850921258 -4.0889041784201545 -4.123596231646078 -4.123596231646078 -4.1489305123756495 -4.588309133209328 -4.983691839255989 -4.983691839255989 -4.983691839255989 -4.983691839255989 -4.983691839255989 -4.983691839255989 -4.983691839255989 -4.983691839255989 -4.983691839255989 -5.191891953274531 -5.613462252577297 -5.7469835477444215 -5.7469835477444215
21
 -3.366314724896274 -3.6205318983197903 -3.6600462045313313 -4.039591988956171 -4.039591988956171 -4.039591988956171 -4.145107149083994 -4.430751404674976 -4.430751404674976 -4.430751404674976 -4.430751404674976 -4.430751404674976 -4.430751404674976 -4.430751404674976 -4.430751404674976 -4.430751404674976 -4.76463705910916 -5.198817151350044 -5.3761263817814875 -5.3761263817814875 -5.3761263817814875
21
 -3.366314724896274 -3.610107990629187 -3.93975747293421 -4.069794643573612 -4.431418508415091 -4.431418508415091 -4.431418508415091 -4.559296995356646 -4.8041407948209915 -4.8041407948209915 -4.8041407948209915 -4.8041407948209915 -4.8041407948209915 -4.8041407948209915 -4.8041407948209915 -4.8041407948209915 -4.8041407948209915 -5.168056949198029 -5.587360787654325 -5.8696006394797955 -5.8696006394797955
21
 -3.366314724896274 -3.8038213119528956 -4.240688947554782 -4.5491840485313455 -4.885354387072593 -5.253720487103926 -5.478952482466481 -5.618472705789242 -5.9882951858089 -6.035836956257017 -6.035836956257017 -6.036707637180405 -6.423034149813644 -6.796214548613116 -6.926913989913273 -6.926913989913273 -6.926913989913273 -6.926913989913273 -6.926913989913273 -6.926913989913273 -6.926913989913273
21
 -3.366314724896274 -3.6358538072022166 -3.9892653422319397 -4.103086901003125 -4.54176077071908 -4.8918618535954925 -4.8918618535954925 -4.8918618535954925 -5.0273617581483245 -5.0888639523656884 -5.0888639523656884 -5.0888639523656884 -5.0888639523656884 -5.0888639523656884 -5.0888639523656884 -5.0888639523656884 -5.0888639523656884 -5.199829627693791 -5.486596827618923 -5.486596827618923 -5.486596827618923
SGD:0.05
6
21
 -3.366314724896274 -6.09015035309936 -7.990730585358346 -8.684962288642387 -8.830330245664157 -8.87301808260339 -8.85738511824116 -8.851365066603343 -8.837124972214825 -8.818288509469435 -8.897257328827344 -8.888708917221177 -8.922744905480354 -8.835630851585622 -8.897125738904267 -8.907730312636415 -8.838319518973272 -8.86827242909861 -8.935113505685822 -8.87857529950871 -8.844046429488865
21
 -3.366314724896274 -6.045460397625617 -7.90136622180436 -8.58608083295306 -8.804586561818065 -8.906302717584051 -8.895988677798005 -8.91028085651799 -8.907442657416762 -8.879198853028855 -8.94334480592345 -8.890065594443215 -8.781557425632414 -8.89363449555076 -8.888036678000105 -8.948018881561547 -8.941219917880645 -8.892554763928256 -8.825649932950673 -8.894513131485972 -8.900060672274446
21
 -3.366314724896274 -6.057293376071005 -7.9573021204818355 -8.737611802994765 -8.877926977571239 -8.904660513915092 -8.8482808688137 -8.81474176160507 -8.856492914526473 -8.846942934108958 -8.907116603286694 -8.83082861517698 -8.841217545163756 -8.827718620001713 -8.91034756338033 -8.909861355842702 -8.838610268389962 -8.918241772812927 -8.866044599529388 -8.869153254586152 -8.890609559646723
21
 -3.366314724896274 -6.082383954918277 -7.925271218645584 -8.647888427527588 -8.818334359640701 -8.922472300453242 -8.909372849132955 -8.944358462667685 -8.977522986592621 -8.970779555072758 -8.872414240224476 -8.889389117094069 -8.868260313914114 -8.89954820051802 -8.863404320125273 -8.903958019569 -8.894380317996953 -8.880124563601006 -8.920568814248092 -8.835989913484022 -8.881963457733628
21
 -3.366314724896274 -6.072397011851471 -7.849739905805426 -8.595356443114337 -8.829499952669664 -8.859434665046907 -8.90035868805163 -8.817473024918595 -8.897999006970073 -8.896976901237723 -8.854673344138922 -8.880039465846869 -8.860408291840933 -8.910582057414722 -8.927099489433186 -8.868939590655971 -8.881869695319413 -8.953069678144638 -8.914262643893096 -8.840486832224306 -8.858914885338631
21
 -3.366314724896274 -6.119221443645023 -7.974879136972137 -8.718660025480851 -8.860945098533875 -8.85380175945322 -8.966124827529566 -8.88133848425078 -8.906790376857165 -8.879446051820546 -8.899947048276218 -8.932860342454642 -8.938819962306797 -8.940506777365538 -8.915871952617339 -8.862147466149587 -8.94599112151112 -8.937283055357751 -8.892149240015812 -8.874646013724686 -8.896177989823032
SGD:0.005
6
21
 -3.366314724896274 -3.667858670380676 -3.970055845269956 -4.264541331605849 -4.551817837804008 -4.838088192702466 -5.122232930384799 -5.41722915451003 -5.712190811453691 -6.004939925757085 -6.271427345115452 -6.5495070818075085 -6.825389018922086 -7.094635067911067 -7.367980472641656 -7.637382364861843 -7.898978185282909 -8.153709097034683 -8.402348340725933 -8.65875291230931 -8.884744672267683
21
 -3.366314724896274 -3.6696511412845765 -3.9760656250703743 -4.269350789196218 -4.567908564654303 -4.8550318147999265 -5.140610300776869 -5.4326973702624075 -5.715395144494376 -6.000191192783876 -6.281758938951438 -6.562952169361545 -6.848090424769015 -7.1118740184494476 -7.397550369291464 -7.665985267653843 -7.920109117402304 -8.156140372065302 -8.393935654017112 -8.636293942718616 -8.896720300363883
21
 -3.366314724896274 -3.6687998692123043 -3.968382736746101 -4.2691562240326695 -4.558771280881092 -4.856431513531768 -5.152446091573166 -5.434918858355378 -5.718506263118596 -5.995287997058109 -6.275887045683694 -6.552779570564844 -6.82091286695537 -7.108007410277729 -7.371806676824468 -7.640711523432691 -7.884971033998157 -8.124995979769162 -8.374463745256556 -8.61919479550626 -8.86483697083808
21
 -3.366314724896274 -3.6686422258597258 -3.9709560659652827 -4.27176872502075 -4.564587777916702 -4.8492766857228125 -5.136655822094315 -5.431399054115653 -5.708249480928221 -5.982263677758659 -6.252237098562712 -6.537739826738752 -6.835155006438768 -7.108147436153357 -7.377033276261456 -7.625534656737984 -7.9001698577714095 -8.155430194042271 -8.405619376914512 -8.661078231692384 -8.892625692112322
21
 -3.366314724896274 -3.680267137326985 -3.9779914639099982 -4.27492152101168 -4.573841076418771 -4.866245358781548 -5.145039418742059 -5.435231001049421 -5.728489121373132 -6.016318209346968 -6.302062270324553 -6.5706544293179325 -6.836569543995927 -7.113539312680243 -7.372995616116597 -7.647946984945811 -7.906861113737147 -8.153719496934714 -8.414153110938678 -8.682111840357408 -8.94312724464417
21
 -3.366314724896274 -3.673995457961323 -3.972165085528162 -4.268040151058944 -4.579237272435569 -4.86792030087297 -5.160104022024602 -5.4475819828578445 -5.731597608509007 -6.007261065366381 -6.303366693202861 -6.5746055272594806 -6.849065962108871 -7.113716257428697 -7.396221761150749 -7.668566155384998 -7.929761468384632 -8.20018589370473 -8.449897311896345 -8.710053538113431 -8.957977942091357
StreamingSVRG
6
21
 -3.366314724896274 -3.7731892758455987 -4.213962893291466 -4.6453625904551545 -5.067758761951771 -5.372487781187267 -5.79762702328595 -6.190321586038363 -6.58154959198957 -6.971246760621573 -7.381835380573501 -7.770179876328468 -8.127185440484542 -8.496570996748275 -8.699190595557052 -8.864052982858437 -9.201936947058774 -9.536884651086197 -9.879915350491514 -10.175159783389343 -10.37811920220618
21
 -3.366314724896274 -3.7695708050618313 -4.214112715396457 -4.652814997930491 -5.089094732493355 -5.532217736470449 -5.958619728763946 -6.387345854614846 -6.651013414941456 -7.0383656968523844 -7.447951082652753 -7.82982989202019 -8.171522371207182 -8.563530467349716 -8.90139764095061 -9.221462029297317 -9.520547718515376 -9.700857992607414 -9.803349235069144 -10.04534243499365 -10.26867210814398
21
 -3.366314724896274 -3.624409950892002 -4.076760573190527 -4.512168186408103 -4.95155947395424 -5.376738348738413 -5.80349362173605 -6.218478806964931 -6.60669298891918 -7.005221979258568 -7.374246881417219 -7.3897741295376385 -7.7790481713140585 -8.17671039159426 -8.511311162477234 -8.866968133868953 -9.224941106993262 -9.531696730851808 -9.833989118627816 -10.108847522598888 -10.387566693662706
21
 -3.366314724896274 -3.7745857801850677 -4.2216414819984 -4.6671151238784345 -5.096920129443599 -5.515508645262035 -5.928018888647587 -6.329868578217415 -6.759514110353627 -7.154460994275626 -7.544947981982185 -7.888713823927579 -8.261089660626649 -8.62853596803572 -8.854380024585314 -9.178155579978426 -9.193530898927753 -9.47867345537406 -9.777319004582914 -10.065202087467716 -10.31557982066642
21
 -3.366314724896274 -3.771420164900407 -4.223867862606743 -4.655470539880376 -5.077880218158955 -5.509952823009724 -5.9246196092178165 -6.2213188334196 -6.635166966786671 -7.037107824741689 -7.44498151644323 -7.82418871216306 -8.194636414349128 -8.563569696469722 -8.902731576321562 -9.227734468646775 -9.524715826396177 -9.833763373178286 -10.06091182098646 -10.245120780342654 -10.293805349247673
21
 -3.366314724896274 -3.7678197627283745 -4.213893197209671 -4.637733086614863 -5.060351770812821 -5.473455508547201 -5.897188873906033 -6.300755061809766 -6.6974554590298006 -7.098169193808163 -7.4892905545555335 -7.900568089405061 -8.152973606240957 -8.502822376502108 -8.834756752711627 -9.140334664188456 -9.452530239217214 -9.75872834349177 -9.997021547362428 -10.236306316647696 -10.444482149472337
ADAPTIID
6
21
 -3.366314724896274 -5.799703027386908 -6.509524302643209 -6.9478445896539345 -7.26538791990068 -7.519769806687948 -7.728315058906539 -7.913071427134319 -8.084556123881406 -8.225991618906255 -8.358540300171578 -8.483067724108142 -8.600369423509957 -8.707028443311634 -8.806243344498029 -8.898911266383731 -8.987859723242112 -9.073281337112306 -9.156653927014634 -9.234364479192525 -9.307831345509374
21
 -3.366314724896274 -5.792933017166508 -6.493344926633963 -6.9445609969363105 -7.273740410862275 -7.533239517744995 -7.752994760261257 -7.938206693437197 -8.10238830527503 -8.25103184724083 -8.385196117655978 -8.509573084810594 -8.620478407611278 -8.727610972881681 -8.830827295171169 -8.922693628090261 -9.011692270451986 -9.098354929694938 -9.178543523434213 -9.253582143511949 -9.32753452303971
21
 -3.366314724896274 -5.761305807518385 -6.4921982720923594 -6.946320753816175 -7.24803035083573 -7.5047661474060785 -7.7228420082973175 -7.907109275269047 -8.075206551723442 -8.227379811013634 -8.369560511050203 -8.490609584947023 -8.601786759322174 -8.705536134265769 -8.80637256217641 -8.901516440232085 -8.995890975411735 -9.0818828932002 -9.16142744139535 -9.239100304505131 -9.31505842463934
21
 -3.366314724896274 -5.780335428034782 -6.5050415098962775 -6.958124644399582 -7.279216930366546 -7.537634517734847 -7.747716399011954 -7.939647913045882 -8.103153782512598 -8.247643484525703 -8.376937957466462 -8.500318130402396 -8.608563654139349 -8.71158146628755 -8.810027264983082 -8.900810428786167 -8.99207296353887 -9.077970686808191 -9.159367766186936 -9.234772422039152 -9.307281547982413
21
 -3.366314724896274 -5.75077360078549 -6.488856204794463 -6.9353013251129525 -7.257468943199476 -7.516405919932591 -7.730175601452003 -7.91485002910809 -8.078056848372388 -8.227292099952077 -8.363595411678215 -8.48763594957235 -8.601145849434678 -8.707005277197002 -8.803427381448982 -8.894764390751824 -8.982872792260183 -9.066242542483762 -9.145903251723004 -9.221829660322866 -9.297953596017232
21
 -3.366314724896274 -5.742317164999538 -6.475651397567694 -6.918898803277221 -7.248625888240003 -7.505482040876276 -7.73220787814319 -7.9204802695692225 -8.083776781528751 -8.230008109666041 -8.369193948431407 -8.494418471137491 -8.603423479300115 -8.704362337309831 -8.798349920612177 -8.8931596810178 -8.979227474935183 -9.062021498584045 -9.14530871787374 -9.22137184061898 -9.292473999087376
steps
6
21
 0 3600 7200 10800 14400 18000 21600 25200 28800 32400 36000 39600 43200 46800 50400 54000 57600 61200 64800 68400 72000
21
 0 3600 7200 10800 14400 18000 21600 25200 28800 32400 36000 39600 43200 46800 50400 54000 57600 61200 64800 68400 72000
21
 0 3600 7200 10800 14400 18000 21600 25200 28800 32400 36000 39600 43200 46800 50400 54000 57600 61200 64800 68400 72000
21
 0 3600 7200 10800 14400 18000 21600 25200 28800 32400 36000 39600 43200 46800 50400 54000 57600 61200 64800 68400 72000
21
 0 3600 7200 10800 14400 18000 21600 25200 28800 32400 36000 39600 43200 46800 50400 54000 57600 61200 64800 68400 72000
21
 0 3600 7200 10800 14400 18000 21600 25200 28800 32400 36000 39600 43200 46800 50400 54000 57600 61200 64800 68400 72000
