10
SGD
5
51
 -2.1780558737755946 -10.107993893154406 -12.437426061768106 -12.230263264056537 -12.795131912159576 -12.989529480808358 -10.99418354976456 -12.910496174188815 -12.155190787814167 -13.955798792214193 -14.475297969158865 -14.168012617110566 -13.69082300037283 -14.65412787214813 -13.72140899803223 -14.208406619043735 -14.14126837943073 -14.97593032090462 -15.638367297679926 -15.892588373480057 -14.745644627718717 -15.911006151660777 -13.450394918838949 -14.312548884438542 -14.477822757548166 -14.362203835938697 -15.35430373361181 -15.375481615032518 -14.790260011571796 -14.954502528064245 -15.499249098606581 -15.3096310974138 -12.960198454647678 -14.063824492762791 -15.143599331911597 -15.362424978200256 -15.381943214050615 -15.898055219877483 -15.847879528461874 -14.434585981208931 -14.98243975946835 -13.860569365048443 -15.253324797070658 -15.805033531435615 -15.7377523529462 -15.761714985953187 -16.543488558313044 -14.114248530789153 -15.786058816279482 -13.7354933242577 -13.985447329470471
51
 -2.1780558737755946 -11.021428619282185 -12.442902451052053 -12.318894056860328 -10.422228107852694 -12.88598787112437 -12.920044523315875 -13.19189572691904 -13.104042467364472 -11.894052112394073 -13.341316260666163 -13.439195264340025 -13.12183051974766 -13.426227328105519 -13.849964976532057 -13.285035831279291 -14.084723988968443 -12.76359787808374 -14.49359703031329 -14.240613408110587 -14.60218656531557 -12.704952046064 -14.27028144309666 -14.818422832595775 -14.908989348029916 -14.69655664442334 -14.865956752853322 -14.631320199949613 -14.815528183082996 -14.574856594812625 -14.753288581113663 -14.68526795602295 -13.987899768590651 -13.932676604225511 -13.247106976035425 -14.557355479148498 -15.101182584366398 -15.069244310691111 -15.358777976763356 -14.974284730373087 -14.576200130108166 -15.359164366271314 -15.030124976335772 -15.247002683601071 -15.338512733142844 -15.0227554415166 -15.194012874594824 -15.528357034868998 -15.328493264240548 -15.0717446400392 -14.013068976187114
51
 -2.1780558737755946 -8.432617910751084 -11.732134322080048 -9.741557534036396 -12.775614831279828 -12.060300598976049 -13.448806374779764 -13.694208044195305 -14.021120444735603 -12.456400643620295 -12.265168050117385 -14.11371724400465 -13.856826262222121 -14.197608143766576 -12.505993186770054 -14.201829623416955 -12.955395441408925 -13.9401766037069 -12.513196747442038 -14.40715852766032 -14.037305697667799 -14.550547194057811 -13.510629947552186 -14.010277857230015 -14.067488044767266 -14.44802480486931 -13.053543456946166 -12.8157418673879 -14.692282394733462 -13.781290855063927 -14.107898947058773 -15.167552645150268 -14.700918550189018 -14.347778938238791 -14.982224166396673 -13.937675582067568 -13.120163690472173 -15.005339027468105 -15.049298764307464 -14.410856839331492 -15.051817976645964 -15.113561776827488 -15.11865392646679 -15.087364208345422 -15.52831931501825 -15.439741215078046 -14.96072633023223 -15.234863548629548 -15.478619456282507 -15.02576702232496 -15.171223446081989
51
 -2.1780558737755946 -10.830408583066639 -11.001888098419574 -12.269817445616189 -12.151220566167789 -12.754763458612908 -13.063427794884486 -12.931696160462291 -12.675304146744354 -13.926079734302734 -14.10662967952331 -14.182107799673053 -12.34420907809934 -14.244319670696463 -14.295252899016358 -14.483958722236379 -13.83842526093752 -14.412983405039178 -14.152311267574012 -14.364314626673025 -13.065245129868165 -13.783487572296023 -14.489683516804284 -14.604120398469474 -14.925104186011517 -13.904025175215736 -14.354912276394801 -14.671360391069868 -13.372830014245555 -15.325018885788753 -14.575755784938641 -14.970636789926884 -14.566563577343125 -15.172398637451657 -14.966084738214965 -15.039947315463888 -14.125294871826364 -15.117041009014097 -14.538758715405868 -15.346121846363188 -15.252711424675333 -15.39346012444575 -15.359023011577484 -15.11382368472511 -15.296208128455913 -15.366542847365698 -14.751277575370713 -15.55393782501123 -14.984887652896884 -15.096950149396205 -15.196356747704842
51
 -2.1780558737755946 -11.086246953439224 -10.311158730369321 -13.333768481911077 -13.506408812337112 -13.75744449228985 -10.320203021456642 -14.486431034737556 -13.096119791686178 -13.880415985870375 -13.425628773228876 -12.573769223814358 -14.351087566670609 -14.12529214959705 -12.468198191505103 -14.846496931752522 -13.381772056214638 -14.152878588117387 -13.884367779045611 -15.539252366323494 -13.325875159828046 -14.28769670099555 -13.775635857456077 -13.472908054110174 -15.597781551203354 -15.399574369271615 -14.827719905861677 -14.917011082624603 -16.220909580232554 -15.245181953611521 -15.54694334453231 -15.157396964236476 -14.11492186236426 -13.366167672592363 -15.697813165969325 -15.52704516914111 -13.231937931750208 -13.739746015612347 -14.02498861796362 -14.695270559228314 -14.695320399715925 -14.664368759173957 -15.581341451623345 -15.507682262735266 -15.719683446062993 -15.964163253196851 -15.76263831230179 -14.781616954861764 -16.38265540820016 -14.864654140842507 -14.797556830417328
SAGA
5
51
 -2.1780558737755946 -4.390200300704208 -5.345514544817489 -5.985283699283499 -6.480985779125009 -6.907370726434993 -7.277393722850438 -7.599416163324364 -7.897345252429912 -8.125747351673965 -8.382202220814015 -8.54891783342863 -8.762917840751367 -8.955170765130704 -9.112260865166753 -9.223838295373785 -9.351098342687123 -9.525061062104504 -9.652832941722814 -9.732309592535577 -9.90242389494999 -9.968124883701092 -10.118149304513803 -10.244584995591907 -10.33237394447865 -10.478250762899718 -10.590746085428703 -10.668048711205557 -10.807803038905426 -10.896484203432035 -10.964022788396218 -11.078257822062511 -11.241788980154091 -11.352413022813295 -11.412017299087614 -11.503849546129183 -11.527117545346323 -11.761810848625254 -11.87307332831187 -11.958119151572745 -12.09127969829164 -11.970792634623592 -12.212739756326672 -12.42115892417863 -12.482924004646037 -12.620770636412658 -12.663329677608678 -12.737367363745994 -12.706582578028147 -12.970488366226743 -12.98490852350972
51
 -2.1780558737755946 -4.413254842595775 -5.3372256304150065 -5.966796221197683 -6.473239709353934 -6.897316771222746 -7.250177250284559 -7.58595207230306 -7.853071810780228 -8.105119530307913 -8.345606978199628 -8.565547195053927 -8.678635723274702 -8.898725959111982 -9.093550884681168 -9.239608860615297 -9.385498742552421 -9.375616925655974 -9.648186640535373 -9.757804214281089 -9.897145534266453 -10.000002279011879 -9.924458876704122 -10.238169195272256 -10.34860857278176 -10.481506392735541 -10.2859443209596 -10.598030666034408 -10.806695175023934 -10.88571160844006 -11.025482092893764 -11.100345373142758 -11.208531300216844 -11.350923707091495 -11.399760418262238 -11.526457319821935 -11.63876168317478 -11.737335677389545 -11.8740152496722 -11.910382786001689 -11.989891165469691 -12.102700666135352 -12.260366709356129 -12.338285308446405 -12.289364213594808 -12.4713314827356 -12.571087441030759 -12.650894472059182 -12.8386186337537 -13.001241873067436 -12.84456479083294
51
 -2.1780558737755946 -4.404235710985327 -5.357021032982638 -6.0026063728352055 -6.494257456963661 -6.904950145959275 -7.256524401737568 -7.5812774994529235 -7.885681907915018 -8.133796937168157 -8.373904580284583 -8.578641101838441 -8.698541650318095 -8.935173027859946 -9.09222428072962 -9.227512745760059 -9.368568071327012 -9.514667500698213 -9.650196546103203 -9.800874042196243 -9.905681381264735 -9.990325308137322 -10.130912529767633 -10.286297606887407 -10.393698320182224 -10.494559764280037 -10.614879561460581 -10.696647842405689 -10.831834715147718 -10.909421534415305 -10.924646800259094 -11.145342293151188 -11.271306469417123 -11.396467745887405 -11.493867084845135 -11.5219021910068 -11.586539980092747 -11.771137132846928 -11.610843820054983 -11.913416514027425 -12.077355318038832 -12.219104602506567 -12.285498086271282 -12.413974832581738 -12.373341175131328 -12.51286378279685 -12.69750652229262 -12.84659591759608 -12.897936847144667 -13.009006157297637 -12.887259581740684
51
 -2.1780558737755946 -4.40420769301805 -5.345917950308652 -5.970948013777201 -6.4893568149308605 -6.913103205002354 -7.275982130283898 -7.583609817010311 -7.866936487820086 -8.112671399529054 -8.351583035238153 -8.535267414122561 -8.740659849688523 -8.886001436262106 -8.944549841372835 -9.219856937316399 -9.354457645259389 -9.508938219767908 -9.628671387055686 -9.757165824109318 -9.761851548295095 -9.983396935570347 -10.107365562473937 -10.22385566789025 -10.34916498782133 -10.43600042831848 -10.511429314241182 -10.668564704033548 -10.689732101245479 -10.767700771647702 -10.970278258629227 -11.073149758550791 -10.729551206240382 -11.201801292865651 -11.397084001000085 -11.477463243026572 -11.556729575441441 -11.742095709393428 -11.843997011353416 -11.944055821895486 -12.033276731607662 -12.118556622373747 -11.901330267923484 -12.350068274337278 -12.446801977608256 -12.46148253113179 -12.596329826961083 -12.36216574500357 -12.894354563403258 -12.97394277891583 -13.026672653966738
51
 -2.1780558737755946 -4.404553145762664 -5.330100974276222 -5.977534359618465 -6.450072269783441 -6.8903592905196405 -7.253208828645058 -7.557122943867033 -7.851816477805166 -8.100222985257716 -8.359548789462092 -8.530466784121638 -8.726791465425247 -8.895460336569734 -9.090454795993157 -9.226909455751438 -9.374135582594116 -9.383115519904702 -9.629455632755096 -9.72731771596415 -9.881717947408118 -10.016990502442393 -10.133896631484244 -10.231967399466273 -10.327385132049775 -10.271371645125475 -10.528986599057927 -10.685776680937154 -10.763099646346696 -10.898158011742387 -11.022146229150968 -11.041673473307974 -11.117465044414526 -11.253993138574367 -11.449236926476155 -11.526714272087954 -11.455732815818092 -11.763046328094989 -11.868148097775908 -11.861808136557615 -12.082791728896296 -12.104689919550566 -12.229786818800658 -12.31134614607279 -12.228464415323149 -12.300642434817819 -12.667894481743762 -12.780384234767283 -12.882204974525257 -12.886810094501373 -13.04566477054524
ADAPTSAGA
5
51
 -2.1780558737755946 -8.505216924794377 -10.286255819781786 -10.77691997293722 -9.380295754885422 -12.556619041014205 -13.36726045417964 -13.234460597871623 -11.954400209326373 -11.953424467106004 -11.989041007593332 -11.598061469299829 -12.119821775493403 -12.110498742537446 -14.311852557836339 -13.08160063767107 -12.241284723922758 -14.420774370796718 -13.982141822644916 -13.20904532241833 -14.859206651671101 -14.92172433779873 -14.298032198446863 -14.057312504365763 -12.586095306171188 -14.005705160195504 -14.047199129413057 -13.92287276183812 -15.512845423114166 -13.999092406212974 -14.720959080925104 -13.444203757091385 -13.950104936170321 -14.762111377457087 -14.249649995506822 -14.632487869963803 -15.31286334802685 -13.48138896751132 -14.234228964635403 -14.199371220247231 -12.763319059324266 -14.87843641910275 -14.382408156560707 -16.080527255460666 -15.59465174401777 -16.155414840967175 -21.809793074529715 -22.283686001956312 -23.257237311745865 -23.099477629470226 -23.603519539562697
51
 -2.1780558737755946 -8.313918964969622 -10.362702544184224 -10.8194790951136 -9.214638864670953 -12.478139831378394 -13.463909265444732 -13.276305238986254 -11.704410429918726 -12.011388261723129 -11.888931693565853 -11.727439172440187 -12.030811893510656 -12.154733962322606 -14.365442369794465 -13.035293958732892 -12.262059752800619 -14.359746929641148 -13.934787691145244 -13.316905855351118 -14.817893489532684 -14.849629662884643 -14.300541892782896 -14.114598503694102 -12.623122856905145 -13.884335769172218 -13.99674169065589 -13.96923303340933 -15.555380582182726 -13.968946416764632 -14.724506271374656 -13.353495529826512 -13.962873132063205 -14.726929496117348 -14.262209294495383 -14.516901092668231 -15.339751396073805 -13.48288127496642 -14.151173610864113 -14.166939959343983 -12.791931572553702 -14.915428896529878 -14.38147557372775 -16.072016921848164 -15.58971038954624 -16.156600366452242 -21.874885516228762 -22.07287590625248 -23.4403458655288 -23.568676512966082 -23.95738191903979
51
 -2.1780558737755946 -8.741617376557915 -10.24373537101801 -10.511385214565578 -9.346085225329379 -12.557322551915352 -13.450924557306486 -13.06097110897753 -11.775100264124134 -11.758573963873198 -12.101615675757573 -11.697630295256603 -12.157530055553316 -12.143605527644842 -14.401032672718095 -13.074791081891409 -12.344540601048202 -14.376688823368285 -14.018930872673382 -13.227126634196742 -14.835246943144712 -14.899985463187521 -14.344181262342124 -13.98246607006252 -12.583822797951282 -13.873136002646971 -14.08327476253179 -13.971634920566958 -15.45299935215928 -14.031443505919736 -14.656624627660234 -13.355566569978341 -13.941927121761573 -14.777547320004148 -14.295770811438 -14.63754509810293 -15.33693028005009 -13.479527239026051 -14.282143687149178 -14.211936022037484 -12.738420921213885 -14.93972022366993 -14.403555251797188 -16.09765751670441 -15.568437632569657 -16.154009588571448 -22.042076898142074 -22.86209473576822 -23.625493922231225 -23.703088265223407 -22.41504086638061
51
 -2.1780558737755946 -8.27586744428704 -10.376801561918036 -10.807800748106425 -9.158895127213501 -12.419150829291269 -13.484723881037546 -13.555301581831198 -11.838503311528111 -11.912189183983449 -11.946290264283355 -11.711484031980675 -12.05321888181617 -12.033619599644124 -14.37098095236393 -13.089314278683533 -12.186394747018227 -14.379573775226126 -13.935606019313466 -13.259469693757246 -14.867260576855612 -14.888207428579332 -14.331854574869409 -14.095318925962655 -12.57761259452389 -13.96145122056547 -14.016302504853316 -13.934490878175392 -15.349989142220652 -14.11790892921109 -14.851110887793034 -13.390731560473267 -13.951559713750513 -14.706120671137517 -14.295450705684061 -14.592694303520478 -15.3477978015615 -13.51754759357674 -14.263166904153254 -14.206634217752061 -12.722940979363965 -14.892934140248704 -14.40475210458845 -15.99552992789517 -15.592192798646387 -16.12206049009054 -21.359746454541497 -23.04773075874219 -23.681281279335767 -24.082306066086076 -23.734699113262003
51
 -2.1780558737755946 -8.255942065904163 -10.466408031854922 -10.753057060679158 -9.191409723094981 -12.34483287673191 -13.391766125746773 -13.338736071312802 -11.91929471862911 -11.891096234719159 -12.059466646703948 -11.721547791547493 -12.077925530984556 -12.137723127117706 -14.318771262458764 -13.1641952980782 -12.27057923848087 -14.300886717189949 -13.9026256797318 -13.2959218187628 -14.828984669000125 -14.911322394552037 -14.356130152546351 -14.041144980197544 -12.595883332048365 -13.895651760966711 -14.004251560275062 -13.955612049491544 -15.657168264372896 -14.176417829352003 -14.773325311197961 -13.303320131450116 -13.955379923414817 -14.653978284647383 -14.257039896659986 -14.559399249660343 -15.255347220181411 -13.36000403428328 -14.200625623802097 -14.128261340870042 -12.71675669492149 -14.950883534606465 -14.3948878288927 -15.937081720843995 -15.625469920607486 -16.128872431283384 -21.726335537265395 -22.62110069137069 -23.434154967199262 -23.59096378324086 -23.00082133132522
ADAPTDoubling
5
51
 -2.1780558737755946 -11.20449659396359 -11.128590654177891 -9.939801539074274 -12.167929952283787 -12.839765138186454 -10.469088618943802 -12.832275933981132 -14.018279041745101 -12.8865194566319 -13.705658217641894 -14.977143951559563 -13.751437929476436 -13.230736333502993 -13.29832099689035 -15.54728032775193 -14.717954957749843 -14.783346139581127 -15.09314345097312 -14.427716022146546 -13.035937729828898 -12.743156844534212 -14.05902036592916 -13.986976701090091 -12.41274660023252 -14.312550433119725 -15.453825840250662 -13.03816309731477 -14.136811585594662 -14.022191454925178 -15.405892861481414 -12.051171149179225 -16.283207821879454 -13.995967133834215 -16.272138010309703 -14.897858286928715 -16.632656596099356 -14.974786255058776 -16.364743319644287 -14.160650332794802 -13.698849404422534 -16.918898690331105 -13.443958484874345 -13.828467657928298 -14.855542861813031 -14.230707082302914 -14.996402598302657 -14.449872804467919 -16.299263217744993 -17.031746854874314 -14.159671515385272
51
 -2.1780558737755946 -9.461240866102713 -10.70132869534101 -12.112274387996296 -12.70956297973949 -13.08209914560944 -13.759475860479373 -13.711041851491018 -11.709824335004207 -12.56505615449826 -13.723935352162142 -14.759166006821976 -10.037992812970245 -13.06479842833028 -14.236790919888323 -14.433343575890888 -14.329843531060794 -11.780582632878367 -13.994033824235729 -13.444565527202293 -14.930526621059022 -12.872698933218182 -15.669890576006578 -14.554516270253087 -14.452582691320991 -12.849473951438036 -15.91934870147295 -13.332299759154326 -14.462858264636651 -13.484627534813857 -14.447405385679346 -15.536994154122826 -15.71412765798646 -15.879550413173982 -15.579716486192135 -15.326179248127561 -17.38827106785363 -14.494850497950912 -14.592827078227796 -15.780562251171482 -14.49094697126413 -17.24119230848827 -14.536127977057761 -15.11717027133594 -14.484028158624849 -15.808912615083552 -17.4740215041507 -16.09786546142406 -15.221798314869426 -15.078784149301484 -17.36269119661786
51
 -2.1780558737755946 -9.387549584725758 -10.177632225057481 -10.236074447489282 -11.52698040342081 -11.146863277118124 -10.646298185857637 -14.318215846578275 -13.549367048353165 -13.41585988314252 -13.995092675973874 -13.83186144357252 -14.603116059532772 -13.486670565996853 -13.524136809058392 -14.082844844872056 -12.501039016027551 -12.666353898587285 -13.350857159544942 -13.689601010601397 -14.710360468495248 -15.250333823253895 -14.665422706162797 -16.1019295070765 -14.488661250910276 -15.157621876187417 -15.303494275973051 -14.546554480212242 -14.549610639744095 -15.413962091722006 -15.796979377410274 -14.552466929860135 -13.705398803891837 -13.596155944289178 -14.234819097372284 -13.962069643291803 -14.394249521875732 -17.297600304208835 -12.72669212676223 -14.47657661562917 -15.517925602304441 -15.636786520751523 -15.49916267887699 -16.13039807942268 -13.83197130289069 -15.450132520336672 -15.192025185669745 -16.417647131559484 -15.53825110503507 -17.08982054047803 -15.612133796906805
51
 -2.1780558737755946 -10.576646334776349 -11.716123424797576 -11.943030819303267 -12.144837829688289 -12.832362378108707 -11.895863342375735 -13.211676658586901 -14.019502330690772 -13.25806110417776 -13.673787942671074 -12.629246631905874 -14.74225163164381 -13.484230307017299 -14.149117407896615 -12.90420129359878 -14.25601388134456 -11.788859828265673 -15.893928963274622 -12.431201224398782 -12.195235365957389 -12.983636992446359 -14.801336781564578 -16.47134548305072 -12.150489608381905 -13.106791778763688 -13.30498977710531 -12.820093095008462 -13.837212143817252 -14.680362070217667 -14.07758684243985 -17.645832699618953 -15.593374661271932 -14.904741032424118 -13.705616375271697 -14.107478612934246 -14.987921969133847 -15.804429598246296 -13.676284318257832 -16.464124643717863 -13.58033156324397 -14.265130454293631 -15.370383044325338 -14.594140028159009 -16.34860505785476 -15.395176874658363 -15.422287086876075 -15.59617804421657 -18.66572262974429 -17.544978664094526 -16.18822609167741
51
 -2.1780558737755946 -10.650892786992168 -10.990509259790628 -12.433685024974611 -10.606681817110932 -12.480085364912556 -12.568169074261013 -12.733031115152727 -12.727090718738772 -12.486063357489634 -13.448459580453976 -11.054509543747788 -13.577393529319517 -13.013421613594716 -12.730096729108269 -14.892497430344303 -15.3335250834511 -12.169973897019295 -13.020085708994035 -14.294096499356739 -15.139266632522805 -15.775419477954518 -13.142634726552627 -14.52971635705721 -13.083940859152062 -15.122186087838422 -14.752197411339328 -14.063139230026778 -13.53878786909637 -15.706614479903546 -15.325066233874436 -13.397342943357103 -14.723032978113574 -15.03596392074061 -15.295290596873992 -12.823395388887725 -14.94006459368057 -16.90652087619797 -14.43981749082129 -16.005287449077677 -15.214483421778578 -17.32048977098243 -17.69357809992935 -15.572877838270518 -15.152108514377733 -16.163591153105898 -17.29583682208674 -14.934847858806307 -15.161166572455448 -16.075994701678432 -16.157447098785
MainSSVRG
5
51
 -2.1780558737755946 -8.451588194898145 -10.368045120986393 -13.093177494926273 -13.093177494926273 -14.042899587089952 -14.042899587089952 -14.042899587089952 -14.042899587089952 -15.41577709304682 -15.41577709304682 -15.41577709304682 -15.41577709304682 -15.41577709304682 -15.41577709304682 -15.41577709304682 -15.41577709304682 -15.41577709304682 -15.41577709304682 -15.41577709304682 -15.41577709304682 -17.159411386220725 -17.27902549513647 -17.27902549513647 -17.27902549513647 -17.27902549513647 -17.27902549513647 -17.27902549513647 -17.27902549513647 -17.27902549513647 -17.27902549513647 -17.27902549513647 -17.27902549513647 -17.27902549513647 -17.27902549513647 -17.27902549513647 -17.27902549513647 -17.27902549513647 -17.27902549513647 -17.27902549513647 -17.27902549513647 -17.27902549513647 -17.27902549513647 -17.27902549513647 -17.766223071174775 -18.025320312055406 -18.025320312055406 -18.025320312055406 -18.025320312055406 -18.025320312055406 -18.025320312055406
51
 -2.1780558737755946 -9.478646899492887 -10.931043792297423 -12.246991366733115 -12.246991366733115 -13.58960934213701 -13.58960934213701 -13.58960934213701 -13.58960934213701 -14.40291690462215 -14.40291690462215 -14.40291690462215 -14.40291690462215 -14.40291690462215 -14.40291690462215 -14.40291690462215 -14.40291690462215 -14.40291690462215 -14.40291690462215 -14.40291690462215 -14.658007000611187 -16.20788602879576 -16.20788602879576 -16.20788602879576 -16.20788602879576 -16.20788602879576 -16.20788602879576 -16.20788602879576 -16.20788602879576 -16.20788602879576 -16.20788602879576 -16.20788602879576 -16.20788602879576 -16.20788602879576 -16.20788602879576 -16.20788602879576 -16.20788602879576 -16.20788602879576 -16.20788602879576 -16.20788602879576 -16.20788602879576 -16.20788602879576 -16.20788602879576 -16.20788602879576 -17.59978633873491 -17.71750994222245 -17.71750994222245 -17.71750994222245 -17.71750994222245 -17.71750994222245 -17.71750994222245
51
 -2.1780558737755946 -9.526737367155123 -11.518936181679907 -11.934860752051964 -13.41908693253175 -13.402963777782396 -13.402963777782396 -13.402963777782396 -13.84491056389663 -14.49881786757683 -14.49881786757683 -14.49881786757683 -14.49881786757683 -14.49881786757683 -14.49881786757683 -14.49881786757683 -14.49881786757683 -14.49881786757683 -14.49881786757683 -14.49881786757683 -14.49881786757683 -15.89802284353965 -15.89802284353965 -15.89802284353965 -15.89802284353965 -15.89802284353965 -15.89802284353965 -15.89802284353965 -15.89802284353965 -15.89802284353965 -15.89802284353965 -15.89802284353965 -15.89802284353965 -15.89802284353965 -15.89802284353965 -15.89802284353965 -15.89802284353965 -15.89802284353965 -15.89802284353965 -15.89802284353965 -15.89802284353965 -15.89802284353965 -15.89802284353965 -16.470268588247734 -17.554008650647397 -17.554008650647397 -17.554008650647397 -17.554008650647397 -17.554008650647397 -17.554008650647397 -17.554008650647397
51
 -2.1780558737755946 -7.772734198492546 -10.147169927615534 -11.239989655357661 -11.878201055409452 -12.678302890696523 -12.678302890696523 -12.678302890696523 -12.678302890696523 -13.983707337898617 -13.983707337898617 -13.983707337898617 -13.983707337898617 -13.983707337898617 -13.983707337898617 -13.983707337898617 -13.983707337898617 -13.983707337898617 -13.983707337898617 -13.983707337898617 -13.983707337898617 -14.51388290493854 -14.51388290493854 -14.51388290493854 -14.51388290493854 -14.51388290493854 -14.51388290493854 -14.51388290493854 -14.51388290493854 -14.51388290493854 -14.51388290493854 -14.51388290493854 -14.51388290493854 -14.51388290493854 -14.51388290493854 -14.51388290493854 -14.51388290493854 -14.51388290493854 -14.51388290493854 -14.51388290493854 -14.51388290493854 -14.51388290493854 -14.51388290493854 -14.676912158206424 -16.327308735790446 -16.327308735790446 -16.327308735790446 -16.327308735790446 -16.327308735790446 -16.327308735790446 -16.327308735790446
51
 -2.1780558737755946 -9.569883438792568 -11.214226480197727 -11.558837819566985 -13.096182154007812 -13.160422590271976 -13.160422590271976 -13.160422590271976 -13.453605334609751 -13.453605334609751 -13.453605334609751 -13.453605334609751 -13.453605334609751 -13.453605334609751 -13.453605334609751 -13.453605334609751 -13.453605334609751 -13.453605334609751 -13.453605334609751 -13.453605334609751 -14.789887592964341 -14.892145260847075 -14.892145260847075 -14.892145260847075 -14.892145260847075 -14.892145260847075 -14.892145260847075 -14.892145260847075 -14.892145260847075 -14.892145260847075 -14.892145260847075 -14.892145260847075 -14.892145260847075 -14.892145260847075 -14.892145260847075 -14.892145260847075 -14.892145260847075 -14.892145260847075 -14.892145260847075 -14.892145260847075 -14.892145260847075 -14.892145260847075 -14.892145260847075 -15.141965510755051 -15.141965510755051 -15.141965510755051 -15.141965510755051 -15.141965510755051 -15.141965510755051 -15.141965510755051 -15.141965510755051
SGD:0.05
5
51
 -2.1780558737755946 -3.990335310809886 -6.392350049996668 -3.9462999580482423 -4.131128529833512 -3.286111844740258 -4.3878673745452295 -6.73177819623615 -5.30726368036565 -4.781539326098789 -5.817954901512633 -4.52252177841477 -6.006655622293374 -5.088343039680199 -5.081817747807965 -4.81500341717424 -6.20200817761025 -2.8748736752962167 -5.573476827991679 -4.945716260027722 -5.011923264423428 -3.9526461206525747 -2.2254197354414376 -6.805897779522939 -4.031805447453018 -6.105545137274259 -5.026321033775712 -5.2214151139821015 -4.9837907137248205 -4.376557009295635 -4.8309741791303615 -4.1904181995138385 -4.461579505140013 -5.972567623335564 -5.019225523513052 -5.411205088848186 -4.443336415118666 -4.513496172899456 -2.5026917014777585 -5.714903336096781 -3.395466134558965 -7.739764195818632 -4.861967195644592 -6.203664272210848 -3.924092757466981 -4.628164848908757 -4.461482558433728 -6.101697358390622 -5.896937112056183 -4.246997338500391 -3.898087304461135
51
 -2.1780558737755946 -6.48817664682157 -4.051355111111348 -4.514998928142989 -4.14095349440435 -6.42819010462219 -5.026870288549106 -3.4785518382592397 -4.677092899889827 -3.1158863241159005 -3.804921192796808 -5.1241272407207665 -6.572167793421622 -4.100271163315101 -4.433472519863059 -4.323030748210457 -5.890701856431088 -5.040457147518405 -5.614780716423466 -3.0569304056380977 -6.105200524078141 -5.013903237278997 -6.080536124044233 -5.371742023445435 -5.123713487828381 -4.616276932714933 -7.364603761511402 -4.416912158006947 -5.244192397226185 -5.5836557977883094 -5.5104796251881405 -5.910783320895809 -3.5855533565181426 -5.516481988221852 -6.451486470988512 -5.597345870165446 -5.857525404293508 -5.310664442242009 -4.4815728122496985 -5.3077099756305035 -5.476134512369674 -3.5296768527566047 -5.69473820646081 -5.3162624640483 -6.4233947476236635 -5.1035259278695095 -5.1907030473045035 -6.351882575267485 -7.30611968762482 -5.92067437334683 -4.983785523741728
51
 -2.1780558737755946 -4.377946878628465 -3.801009861504305 -4.222988923789487 -5.238326506926658 -4.727046412847903 -5.880078919896268 -4.0180503084805945 -5.580439150170215 -4.922196999481769 -4.496901770794612 -4.3786905553321755 -5.868229645332198 -7.00432305073133 -5.634660635942063 -5.920315618535342 -5.594792748767997 -3.744450134418441 -5.893512049154521 -3.5274205544464365 -3.4154744288413714 -4.621729338376902 -6.976526661817441 -5.201371830702721 -6.407539784798549 -6.57754989648563 -5.505384409958189 -5.92853882070268 -3.552339825922294 -5.9057125604450125 -5.753423876490349 -5.202068280449016 -3.508640135746013 -4.00292921243856 -4.281864037047609 -5.0332368307404645 -6.163653013753092 -4.657791455314184 -5.803795970194017 -5.634809549206745 -4.86779623244983 -5.200579369992786 -5.0949232112361384 -4.904509479434466 -4.1131012721204785 -6.209484758219621 -2.125111567922597 -6.4881431360960065 -3.9256742744116435 -4.561683142470684 -3.378356192017492
51
 -2.1780558737755946 -5.162763166780062 -4.614582844066355 -6.510922604699515 -4.738509148405071 -5.748670295007164 -4.005333418948189 -6.764330043761975 -3.6163572101465506 -4.1108228411863434 -6.089647469529508 -5.959906408784692 -5.23021443140824 -5.469057920308906 -5.288745457632737 -4.92721235361578 -5.408889304442815 -6.105939947503226 -2.235257034573661 -5.339336555307094 -4.061681501913096 -5.675369679807799 -6.408448827896199 -6.522463516418556 -6.868429478932211 -4.4506364417569895 -3.580743772641121 -4.943309626048837 -5.6996651159728 -3.362771309189092 -3.667005224144903 -4.501280633621304 -5.87092758058403 -4.369828623445151 -4.039098949667451 -5.559224258477841 -5.865239541678277 -4.712435432475593 -5.4553919326707225 -5.301590514275837 -4.420155165973244 -5.841212773887346 -4.8020469008068645 -6.706663748055196 -6.346543614407923 -6.245236210050531 -6.990744169515305 -4.532659050792813 -5.352861054177703 -6.262704328460048 -6.026357593326324
51
 -2.1780558737755946 -5.44449032774597 -5.791611093158945 -3.6100846890147853 -5.618983095633269 -5.242488503866898 -3.47243492144793 -6.076573588633189 -4.7728348300403045 -5.307722730645607 -4.765625933965978 -5.868603660747705 -4.230078050962937 -5.221537200333109 -5.380825508265644 -5.221421146249074 -3.367509146833333 -5.37246475864446 -4.702343078658299 -5.866422571080623 -2.326037450634408 -4.107464917897829 -8.273644772066497 -4.908403862638463 -2.4743531360232667 -3.804422756050548 -3.691976596457056 -3.474028688516574 -5.593590853114428 -5.099430746984684 -3.805121891472763 -7.064222234524449 -5.860988556520886 -5.3578941609656185 -4.877782015970629 -4.967384958379102 -4.7345916798458205 -7.142247983977535 -5.48185784258974 -4.138173177059027 -5.697917820999797 -6.311682491358243 -4.1540073078773485 -5.434777980856189 -4.774041905496329 -5.048258578616914 -5.253421807908488 -5.464784009223782 -3.98697657602004 -5.460449022394574 -6.27879010490992
SGD:0.005
5
51
 -2.1780558737755946 -7.113041384742629 -8.56768202131382 -8.694447286732549 -8.70791457236625 -8.004258493006445 -7.764577311657205 -8.09304443464045 -9.040510988800083 -8.999360771496253 -8.46889776779517 -9.427568180852841 -8.338019553902843 -8.770702161041516 -8.797429397336002 -9.2174274230187 -7.596896228637466 -8.755996676798821 -10.868344471902967 -7.486981551071424 -7.386894727506265 -7.689857756031893 -7.993626227331704 -8.530315700303467 -8.674284139272977 -8.15131384074833 -7.097547490037383 -8.169276773653708 -6.94253365034764 -8.89457229908539 -6.825897885390614 -8.86830212609733 -8.322886056113195 -7.6614304502242785 -8.962418594466344 -8.283950548683032 -10.301858786301507 -8.933236538657576 -9.340555018226347 -9.654768529423198 -8.794123691005039 -7.075346832098886 -8.113553300936925 -8.855362825005727 -8.756201081193613 -11.158488058788079 -9.382381898121272 -9.14703358157261 -8.457562569886232 -8.878968754472409 -10.455770950420227
51
 -2.1780558737755946 -7.6602483041723435 -6.74758449340754 -7.941868371707768 -6.445142856108018 -7.66259079824691 -8.483577546597667 -9.59878279568294 -8.321488432192742 -6.511591171049302 -8.01932962302817 -9.278798523863292 -9.203800429976676 -7.940776600508919 -9.441840580230982 -7.546765856961619 -9.564168715613238 -10.745447674169009 -8.944199878275354 -9.066710900447148 -9.001895529554 -9.798528524762322 -9.397980085931835 -7.468006213095609 -9.386057850241789 -8.505252585288254 -9.321992637289037 -7.696454300918891 -8.404968186740742 -7.376780924131308 -8.317375507597653 -7.945450519560447 -8.637420846812224 -7.807489099358074 -9.28589227139415 -7.871434434536266 -9.15564394722071 -8.392904231512391 -7.56949816496679 -8.276558095206797 -8.888567079673763 -6.247011869877119 -7.744329929000377 -7.43306276447341 -7.931471581649994 -9.14437968374298 -7.736120954853515 -7.84099181119583 -8.077578663311739 -7.303571982535535 -8.759419032136298
51
 -2.1780558737755946 -8.854070254653962 -5.925990642281331 -8.760196116960216 -8.941916245335598 -8.120181400409306 -7.939963665638347 -10.29621039351383 -8.82319115111398 -7.485011509379145 -9.010710909263626 -8.001681207204294 -9.624720868941584 -6.9431618371356985 -8.793267162234415 -7.177619115891657 -7.567846909746606 -8.617271266970578 -8.444122048284251 -8.520800259962742 -8.549474639842225 -8.018565350492253 -9.140363616527315 -10.219899548135897 -9.482558757831145 -7.5122321443584 -6.955625091652968 -8.385185990502269 -7.3329777021181 -8.361094550926207 -7.762015065335843 -9.007242621085041 -8.74383109872171 -9.280284413039027 -9.005885933851735 -7.969798932747553 -8.476340181116115 -9.451610821929629 -8.990540685843074 -9.007548169254251 -9.095666420447113 -8.385389829121422 -9.431247890893257 -7.411414333574392 -8.845043542249712 -9.602335597568327 -7.690811592138709 -8.91423222972773 -9.014482187203583 -8.592750190514764 -9.970651505936818
51
 -2.1780558737755946 -8.28373399830644 -10.619778026276444 -7.503620128254806 -6.999618598846677 -7.52329849248812 -7.414011826912261 -7.87929303781124 -8.77490581886461 -8.573899559157661 -7.665796573873388 -9.078344355661084 -8.442266367341398 -10.204410172739234 -8.064104626514636 -8.232991973957077 -7.996064950186825 -10.507652168346912 -7.25219568920017 -6.981802138857196 -10.64340677667925 -8.288725094407537 -9.383051894655352 -9.356686165304309 -8.690031642356113 -8.911206675236466 -6.703940990707715 -7.908305157921513 -9.526231410565568 -6.433177641929768 -7.293006349599504 -8.91646504891253 -8.053012351638253 -8.274713933072428 -6.805971468772753 -9.89506443688163 -8.329903723252635 -7.083400204146515 -7.152870695326368 -9.84685743097567 -7.843239314597198 -7.989842980265988 -6.952410023880552 -7.689763468073191 -6.758629261917577 -7.791518767705159 -8.999448050844201 -7.053821102453613 -7.411910371874265 -8.735613612405695 -10.43295509054796
51
 -2.1780558737755946 -7.528895307048097 -9.908017624876306 -8.091110210214852 -8.804327618472046 -8.954372630684368 -7.446846491558946 -7.661585336366338 -9.256850868754734 -6.632277953350018 -8.406955209419369 -6.94390984902909 -8.103014938799427 -6.737131294426784 -10.587648358737347 -8.34470448597674 -9.075949477114118 -7.706103628122236 -9.011081424505429 -9.975794221481689 -8.318196116693189 -7.882329106530773 -9.489514091363462 -6.922610609914303 -8.539076867493659 -9.046477016679729 -7.062577767205319 -7.52182349213271 -10.221919567043356 -9.280781173254812 -8.479618553806015 -7.386174353079123 -5.81949597485014 -9.461857853649244 -9.089300193296573 -10.727302816800924 -8.944849750212217 -7.912933284779688 -10.198639805789691 -7.883105665000314 -10.259284685972125 -9.005387357337764 -9.605394980819245 -9.736193189645125 -9.817063922456754 -8.037634404669335 -8.561638076261247 -8.99500075047188 -10.343642256012608 -8.209904728674179 -8.146187207933263
StreamingSVRG
5
51
 -2.1780558737755946 -8.305758613078718 -8.03050116934258 -9.657700267781498 -7.665547888068403 -8.852380724349395 -9.14479073858974 -9.058599614856757 -9.191859641660763 -9.991514181208325 -9.330578047514125 -9.330578047514125 -9.330578047514125 -9.330578047514125 -9.46420069521384 -9.162983589035218 -9.270691384515393 -7.853205734858988 -8.472084822946488 -8.472084822946488 -8.472084822946488 -8.472084822946488 -8.472084822946488 -8.472084822946488 -8.472084822946488 -8.472084822946488 -8.472084822946488 -8.472084822946488 -8.472084822946488 -8.472084822946488 -8.857323624528703 -9.81504322767516 -9.81504322767516 -9.81504322767516 -9.81504322767516 -9.81504322767516 -9.81504322767516 -9.81504322767516 -9.81504322767516 -9.81504322767516 -9.81504322767516 -9.81504322767516 -9.81504322767516 -9.81504322767516 -9.81504322767516 -9.81504322767516 -9.81504322767516 -9.81504322767516 -9.81504322767516 -9.81504322767516 -9.81504322767516
51
 -2.1780558737755946 -7.777654069303928 -8.721333510616159 -7.376767515323113 -6.881310790901352 -9.078630001620152 -9.86949763666701 -6.749853352055439 -8.425427633591081 -7.524052665844332 -9.958495912759517 -10.291561853774418 -10.479223393003561 -8.25512851724414 -8.25512851724414 -8.25512851724414 -8.25512851724414 -9.604379382939998 -9.604379382939998 -9.604379382939998 -9.604379382939998 -9.604379382939998 -9.604379382939998 -9.604379382939998 -9.604379382939998 -9.604379382939998 -9.604379382939998 -9.604379382939998 -9.604379382939998 -7.66857097127583 -11.086202137217084 -6.685770037999469 -10.401874237809904 -11.20369105303147 -11.20369105303147 -11.20369105303147 -11.20369105303147 -11.20369105303147 -11.20369105303147 -11.20369105303147 -11.20369105303147 -11.20369105303147 -11.20369105303147 -11.20369105303147 -11.20369105303147 -11.20369105303147 -11.20369105303147 -11.20369105303147 -11.20369105303147 -11.20369105303147 -11.20369105303147
51
 -2.1780558737755946 -7.181302540450491 -6.2730885582011355 -6.246975543983446 -9.030837289703172 -10.810933184209274 -7.5798457412527505 -8.80278772051187 -9.622362088381609 -9.329620639547315 -9.414501642080221 -9.327143687283547 -7.149879406932874 -7.149879406932874 -7.149879406932874 -7.149879406932874 -10.595368297650971 -8.244953222651583 -6.789259549498909 -6.789259549498909 -6.789259549498909 -6.789259549498909 -6.789259549498909 -6.789259549498909 -6.789259549498909 -6.789259549498909 -6.789259549498909 -6.789259549498909 -6.789259549498909 -8.976331427882858 -7.873883063914823 -8.80285100306401 -10.022698161608643 -8.648416277698484 -8.648416277698484 -8.648416277698484 -8.648416277698484 -8.648416277698484 -8.648416277698484 -8.648416277698484 -8.648416277698484 -8.648416277698484 -8.648416277698484 -8.648416277698484 -8.648416277698484 -8.648416277698484 -8.648416277698484 -8.648416277698484 -8.648416277698484 -8.648416277698484 -8.648416277698484
51
 -2.1780558737755946 -9.08646363363509 -7.197728996395485 -8.87395360793903 -8.865643534019998 -9.069017391648487 -12.701680293286122 -9.35577088926082 -9.818969742029534 -9.748222533827061 -11.250925828470109 -11.250925828470109 -6.886217502780487 -9.307221112280573 -8.341751463606133 -8.341751463606133 -8.341751463606133 -9.646433709061018 -9.156592635021106 -10.66843529501543 -10.66843529501543 -10.66843529501543 -10.66843529501543 -10.66843529501543 -10.66843529501543 -10.66843529501543 -10.66843529501543 -10.66843529501543 -10.66843529501543 -10.66843529501543 -10.66843529501543 -8.413027355954807 -8.413027355954807 -8.413027355954807 -8.413027355954807 -8.413027355954807 -8.413027355954807 -8.413027355954807 -8.413027355954807 -8.413027355954807 -8.413027355954807 -8.413027355954807 -8.413027355954807 -8.413027355954807 -8.413027355954807 -8.413027355954807 -8.413027355954807 -8.413027355954807 -8.413027355954807 -8.413027355954807 -8.413027355954807
51
 -2.1780558737755946 -9.005957231528198 -9.580009717588037 -9.830397449601186 -9.61398820640709 -9.408459127265385 -10.05799541354386 -8.494317618303903 -10.226954748084552 -8.112557116921954 -8.112557116921954 -9.374154243467327 -9.374154243467327 -9.374154243467327 -9.374154243467327 -9.390762869581383 -10.698654087856418 -7.361871874346308 -8.589546846001868 -8.589546846001868 -8.589546846001868 -8.589546846001868 -8.589546846001868 -8.589546846001868 -8.589546846001868 -8.589546846001868 -8.589546846001868 -8.589546846001868 -8.589546846001868 -11.101833064236589 -8.01414244961472 -9.217981373638231 -8.51804762837762 -10.987067693547168 -11.007814806948819 -11.007814806948819 -11.007814806948819 -11.007814806948819 -11.007814806948819 -11.007814806948819 -11.007814806948819 -11.007814806948819 -11.007814806948819 -11.007814806948819 -11.007814806948819 -11.007814806948819 -11.007814806948819 -11.007814806948819 -11.007814806948819 -11.007814806948819 -11.007814806948819
ADAPTIID
5
51
 -2.1780558737755946 -8.262933581152422 -9.09995711356968 -11.020320024314978 -11.161773962448326 -12.95692552140773 -12.340704377757831 -11.60261336529098 -12.829543929079213 -12.419539129111353 -11.076333068851811 -12.69069923487144 -12.44234883203371 -12.506662266472807 -14.347831576579827 -12.361753728878018 -14.149064485717927 -14.062796013245006 -14.754696454595893 -13.657406493276165 -14.703650645340408 -13.36850084987574 -13.790056522037675 -14.01843550191334 -12.470274436471799 -14.72262912293371 -14.823098148924029 -15.909257334934658 -14.86930439959255 -15.556906406112777 -12.86840733798128 -15.499027417038196 -16.676750422481486 -15.803549580611406 -16.342990920867436 -15.903779083542199 -16.188342235817327 -15.627419560398963 -14.440539825479295 -15.769215559095002 -14.99149719853779 -16.526741700501884 -15.093645404724157 -15.307737462501569 -16.49249135622727 -13.54135390694598 -16.95882559053493 -15.236698714348918 -14.589314579309459 -14.700298688347164 -16.677819383480685
51
 -2.1780558737755946 -9.43269740021529 -11.10048901463029 -11.49467898215462 -13.007456136029608 -12.046013164319387 -11.486751784709638 -13.082901659963488 -12.580260334373719 -12.549221650314108 -12.00533864825026 -12.478885295397099 -14.455464789758008 -13.131493673947672 -14.286302250198736 -12.365799834551245 -14.282883991011465 -12.065344525638741 -13.518408961209778 -13.405916801753056 -13.56968642613895 -12.12523314025582 -12.905468653136642 -12.754080071776434 -13.259318462184124 -13.22577284834818 -12.63080170871623 -12.809816440126651 -15.132206255460224 -15.110485828322192 -15.80892761299897 -14.108342762325982 -15.869391836534424 -15.737217137820322 -16.77012651477179 -15.005012119134676 -15.119866624315543 -14.815034162629518 -18.426295247907742 -15.297191716235233 -15.94878185482114 -14.782540652718387 -16.38141377782436 -17.14272226540889 -18.01329257778492 -16.571270547848012 -15.984521535986579 -15.220419435331717 -17.568140510556272 -15.788629056264497 -16.449974563554115
51
 -2.1780558737755946 -8.895620457210978 -11.082984360943943 -12.092897676963432 -11.996336354835178 -10.443261454125558 -11.631976780661239 -13.306855598771076 -11.747009924655446 -12.638681936473956 -13.163554058808092 -13.818013092126366 -14.270391336702508 -12.592271786235239 -11.674473034820988 -14.009111224069008 -15.849878895651763 -13.084843836340497 -15.926629245619816 -12.210585561836067 -13.802446653373647 -13.290235206257373 -14.827881573523825 -14.538382220006547 -14.375359947006595 -16.56328762983977 -14.399730071999713 -14.927955458630182 -14.813097309843107 -15.637943047191005 -14.309267669660615 -15.160710785535652 -14.937267166390871 -15.316253931670506 -17.491801291860178 -15.521729751018476 -15.39939624959289 -16.60572176629074 -14.012863078233197 -14.6156755097377 -17.16832621225887 -14.433018006653358 -14.314585292821457 -15.591624053357988 -16.77702930269755 -16.1487918436873 -16.208804155749043 -15.833126539527397 -16.342717761134747 -13.919927512905444 -16.094761031050368
51
 -2.1780558737755946 -10.987087392470746 -11.307442615940626 -10.13961045697528 -12.703951341368882 -11.9114196585371 -12.1125112627734 -14.225888241486857 -14.66751469424048 -14.02984701826596 -13.39892302226077 -12.721448311444487 -11.825422337545954 -14.115127692381206 -14.231669978593658 -15.024607123524103 -14.532930839282999 -13.180434470441526 -14.578759248526788 -15.110028279416198 -13.383516510022558 -14.526342135016975 -15.950921492020878 -15.121818782446546 -14.150115010497986 -13.059325417385528 -14.538514768833014 -12.170584717167733 -15.09349997665114 -14.082753910791439 -15.799013380460828 -15.356741248374522 -13.3266045842249 -13.879476748938174 -15.14113530112229 -16.342552568084994 -17.252513954212635 -15.026638347010094 -16.76678348159857 -15.278145524796125 -16.850342856579292 -14.638985335945693 -15.50418396285251 -15.076398100931726 -14.65308441828648 -13.97429415437252 -15.653724282353567 -14.77572073556141 -14.117013471356968 -15.416701882472559 -14.64835847788503
51
 -2.1780558737755946 -9.855215497995484 -10.289855055872039 -10.014594883527943 -10.44414550384251 -13.493754879406392 -12.35678092898372 -13.311165252679357 -12.516361690428806 -13.159053003796865 -11.098024560784006 -13.374212117201836 -13.076249324539136 -14.445633696971688 -12.361769615098938 -14.403655948452029 -13.45951530253508 -13.594087011237814 -11.970908098992115 -14.439121058705135 -14.509386013185757 -13.390836788671134 -13.424578806874472 -14.206621531140366 -15.520541132555278 -15.067437376070107 -14.217720892939461 -15.006055712886347 -13.867545595564607 -14.583345290850005 -15.73489992344767 -14.955848934634755 -14.427248740739216 -14.263620684416894 -17.046471112916414 -14.299927610020069 -14.44824972023735 -16.381368907440738 -14.40329069994671 -15.679865940518438 -13.615004255342413 -15.15109129490557 -12.915704173011381 -14.223611841568811 -16.272468691715684 -14.111215997118217 -15.589481533499887 -15.723830858874404 -14.124283596862593 -16.051074172950603 -15.888582011977503
steps
5
51
 0 200000 400000 600000 800000 1000000 1200000 1400000 1600000 1800000 2000000 2200000 2400000 2600000 2800000 3000000 3200000 3400000 3600000 3800000 4000000 4200000 4400000 4600000 4800000 5000000 5200000 5400000 5600000 5800000 6000000 6200000 6400000 6600000 6800000 7000000 7200000 7400000 7600000 7800000 8000000 8200000 8400000 8600000 8800000 9000000 9200000 9400000 9600000 9800000 10000000
51
 0 200000 400000 600000 800000 1000000 1200000 1400000 1600000 1800000 2000000 2200000 2400000 2600000 2800000 3000000 3200000 3400000 3600000 3800000 4000000 4200000 4400000 4600000 4800000 5000000 5200000 5400000 5600000 5800000 6000000 6200000 6400000 6600000 6800000 7000000 7200000 7400000 7600000 7800000 8000000 8200000 8400000 8600000 8800000 9000000 9200000 9400000 9600000 9800000 10000000
51
 0 200000 400000 600000 800000 1000000 1200000 1400000 1600000 1800000 2000000 2200000 2400000 2600000 2800000 3000000 3200000 3400000 3600000 3800000 4000000 4200000 4400000 4600000 4800000 5000000 5200000 5400000 5600000 5800000 6000000 6200000 6400000 6600000 6800000 7000000 7200000 7400000 7600000 7800000 8000000 8200000 8400000 8600000 8800000 9000000 9200000 9400000 9600000 9800000 10000000
51
 0 200000 400000 600000 800000 1000000 1200000 1400000 1600000 1800000 2000000 2200000 2400000 2600000 2800000 3000000 3200000 3400000 3600000 3800000 4000000 4200000 4400000 4600000 4800000 5000000 5200000 5400000 5600000 5800000 6000000 6200000 6400000 6600000 6800000 7000000 7200000 7400000 7600000 7800000 8000000 8200000 8400000 8600000 8800000 9000000 9200000 9400000 9600000 9800000 10000000
51
 0 200000 400000 600000 800000 1000000 1200000 1400000 1600000 1800000 2000000 2200000 2400000 2600000 2800000 3000000 3200000 3400000 3600000 3800000 4000000 4200000 4400000 4600000 4800000 5000000 5200000 5400000 5600000 5800000 6000000 6200000 6400000 6600000 6800000 7000000 7200000 7400000 7600000 7800000 8000000 8200000 8400000 8600000 8800000 9000000 9200000 9400000 9600000 9800000 10000000
