9
SGD
5
26
 -2.178055873775389 -10.009606786179225 -12.179324816962247 -10.497354606030003 -12.177882009641515 -12.242867977974305 -12.25723487999295 -13.932552423455833 -12.904739655076492 -13.484008607426683 -12.465381689419967 -13.797559789161754 -12.04976979939434 -14.638980745587563 -13.067969574559903 -14.631784311824525 -13.196830920939144 -12.924621259702752 -14.225690213791053 -14.101188212093957 -14.572814601641431 -14.756436985009064 -15.087273535407313 -13.295552160869315 -14.915023996811858 -15.022446584633887
26
 -2.178055873775389 -11.080868160314369 -12.38149522053015 -10.586151665454484 -12.536518813920637 -10.97226323084573 -13.29883529064873 -11.79485378318066 -14.249036599436819 -11.920731071471183 -12.897606003982336 -13.92435281745712 -13.29285974519798 -12.623673862135236 -12.958391486631557 -13.769209281321737 -14.48361724137105 -14.883532373788585 -14.510328541666025 -13.386988579680827 -14.38944879609751 -13.820102384019807 -15.31624375212168 -14.80239143544806 -15.087097721358665 -14.852482188160195
26
 -2.178055873775389 -10.765542430304423 -12.327562214015728 -11.702856266552123 -12.182227331495998 -12.530055197996457 -11.903882418234206 -12.45245091166597 -12.6852800747496 -13.083635658423436 -12.61947857211502 -13.293733750707231 -13.029784960093956 -12.947681017649346 -13.372082178390025 -13.099477505410668 -13.284234085307494 -13.97698744121826 -13.489262320099453 -13.868179452849231 -13.495236778792679 -14.040139118213228 -14.145889562028913 -14.46456478279125 -12.781727893997829 -13.130909010533982
26
 -2.178055873775389 -10.644912313571265 -12.919038596738252 -11.538762100560364 -13.092290958660808 -12.761004715259746 -12.534908264434353 -13.20354739728828 -13.48512668400595 -14.872488162504087 -14.02356147667687 -13.285616204915575 -13.319127448865231 -13.302088291229182 -13.114069620633755 -13.865042661780224 -14.471888459570444 -14.163023462349928 -14.580104141547002 -15.204227010626504 -12.609005064355221 -14.488162299429451 -13.694148196007607 -15.021465786240693 -13.650712362933445 -14.25445589925551
26
 -2.178055873775389 -10.130477197414256 -13.17452655134123 -10.737631626069263 -11.53102429917637 -13.257582874114622 -12.139692375058384 -14.577170746670294 -13.406300681833146 -15.577215887250533 -15.16459061701651 -15.741772448173617 -14.679705620417913 -15.049250006715873 -14.746035315458519 -15.552104004371012 -13.899067920140341 -13.861455518942446 -15.48247010866361 -13.593598064528846 -14.800779450023503 -14.342808152191418 -15.565356258033422 -16.884916392572148 -14.845401555946804 -14.89731315331346
SAGA
5
26
 -2.178055873775389 -4.416955342971083 -5.3470747072928315 -5.975826428260534 -6.477800482990503 -6.904664610508966 -7.273277186625496 -7.596033644395183 -7.862864824603092 -8.104546447010565 -8.344909130193123 -8.541022798880626 -8.723587350192838 -8.918209188092515 -9.04997384462148 -9.21788777939712 -9.178644558407498 -9.499847565906457 -9.558434617360447 -9.756447534549311 -9.808085850284861 -9.98482250620151 -10.11728327080304 -10.210868522276298 -10.143431797710292 -10.293103370358326
26
 -2.178055873775389 -4.4036462269808645 -5.341584625367952 -5.978307301619931 -6.4786184673010405 -6.899078653236404 -7.256602665086157 -7.572939080112383 -7.852825381274591 -8.109608973673927 -8.34697049920346 -8.562517092965122 -8.75849336852484 -8.908582572068854 -9.04915264518298 -9.210912119966197 -9.386898158430881 -9.526679833178251 -9.66174770296754 -9.655610112426057 -9.837744732164296 -10.028676910433404 -9.979222212081394 -10.19323338196187 -10.304426684987934 -10.472751147017961
26
 -2.178055873775389 -4.403594658792887 -5.343201539385608 -5.9806927233587 -6.473881591805244 -6.881685185652819 -7.253313653500108 -7.545836836256914 -7.848990675933104 -8.07756978517777 -8.323763840275147 -8.531807886135375 -8.71522837613595 -8.913486904257203 -9.0748961903396 -9.187785889552984 -9.364921668183088 -9.418332986978289 -9.641609747463471 -9.767017290067736 -9.878914796096034 -9.982208920095609 -10.09560774347854 -10.115728122456808 -10.316218835983012 -10.21562805636614
26
 -2.178055873775389 -4.403087992734494 -5.338823353601267 -5.982582146077586 -6.487589236065653 -6.907488086069761 -7.260723966940196 -7.591392317219576 -7.8586511544028905 -8.086890800944092 -8.302267804398468 -8.52058978994474 -8.736390784002849 -8.931696525095786 -9.093285747173281 -9.14749726701541 -9.397503298552985 -9.434183553021146 -9.543641726592474 -9.584478165886036 -9.903021895096494 -10.007871442840338 -10.103706306181273 -10.229988646677775 -10.330231943968206 -10.423028157547794
26
 -2.178055873775389 -4.40184663220952 -5.333822589275827 -5.9756219863485835 -6.470204477452414 -6.87269645258506 -7.275934624434871 -7.579408686401657 -7.870378094098604 -8.137398418156982 -8.352948446423584 -8.563344330506611 -8.749407583577835 -8.905949719700587 -8.998151298715245 -9.253918108167532 -9.372554177497449 -9.488400212126987 -9.650688684821198 -9.761057793965557 -9.6805074753148 -9.99950855334299 -10.050047346459536 -10.187647836860354 -10.373976098506565 -10.440045940137951
ADAPTSAGA
5
26
 -2.178055873775389 -8.395930771048196 -10.454506638589805 -10.731607144085626 -11.068801570725325 -11.778139662090876 -12.382180822918043 -12.593997675266063 -12.634717360360264 -10.429516857893592 -13.238485624050483 -11.4959418130292 -13.369789380919553 -11.048583871609631 -14.462988425986262 -13.25013778384212 -14.493180551964281 -12.367326783374438 -12.983747114303492 -11.817046253425953 -14.628368227453402 -14.904543831012981 -14.038876364709383 -14.903784493881934 -14.287405117357125 -13.870289345544117
26
 -2.178055873775389 -8.25427444235605 -10.427870792006178 -11.158225189354491 -11.110091053419769 -11.85939742045965 -12.49464142892444 -12.561188155258101 -12.516418849787355 -10.4681805669725 -13.25317671238009 -11.525768812624936 -13.44253755240514 -11.078402474343529 -14.515350052220064 -13.23529393828516 -14.394083817652355 -12.485137958182799 -13.076936863846198 -11.825804313295377 -14.646464683453189 -14.957520409257082 -14.110666047925736 -14.91306627941299 -14.21304983198861 -13.946365654392142
26
 -2.178055873775389 -8.283501842141444 -10.477169853492265 -10.826733604508215 -11.12688074877461 -11.746241047664292 -12.330906826641073 -12.5205380223802 -12.538049910288997 -10.38159815187636 -13.218991689657516 -11.373286890695354 -13.412405515510622 -11.087865344799553 -14.580361032163653 -13.314718977775557 -14.410035894158066 -12.511006052444545 -12.988816330163267 -11.759677243486971 -14.762937363831126 -14.864056450861533 -14.050599833803409 -14.942046096472891 -14.18626689468842 -13.878834994190791
26
 -2.178055873775389 -8.1881149532104 -10.457916308374838 -10.868730885329104 -11.031318710301404 -11.729197194017427 -12.581610261569004 -12.478753171358147 -12.482486475196383 -10.519390696533344 -13.212861959333203 -11.483482725300085 -13.339500037265786 -11.04519643783182 -14.421649884825303 -13.228076380648583 -14.57084418160087 -12.445503176062639 -13.074315886009343 -11.834510048801134 -14.49251670535803 -14.849765621166176 -14.060439755017795 -14.961474626778555 -14.231070120612333 -13.936828643931047
26
 -2.178055873775389 -7.986013690318704 -10.236753313107743 -10.775332039786019 -11.115064976752251 -11.720998997570401 -12.59171549703081 -12.479889646441094 -12.550764905820008 -10.516977911172699 -13.112133432636425 -11.401008389101149 -13.301745306036244 -11.135211326436197 -14.534497952664752 -13.25754101706729 -14.348521705355562 -12.377467537711173 -13.003468946525624 -11.803309384465702 -14.556786936483832 -14.788029336927297 -13.881963739527247 -14.905776556939067 -14.231849983041933 -13.977082251355354
ADAPTDoubling
5
26
 -2.178055873775389 -9.341512583820087 -9.984571756671881 -11.211267875815976 -12.992015706138043 -11.491284975378909 -11.618865688330109 -13.214067822638485 -11.417333882450452 -9.957646914083094 -12.577210776868101 -13.3593345392995 -12.649036499033635 -13.529782088015285 -14.167235562197366 -13.609727425023326 -12.249480387906548 -13.18687835567143 -13.40639756575835 -14.028140970121111 -14.492162726389072 -13.560629884032782 -13.288064653495708 -13.474076172400617 -13.699446706761144 -13.68771963637813
26
 -2.178055873775389 -9.766551560471003 -10.28461939156337 -11.187237322330128 -12.712678664423965 -11.644902975415295 -10.078037586119045 -14.064847417254478 -13.974125508756215 -14.843829043128546 -11.987322708096565 -13.943380461200718 -11.52328560943534 -14.390115822683127 -14.628741432857257 -13.751811036940746 -14.361720391236036 -13.369499078247806 -12.852617034683588 -12.06880968830729 -14.561128230072606 -15.444557836222286 -14.284083424495797 -15.212905171265328 -15.920761418612068 -15.24302808442643
26
 -2.178055873775389 -10.149575520646154 -10.502277723525829 -11.782368319294717 -12.757140011868481 -10.64312432509001 -12.741519234888843 -13.537388346164981 -13.978556472807291 -13.578817895191678 -13.705061298251334 -13.245332614882013 -13.997638838535586 -13.434815372225247 -13.336502358954045 -14.959733256309413 -13.96579778504938 -14.80739037443778 -13.708179296016933 -14.689622068359439 -15.659003245665664 -13.755607852006097 -16.08992158669857 -14.008183068778314 -14.139933405257542 -15.881818106974428
26
 -2.178055873775389 -11.52273595579159 -10.156895406841343 -11.673816615827779 -12.380579136101787 -12.98737145596367 -13.390358816333567 -11.656904977894058 -11.194881058743798 -12.69048894895509 -14.854623915919253 -13.217689942322275 -13.29095502116478 -12.450837218311362 -11.903172482733519 -13.715303222505328 -14.850458947463576 -13.13156762596739 -14.507107188614688 -11.83977848117425 -15.627367303188096 -14.184280428831201 -16.51702007100781 -14.961881110486434 -15.277143298985743 -13.664827207358531
26
 -2.178055873775389 -9.636106617554551 -11.142969309824407 -9.50745694978598 -12.328129339228825 -12.932167081025153 -11.903148134473742 -13.726407136053325 -13.537567065630403 -11.93851736830967 -11.69631836337332 -10.641535938165195 -14.500601235591708 -12.00130655948977 -11.226524451972752 -15.90373457834391 -14.984562557123247 -15.306282199286924 -14.693164420736405 -14.169438905603347 -15.076277340714382 -14.682157933995972 -12.918140480000076 -14.391736933880377 -14.731096953981469 -15.683319604966734
MainSSVRG
5
26
 -2.178055873775389 -9.45043229386913 -11.338976082384614 -13.120097591264294 -13.120097591264294 -14.241361666831894 -14.241361666831894 -14.241361666831894 -14.241361666831894 -14.973761990276795 -15.218676311143431 -15.218676311143431 -15.218676311143431 -15.218676311143431 -15.218676311143431 -15.218676311143431 -15.218676311143431 -15.218676311143431 -15.218676311143431 -15.218676311143431 -15.218676311143431 -16.44966955381904 -16.804891981944447 -16.804891981944447 -16.804891981944447 -16.804891981944447
26
 -2.178055873775389 -8.975705745728584 -10.87735485841411 -10.87735485841411 -12.758878213974759 -12.758878213974759 -12.758878213974759 -12.758878213974759 -13.566658601219357 -13.662404825128624 -13.662404825128624 -13.662404825128624 -13.662404825128624 -13.662404825128624 -13.662404825128624 -13.662404825128624 -13.662404825128624 -13.662404825128624 -13.662404825128624 -13.662404825128624 -13.927558116568518 -13.927558116568518 -13.927558116568518 -13.927558116568518 -13.927558116568518 -13.927558116568518
26
 -2.178055873775389 -9.056663528341629 -10.643354725087274 -10.643354725087274 -11.603501645378952 -11.603501645378952 -11.603501645378952 -11.603501645378952 -12.820244624232366 -12.820244624232366 -12.820244624232366 -12.820244624232366 -12.820244624232366 -12.820244624232366 -12.820244624232366 -12.820244624232366 -12.820244624232366 -12.820244624232366 -12.820244624232366 -12.820244624232366 -13.878132496947254 -13.878132496947254 -13.878132496947254 -13.878132496947254 -13.878132496947254 -13.878132496947254
26
 -2.178055873775389 -10.219737083867987 -11.103710329183492 -12.694193461648004 -12.733463179766341 -14.127096402197202 -14.127096402197202 -14.127096402197202 -14.127096402197202 -15.523737771886152 -15.766795883723532 -15.766795883723532 -15.766795883723532 -15.766795883723532 -15.766795883723532 -15.766795883723532 -15.766795883723532 -15.766795883723532 -15.766795883723532 -15.766795883723532 -15.766795883723532 -16.425579417038865 -16.924374756236645 -16.924374756236645 -16.924374756236645 -16.924374756236645
26
 -2.178055873775389 -10.024935845470115 -11.675544902464827 -11.834074442650081 -13.38489032373305 -13.553334249475832 -13.553334249475832 -13.553334249475832 -13.77850984773948 -13.77850984773948 -13.77850984773948 -13.77850984773948 -13.77850984773948 -13.77850984773948 -13.77850984773948 -13.77850984773948 -13.77850984773948 -13.77850984773948 -13.77850984773948 -13.77850984773948 -15.010470441693695 -15.404691811932627 -15.404691811932627 -15.404691811932627 -15.404691811932627 -15.404691811932627
SGD:0.05
5
26
 -2.178055873775389 -3.9157751935641345 -3.627284245647584 -4.613298979692373 -5.266733897678341 -5.98681117980115 -5.434275071940212 -4.548862911579053 -5.936297919307699 -6.70490467846648 -5.4522021836269285 -3.602399745022254 -4.581853051350833 -5.5975956026702205 -3.1769853059036657 -5.304478647218146 -5.516784108822859 -3.592425359034346 -5.755686156647419 -4.573252815307488 -5.518204976309803 -5.9493842020907906 -6.078836466772459 -5.698341541787241 -6.426217783829078 -5.113430785538576
26
 -2.178055873775389 -5.431166092436161 -4.756596834438171 -3.3830578194652423 -6.332285992729055 -5.467023878210847 -5.638816897958317 -3.790419887008892 -5.873052991469822 -5.426047171795276 -4.025992856712552 -4.908996100283383 -4.92782654455872 -6.269753572674613 -5.0019132468683525 -4.808727391483368 -5.807120169645454 -5.412447711100553 -5.784461400403061 -4.634155954743279 -2.90136911010675 -5.117192907253726 -3.4234880898385085 -3.582511922354444 -6.225897873996808 -5.365093304954068
26
 -2.178055873775389 -5.371547424596906 -5.222828262870612 -4.571380258742226 -5.6642144132689145 -5.255683082086785 -6.654623699287563 -4.365577976859747 -5.29932191967161 -4.361689699213693 -5.380101521924891 -3.883620722303769 -6.049777529471994 -4.266273128602647 -3.8115997543822537 -5.107140416676188 -6.405981053347018 -4.850930449685003 -5.563727457211394 -2.999098400602214 -3.7593703845323736 -4.842163837749577 -4.471505839919581 -7.25501998247301 -5.5574872393363295 -5.647440368330528
26
 -2.178055873775389 -3.3661888265776008 -4.254517095553276 -5.423313639095688 -4.085938237209694 -6.442426087580761 -3.510467768275949 -6.45436250930786 -4.42502659577864 -5.86962882091816 -3.7131486458888867 -4.923169913279798 -5.414096875154445 -4.878238160420637 -5.381720990463527 -4.15381258524588 -6.122547774961609 -5.39322447149334 -6.091428645219661 -4.959348420258971 -4.5030267202476075 -5.782964236861098 -6.1712995943523286 -5.824275587366247 -4.714328869675563 -3.426571936026813
26
 -2.178055873775389 -4.6424338701678 -6.082792838448184 -5.805640817218819 -4.482447854490196 -3.8331245758610435 -4.569214274953689 -6.333493960688928 -5.611771605480617 -4.7936411175351585 -6.3070316125953 -6.4141045662322504 -5.35016064801625 -5.29960776073121 -4.923947683049489 -3.654683672251159 -4.491819904497186 -5.522782831368026 -6.348928106545021 -3.0124999958484433 -4.70186546423398 -3.7825913379316094 -5.525253883942999 -4.549820268999428 -4.231106949958292 -5.0952909258969035
SGD:0.005
5
26
 -2.178055873775389 -8.98573515556028 -8.830032262419321 -7.244914667956842 -7.562884319216584 -8.819626474367407 -8.648442567221307 -6.807578071147196 -7.47267610591447 -8.432531069331201 -7.339959542757935 -8.594458506704838 -8.57422523115589 -10.036372292198385 -8.833217684641923 -7.582025453324125 -9.489571117125012 -7.246316858908303 -8.28404947685091 -7.74880885589283 -9.000182833455984 -9.631214666312673 -9.058242890916272 -6.203706071014848 -8.675160910923674 -7.589060664631688
26
 -2.178055873775389 -7.638094371607229 -8.247007045100265 -7.244640875442 -8.158436693247184 -8.001340840221378 -10.347528623206745 -9.075845087320397 -9.260700805568254 -7.573579556786884 -7.0148374836161205 -7.635699407617038 -7.159894824284474 -7.791801456088088 -8.431701734936805 -10.180395221442158 -8.287679792281553 -9.494405737959733 -7.9473201939598335 -7.925891228977144 -7.9028094864555944 -7.875003179626218 -8.360166345603632 -8.502272073052303 -8.831062683424069 -9.167825647320397
26
 -2.178055873775389 -7.24336443742755 -6.863624743797759 -8.62140103564842 -7.103581138670988 -9.341100752660967 -9.175728454767732 -9.026882601853707 -7.9703028276643035 -8.208151693227405 -8.187473225229025 -9.127034901609218 -6.875180587107832 -8.661474806281703 -8.99896945242593 -8.8829367027393 -7.700312377009898 -9.343198580228854 -8.381867486114368 -8.868729260280523 -9.572732119379026 -7.324101457714393 -9.226220294513613 -6.865755050709393 -9.494587656589465 -7.46132189725866
26
 -2.178055873775389 -7.385157628105706 -9.53071584192473 -7.886101409365805 -6.469516247408417 -9.709773148708639 -7.09211862778437 -9.62351246995202 -7.131179257180412 -8.992002452407114 -10.39490643114754 -8.859451961150219 -8.693352699281629 -6.967075336734582 -7.999451952872412 -8.208640593293092 -7.052327006781843 -7.337196520152573 -7.8540464351608446 -10.44336154111371 -9.892962451388309 -9.24603436513955 -8.863499886705194 -7.959492218227869 -8.590536720656672 -8.494644304644577
26
 -2.178055873775389 -8.880273853234415 -7.476164032376259 -7.328575475892681 -9.04538720312563 -9.510259491899344 -9.051930603918054 -8.742578615111377 -9.233949598793213 -8.738762182637783 -9.489563640808171 -9.399413964098098 -7.995101460161471 -9.195723632311957 -6.498864492195171 -9.045077415141304 -9.373706547644202 -7.765904651741703 -9.48183161174866 -7.166479490012826 -8.076875767176281 -9.491950104464445 -7.617941091126923 -8.235375190519726 -9.89730498289926 -8.509842823977772
StreamingSVRG
5
26
 -2.178055873775389 -9.175378603382567 -8.23493763742107 -9.204943331376366 -8.899277653702729 -8.903133018259371 -6.416556391923474 -9.720718171074658 -8.444661262460095 -9.701642413187821 -9.102625338348503 -10.704978326252421 -9.494837298501084 -9.877719333463636 -9.877719333463636 -7.419588126921921 -7.419588126921921 -7.419588126921921 -7.419588126921921 -9.63230261107582 -8.3172672860836 -8.706925477980004 -8.706925477980004 -8.706925477980004 -8.706925477980004 -8.706925477980004
26
 -2.178055873775389 -7.315188910022721 -9.195957912559825 -10.180976085421257 -6.366874614645629 -8.703214792294764 -8.630578946932044 -8.60294905961225 -8.27290187597102 -8.326426728946098 -8.711144578081333 -9.22856134667703 -10.660001893886115 -10.148487173466451 -8.1973332090469 -8.014112238873382 -8.014112238873382 -8.014112238873382 -8.014112238873382 -9.262429998290711 -8.856230502310526 -9.21987411929498 -9.53434142415508 -9.53434142415508 -9.53434142415508 -9.53434142415508
26
 -2.178055873775389 -8.045966783204552 -7.797946078395905 -10.32768748281658 -8.412763570656981 -9.043077323909994 -9.268576104543241 -9.017261498545858 -7.652920243667086 -8.823765798295286 -9.775567167012472 -7.821500046023319 -8.537726379509744 -8.537726379509744 -10.28273972620883 -8.073429029790228 -8.1696979023595 -9.162861356721931 -9.162861356721931 -9.162861356721931 -9.162861356721931 -7.683886154188793 -7.988871429470477 -10.674576123953049 -9.346454068098641 -9.841501506767415
26
 -2.178055873775389 -8.86781993055615 -7.948718767351591 -9.739535545860692 -10.222813677778364 -9.09818749166621 -8.672540105102081 -9.289833984455878 -10.37039877257184 -8.494283763148095 -9.193601085978617 -8.174775448641347 -10.147214269339294 -8.344197101458652 -9.7621818462926 -7.750877273877795 -7.750877273877795 -7.750877273877795 -7.750877273877795 -10.497504234660052 -9.275838596093422 -9.275838596093422 -9.275838596093422 -9.275838596093422 -9.275838596093422 -9.275838596093422
26
 -2.178055873775389 -7.720751189764202 -10.239837220986388 -8.862086897334208 -8.993015807822673 -11.608294105468167 -9.031644916954681 -9.74159803880438 -9.522761692168787 -8.228602106361976 -10.16063799658551 -7.859619278534464 -7.859619278534464 -9.58906256853247 -8.595536620436047 -8.336703311714212 -8.028381676510712 -8.028381676510712 -8.028381676510712 -8.028381676510712 -9.21404419852682 -7.567308829492259 -7.770712011192957 -7.770712011192957 -7.770712011192957 -7.770712011192957
steps
5
26
 0 200000 400000 600000 800000 1000000 1200000 1400000 1600000 1800000 2000000 2200000 2400000 2600000 2800000 3000000 3200000 3400000 3600000 3800000 4000000 4200000 4400000 4600000 4800000 5000000
26
 0 200000 400000 600000 800000 1000000 1200000 1400000 1600000 1800000 2000000 2200000 2400000 2600000 2800000 3000000 3200000 3400000 3600000 3800000 4000000 4200000 4400000 4600000 4800000 5000000
26
 0 200000 400000 600000 800000 1000000 1200000 1400000 1600000 1800000 2000000 2200000 2400000 2600000 2800000 3000000 3200000 3400000 3600000 3800000 4000000 4200000 4400000 4600000 4800000 5000000
26
 0 200000 400000 600000 800000 1000000 1200000 1400000 1600000 1800000 2000000 2200000 2400000 2600000 2800000 3000000 3200000 3400000 3600000 3800000 4000000 4200000 4400000 4600000 4800000 5000000
26
 0 200000 400000 600000 800000 1000000 1200000 1400000 1600000 1800000 2000000 2200000 2400000 2600000 2800000 3000000 3200000 3400000 3600000 3800000 4000000 4200000 4400000 4600000 4800000 5000000
