9
SGD
10
21
 -1.10430004121901 -6.754608521678889 -7.1422630626917964 -7.329953874315854 -7.457609492637391 -7.579494436387347 -7.65376038102492 -7.7174095574355155 -7.774422065134597 -7.817335233661823 -7.853767983381196 -7.895138107085419 -7.934066624299749 -7.959994180808323 -7.994909140439119 -8.030690342893116 -8.066378352709165 -8.092922907758075 -8.118059594676511 -8.143716434646928 -8.163865664077806
21
 -1.10430004121901 -6.297536255230308 -6.612873228613973 -6.804162219359854 -6.951702882217292 -7.041353709615979 -7.106915119712627 -7.176821015360591 -7.233156605009037 -7.286396770898611 -7.3338320498785325 -7.370529848402067 -7.410560908624192 -7.447264350744466 -7.477888539374282 -7.514949243306805 -7.542181422280841 -7.572155517774739 -7.597936818077683 -7.628067504203013 -7.651150541747756
21
 -1.10430004121901 -6.326022353268761 -6.68704268133972 -6.861221193574481 -6.9858080277903065 -7.091638602914374 -7.185794510152927 -7.264514180729204 -7.325275847538593 -7.385544299784559 -7.429603788335024 -7.47222313438481 -7.502465702495584 -7.535485359109505 -7.5623716758457205 -7.596163784538018 -7.620781735295201 -7.651198492023822 -7.672252398915889 -7.700433917851177 -7.726017100514559
21
 -1.10430004121901 -6.747336887036613 -7.0211343022622446 -7.249616733219071 -7.362826098455657 -7.469147129067805 -7.5351064739717435 -7.617528503587744 -7.672946541175531 -7.750766016812236 -7.817099435327477 -7.8555407062708955 -7.8807155739037205 -7.921483590684128 -7.960395807479644 -7.984877468767331 -8.019205986125929 -8.056033402105314 -8.086682649486908 -8.113007085880625 -8.13583877214184
21
 -1.10430004121901 -6.5381740031415605 -6.853178157878668 -7.034141126693364 -7.139186627176927 -7.232425045791643 -7.303376255829795 -7.36272342286751 -7.413028621464054 -7.460651129822848 -7.508948281637623 -7.542018525522895 -7.576949672458656 -7.606277392778668 -7.639643626204313 -7.6649563345615945 -7.693956047468347 -7.720956085067405 -7.745225775048811 -7.765236358024783 -7.788841123534306
21
 -1.10430004121901 -6.583037987279902 -6.88132741897382 -7.0514831659475306 -7.168734367318641 -7.257295948954887 -7.326835302508454 -7.397711623340604 -7.46192869862077 -7.512403244486062 -7.551833917963163 -7.587802525377688 -7.617943872974539 -7.650699941263908 -7.68035178014986 -7.708001005720781 -7.732314638981036 -7.75523068562962 -7.780962166882043 -7.799379464809253 -7.819215187421037
21
 -1.10430004121901 -6.516500818064427 -6.781709151296219 -6.933556448060447 -7.047639394886297 -7.1371342609268815 -7.201656916754067 -7.267442011045885 -7.326250154027383 -7.36666502632949 -7.412684172697107 -7.457020283965106 -7.487061163537547 -7.522265639435433 -7.550877698434362 -7.576725447396469 -7.6002039991736305 -7.622976327150275 -7.643784390528041 -7.667756956002851 -7.688441983946413
21
 -1.10430004121901 -5.142228987310821 -5.412601829171487 -5.561025743218813 -5.689819724558283 -5.777049042664679 -5.847123221610706 -5.911062899715575 -5.9644210840233605 -6.006286306832297 -6.045929173768477 -6.083254652826077 -6.1155896286467435 -6.149763948774484 -6.178355102305331 -6.205036476934706 -6.2299509234526855 -6.253065248797418 -6.276342072651374 -6.296908833225741 -6.312976444915808
21
 -1.10430004121901 -6.619166388665179 -6.9083586843912315 -7.047469745466882 -7.1617359250605075 -7.24413235071963 -7.310287938299976 -7.390007065107139 -7.483258776406395 -7.528589586216563 -7.590780928122415 -7.628944228526813 -7.6782765761233875 -7.7038606139171035 -7.7470852586612775 -7.771594615511761 -7.800942759516673 -7.822920274586809 -7.850340845038062 -7.881624564876688 -7.905776205730922
21
 -1.10430004121901 -6.242595686238023 -6.525901919105775 -6.6638208481665515 -6.764875088332542 -6.850144463135929 -6.928636370638384 -6.987759766510082 -7.034356156007009 -7.099182398178203 -7.138266242417709 -7.1790790951659025 -7.213322570604385 -7.247189123182338 -7.279460603858195 -7.306766518951765 -7.337433008889963 -7.358709612622797 -7.385992720622213 -7.40718774619973 -7.4301137145327445
SAGA
10
21
 -1.10430004121901 -2.7379002117053965 -3.438591117206151 -3.9205161451469928 -4.298198889438114 -4.622552273346754 -4.886616801005993 -5.113400930264757 -5.329290493915157 -5.53914086324316 -5.723485069999209 -5.911962331252756 -6.061039814712366 -6.218807232554077 -6.358182663639192 -6.504662521603452 -6.634105337173347 -6.7776623937468425 -6.892452836775601 -7.0172060143890835 -7.121840521612725
21
 -1.10430004121901 -2.7457157829933454 -3.460436021390385 -3.93833044059881 -4.3231299833383225 -4.620027662491203 -4.8728969741644885 -5.135833142185979 -5.360461755826099 -5.555651333312658 -5.741636884516579 -5.901400575274152 -6.087874304617537 -6.231758708579439 -6.381328534586643 -6.534128429610405 -6.674359671465718 -6.805546084419973 -6.928994362674791 -7.04495744123382 -7.157001345352808
21
 -1.10430004121901 -2.715331848895074 -3.421081536339953 -3.9301943886426702 -4.308845723419263 -4.645758278286278 -4.921356905047307 -5.16419772338797 -5.379237176418404 -5.5905059521095115 -5.758383221840511 -5.900684928263845 -6.057336326769403 -6.1996739089041775 -6.3446512320599275 -6.464709681127883 -6.595595319311829 -6.700835083961601 -6.827475353788156 -6.953736626333267 -7.050571318575212
21
 -1.10430004121901 -2.720428431240994 -3.4522765015778814 -3.9722204185776713 -4.334784703493643 -4.651214953257171 -4.942025496069425 -5.177330513861759 -5.418471399175956 -5.602613992289355 -5.790997330494217 -5.964311349976661 -6.093610805529662 -6.244577657009455 -6.384178926342394 -6.532954296415678 -6.65886313172992 -6.781269926566089 -6.895215811135192 -7.002282565737361 -7.113905786207976
21
 -1.10430004121901 -2.7394330496467907 -3.450474843120249 -3.9484022321019485 -4.35125593233224 -4.678278920258049 -4.94891630151463 -5.194172704773016 -5.407124183199796 -5.598353871448137 -5.766076587545663 -5.926958817035431 -6.0929067499338885 -6.246847637456159 -6.378468757051693 -6.519187623694866 -6.622154676339317 -6.737292876903064 -6.855357952816596 -6.979708063250517 -7.11254689756489
21
 -1.10430004121901 -2.73792658827632 -3.4550371503269166 -3.968127467067746 -4.365603689426384 -4.683902281398035 -4.971498290958934 -5.229151032959138 -5.439403438441316 -5.612069676782758 -5.765760328469998 -5.935245892698368 -6.092963635908165 -6.253963259583843 -6.376257938899885 -6.518228577673603 -6.648674991471319 -6.767958770552593 -6.89621710542121 -7.000397510828756 -7.097073909748962
21
 -1.10430004121901 -2.7257706319302986 -3.444561045937209 -3.9485933009419685 -4.322948444330338 -4.6517282409743395 -4.892094595974781 -5.145485278695949 -5.346851540119573 -5.531775193060448 -5.731708431055403 -5.903228472345614 -6.05525673121792 -6.204645947600257 -6.3428061698419125 -6.46898292985028 -6.599564114488493 -6.735293357891024 -6.855923455171778 -6.974331554257805 -7.0778181356664325
21
 -1.10430004121901 -2.7003949045164517 -3.43507256057973 -3.914871391436086 -4.327582557150791 -4.668958960652603 -4.937761917039061 -5.154673250389214 -5.350243913826043 -5.552480177066324 -5.742319710383089 -5.901917784216936 -6.077205159963623 -6.229997024735324 -6.3846338779736005 -6.51545174829639 -6.657691055407888 -6.780910703296487 -6.902342143009536 -7.009662047759798 -7.128169310873574
21
 -1.10430004121901 -2.7350020412592384 -3.462785837975066 -3.910838656057424 -4.310362234358166 -4.63702766689173 -4.9170627326694385 -5.135601097384429 -5.370531565025058 -5.573422059330646 -5.7814967623325435 -5.943629908818826 -6.108262714649042 -6.266699761431453 -6.402892757344353 -6.518716856734698 -6.636471674264637 -6.752939269909352 -6.872722076276713 -6.994715884158114 -7.106261719213865
21
 -1.10430004121901 -2.7121731844745214 -3.445980438568463 -3.9240536403904014 -4.320042057693378 -4.647237664277427 -4.941286165950887 -5.1751580261969075 -5.379905861803751 -5.576576929125708 -5.7453241585824815 -5.920935235797627 -6.0994858562335965 -6.250594221638451 -6.4017579304798815 -6.5404731963657925 -6.647857089691474 -6.77545947830462 -6.898324675405504 -6.984973101728986 -7.103537220091807
ADAPTSAGA
10
21
 -1.10430004121901 -6.817523302223325 -7.692989882356754 -8.05873550879274 -8.43927710588208 -8.66096534713666 -8.896424860210141 -8.983290317336897 -9.265081224465051 -9.474753515959312 -9.652870951975183 -9.843459610457433 -9.969723111996528 -10.121363176780624 -10.168656661688628 -10.301637064895411 -10.432577186433505 -10.488234207177987 -10.623053071630578 -10.708167545462786 -10.80100669893204
21
 -1.10430004121901 -7.024347967631412 -7.829395971855838 -8.10539593128151 -8.495378483012828 -8.708740230761334 -8.94427118632884 -9.022541251504727 -9.303284956530842 -9.51168925684896 -9.678072359733452 -9.878417565043865 -10.00851587994959 -10.158825743093898 -10.209235661263426 -10.338806394843642 -10.474313853188795 -10.52906761234103 -10.670030068692249 -10.749442480972426 -10.842889506333007
21
 -1.10430004121901 -6.869827189977044 -7.734255883617641 -8.039261481443035 -8.429151589307637 -8.655312087090056 -8.888285443421466 -8.975559164608027 -9.269357084992789 -9.47585831782585 -9.649100992707735 -9.843518899434994 -9.9703492237991 -10.113955709438617 -10.157421864723778 -10.285550646105978 -10.425043338907452 -10.4790342675691 -10.61513719739762 -10.705601033727461 -10.796563029849423
21
 -1.10430004121901 -6.809007258336592 -7.725248235870343 -8.024300483268831 -8.418921681304635 -8.632273722378045 -8.887412503739037 -8.97200154760611 -9.25353254060135 -9.45920865917091 -9.627542555229306 -9.820735225994687 -9.944376269247378 -10.096879811506561 -10.153059916287347 -10.284552401367463 -10.416795639499613 -10.470801132569802 -10.610975573538369 -10.701558394096677 -10.795182658647828
21
 -1.10430004121901 -6.947149154029966 -7.750776224093634 -8.070887479948844 -8.460959755950558 -8.68543111831255 -8.923101794890092 -9.007495177635718 -9.285452074514101 -9.49274860075958 -9.65483345653424 -9.843431358340855 -9.967951970030628 -10.115682032063079 -10.164056662110907 -10.294018093357428 -10.424805813301848 -10.477459120179448 -10.61036630074765 -10.700414135836951 -10.78926157737115
21
 -1.10430004121901 -6.951412990402242 -7.777126480813294 -8.097129878107543 -8.491344226727586 -8.711545785888356 -8.939446474455233 -9.016031717253632 -9.29739195700363 -9.507305668482344 -9.685066748267655 -9.874505080066905 -9.995881573579258 -10.137034077743111 -10.185688177377797 -10.316529329860668 -10.44674130660592 -10.50249472093241 -10.638862959537109 -10.726655655547837 -10.817554156849829
21
 -1.10430004121901 -6.909186773029172 -7.722248129814236 -8.092287448276346 -8.481147730079698 -8.69991266439218 -8.923266345494286 -9.004173745908682 -9.277453904329837 -9.489141277567501 -9.656405709717003 -9.848377396398819 -9.977647449652073 -10.124756202639555 -10.178786455923404 -10.307843912938598 -10.440623943366093 -10.494936730083872 -10.633971498887993 -10.720947613036834 -10.815974545468961
21
 -1.10430004121901 -6.998845915535263 -7.8471606820762325 -8.172639114749007 -8.53817455467836 -8.739319585319592 -8.977988997112123 -9.050331438190948 -9.331319802849176 -9.54792985628954 -9.71489082381987 -9.892829209184058 -10.02235618455163 -10.159371193949273 -10.204290840045585 -10.32888917888339 -10.463046743319063 -10.510979968870453 -10.653793324763019 -10.745348526936798 -10.833934165571527
21
 -1.10430004121901 -6.885517302481968 -7.722360942259675 -8.111573382711702 -8.464535286237954 -8.67835075826835 -8.908950953440923 -8.980331401893713 -9.271297476247165 -9.492225437375325 -9.655370089086656 -9.845844876604776 -9.975655555368682 -10.123559301726699 -10.173928692519207 -10.299879690769476 -10.436015935087253 -10.491872224113413 -10.622694115346498 -10.710233515414698 -10.804346783849235
21
 -1.10430004121901 -6.958379299839324 -7.737456992672977 -8.059298475211035 -8.449391501856907 -8.673467820816617 -8.898389550438463 -9.01502416485441 -9.294189590001848 -9.510225870668279 -9.671456646179038 -9.85541914977098 -9.977840517993554 -10.126919070841119 -10.17357042193738 -10.306915252638799 -10.441245638985706 -10.49546447592138 -10.627415920259175 -10.718444772408 -10.808711215062512
ADAPTDoubling
10
21
 -1.10430004121901 -6.66466730828929 -7.171032624454831 -7.485091205162446 -7.824028549380279 -8.037654473254817 -8.237899310437465 -8.363901602493149 -8.522710102907133 -8.559346389232921 -8.695533361503827 -8.803587757527591 -8.85913114663662 -8.9743663908534 -9.069224210521597 -9.160000945621617 -9.260837052363101 -9.36853697644556 -9.445703419963834 -9.488822718620755 -9.543199998750678
21
 -1.10430004121901 -6.754824305964597 -7.178197532919974 -7.536504746257571 -7.867224885700346 -8.062461702433719 -8.241255932337973 -8.407796300543197 -8.58461721794189 -8.6780623276497 -8.796264630941828 -8.915869015783745 -9.025497238876111 -9.128468042064597 -9.214622545592663 -9.30114648713884 -9.381665688310159 -9.484020830208397 -9.53883108588521 -9.609512932226439 -9.677288009997861
21
 -1.10430004121901 -6.704724140924087 -7.2611869351898335 -7.663317960296104 -7.9402628314566845 -8.116872436364778 -8.314184539414859 -8.430612093395554 -8.569440284633249 -8.668584223681199 -8.766760711482348 -8.871059384710646 -8.950065064511646 -9.05929709241946 -9.198326146224023 -9.313523761892199 -9.41083756818601 -9.508753237748897 -9.597727521489661 -9.670930462313443 -9.72883473547631
21
 -1.10430004121901 -6.580092429185689 -7.07535421341128 -7.478559790871622 -7.809343117937705 -8.012594373016535 -8.162376051528577 -8.283234746118799 -8.421683184836192 -8.562561915493053 -8.666962891651345 -8.742439534813931 -8.847758605290144 -8.97214003649571 -9.05940096590834 -9.176484051009977 -9.299512253606672 -9.391662011007227 -9.435437698871157 -9.50009912262695 -9.574688637679074
21
 -1.10430004121901 -6.731540984101952 -7.2268282866032125 -7.535257286814643 -7.863739922866977 -8.111511745947976 -8.266845844402948 -8.384032058666234 -8.513630857676844 -8.653955892592503 -8.767330180743894 -8.886733400294546 -8.980950487031947 -9.076619923006579 -9.226452775894918 -9.349095168813678 -9.424993951713418 -9.511795011437913 -9.588604303902097 -9.659009234921655 -9.721751373532715
21
 -1.10430004121901 -6.691369656125358 -7.2579791059111916 -7.60444496359087 -7.875324105395944 -8.105170636611774 -8.205377859895746 -8.358419169147412 -8.490531026323175 -8.623927055787455 -8.733159737003092 -8.827303822928613 -8.949528975464418 -9.056640701928693 -9.173549291748502 -9.306030477338817 -9.41303545251002 -9.498162535547072 -9.557711326103826 -9.624334333369525 -9.665874448938181
21
 -1.10430004121901 -6.6364708791062625 -7.198463285825003 -7.537729605561349 -7.787847478217326 -7.997351336286904 -8.149444133369421 -8.271775364196728 -8.439804513607797 -8.504854663477952 -8.655376680887803 -8.764627836100422 -8.858522073886862 -8.962682425051453 -9.061056877101363 -9.152430109273027 -9.285714167126509 -9.39793380309753 -9.42954957182446 -9.519587767243861 -9.593539509553425
21
 -1.10430004121901 -6.722686323807312 -7.207883408813574 -7.586755691624956 -7.781265199625927 -7.958028711347387 -8.147985880138393 -8.305635551347253 -8.450237693477431 -8.548947686254637 -8.663308554438624 -8.78481901467782 -8.872736223079649 -8.99120946137787 -9.104922958535276 -9.197772510928774 -9.292587513010089 -9.376418693363828 -9.450711987163313 -9.516245957974313 -9.573228475340919
21
 -1.10430004121901 -6.682889328208228 -7.178178511019227 -7.541352266480042 -7.819723915849205 -8.021166363303033 -8.18321746829918 -8.39904711656482 -8.552135241466862 -8.627150626738027 -8.749652612727376 -8.879024480637643 -8.947141310763396 -9.049841974531496 -9.144213331718163 -9.210300030717434 -9.29738619680839 -9.36474020319023 -9.381169351722475 -9.41990366708511 -9.521952076000579
21
 -1.10430004121901 -6.574607140908387 -7.099566526633968 -7.520683110744451 -7.812965653718157 -8.00436132702176 -8.125295516204764 -8.310648718490027 -8.478812741310294 -8.612270122267534 -8.730056388355322 -8.847221989178207 -8.958670234246846 -9.014302600715286 -9.117261210641274 -9.266639004107013 -9.352032732285743 -9.452506836318138 -9.52534611870213 -9.57746003224511 -9.627359191551164
MainSSVRG
10
21
 -1.10430004121901 -3.934814762423599 -4.184861100235011 -3.7664407614657094 -4.097249139976478 -4.766791893780783 -5.2248932212651065 -5.260546817071061 -5.5449774300933905 -5.939559755888048 -6.031270895905595 -6.031270895905595 -6.031270895905595 -6.078819858348362 -6.405323697907431 -6.710641955085017 -6.993841628021832 -7.018086638728652 -7.018086638728652 -7.018086638728652 -7.018086638728652
21
 -1.10430004121901 -4.380324371531881 -5.159323687089187 -5.9578576115905575 -6.442804977002152 -6.559045278428382 -6.79433778593697 -7.216489532096209 -7.373765098812702 -7.373765098812702 -7.373765098812702 -7.373765098812702 -7.743367958221649 -7.899366450263829 -7.899366450263829 -7.899366450263829 -7.899366450263829 -7.899366450263829 -7.899366450263829 -7.899366450263829 -7.899366450263829
21
 -1.10430004121901 -2.9019544705174023 -3.0857993256217515 -5.119634227769705 -5.817543944595871 -5.817543944595871 -5.817543944595871 -5.817543944595871 -6.086551684213634 -6.086551684213634 -6.086551684213634 -6.086551684213634 -6.086551684213634 -6.086551684213634 -6.086551684213634 -6.086551684213634 -6.086551684213634 -6.086551684213634 -6.086551684213634 -6.672413833866497 -7.341846150477007
21
 -1.10430004121901 -3.6745983889220857 -5.178123057046188 -5.825867416257456 -5.833143397557209 -5.878540198668 -5.878540198668 -5.878540198668 -5.94644773721348 -6.613339173664424 -6.811488859910347 -6.811488859910347 -6.811488859910347 -6.811488859910347 -6.811488859910347 -6.811488859910347 -6.811488859910347 -6.811488859910347 -6.811488859910347 -6.811488859910347 -6.811488859910347
21
 -1.10430004121901 -4.056500829654937 -4.567693930806418 -5.49610650309794 -5.914226085675119 -5.914226085675119 -6.328531437786458 -6.634440761540636 -6.659113687302382 -6.659113687302382 -6.659113687302382 -6.780682970056901 -7.170849471417307 -7.534341983418924 -7.699791678637519 -7.699791678637519 -7.699791678637519 -7.699791678637519 -7.699791678637519 -7.699791678637519 -7.699791678637519
21
 -1.10430004121901 -4.339182930199366 -5.059861986604761 -5.821782455400319 -6.100067252339521 -6.273339219258527 -6.855055880909785 -7.338938123306574 -7.628844593682106 -7.628844593682106 -7.628844593682106 -7.628844593682106 -7.901044202064147 -8.272469985474547 -8.535916328284127 -8.535916328284127 -8.535916328284127 -8.535916328284127 -8.535916328284127 -8.535916328284127 -8.535916328284127
21
 -1.10430004121901 -4.067052252611864 -4.140287629224762 -5.4300288321228365 -5.983195980540273 -6.030701822547151 -6.273452133167781 -6.47416684867356 -6.47416684867356 -6.47416684867356 -6.47416684867356 -6.807734363430465 -6.844918483126096 -6.844918483126096 -6.844918483126096 -6.844918483126096 -6.844918483126096 -6.844918483126096 -6.844918483126096 -6.844918483126096 -6.844918483126096
21
 -1.10430004121901 -4.35821820473393 -4.731696722196954 -4.467541937983058 -4.934376959597772 -5.299976311661689 -5.4750604251073165 -5.5440731593947215 -5.671093026199057 -5.671093026199057 -5.671093026199057 -5.71624636018543 -5.863631773708142 -5.863631773708142 -5.863631773708142 -5.863631773708142 -5.863631773708142 -5.863631773708142 -5.863631773708142 -5.863631773708142 -5.863631773708142
21
 -1.10430004121901 -4.892151459361902 -4.970198498387757 -4.69264168046546 -4.831901038552466 -5.01662877205403 -5.393160654241231 -5.570097110753965 -5.570097110753965 -5.570097110753965 -5.570097110753965 -5.870373069083353 -6.189242018079302 -6.333754890455602 -6.333754890455602 -6.333754890455602 -6.333754890455602 -6.333754890455602 -6.333754890455602 -6.333754890455602 -6.333754890455602
21
 -1.10430004121901 -4.761518489190762 -4.921775007113766 -4.384041745846311 -4.703400012791586 -5.065888028879465 -5.341767296516901 -5.384670315529136 -5.6143027559499386 -5.958018112861989 -6.253596103475818 -6.483986523804348 -6.483986523804348 -6.483986523804348 -6.483986523804348 -6.678265522109448 -7.054435390978823 -7.414615748904463 -7.572472996938846 -7.572472996938846 -7.572472996938846
SGD:0.05
10
21
 -1.10430004121901 -7.52269195962346 -8.144877319821443 -8.501271702094034 -8.880058714896965 -7.9326328480164925 -8.412586158949818 -8.801247749236184 -8.496862336182097 -9.244285460815076 -8.661861027802543 -8.489151749569084 -8.53191542435956 -8.46927301734016 -8.971046092001064 -8.426734412341972 -9.019693619724125 -9.087992725293546 -8.167552044585676 -8.537193762013104 -9.03381355650952
21
 -1.10430004121901 -7.916739257695787 -8.516565336704817 -7.64710765229713 -8.310848586159802 -8.820678161320924 -8.51870609971194 -8.912169552633788 -8.108779714030124 -8.030025626442571 -8.592467571893454 -8.241100193864895 -9.111517465059906 -8.694104227541402 -8.869299928108001 -8.40462488492221 -8.58525819488354 -8.464554878211633 -8.664401183334798 -8.803882113947779 -8.650347903549509
21
 -1.10430004121901 -7.482188801730524 -8.46877220310688 -8.77217310521348 -8.798027440922255 -9.005049467259242 -8.995066624326201 -8.710861175448569 -8.828930740746586 -8.863137052119306 -8.399399366078844 -8.859832284062476 -8.640377871091944 -8.832249862708853 -8.572375689368405 -8.764527797695097 -7.853829635453139 -8.795434011298806 -8.846292334152901 -8.603685326902953 -8.372663649011493
21
 -1.10430004121901 -7.128663708087321 -8.486023148170863 -8.631007832743569 -8.761419660222339 -8.566108528074222 -8.98395146191509 -9.05406312960491 -8.657631471381597 -8.636956563640474 -8.381671369346398 -8.700398129772594 -8.680098223090189 -8.686139643921365 -8.9943117926458 -8.794824953076649 -8.73903760670487 -8.429224943679717 -9.00318582511118 -8.627217421432725 -8.472328686732203
21
 -1.10430004121901 -7.38813788458569 -8.296638123711645 -8.766002430353764 -8.596330105709786 -8.863467265345003 -8.729768587728216 -8.848200015989294 -8.343748366764533 -8.802210819804898 -8.541817762622541 -8.209238747354176 -8.14488247125498 -8.161358095755366 -8.79211054219399 -8.870527781731187 -8.501951675375478 -8.268213426534285 -8.566999308167233 -8.638913036999861 -8.50594220894714
21
 -1.10430004121901 -7.677662107705604 -8.52626515237211 -8.93275267723218 -8.736132065286068 -8.435786800246733 -8.385989060671253 -8.886756759470144 -8.236338245607786 -8.83749515751359 -8.858229917536006 -8.484263982826512 -8.072446103931513 -9.013624703959353 -8.781846991000979 -9.188862571086482 -8.861631685948954 -8.638032486480979 -7.888860262142852 -9.068037628251092 -8.06059971023125
21
 -1.10430004121901 -7.676779207262497 -8.48888511159336 -8.768588204777277 -8.572599896766594 -8.59743373608264 -8.952740767300735 -8.819528564878604 -8.156489477151668 -8.818071838226528 -8.867859744722951 -9.070021878586608 -8.588341390822288 -8.334503485572172 -8.225857011956588 -8.750961603919244 -8.910302519465704 -9.210408683692169 -8.76344614824661 -8.75331094492807 -8.914212089289162
21
 -1.10430004121901 -7.357225697465002 -8.004201547644284 -8.434957517347684 -8.206837627175748 -8.855211442153553 -8.07934893147672 -8.343471597046243 -8.522279060589646 -8.275467504172752 -8.784931616970896 -9.015721781436165 -8.271050719230399 -8.650795193696242 -8.92794248016708 -8.271860795546264 -8.676035979336552 -8.397875409240852 -8.50465034346931 -8.917100820037355 -8.919354150092552
21
 -1.10430004121901 -7.650377683848325 -8.343810880164707 -8.051785071916669 -8.519364703897274 -8.337940546732366 -8.537609333402656 -9.010065595691529 -8.505424286706601 -8.332404743672532 -8.560041572015459 -8.532748499204814 -8.520495267846291 -8.69932602326328 -9.084436085831783 -8.45397400224998 -8.879675950275708 -8.501000537069057 -8.511313498505643 -9.166474767224795 -8.873213980511157
21
 -1.10430004121901 -7.8265947864965995 -8.265290425967637 -8.510552368664072 -8.564970387592995 -8.589203764994283 -8.683289001850397 -8.700467707181753 -8.794811160780695 -8.871023871163999 -8.578329182381815 -8.192114753716346 -8.424086737779035 -8.582735411100506 -9.11129976007604 -8.55801347666253 -8.362965284613812 -8.360035286157121 -9.15673383826485 -9.0601053940526 -8.721107366432442
SGD:0.005
10
21
 -1.10430004121901 -4.222507816462581 -5.285755123865424 -5.936165702217431 -6.471717772464725 -6.8752352571247295 -7.253351255653852 -7.623733839662242 -7.964559676235693 -8.368563137889053 -8.693264723689122 -8.983714253440604 -9.258150084884777 -9.53923351505069 -9.822848793031014 -10.025891947664352 -10.129723192467036 -10.447451282106467 -10.615275027855382 -10.676743492267077 -10.804784288279144
21
 -1.10430004121901 -4.227146292625286 -5.262573856305346 -5.9846098281002575 -6.453327783732245 -6.864376048005992 -7.221554594324589 -7.623586218722955 -7.98112261897999 -8.33752786242287 -8.686042724602913 -8.94607870290197 -9.277307239780185 -9.589653868503367 -9.719337698432929 -10.069634522685226 -10.2569807286577 -10.412036659246404 -10.488593404984258 -10.768650751764556 -10.739325615154737
21
 -1.10430004121901 -4.231510090647842 -5.229638150780465 -5.970169677383093 -6.470429249514245 -6.922528971136387 -7.3459547451901495 -7.631384825378958 -7.9671258568032455 -8.18081835085107 -8.465759349692599 -8.728654956885965 -9.010878477422645 -9.26779083706855 -9.482774531321066 -9.550347105229944 -9.682430093218064 -9.898529970098505 -10.092096681722387 -10.205360719900343 -10.418068302931399
21
 -1.10430004121901 -4.219586845797261 -5.2280791080286 -5.938219647494404 -6.4850012208213155 -6.988255564618586 -7.419165475340035 -7.785151817150799 -8.090997058353222 -8.322698204138206 -8.66221771066317 -8.931070415185514 -9.184683820623087 -9.386529182657716 -9.672770917913418 -9.841883894828644 -10.055270263698425 -10.29934143480726 -10.378338118846228 -10.549437392605164 -10.627474065886194
21
 -1.10430004121901 -4.2807034915423285 -5.3086337830581165 -5.97287462928588 -6.545835606458121 -6.990167618089908 -7.367112870135962 -7.689005228779482 -8.044413421714953 -8.245184852019909 -8.573410896004544 -8.73975810283207 -8.947241549886897 -9.06136259835421 -9.338339979373508 -9.532558773921508 -9.666541671820012 -9.920563450732777 -10.037791289684904 -10.150040927481625 -10.45253983786636
21
 -1.10430004121901 -4.266519115663051 -5.288281874326008 -5.976182493810645 -6.536551352499693 -6.967745848607433 -7.3417207612460516 -7.717891387244449 -8.02537135996105 -8.332725475418867 -8.609593828138893 -8.939163980931315 -9.190701920761402 -9.447537129645642 -9.767160086848733 -9.917392003792587 -9.97075452585181 -10.18680791917521 -10.32612390571586 -10.534351308616722 -10.476178473284376
21
 -1.10430004121901 -4.287815953094338 -5.345415584669227 -5.959230539703297 -6.500435152520688 -6.925457681297871 -7.298372892062702 -7.68019489913995 -8.022515371968966 -8.360695014996827 -8.669851368514728 -8.896743051763096 -9.147311668217453 -9.373295640479604 -9.67743753305521 -9.919814993553546 -10.169367082153112 -10.365701373918847 -10.315239535377941 -10.56094929252984 -10.58541491780198
21
 -1.10430004121901 -4.233493574538364 -5.228294033046346 -5.962383617559858 -6.460860322959091 -6.921205462356657 -7.317034665064076 -7.630711065661807 -7.907648057614502 -8.199909309572035 -8.424796335073463 -8.789056351065335 -8.988847083276173 -9.136793053096643 -9.310765264405724 -9.687005887110884 -9.923187193900011 -10.114382993186801 -10.453461841005362 -10.594788874489796 -10.85405686930999
21
 -1.10430004121901 -4.245633866499623 -5.274608952966965 -5.902500159718225 -6.401986676473724 -6.891496247273936 -7.288761231419885 -7.616716563581313 -7.935320268318001 -8.227207758497164 -8.390329590204182 -8.540607071570049 -8.862519757507137 -9.03475270032363 -9.322142557427696 -9.549646626009133 -9.626183321370497 -9.941551436434576 -10.168521535887828 -10.52427235517557 -10.604495338819984
21
 -1.10430004121901 -4.262612906097093 -5.274509691412577 -5.932915311502861 -6.4487185891200145 -6.9003269444058635 -7.297925815303519 -7.6847792828349295 -8.016845118563683 -8.337864499113547 -8.619364371225606 -8.932855715312892 -9.15143307743132 -9.48771081307253 -9.818414636282494 -9.959046011508747 -10.084703167276134 -10.308796618755952 -10.469862277095354 -10.638615730577603 -10.986294336444248
StreamingSVRG
10
21
 -1.10430004121901 -4.588495329413961 -5.3786531387095575 -6.268046323819963 -6.857206894978993 -6.857206894978993 -7.3954969181297034 -7.783535437729585 -8.299961917858242 -8.589401466107661 -8.643737690979743 -8.643737690979743 -8.643737690979743 -8.643737690979743 -8.985726382285772 -9.424597428062313 -9.713221157999149 -10.18947870313774 -10.27078632531134 -10.511602572495011 -10.507939602183907
21
 -1.10430004121901 -4.623605556396264 -5.465525574156017 -6.308783749193261 -7.037904866770211 -7.463282267429751 -7.904856253449978 -8.402105004022369 -8.51513308849507 -8.632232056717976 -8.797063183612048 -8.797063183612048 -8.797063183612048 -8.797063183612048 -9.143733340833522 -9.652366126171307 -9.77987483549806 -9.77987483549806 -9.77987483549806 -9.77987483549806 -9.77987483549806
21
 -1.10430004121901 -4.577606773051658 -5.810322082300496 -6.591109070973084 -7.22660457495648 -7.626797070055489 -8.196090965351491 -8.601876057836758 -8.880447325460628 -9.174267091091941 -9.526473029792413 -9.876470585436131 -9.91101266252315 -10.133405037772636 -10.219020125306498 -10.528076196761518 -10.421800949840692 -10.532002294187839 -10.445086282905772 -10.433005788347419 -10.573659444320043
21
 -1.10430004121901 -4.582886142112672 -5.409737816449016 -6.302271781573828 -6.917066658725182 -7.5027692051797015 -7.998294799212247 -8.570708257305808 -9.033825413449284 -9.362467965987515 -9.572282147078944 -9.959897568222466 -10.088858606581436 -10.221517170938526 -10.357823584296025 -10.347458136045722 -10.52950416167617 -10.767598480074179 -10.905609691590655 -10.905609691590655 -11.229343886702889
21
 -1.10430004121901 -4.584523303115436 -5.930297039019738 -6.709426393832362 -7.214461390029823 -7.577833035462299 -8.033985561804139 -8.379888430323454 -8.804202451127848 -9.204996432884109 -9.225068352339868 -9.366630663088447 -9.550151128992464 -9.814537237801291 -10.230666590995208 -10.530438964548033 -10.755892713604268 -10.96091367370901 -10.938377885976276 -11.28068675078492 -11.26301398504342
21
 -1.10430004121901 -4.549249433839491 -5.787692276673361 -6.645382447596213 -7.242985203161775 -7.699315006215801 -8.033775293267038 -8.436871258551212 -8.766914119781347 -9.1285610291836 -9.399351902320435 -9.685334394809852 -9.59324430497201 -10.044510039883438 -10.54217101455294 -10.33123736462759 -10.33123736462759 -10.692297833102408 -10.776656674472733 -10.776656674472733 -10.776656674472733
21
 -1.10430004121901 -4.632758746279989 -5.79232632157991 -6.155617778850538 -6.884849605288313 -7.298593878955326 -7.6323767772973135 -8.074813961136973 -8.593669197484195 -8.999620440172054 -9.30092280098521 -9.71470912712698 -10.065847087998161 -10.134991906687745 -10.348914521582973 -10.453118685487526 -10.508447662317732 -10.728719235071159 -11.147407336861274 -11.198686266702543 -11.159189218969829
21
 -1.10430004121901 -4.569353414258283 -5.753237495221107 -6.493290900901614 -7.143234429794527 -7.711125738300591 -8.09917358271144 -8.316419011720063 -8.818181516875338 -9.078856598380119 -9.294907774907662 -9.541553508492298 -9.77028786236375 -9.80705751567352 -10.126562785204943 -10.31533987618941 -10.678630016672875 -10.709053720907397 -10.801027804360201 -11.113971993055321 -11.121851086586673
21
 -1.10430004121901 -4.598458210106202 -5.855297463311793 -6.629487523384831 -7.293045910665255 -7.818277365291382 -8.208068829226432 -8.656876605243967 -8.984708180270667 -9.354433303855968 -9.67817262417944 -9.88064541833101 -10.008101188249057 -10.18241485792687 -10.429913586151045 -10.609337084836602 -10.677679163220843 -10.659705020030254 -10.847789960723185 -10.81832015067382 -10.913998409378504
21
 -1.10430004121901 -4.650086363890472 -5.8615502414042755 -6.598470736460359 -7.21737955268635 -7.714971997126208 -8.138438803351397 -8.549534188964957 -8.970568319304236 -9.319420928059465 -9.524548135404409 -9.635519547459264 -9.632479702810954 -9.883185753250602 -10.124093242931282 -9.96045049526337 -10.387721567924634 -10.474908258401452 -10.669675816866551 -10.948796956871751 -10.882764127506793
steps
10
21
 0 2500 5000 7500 10000 12500 15000 17500 20000 22500 25000 27500 30000 32500 35000 37500 40000 42500 45000 47500 50000
21
 0 2500 5000 7500 10000 12500 15000 17500 20000 22500 25000 27500 30000 32500 35000 37500 40000 42500 45000 47500 50000
21
 0 2500 5000 7500 10000 12500 15000 17500 20000 22500 25000 27500 30000 32500 35000 37500 40000 42500 45000 47500 50000
21
 0 2500 5000 7500 10000 12500 15000 17500 20000 22500 25000 27500 30000 32500 35000 37500 40000 42500 45000 47500 50000
21
 0 2500 5000 7500 10000 12500 15000 17500 20000 22500 25000 27500 30000 32500 35000 37500 40000 42500 45000 47500 50000
21
 0 2500 5000 7500 10000 12500 15000 17500 20000 22500 25000 27500 30000 32500 35000 37500 40000 42500 45000 47500 50000
21
 0 2500 5000 7500 10000 12500 15000 17500 20000 22500 25000 27500 30000 32500 35000 37500 40000 42500 45000 47500 50000
21
 0 2500 5000 7500 10000 12500 15000 17500 20000 22500 25000 27500 30000 32500 35000 37500 40000 42500 45000 47500 50000
21
 0 2500 5000 7500 10000 12500 15000 17500 20000 22500 25000 27500 30000 32500 35000 37500 40000 42500 45000 47500 50000
21
 0 2500 5000 7500 10000 12500 15000 17500 20000 22500 25000 27500 30000 32500 35000 37500 40000 42500 45000 47500 50000
