9
DataDrivenNewton
1
14
 0.56278551890626 0.30769042609667085 0.1925351744414068 0.12395343147703289 0.08024054696931462 0.050942290605589885 0.031211969094693814 0.019165324192211786 0.010045673252082027 0.003701296821477962 1.4749618628925876E-4 8.096649145861168E-7 2.335704685219042E-10 2.886579864025407E-15
steps1
1
14
 0.0 0.033501585741725105 0.06700317148345021 0.10050475722517532 0.13400634296690042 0.20100951445035065 0.3350158574172511 0.6030285433510519 1.1390539152186536 2.139053915218654 3.139053915218654 4.139053915218653 5.139053915218653 6.139053915218653
time2
1
14
 0.0 1.427 2.261 3.314 4.5969999999999995 5.481999999999999 7.162999999999999 10.849 17.739 31.396 54.871 78.958 107.226 129.89
newton-static
1
13
 0.56278551890626 0.29841348546956326 0.17455923820792865 0.1008431294804599 0.054819768377125794 0.022681320845501673 0.007351884459540381 0.0015976233158461195 1.8849395445355577E-4 7.657501470859085E-6 2.6511102313442336E-8 4.664324482206439E-13 9.992007221626409E-16
steps4
1
13
 0.0 1.0 2.0 3.0 4.0 5.0 6.0 7.0 8.0 9.0 10.0 11.0 12.0
time5
1
13
 0.0 33.894 62.825 92.21300000000001 115.83000000000001 142.87400000000002 166.11800000000002 188.85700000000003 216.79800000000003 243.26200000000003 269.56 291.402 313.813
saga
1
89
 0.56278551890626 0.008224819421821183 0.004460680761399993 0.0017422592730726993 0.0011103492553008465 5.437990104288359E-4 3.6743862025348517E-4 2.0224965883205992E-4 1.2090536983275224E-4 8.369062352514556E-5 5.5505954344170494E-5 3.625986270675008E-5 2.5050908015106232E-5 1.949430925959894E-5 7.831540223132705E-5 8.932049031601386E-6 1.1769215308710113E-5 1.5491031439968106E-5 6.905127390127719E-6 2.190729729983909E-6 2.5563169474829284E-6 1.4402220616660522E-6 7.537058853146483E-7 1.1589344628137876E-6 7.734920827728864E-7 4.6998427638555995E-7 2.179001795943325E-7 1.745583085022151E-7 3.019301019480114E-7 1.9574838663882765E-7 1.477472831579174E-7 8.540141729906914E-8 3.870927378635258E-8 3.331405831752399E-8 2.0261993471937245E-8 2.2900968621453188E-8 9.955439334019545E-9 3.732063033612398E-8 7.717622679814795E-9 4.752208515590439E-9 4.249476465156832E-9 3.1853280568761022E-9 3.023728933904124E-9 1.4743872761568966E-8 1.2585074926629858E-9 3.376569959745446E-8 2.1012196982361786E-9 5.841907513293165E-10 3.6797809244148993E-10 5.954317872092219E-10 3.466938958140986E-10 1.0030787311876566E-10 7.90129905947623E-10 8.070416557259819E-11 1.507768632169615E-10 3.565342465705612E-11 3.6944233783309244E-10 1.9492935043885495E-11 1.8525561640281296E-10 3.28982396879951E-11 2.207448113189514E-11 8.878570101344962E-11 1.1715434178327655E-11 9.46445699590015E-12 5.618533416296145E-12 2.485678329833263E-12 1.2585857356306462E-10 1.5817902543346918E-12 2.106231855592E-12 7.1137540302856905E-12 1.9757806501985442E-12 9.292011604600248E-13 9.565431779989808E-12 7.90811860440499E-13 5.186129303780262E-13 3.4122704661854186E-13 2.2296053892034706E-13 4.693190280846693E-13 5.767608612927688E-13 1.618427614147322E-13 8.72635297355373E-14 1.785516179353408E-13 1.1632361740510078E-13 2.5979218776228663E-14 2.5396351688300456E-14 2.0095036745715333E-14 1.3031242751537775E-13 1.8071655283335986E-13 6.494804694057166E-15
steps7
1
89
 0.0 1.0 2.0 3.0 4.0 5.0 6.0 7.0 8.0 9.0 10.0 11.0 12.0 13.0 14.0 15.0 16.0 17.0 18.0 19.0 20.0 21.0 22.0 23.0 24.0 25.0 26.0 27.0 28.0 29.0 30.0 31.0 32.0 33.0 34.0 35.0 36.0 37.0 38.0 39.0 40.0 41.0 42.0 43.0 44.0 45.0 46.0 47.0 48.0 49.0 50.0 51.0 52.0 53.0 54.0 55.0 56.0 57.0 58.0 59.0 60.0 61.0 62.0 63.0 64.0 65.0 66.0 67.0 68.0 69.0 70.0 71.0 72.0 73.0 74.0 75.0 76.0 77.0 78.0 79.0 80.0 81.0 82.0 83.0 84.0 85.0 86.0 87.0 88.0
time8
1
89
 0.0 2.0769999999998823 4.453999999999822 7.00600000000052 11.150999999999287 13.35799999999807 15.475999999996896 17.588999999998542 20.967000000002134 23.160000000004814 25.304000000007434 27.473000000010078 30.66700000001364 32.80500000001339 34.9040000000085 37.0570000000035 42.651999999997024 44.98299999999161 47.11199999998665 49.27799999998161 53.820999999974504 57.364999999967274 60.304999999961126 62.48099999995607 65.47999999996019 68.46099999997439 70.57299999998446 72.73299999999476 74.99600000000477 77.08900000001474 79.17300000002467 81.3210000000349 83.68000000004486 85.76900000005483 87.87800000006487 90.03900000007513 92.34800000008505 94.42700000009496 96.52500000010497 98.68300000011526 101.55100000012774 103.64000000013772 105.72400000014767 107.86500000015789 110.21500000016782 112.30400000017778 114.39300000018773 116.549000000198 118.96200000020792 121.06900000021798 123.15100000022792 125.30800000023817 127.67700000024831 129.7870000002584 131.91800000026856 134.24900000027966 136.51500000028975 138.70000000030015 140.8660000003105 142.9810000003206 145.52000000033053 147.62200000034056 149.77700000035082 151.89100000036092 154.28700000037082 156.43300000038107 158.62000000039149 160.75400000040167 163.3540000004117 165.510000000422 167.67700000043232 169.78600000044239 174.18300000046167 178.15900000048066 180.37000000049122 182.51100000050144 185.2820000005137 188.09100000052712 190.31800000053775 192.76100000054814 195.27800000056016 197.83000000057234 199.9980000005827 202.4320000005928 205.02300000060512 207.81300000061844 210.03800000062907 212.59900000063936 215.18600000065172
