10
SGD
10
41
 -1.127025479716263 -6.103932606832924 -6.403703479499051 -6.572494192101269 -6.682021175151034 -6.790113236377131 -6.874902555384965 -6.94325701298299 -6.999146214544706 -7.045796967155271 -7.085507265604135 -7.122719054202391 -7.167655404796345 -7.197843885902698 -7.231376333014918 -7.259988998470811 -7.290440389014788 -7.315268885936806 -7.340427553807378 -7.363618709941071 -7.388375083365821 -7.408517328152823 -7.430115387713446 -7.447182131258953 -7.461721920731697 -7.476275453308705 -7.49185439491525 -7.508719505792207 -7.524170606385138 -7.538930979406446 -7.55308071001101 -7.5667126763650385 -7.579048797565119 -7.59249588133046 -7.602128305379398 -7.613889299158687 -7.626667761799158 -7.6375528418918455 -7.649638866142434 -7.660932998050631 -7.671894070089865
41
 -1.127025479716263 -6.371982818749155 -6.648777331215146 -6.837819458893297 -6.957345944922632 -7.066841150730583 -7.142288695556528 -7.2003561027506 -7.255975017445205 -7.2990949222449215 -7.347867993004613 -7.390706849644161 -7.416703584859842 -7.448147486254489 -7.479458874244251 -7.509793932308586 -7.539272286524329 -7.561995889283968 -7.591354193822608 -7.609826333436065 -7.62916719796776 -7.652715382750772 -7.673180072424293 -7.69196859644053 -7.711642001198261 -7.729539342173813 -7.742377093510071 -7.75661725910345 -7.768659281923177 -7.783564041522092 -7.798499465755958 -7.809939599965298 -7.825175090297276 -7.841051359283769 -7.858765050887038 -7.873579679962579 -7.8867779179559525 -7.898010735915124 -7.909735957224648 -7.920235348849084 -7.929982590983154
41
 -1.127025479716263 -5.9784348280982815 -6.3367800426992975 -6.511504845117404 -6.651180209613165 -6.764407612577247 -6.834075875470261 -6.898191469137999 -6.953550919348965 -6.993041289051107 -7.033328667288875 -7.075343094407155 -7.112478779768396 -7.1440410671169 -7.17599559105675 -7.216714138028441 -7.242703620578593 -7.269056784233517 -7.2954564902201335 -7.319124634364971 -7.341548960182737 -7.35993661049333 -7.380358645801788 -7.39644128509926 -7.416444166043762 -7.432595599400437 -7.4503563832247135 -7.46590511806141 -7.484758127910483 -7.5022878591792885 -7.51278886106956 -7.528597678790693 -7.543952868093447 -7.5578080320743295 -7.571890680928344 -7.583529058718319 -7.593042977893551 -7.602804342497656 -7.610421121571489 -7.619935669605244 -7.629568013384189
41
 -1.127025479716263 -6.545679529192172 -6.837605379016276 -6.993558099565748 -7.088456334789729 -7.179842932498038 -7.2530661372809195 -7.320832310628327 -7.373602462355992 -7.421097053313416 -7.464090333748571 -7.490064339931746 -7.534289161636429 -7.566157059860395 -7.589473438914714 -7.617741154198316 -7.642781101036552 -7.672261457929822 -7.693169224906163 -7.714388599614694 -7.737849211947126 -7.757565464170291 -7.778359245576531 -7.794443429429063 -7.810436616199858 -7.826892026255254 -7.842787325883743 -7.857206899317689 -7.871448935406624 -7.885753006234893 -7.89826598970315 -7.9085594601040805 -7.9220638686992 -7.934110144644376 -7.946290481894754 -7.956589329857279 -7.970176604903118 -7.981317343765792 -7.993217779585572 -8.005124588739939 -8.013386903425953
41
 -1.127025479716263 -6.894197501529707 -7.165030144087096 -7.307340433523214 -7.412524657254369 -7.525081960065693 -7.596190122515269 -7.657248594619913 -7.709167004154282 -7.767185168269392 -7.809047902286816 -7.8511819271682945 -7.893493204844332 -7.9263622612663545 -7.963832475955714 -7.986926523264407 -8.00597319730193 -8.029521510546859 -8.0444222388712 -8.065251241820825 -8.091195704318517 -8.115118195568089 -8.144351054162742 -8.164802777728436 -8.181569669804853 -8.195047790827388 -8.214241396386836 -8.238759482360766 -8.257714697688247 -8.268453114388194 -8.284024655085293 -8.300866622702607 -8.311314127096747 -8.329163377049484 -8.34338349721919 -8.359329722196092 -8.373419014400389 -8.383139642129413 -8.393850887235148 -8.405312762920445 -8.415872085495268
41
 -1.127025479716263 -6.592079244980469 -6.877001320934192 -7.036495217126114 -7.1659726832460935 -7.26541310965035 -7.34411671542559 -7.399179967926019 -7.454569767669259 -7.502861201137556 -7.559222950394242 -7.596671558866737 -7.628128254225973 -7.653952808889689 -7.679243888713119 -7.7100417323895085 -7.739436809422078 -7.766652672101329 -7.789579996929893 -7.812903615604544 -7.837672102953322 -7.855838557788571 -7.875876617807163 -7.8979109935456515 -7.917108242303768 -7.9305141097953715 -7.944257456064395 -7.961880555857308 -7.9783126533469275 -7.989944226842987 -8.00473611383327 -8.016450527769068 -8.027816389118016 -8.039910757598655 -8.05111240977533 -8.06375848589069 -8.07798378208322 -8.088644260765863 -8.098932418144067 -8.10933905426497 -8.11750195718308
41
 -1.127025479716263 -6.525954848858775 -6.854392513719725 -7.020495723177538 -7.127021197718395 -7.242530375770771 -7.319166980215013 -7.381465672384915 -7.457511723737532 -7.505056955713031 -7.538720598193077 -7.572931409302845 -7.612866132215316 -7.641493447661875 -7.670029818129818 -7.703065732396302 -7.726748842935235 -7.752197412228213 -7.777268676517207 -7.796768968152427 -7.818429900767972 -7.8434688189909405 -7.866871241458925 -7.881391885447398 -7.896352379798723 -7.916062508613115 -7.928627453545248 -7.941633022952498 -7.958727238434999 -7.970079043329633 -7.9848811923050125 -7.996641474930425 -8.00834282415908 -8.01970356441519 -8.031270790094826 -8.044039228362141 -8.056822140096331 -8.068815881051222 -8.077160785851255 -8.086545418228285 -8.09727425407095
41
 -1.127025479716263 -6.354456892627332 -6.627556124039844 -6.7958103040722095 -6.907174963696679 -6.985545787000695 -7.0714395312827385 -7.135384943849653 -7.175064447208028 -7.221374137204947 -7.253635534769014 -7.304384710759628 -7.339059784865036 -7.374421621181509 -7.407590903735031 -7.453189874626635 -7.479466818741328 -7.504259837756646 -7.530330328503475 -7.551412469665307 -7.576417995718448 -7.597567223884278 -7.61912156763598 -7.649370678913696 -7.663278590671433 -7.682567099478182 -7.698375370020845 -7.714641800588634 -7.731999118150063 -7.74252435382885 -7.753161751405068 -7.765890824515366 -7.779824424983129 -7.792060697751844 -7.808721374316739 -7.824000499235417 -7.836160355310029 -7.850308619744665 -7.860825172419065 -7.872766888442327 -7.88286088443682
41
 -1.127025479716263 -6.371145420104351 -6.64811096181827 -6.834613919601045 -6.948656464026263 -7.036544865929591 -7.113670233805683 -7.174521531217989 -7.235782298187853 -7.301379338588013 -7.344676042120212 -7.381092399290647 -7.416676950874417 -7.454663184317333 -7.483202725310488 -7.513400657616139 -7.541311743642173 -7.558337399698148 -7.585987533922567 -7.6062592956137 -7.627937477273943 -7.645169816906611 -7.664168448715909 -7.681195564658844 -7.695163843964211 -7.709108257015319 -7.7243149287898945 -7.736985238820656 -7.753298748681102 -7.766920316134529 -7.783776500535051 -7.7947565140364565 -7.807192654843807 -7.821049815312689 -7.832288508477046 -7.842519304201686 -7.850343725919383 -7.859903408261532 -7.87027253735603 -7.8822892955124075 -7.892535045048051
41
 -1.127025479716263 -6.508511493516649 -6.767145593039066 -6.902057603434642 -7.02546262220454 -7.108355431195149 -7.189492842679358 -7.252429968514051 -7.318977142729004 -7.374758227435572 -7.422236160032574 -7.459131004259441 -7.50042238837248 -7.539209876153345 -7.570199315685621 -7.59710700486408 -7.61943118154953 -7.6472416249700546 -7.670658405386983 -7.695397834771943 -7.715118465021883 -7.736111090459878 -7.754955912695512 -7.771191761019904 -7.784222210536722 -7.801986012082552 -7.817971061856555 -7.834775590685257 -7.848202390408979 -7.860516862522206 -7.876028479764981 -7.887886386131676 -7.898920291954943 -7.910573838866792 -7.92372320377657 -7.934397272087045 -7.947257348258957 -7.955717986449757 -7.9654616546643675 -7.974817701350945 -7.9827157045752415
SAGA
10
41
 -1.127025479716263 -2.774231103004985 -3.512495293346121 -4.032105266353597 -4.423655026766992 -4.730891952711603 -5.0146838348066884 -5.260375852008186 -5.504414383240855 -5.720168094198149 -5.896359472963619 -6.060638833870651 -6.214974608859754 -6.371156536146873 -6.527871330601836 -6.673758450290697 -6.802628959936682 -6.930383965475505 -7.047892687279322 -7.163344763447934 -7.266039752675723 -7.374604948688599 -7.497788779903035 -7.597140964591631 -7.699324284705858 -7.809872760274126 -7.907677822601852 -8.014445143709729 -8.119622149832669 -8.22348776334975 -8.315062036456466 -8.419154362499146 -8.505397933589327 -8.594164923359028 -8.68468780775174 -8.76830232054666 -8.8522358324627 -8.948265018789197 -9.029719848499019 -9.120518560403406 -9.193577296211537
41
 -1.127025479716263 -2.7638854546731193 -3.5074489924816215 -4.03695127212771 -4.4300467553966625 -4.746058006289434 -5.010322160741059 -5.270577116201566 -5.503423565269307 -5.7042692359522675 -5.88909836789045 -6.048281761195535 -6.184347773537547 -6.3240062929842455 -6.465376096425667 -6.579206771771121 -6.711485533856716 -6.832837318371888 -6.962775659155902 -7.081389597790771 -7.203822098666717 -7.32030041712917 -7.422148269374893 -7.526900280249199 -7.634969338994633 -7.741318895798449 -7.845875360306703 -7.942285127943431 -8.037521475993511 -8.126278655486843 -8.235089529736868 -8.33443177453627 -8.428480839015435 -8.517521019836638 -8.600619122607064 -8.7082515361024 -8.793925040014276 -8.891587087225341 -8.969193972168341 -9.05593371295613 -9.12975343289019
41
 -1.127025479716263 -2.7858759261980737 -3.5301718362936114 -4.039344000842611 -4.440928312868361 -4.78187878713288 -5.053761152531717 -5.300808823169233 -5.52004790333249 -5.715038277817897 -5.886248299208198 -6.058366994769901 -6.232749799288562 -6.374728027697169 -6.527234567391731 -6.676775234172402 -6.787031748594426 -6.912238078271366 -7.028744966122579 -7.135899858317539 -7.258262216007709 -7.363298207520716 -7.476093963454969 -7.583006203068875 -7.677124505656207 -7.778377500208538 -7.869031026622617 -7.969219927126956 -8.065465767682335 -8.164706525936925 -8.260630691193626 -8.357581487668241 -8.445502991500792 -8.550890345147256 -8.632103223136513 -8.730192295600526 -8.813415630649294 -8.911959064928384 -9.009145981306608 -9.097553944001183 -9.181949932100745
41
 -1.127025479716263 -2.823575394932258 -3.5514048241075082 -4.059221448402357 -4.434652702097284 -4.773752126158253 -5.029514951774942 -5.2383713330766435 -5.4786331861922015 -5.678103996418937 -5.85766205461595 -5.99201488362668 -6.148916208060129 -6.332976504919736 -6.496969836770202 -6.6421560641352135 -6.782898919254652 -6.911111193628138 -7.028415873132073 -7.142765311295925 -7.242884611682126 -7.364562321837328 -7.473515000478496 -7.581547345725072 -7.683093624087436 -7.792651154895363 -7.890903706185003 -7.982785911571492 -8.074916429883725 -8.176918427409046 -8.261313892244456 -8.35749792784625 -8.435803561386708 -8.53952257578018 -8.612197543966715 -8.690166807570886 -8.771243101598712 -8.862001730247613 -8.950678717857478 -9.031105673318995 -9.097023037224847
41
 -1.127025479716263 -2.8002127157959045 -3.5305540180247967 -4.020662419734263 -4.41356601113753 -4.759858217267999 -5.051534553213565 -5.30057993820876 -5.5124507460925996 -5.713666460169638 -5.896527815663111 -6.06922174527255 -6.246834229691055 -6.4013991879130225 -6.541257476166644 -6.664126179486729 -6.788220675255412 -6.895918561264419 -7.035122017395026 -7.162148981320847 -7.269316759437465 -7.380831545609596 -7.48746548332051 -7.598232771879852 -7.708112303157105 -7.808830169884613 -7.924400494648059 -8.029221744107135 -8.101778724272569 -8.199809377689181 -8.301337322574081 -8.413779351838803 -8.50114903714261 -8.585643716303435 -8.679477385201729 -8.776400520601804 -8.858976131026607 -8.950554565955908 -9.032020007917371 -9.106686752879144 -9.194486604938186
41
 -1.127025479716263 -2.8003812368060217 -3.519169408463573 -4.02355133205127 -4.418997457139083 -4.734590938103542 -5.024670713745889 -5.292134423036146 -5.5166520426648535 -5.701041245684442 -5.879891042696094 -6.0420895453844174 -6.198039511703797 -6.35219311647335 -6.490575947567926 -6.6380771680683965 -6.743555901747972 -6.857689698717786 -6.9825813952622555 -7.098038774952616 -7.222089159097355 -7.325088210810598 -7.436237842654742 -7.5425264656532365 -7.638237908072698 -7.7551920729652775 -7.862680177180814 -7.95747244821255 -8.070378652772478 -8.175936406054205 -8.274059718212845 -8.355054567172619 -8.452902049074273 -8.54986914145453 -8.656053989557888 -8.729572717868304 -8.830740254758346 -8.919778180497339 -9.020771465585744 -9.109106370841253 -9.185317698689342
41
 -1.127025479716263 -2.7867531489684154 -3.5185457310407426 -4.008730039614844 -4.387574489849315 -4.745037488923053 -5.026439111371026 -5.276826718324639 -5.500168870895797 -5.719426251867874 -5.88532292380357 -6.067474041476293 -6.218378182161169 -6.361752386635307 -6.518969107206367 -6.668645311942371 -6.802623499502901 -6.946572467651338 -7.072532927849551 -7.197536070440163 -7.314557730265794 -7.429254097151007 -7.542898509850928 -7.643156254082348 -7.754517776046411 -7.872551734445765 -7.9672891278050395 -8.060261949360664 -8.161418682923271 -8.254858234401542 -8.344149851406861 -8.446598119103417 -8.539417712343326 -8.636124393254882 -8.727773778299245 -8.822443364159906 -8.902877718103824 -8.995651516342878 -9.091017632746146 -9.170767862525386 -9.263700242433375
41
 -1.127025479716263 -2.8149395529172083 -3.542648226398803 -4.043108116533251 -4.437473909567805 -4.757780907903367 -5.0427924538744575 -5.297336209580439 -5.534626304017739 -5.7457785970849855 -5.914379348047239 -6.0972969789960265 -6.253714093241679 -6.406528137612459 -6.537354741751165 -6.676890911400083 -6.807128159191339 -6.936387471177336 -7.061741062248214 -7.168303289459978 -7.280630806928528 -7.395734371900654 -7.4932322201549555 -7.590927778253513 -7.683073558474452 -7.804508952248011 -7.905936070473764 -8.008404817785367 -8.106659554737988 -8.17655489388848 -8.286998775776889 -8.36668865686589 -8.45729772501696 -8.539894206518023 -8.627417844798227 -8.709281169772773 -8.805187757127442 -8.904818459261902 -8.991944723718158 -9.074326319254688 -9.162174576591584
41
 -1.127025479716263 -2.759183495661054 -3.5138460483565215 -4.034956138251527 -4.422238767429992 -4.762374919420269 -5.055051777145822 -5.30957448243322 -5.50034750425483 -5.707043322373049 -5.891587967735608 -6.067940132269363 -6.224643582848127 -6.3995096523889705 -6.5333541148056575 -6.667503496250863 -6.796453821218226 -6.933560518435085 -7.057373473319695 -7.174293230998349 -7.297192247844273 -7.412270283086183 -7.511141234694427 -7.61810621718677 -7.729266466867039 -7.812388627772631 -7.920310078614699 -8.011176451074864 -8.109474408676743 -8.211569815474416 -8.302509150209936 -8.386607179036536 -8.47358844190091 -8.563661228447302 -8.657683531538849 -8.739651448944821 -8.828454298243994 -8.907287836778924 -8.987685906403845 -9.078906295023451 -9.15864823672147
41
 -1.127025479716263 -2.8003806746252335 -3.5512361740775136 -4.053479177203324 -4.460183701740808 -4.780561729864202 -5.0440325002295 -5.271543337504909 -5.505276499180733 -5.679803288972205 -5.865384653457123 -6.037040045543243 -6.20690406395481 -6.359809422988637 -6.489834447245319 -6.635749433854085 -6.754810914303375 -6.872697159268055 -6.981992178913806 -7.090562412176552 -7.192223116520487 -7.314860384615466 -7.419927254275788 -7.516691910464814 -7.630718965536352 -7.723994135942026 -7.829434344476423 -7.931659581319408 -8.02765761652096 -8.11603749901344 -8.217489511759839 -8.314884425874356 -8.41240164293622 -8.510818847631631 -8.608046091267308 -8.701401019600993 -8.786970465521703 -8.859838995667857 -8.933339631701564 -9.016303436501264 -9.101736141757211
ADAPTSAGA
10
41
 -1.127025479716263 -6.748552661214934 -7.6531657877083195 -8.003548802844703 -8.373924884163776 -8.60692167562314 -8.87397266874885 -9.111918554115084 -9.298431815933336 -9.435889867204057 -9.601146222730012 -9.768996853180889 -9.935240328558557 -10.114186356165686 -10.227618057672304 -10.305936859219454 -10.478551630648285 -10.575580193012826 -10.756936001388317 -10.7697101259871 -10.876660919905817 -11.004219995766189 -11.087853100697512 -11.230535756479945 -11.277783946557628 -11.455174097349339 -11.601163230421134 -11.764018191037582 -11.886190824242282 -11.937731963002536 -12.052423889105029 -12.180758846502542 -12.28254091384945 -12.365972622519598 -12.46293523491649 -12.554976056451574 -12.667385870693074 -12.73020575120678 -12.790978505216922 -12.85300630065007 -12.914824354371154
41
 -1.127025479716263 -7.064227386935863 -7.742807604793001 -8.049178876894842 -8.379755379748682 -8.642670062534481 -8.929364771522735 -9.166249350505337 -9.360049730870962 -9.480096388487468 -9.656405680571687 -9.823464598582767 -9.99464487024546 -10.169510488607507 -10.281828563011059 -10.363089793029765 -10.534932873862187 -10.626302863293093 -10.811076079209215 -10.817903176687128 -10.925121630646837 -11.041596516776902 -11.11459521436632 -11.255139468872848 -11.305978772101554 -11.486114218337544 -11.633013381427224 -11.806026445025338 -11.929115377945003 -11.984651107135965 -12.104122728263413 -12.230091630492245 -12.332536435371422 -12.41480079767828 -12.521352781694512 -12.613042485505593 -12.725682677557254 -12.784616552776024 -12.846493888991219 -12.90810744652231 -12.966357908520763
41
 -1.127025479716263 -6.714142180662465 -7.570955461097934 -7.9249098076985085 -8.304937699223107 -8.541003494417485 -8.783269163671045 -9.00124248137666 -9.177267670582122 -9.327039190926389 -9.532057571674194 -9.689894205215504 -9.855540921846698 -10.043182201593247 -10.14748180091884 -10.239788619355183 -10.40247298555677 -10.494295010716721 -10.684719891720212 -10.689511512035315 -10.795008695801581 -10.920248552325281 -10.998144973915274 -11.14059217145581 -11.191392546632326 -11.364140754068355 -11.51660208458676 -11.688212630733021 -11.826149811799622 -11.878018605247053 -12.006779863432792 -12.132032135453814 -12.227242745369894 -12.309305825426712 -12.430780096675825 -12.522889493034619 -12.624504319627492 -12.68516208454893 -12.743612819274867 -12.803388530825051 -12.865450008247707
41
 -1.127025479716263 -6.954620274374362 -7.5981846199576175 -7.972560013889989 -8.372413484444376 -8.620884420768256 -8.908902038203026 -9.154480737512998 -9.328732969435483 -9.4585685043987 -9.654597947059054 -9.815361245223203 -9.975071265425015 -10.14117417948908 -10.259703120161834 -10.346234676545254 -10.522556885711868 -10.611788626553356 -10.798102838666017 -10.80273625746756 -10.912091148822142 -11.030499173569517 -11.105225890347006 -11.250846584634315 -11.299360548976436 -11.481031685815978 -11.62911910042958 -11.797516131697517 -11.926481628565769 -11.975270620900917 -12.090363037066284 -12.22197938645404 -12.325760370684131 -12.40683905192147 -12.51631880640157 -12.61721255298045 -12.73006110803776 -12.792116275367517 -12.849041747615708 -12.910857886555121 -12.970499696192139
41
 -1.127025479716263 -6.872875847455072 -7.6675525333596335 -8.015052942772215 -8.39804688629871 -8.626760886199268 -8.92249162063398 -9.1529958458427 -9.327793701466284 -9.456870776839114 -9.625132419186158 -9.801222068569503 -9.966102207497405 -10.12759831377024 -10.23862479280066 -10.320380226568133 -10.492261151504776 -10.586357886712102 -10.764605275236692 -10.777133731424378 -10.885522287807555 -10.992242979697604 -11.067574656499614 -11.209006451308452 -11.260013503815447 -11.43245130862984 -11.579511047190781 -11.747252903096085 -11.867681270068562 -11.925864242154315 -12.040503972174182 -12.169202193027685 -12.272626198343307 -12.350959898050712 -12.450068746757342 -12.543027991214824 -12.662093739942325 -12.719562731914806 -12.78026480498774 -12.84313859041496 -12.90406475168307
41
 -1.127025479716263 -6.4615447000729915 -7.679268689779277 -8.067272112171928 -8.391728345907614 -8.627299387285463 -8.93415789337189 -9.153557469975993 -9.328413962309506 -9.465573064262822 -9.643336848944813 -9.81928390360219 -9.987429626220976 -10.149651092788929 -10.263874072078057 -10.341278925765465 -10.517115343485814 -10.609345154487203 -10.785220616411321 -10.80010020770728 -10.904652836856203 -11.014644393137804 -11.093584903809733 -11.237146490541033 -11.289626821174005 -11.46586149460195 -11.612529281299373 -11.777335241499607 -11.894413553042776 -11.954313354951603 -12.0674845941117 -12.20069945935655 -12.305651247480855 -12.386203686625024 -12.48567706564934 -12.581440252682684 -12.694903872897447 -12.754673287104364 -12.816049841529372 -12.877763644455312 -12.938274806849957
41
 -1.127025479716263 -6.820281868299133 -7.635932606803207 -7.985171934300366 -8.326437019123512 -8.570608953902394 -8.826541605995953 -9.047746386882654 -9.265444527399021 -9.405244210335951 -9.597679560607878 -9.759420729588467 -9.927968407559181 -10.104421294834086 -10.219287702268106 -10.30230114106566 -10.475280266296323 -10.573372348998753 -10.758907809154227 -10.773821478365372 -10.881313147960112 -10.993032012465163 -11.067076278620192 -11.203037446311535 -11.257123495291008 -11.433800204961845 -11.58459174638128 -11.7518646166978 -11.872740405414055 -11.928276598598238 -12.045518920086788 -12.175587084334095 -12.277367561327585 -12.356993083658804 -12.46094424163132 -12.555834973851155 -12.667710090377465 -12.729466235774783 -12.79041484251109 -12.849619376124597 -12.906384345165941
41
 -1.127025479716263 -6.667057849354208 -7.65355410414764 -8.017589601586277 -8.352598503173953 -8.618323808172933 -8.908242971819286 -9.131169423064316 -9.304761598788732 -9.44849306671117 -9.629770592650223 -9.798196545578893 -9.960122121954797 -10.131683257877805 -10.246416773981526 -10.325893464646533 -10.4977098717248 -10.595013542286988 -10.775062060042398 -10.784520001856576 -10.891093212185812 -11.004804338267576 -11.080052091197528 -11.221626810289912 -11.272370526191965 -11.446427237312445 -11.591103471381672 -11.758048346199384 -11.883653471511439 -11.939703440233604 -12.062003655058957 -12.192936632967836 -12.293040610497696 -12.376574577296392 -12.482965320799385 -12.579511057955 -12.694326990867031 -12.754719058226474 -12.816705613629107 -12.877313836867593 -12.936291882273082
41
 -1.127025479716263 -7.009041704585109 -7.707881976300832 -8.075242856155558 -8.472005839321737 -8.689674690826752 -8.940766909811217 -9.165017877754423 -9.335620052830617 -9.464060472912037 -9.64769945265813 -9.819100504778222 -9.982186197260537 -10.146480866352162 -10.256939733622175 -10.3444846389963 -10.517665220248173 -10.607376008863636 -10.791315268074968 -10.803970336589808 -10.912350199707248 -11.020644710941465 -11.10014868123632 -11.242514300634658 -11.290312101633857 -11.459612822188564 -11.602347906110236 -11.766924823683373 -11.892045611631683 -11.947981152742111 -12.06381768680755 -12.194879028128629 -12.299634038185152 -12.384677348624768 -12.488032852673294 -12.584420512617742 -12.703717106254015 -12.763462008210565 -12.825633798646436 -12.887337725972477 -12.94525357615257
41
 -1.127025479716263 -6.8927219614410875 -7.642401561112337 -8.036758828051232 -8.426100496067873 -8.640077705933571 -8.92846921304773 -9.142983660556835 -9.324840699884223 -9.457958102439324 -9.632068191888525 -9.802226830088163 -9.97269803221078 -10.139375186002622 -10.253624142037664 -10.33081588562414 -10.507146068395427 -10.601716455867377 -10.781095680880748 -10.797668724177495 -10.907694153392804 -11.020363017629522 -11.094985389870759 -11.235301827864085 -11.287177005945084 -11.465218859624294 -11.613037570545686 -11.774808973849751 -11.893192318786493 -11.951618068839469 -12.065487875283438 -12.194308751299353 -12.297228157659205 -12.381842442221085 -12.478758705971487 -12.575500016355944 -12.688863287336197 -12.750079147789007 -12.810219478422113 -12.869916733473632 -12.928660068572395
ADAPTDoubling
10
41
 -1.127025479716263 -6.541923018448841 -7.140095636576318 -7.629397106874729 -7.976846943665437 -8.200736749066065 -8.393247447975511 -8.52535712521965 -8.671936298526562 -8.791492736156968 -8.940424571704593 -9.046365326849696 -9.178842379472682 -9.310197943399539 -9.411597587644104 -9.514597240450417 -9.620582459699135 -9.700198405717334 -9.747555584478793 -9.774931180051258 -9.806105987096517 -9.908028585655275 -9.981151802099733 -10.057707395940882 -10.131658623953406 -10.19452280523825 -10.235917345492668 -10.293252304156507 -10.380337433959893 -10.44867257593334 -10.510370242891803 -10.596020552727447 -10.66333781004871 -10.723811482525525 -10.787479498479536 -10.855607768005441 -10.90431792286012 -10.959695665922707 -11.010924433438992 -11.064298431663227 -11.117135750697278
41
 -1.127025479716263 -6.467775593309463 -7.126123365732894 -7.483794984393888 -7.830549914512964 -8.040900138366073 -8.279458926619236 -8.439140964719241 -8.582356689516535 -8.705635442732145 -8.803199004067114 -8.908043662314014 -9.033465395983509 -9.130766837165158 -9.239402590648261 -9.327277441664949 -9.42033147443059 -9.470686802743552 -9.519605826952574 -9.595676189791275 -9.666565780221964 -9.71886332641314 -9.774515857009256 -9.83681325687348 -9.89537444363446 -9.979786170845015 -10.05003155066957 -10.12827676965128 -10.211692493010501 -10.276339465962241 -10.333446034095639 -10.40138282520839 -10.46913525773871 -10.522507126956077 -10.590645259919187 -10.6637375169946 -10.74244809647669 -10.824200518858907 -10.881227813142866 -10.934511251384128 -10.988063620354161
41
 -1.127025479716263 -6.68091007736115 -7.2312913747959335 -7.646490096949933 -8.014830619858342 -8.205086206271597 -8.351642140946385 -8.491250059433845 -8.630799762580821 -8.775251983971804 -8.9086188840794 -9.030485380854286 -9.143117651259995 -9.244772958727202 -9.366832354531772 -9.465717897494887 -9.56454142048795 -9.645623488916172 -9.727846722558308 -9.808356389713992 -9.87676528018343 -9.94074135820274 -10.01573660210655 -10.10171813944367 -10.157250949909619 -10.220187525337291 -10.287988762242186 -10.358470693858811 -10.419772418027598 -10.476358198270335 -10.54605237170599 -10.582898111790794 -10.654545129179452 -10.706210137722799 -10.782151102561459 -10.856282301154351 -10.911067050506666 -10.980251730147584 -11.037004901776028 -11.09804581551285 -11.150246711006336
41
 -1.127025479716263 -6.574014059996753 -7.209036116972383 -7.576122862490222 -7.987118056836853 -8.231259762666284 -8.40705520393087 -8.594162327736578 -8.762095964202954 -8.886375158824679 -8.994021820700153 -9.074950042197823 -9.201621250831082 -9.319727558718991 -9.449225269940701 -9.540100980794113 -9.642895427612077 -9.7084551599082 -9.781873710608911 -9.846868229514287 -9.916626498310135 -9.985707350084342 -10.044110377669996 -10.117601432208959 -10.187437938831597 -10.270241470127955 -10.325750876409142 -10.395250220214235 -10.460514138840825 -10.523670825662736 -10.57876762610487 -10.64606923371641 -10.69083007052317 -10.729246492572113 -10.786646005940197 -10.879611720686928 -10.947198473015012 -11.01097489118885 -11.060296264642277 -11.105245055233285 -11.185039995894424
41
 -1.127025479716263 -6.689206304842016 -7.2708226309788735 -7.723722084035958 -8.02236187899556 -8.246572426070196 -8.451426761293304 -8.622926675370639 -8.789332622680268 -8.923367613008217 -9.050530773875899 -9.190824423376078 -9.300450502050229 -9.413082574003878 -9.547103602067775 -9.629390980090074 -9.752870770172056 -9.830836744740171 -9.880793552178906 -9.942881357391139 -10.014146429991845 -10.080659080468136 -10.1259917823743 -10.179831544778954 -10.229941205369554 -10.301735803930558 -10.369701768168078 -10.448617281566829 -10.51480487897412 -10.596600084780325 -10.646940222937381 -10.706570815930244 -10.761763653989094 -10.843698378576377 -10.902349196491265 -10.95097494161941 -11.026138191485545 -11.079771856954505 -11.139247123781773 -11.18584736778967 -11.254487833592524
41
 -1.127025479716263 -6.528942765981265 -7.173544089466332 -7.567456663666406 -7.91138985364558 -8.136771315929877 -8.30315176176402 -8.461649513328535 -8.60611460048102 -8.71801060968937 -8.791397147465787 -8.887585647204265 -9.01854372763354 -9.151003615243518 -9.28967414371692 -9.426000428990568 -9.490846368095044 -9.578193875443098 -9.636446450118381 -9.698017971917931 -9.799218302177465 -9.860269565479836 -9.94002301132345 -10.009006413016811 -10.075450000039444 -10.133464418093372 -10.194250892610931 -10.258627314746658 -10.319874443447267 -10.379144440229933 -10.426559406208623 -10.494279689361555 -10.56306421817272 -10.623624703060013 -10.665605858469679 -10.731089436866965 -10.770746259553302 -10.837727559469132 -10.890229720406182 -10.95142627560713 -11.005503872466598
41
 -1.127025479716263 -6.510115549017704 -7.1349166298146285 -7.5430049713434215 -7.847503138599571 -8.100827456135843 -8.310474498957484 -8.478830059473871 -8.618620171050816 -8.72385260354357 -8.856757995972963 -8.977216732903477 -9.0733586972649 -9.193774299532805 -9.254789181612296 -9.379991477508081 -9.476613649904076 -9.56589240016868 -9.636376274620112 -9.699130537365305 -9.770463485540347 -9.830876650440791 -9.907733552557398 -9.948970951126892 -10.005052740921458 -10.055701383051037 -10.119836746825365 -10.190885836356353 -10.247210867572816 -10.307421114034803 -10.35754556524302 -10.43939898674168 -10.506773009705148 -10.572421730643093 -10.637953187563078 -10.686243843947542 -10.753508111128674 -10.818700453880467 -10.888335397837235 -10.94999064332771 -10.99121624963078
41
 -1.127025479716263 -6.55074322025182 -7.149129873942515 -7.572073829036052 -7.888233872625625 -8.104571489299238 -8.281831296670605 -8.453500824995066 -8.585251230216729 -8.690382435756035 -8.791333016926606 -8.90142438313359 -8.989212554290356 -9.114025692267049 -9.250750570076306 -9.379812060536851 -9.482869522731093 -9.542336438734138 -9.602609703639885 -9.673958021836073 -9.752553117843403 -9.823135714450473 -9.872780940145589 -9.928935789182926 -9.970183801285996 -10.007464415086666 -10.067652035068477 -10.125291206963324 -10.184216392969974 -10.266082710280099 -10.32876305316158 -10.398303427718522 -10.459582356151499 -10.508572246899156 -10.570130040139526 -10.621687775260147 -10.672814557232385 -10.734069866605132 -10.780128963577395 -10.841552982406927 -10.88199814853862
41
 -1.127025479716263 -6.384800607118089 -7.093363819883136 -7.419263982976831 -7.769992360026621 -8.004878198510655 -8.225396898321243 -8.398648426522989 -8.578580617327551 -8.703792260691998 -8.82401319021485 -8.94817163307456 -9.043683781177249 -9.125316585444843 -9.25195818561345 -9.352915162384544 -9.439734295651961 -9.541631574173028 -9.610399778864993 -9.666881260936638 -9.718663812532311 -9.792207698054161 -9.85956489542317 -9.943207668565165 -10.001234858859172 -10.073844704685294 -10.127091674260798 -10.186422070218716 -10.255252205132063 -10.340818707379341 -10.439436809873785 -10.523207438096208 -10.59904599111162 -10.650437410624892 -10.732762869398323 -10.8092121382894 -10.857096058322425 -10.921701505492473 -10.977946990765046 -11.039109045366171 -11.104546798598099
41
 -1.127025479716263 -6.5886406740962045 -7.13207325660425 -7.51660579889519 -7.8066158958327945 -7.992965624092573 -8.222813906563118 -8.403177153544446 -8.594136991282818 -8.763691716262898 -8.861797573474533 -8.965614654176672 -9.069276841021926 -9.208247729085858 -9.322270747582293 -9.445309603124572 -9.530563410075585 -9.605139910796527 -9.656241457331847 -9.720047014555444 -9.794791416453354 -9.861829106325011 -9.940581960553883 -10.004262155549856 -10.063230153113684 -10.142123676645854 -10.226612617280587 -10.282367757769235 -10.33781685515319 -10.39035198505097 -10.45449060269835 -10.516237023932327 -10.584426590846904 -10.64611436386801 -10.703165205520328 -10.779466817567508 -10.858740496722552 -10.914314860551428 -10.969745298488208 -11.03526071761594 -11.097978177711253
MainSSVRG
10
41
 -1.127025479716263 -4.260808728950885 -4.715512518417095 -5.426102535671421 -5.877634665671864 -6.162178079927378 -6.214012085610227 -6.481747426921565 -6.939348593180848 -7.067853349907067 -7.067853349907067 -7.067853349907067 -7.159525471394007 -7.303109746575077 -7.303109746575077 -7.303109746575077 -7.303109746575077 -7.303109746575077 -7.303109746575077 -7.303109746575077 -7.303109746575077 -7.303109746575077 -7.303109746575077 -7.440652805950072 -7.840245289100758 -8.225695809805769 -8.350857534285655 -8.350857534285655 -8.350857534285655 -8.350857534285655 -8.350857534285655 -8.350857534285655 -8.350857534285655 -8.350857534285655 -8.350857534285655 -8.350857534285655 -8.350857534285655 -8.350857534285655 -8.350857534285655 -8.350857534285655 -8.350857534285655
41
 -1.127025479716263 -4.319188033309881 -4.67156303493382 -4.354857737518869 -4.331231158012035 -4.659645592671629 -4.953805836814903 -5.053296384923558 -5.2018420384074915 -5.2018420384074915 -5.2018420384074915 -5.2018420384074915 -5.453699565271352 -5.830233684383027 -5.8926865304754505 -5.8926865304754505 -5.8926865304754505 -5.8926865304754505 -5.8926865304754505 -5.8926865304754505 -5.8926865304754505 -5.8926865304754505 -5.8926865304754505 -5.8926865304754505 -6.093825298126515 -6.201062262882 -6.201062262882 -6.201062262882 -6.201062262882 -6.201062262882 -6.201062262882 -6.201062262882 -6.201062262882 -6.201062262882 -6.201062262882 -6.201062262882 -6.201062262882 -6.201062262882 -6.201062262882 -6.201062262882 -6.201062262882
41
 -1.127025479716263 -4.195582011413136 -4.789429011139899 -5.536472804611208 -6.070963282550103 -6.367950838896269 -6.439831457385939 -6.646949168454296 -7.001671491924043 -7.253956785752968 -7.253956785752968 -7.253956785752968 -7.253956785752968 -7.363886795411779 -7.363886795411779 -7.363886795411779 -7.363886795411779 -7.363886795411779 -7.363886795411779 -7.363886795411779 -7.363886795411779 -7.363886795411779 -7.363886795411779 -7.421201315184553 -7.83043240898836 -8.035703347842498 -8.035703347842498 -8.035703347842498 -8.035703347842498 -8.035703347842498 -8.035703347842498 -8.035703347842498 -8.035703347842498 -8.035703347842498 -8.035703347842498 -8.035703347842498 -8.035703347842498 -8.035703347842498 -8.035703347842498 -8.035703347842498 -8.035703347842498
41
 -1.127025479716263 -4.578519877955048 -5.085643567164133 -4.5485116875720575 -4.410342990158066 -4.758787875866816 -5.063042389419729 -5.1930638501592465 -5.3506140241645 -5.7317873941605235 -6.0951018961533014 -6.29185041745489 -6.29185041745489 -6.29185041745489 -6.29185041745489 -6.644384373579501 -6.976655609809391 -6.976655609809391 -6.976655609809391 -6.976655609809391 -6.976655609809391 -6.976655609809391 -6.976655609809391 -6.976655609809391 -6.976655609809391 -6.976655609809391 -6.976655609809391 -7.244579736054889 -7.588561160474486 -7.601522302104256 -7.601522302104256 -7.601522302104256 -7.601522302104256 -7.601522302104256 -7.601522302104256 -7.601522302104256 -7.601522302104256 -7.601522302104256 -7.601522302104256 -7.601522302104256 -7.601522302104256
41
 -1.127025479716263 -4.368756496335868 -4.621903968846946 -4.736887028893003 -4.777891993431465 -5.12135339800288 -5.12135339800288 -5.12135339800288 -5.209345832565738 -5.7310842338806225 -6.143764874087763 -6.5156720767479674 -6.5475502150607605 -6.5475502150607605 -6.5475502150607605 -6.5475502150607605 -6.5475502150607605 -6.5475502150607605 -6.5475502150607605 -6.5475502150607605 -6.5475502150607605 -6.5475502150607605 -6.826778700483181 -7.237637354495109 -7.430148686752591 -7.430148686752591 -7.430148686752591 -7.430148686752591 -7.430148686752591 -7.430148686752591 -7.430148686752591 -7.430148686752591 -7.430148686752591 -7.430148686752591 -7.430148686752591 -7.430148686752591 -7.430148686752591 -7.430148686752591 -7.430148686752591 -7.430148686752591 -7.430148686752591
41
 -1.127025479716263 -4.7293309521018765 -4.758247227913486 -4.437778865527223 -4.859894578046079 -5.19832810696935 -5.447355617172253 -5.4596440157948205 -6.021475101282339 -6.528440828923378 -6.811871997106611 -6.811871997106611 -6.811871997106611 -6.811871997106611 -6.968834157951032 -6.968834157951032 -6.968834157951032 -6.968834157951032 -6.968834157951032 -6.968834157951032 -6.968834157951032 -6.968834157951032 -6.968834157951032 -6.968834157951032 -7.05605108948688 -7.4283249378528815 -7.7839383770684965 -7.992721734877928 -7.992721734877928 -7.992721734877928 -7.992721734877928 -7.992721734877928 -7.992721734877928 -7.992721734877928 -7.992721734877928 -7.992721734877928 -7.992721734877928 -7.992721734877928 -7.992721734877928 -7.992721734877928 -7.992721734877928
41
 -1.127025479716263 -4.025758117005058 -4.865252809422381 -5.5786125112296725 -5.6872505165897005 -6.090408723029155 -6.389826413748024 -6.389826413748024 -6.389826413748024 -6.425720951937114 -6.951020087950512 -7.050008882753224 -7.050008882753224 -7.050008882753224 -7.050008882753224 -7.050008882753224 -7.050008882753224 -7.050008882753224 -7.050008882753224 -7.050008882753224 -7.050008882753224 -7.284169408119247 -7.691736499708539 -7.9383349950655235 -7.9383349950655235 -7.9383349950655235 -7.9383349950655235 -7.9383349950655235 -7.9383349950655235 -7.9383349950655235 -7.9383349950655235 -7.9383349950655235 -7.9383349950655235 -7.9383349950655235 -7.9383349950655235 -7.9383349950655235 -7.9383349950655235 -7.9383349950655235 -7.9383349950655235 -7.9383349950655235 -7.9383349950655235
41
 -1.127025479716263 -4.175663271206157 -5.121023686692918 -5.8820936363179745 -6.196335750585091 -6.196335750585091 -6.717069481570391 -7.03610832547553 -7.03610832547553 -7.03610832547553 -7.03610832547553 -7.406428445745523 -7.406428445745523 -7.406428445745523 -7.406428445745523 -7.406428445745523 -7.406428445745523 -7.406428445745523 -7.406428445745523 -7.406428445745523 -7.406428445745523 -7.406428445745523 -7.78680907260193 -8.209610075094789 -8.450152004484202 -8.450152004484202 -8.450152004484202 -8.450152004484202 -8.450152004484202 -8.450152004484202 -8.450152004484202 -8.450152004484202 -8.450152004484202 -8.450152004484202 -8.450152004484202 -8.450152004484202 -8.450152004484202 -8.450152004484202 -8.450152004484202 -8.450152004484202 -8.450152004484202
41
 -1.127025479716263 -3.763335034937746 -5.2860370672770545 -5.721165644361317 -6.0196039425682555 -6.692082955858624 -6.692082955858624 -6.692082955858624 -6.692082955858624 -6.8520335871025475 -6.8520335871025475 -6.8520335871025475 -6.8520335871025475 -6.8520335871025475 -6.8520335871025475 -6.8520335871025475 -6.8520335871025475 -6.8520335871025475 -6.8520335871025475 -6.899467252624987 -7.031842826729172 -7.031842826729172 -7.031842826729172 -7.031842826729172 -7.031842826729172 -7.031842826729172 -7.031842826729172 -7.031842826729172 -7.031842826729172 -7.031842826729172 -7.031842826729172 -7.031842826729172 -7.031842826729172 -7.031842826729172 -7.031842826729172 -7.031842826729172 -7.031842826729172 -7.031842826729172 -7.273327439232759 -7.273327439232759 -7.273327439232759
41
 -1.127025479716263 -3.7363270163676336 -4.59972651595795 -5.149541987178443 -5.343075422141643 -5.343075422141643 -5.343075422141643 -5.857198953424285 -6.167188477725976 -6.167188477725976 -6.167188477725976 -6.167188477725976 -6.167188477725976 -6.167188477725976 -6.167188477725976 -6.167188477725976 -6.167188477725976 -6.167188477725976 -6.498099789992783 -7.185107842990846 -7.757724701256191 -8.144481219563176 -8.144481219563176 -8.144481219563176 -8.144481219563176 -8.144481219563176 -8.144481219563176 -8.144481219563176 -8.144481219563176 -8.144481219563176 -8.144481219563176 -8.144481219563176 -8.144481219563176 -8.144481219563176 -8.144481219563176 -8.144481219563176 -8.144481219563176 -8.144481219563176 -8.144481219563176 -8.29944719573368 -8.737546691370476
SGD:0.05
10
41
 -1.127025479716263 -7.519061403529345 -8.308485284958147 -7.197048443859771 -8.504821823265354 -9.10052259306355 -8.456225864501269 -8.242126007523096 -7.825834407599661 -8.041475957435217 -8.390856518326904 -8.249448547114497 -9.206002677085765 -8.831544257250018 -8.474821047850032 -8.551306901390216 -8.482874930025563 -8.182701610355883 -8.656735125382703 -8.347807567827273 -8.205314602383252 -8.520063257022588 -8.40583585671689 -8.376004155967356 -8.335264093072746 -8.431038856761223 -8.812439710056939 -8.940262090201982 -8.1974446043365 -8.304124744463268 -8.40955706323924 -8.199959062366116 -8.286749588489034 -9.00374919226932 -8.45885363762319 -8.428745241987905 -8.784350708680131 -8.65901717340695 -8.48389046440646 -8.467625236707198 -8.860074268372548
41
 -1.127025479716263 -7.473425104498123 -8.152424876131667 -8.281693013610687 -8.035301647517398 -8.627149809374359 -8.627006401608185 -8.696780363713115 -8.799260752812453 -8.703852600310642 -7.78247427655414 -8.419692352562826 -8.351012607962776 -8.04913009044471 -8.442119639091947 -8.580948274803358 -8.636438049554041 -7.94394791367191 -8.52271732536415 -8.135214515197225 -7.904334062255509 -8.744188625805224 -8.585992600010949 -8.460117345115016 -8.546269011788212 -8.145342633997446 -8.166747831473602 -8.554234311915247 -8.703022246043842 -8.873110172898569 -9.349512249259282 -8.171561873367096 -8.825935881890299 -8.759012363462775 -8.320704187448383 -8.46432175803744 -8.29986547332685 -8.478186297193629 -7.668396870650937 -8.754112287058211 -8.29275625534511
41
 -1.127025479716263 -7.83686095333996 -8.410224672826557 -8.115784722602676 -8.589157508830244 -8.785407588914062 -8.36173831612692 -8.383792293894542 -8.704689390810039 -8.785664815012222 -8.62891060674575 -8.479724262470294 -8.689117139692485 -8.438136802510508 -8.56047738979545 -8.561259064008743 -8.323022760200066 -8.203072790941103 -8.703781253011774 -8.64961637996026 -8.38538423875894 -8.46425632216968 -7.8142466519550124 -8.258768096462376 -8.601066130275383 -8.713636044381959 -8.57287933524848 -8.80997781717264 -8.61098753738399 -8.601749827573409 -8.531117388135286 -8.797316510232774 -8.345384840022637 -8.731018192441265 -8.681078766606703 -8.48525844540508 -8.540776747556949 -8.594763110262349 -8.306121070348627 -8.36459669035175 -8.304730752763096
41
 -1.127025479716263 -7.122823743143307 -7.934787514507356 -8.375895219213534 -8.325034219162946 -8.524519815033784 -8.103807263432804 -8.420375571650276 -8.732317266530098 -8.568682241501905 -8.474081415098858 -8.613660734023936 -7.39621856152207 -8.524089837318236 -8.411761448980931 -8.870481312337636 -8.539622930495899 -8.81967923905486 -8.703918027398723 -8.381709965011261 -8.564980620768225 -8.820820277497953 -8.77047079560615 -8.106772214329249 -8.979808576543478 -8.833797969489286 -8.591938811557764 -8.76704023361232 -8.409203236701634 -8.184581129776342 -8.492600170148839 -8.476077376362866 -8.861471467883831 -8.573503447710703 -8.253287700217813 -8.123660703247545 -9.09250369488035 -8.310168541395566 -8.17958369674788 -8.41417700439649 -8.93396452267855
41
 -1.127025479716263 -7.45596807289176 -8.07291960340923 -8.299303024147976 -8.501269469054197 -8.367566987536163 -7.791500222895019 -8.11922280971856 -8.565319592103657 -8.362497956939086 -7.841953992625622 -8.647467997066961 -8.531110179591842 -8.801354126135218 -8.495511619146663 -8.788049179729583 -8.642331455629284 -8.740034169045263 -8.685697959417247 -8.618243820726521 -8.776935691374927 -8.28665713404897 -8.876279309519434 -8.160702786631052 -8.717228834103567 -6.684080919779463 -8.520178110809423 -8.306143222838969 -7.5925307245090075 -8.414827663621047 -8.389755624411249 -7.806707061784703 -8.53871021819275 -8.472200081815558 -8.465466866897774 -8.506115455765862 -8.395432570328966 -8.733130761411807 -8.286047615259438 -8.708275556441098 -8.166439702534912
41
 -1.127025479716263 -7.6075469734981676 -7.959792340873514 -8.382847308292424 -7.899986199244494 -8.764076700553284 -8.267565502463627 -8.384616393910989 -8.157856545283872 -8.512105173649305 -8.13493726681647 -7.506237007647574 -7.971159633438233 -8.204322917210355 -8.43226434247093 -8.94912089694049 -8.62282257699519 -7.9353165735024405 -8.29745952853676 -8.507067872839318 -7.708217717937493 -8.362581714586549 -8.607484967977951 -8.112094282279166 -8.513034798875164 -8.627926615799197 -8.206577667122696 -8.525725175175674 -8.44158429539236 -8.74721041517057 -8.455429469573257 -7.6776170212441786 -8.488621309369822 -8.236816996181984 -8.809594401489381 -8.748197851359986 -8.507828267454299 -8.273314426441758 -7.97813602905094 -8.268523255894557 -8.47947803360817
41
 -1.127025479716263 -7.849466970148294 -8.645356319392315 -8.72925393869482 -8.477501151667312 -8.26737962289421 -8.484396409907962 -8.169003576130399 -8.394771162989016 -8.257456291873108 -8.689743191668269 -8.335126385044116 -8.571159138390396 -8.766965195864772 -8.249879872290247 -8.819012328634097 -8.010852246069064 -8.196922310921702 -8.190394913919134 -7.273400015235073 -9.009063137295136 -8.82794464534288 -7.949351886754902 -8.717892037420144 -8.452945487330139 -8.516884807889651 -8.253628247817085 -8.503059656707897 -8.078880208419879 -7.456907085833974 -7.910566139009722 -8.097584562127139 -8.352216007117551 -8.15422193353466 -8.890336559343822 -8.871395422030544 -7.995211168280324 -8.482076641572972 -8.245474694693028 -8.134379924661284 -8.582730817294278
41
 -1.127025479716263 -7.827550689964482 -8.642395374285288 -8.322258865733627 -8.870008624887395 -9.188160899385323 -8.27422123270476 -8.507013282073856 -8.149399580623218 -8.355300432283219 -8.645400934095697 -8.691165583627516 -8.534255915193228 -8.119953717905682 -8.61190003294931 -8.266673828292811 -9.026310905430046 -9.018521883092454 -8.412768664135445 -8.752942582984405 -8.893462392965915 -8.422190570775308 -8.600215012004002 -8.50650802001797 -8.525099179040177 -8.601683615864095 -8.684905689789444 -8.527777160798559 -8.385770412757532 -8.063249064724044 -8.553539321145452 -8.160469417470736 -8.744865819946437 -8.374067500271664 -8.653716445843946 -8.459510079679632 -8.508258402340457 -8.13339796756642 -8.646720200195555 -8.740920613813916 -8.958653301330632
41
 -1.127025479716263 -7.673153681544437 -7.793642709552409 -8.814596251160351 -8.568297538112482 -8.834026555432528 -8.933587645958454 -7.6721423540896065 -8.529898358492542 -8.63201224504081 -8.617359947477675 -8.469436698130384 -7.9523178187129 -8.806577034397085 -8.305022357800974 -7.577392834044973 -8.520820221219854 -8.564611313459578 -8.200299047245526 -8.791512899104967 -7.771811776102727 -9.000943769163909 -8.671679449047263 -8.694653456541909 -8.501169459104995 -8.568730213778126 -8.85492667059794 -8.800225955188369 -8.31986127603536 -8.248608385521162 -8.364896117414014 -8.513570026149042 -8.524959256875615 -8.570917281334546 -8.857119645205332 -7.605237713114495 -8.86818313363709 -8.202591072482324 -8.149011241191612 -8.5287977174238 -8.62811087634216
41
 -1.127025479716263 -7.37394281560115 -8.383538952652593 -8.815768973514539 -8.331153569681822 -8.793445771560409 -8.590741424419024 -8.522191147893965 -8.769648302186773 -8.650375574485906 -8.592718532311114 -8.49135027454232 -8.19530407812043 -8.718959761812878 -8.445273747676577 -8.745656389798778 -8.908104891816068 -8.650252251205798 -6.187758305109567 -8.35654355534152 -8.279966787533777 -8.869150570277622 -8.687204527655387 -8.18723257097593 -8.3786410928756 -8.682793953390151 -8.381357528900118 -8.814803937285998 -8.408148594009733 -8.62898249799759 -8.831571439409293 -8.37915742248098 -8.678393504684424 -8.456932796607413 -8.345053943177788 -8.42201277088772 -8.819460097989445 -8.552224213911483 -8.867883065475546 -8.541996553867802 -8.530393449208601
SGD:0.005
10
41
 -1.127025479716263 -4.291190643256897 -5.348383727699422 -5.965826815618821 -6.436524358873752 -6.822616697972028 -7.165312499015665 -7.545407841778018 -7.88649718324147 -8.159602187528062 -8.465844646976374 -8.808364838781824 -9.11817597208313 -9.417606607462925 -9.75613781592605 -9.95522625742249 -9.936557449490921 -10.134334475299083 -10.13685111139954 -10.377664694595344 -10.522433100737267 -10.677089025639127 -10.534528193432454 -10.657972261045586 -10.674395835545964 -10.9613779986015 -10.868792645649465 -11.183224130037088 -11.515845076986636 -11.621588231314599 -11.811801427332794 -11.804452705996916 -12.257989084752877 -11.316246020279676 -10.609474905545085 -11.218073784179259 -11.513618119648116 -11.651360328539214 -11.649908239646926 -11.535983740486841 -11.848087439812579
41
 -1.127025479716263 -4.265854357495217 -5.298916336271486 -6.046765753664177 -6.531140799404215 -7.046211036583048 -7.413549086483353 -7.747811756221733 -8.080903558467208 -8.386261509657373 -8.753715033722944 -9.036122812433796 -9.334723569083616 -9.559567266690324 -9.863562970087521 -10.083459836439971 -10.26915734412537 -10.310292433702475 -10.496712563071465 -10.540630160376056 -10.737485980869344 -10.945411763349016 -11.075800610757346 -10.504169877086929 -10.87908155805316 -11.165963253540918 -11.271343356690009 -11.402167257300523 -11.352831983091038 -11.30158041009754 -11.526396065042054 -11.533976383662434 -10.447023300754173 -11.45265252961159 -11.936913811802244 -11.594420711286261 -11.543923497942329 -11.729083456019655 -11.727538112668036 -11.347981251542413 -11.69108525303252
41
 -1.127025479716263 -4.2533202798478165 -5.325499969471702 -6.01132219223919 -6.594335860217728 -7.0658053030508 -7.493923065053874 -7.83298706559999 -8.109869476144498 -8.401827276289593 -8.690374434752155 -8.92102359338732 -9.179801909465727 -9.476227740678178 -9.789426846014553 -10.070635684001337 -10.29752746735312 -10.35032397695027 -10.554485128015388 -10.599983389906491 -10.796391245213089 -10.854306206745363 -10.9939082606303 -11.121932618961901 -11.078926189222816 -11.35883717545384 -11.57198283336512 -11.72259515462182 -11.885331616468124 -11.584107284465764 -11.921807727224728 -12.01047941666382 -12.011739100988677 -11.629270003909848 -12.00814952995536 -12.1911125449209 -12.182204564642346 -12.049969609676046 -12.027336435898198 -11.80114579139979 -11.942647213086715
41
 -1.127025479716263 -4.194971899108662 -5.317290867684435 -5.998953017316466 -6.494821855599589 -6.906078409501396 -7.2355605251925965 -7.597217502405815 -7.963668251605954 -8.291112354045099 -8.559112120656346 -8.861243404591514 -9.11107777098058 -9.376485604551883 -9.640477054499442 -9.770698775429294 -9.810594806750828 -9.897563258417389 -9.944276508777975 -10.169048004991266 -10.062429110013744 -10.427166865112412 -10.234039651190841 -10.685437061214728 -10.805503454174117 -11.037125833806455 -11.03988012959138 -10.87176960468733 -11.110339878184998 -11.144742896856885 -11.258221006796296 -11.310031545581147 -11.500458274968134 -11.43379580863582 -11.460297409912528 -11.417508558337017 -11.624623028488719 -11.525995490518085 -11.440086139350623 -11.628009007669878 -11.939350581330563
41
 -1.127025479716263 -4.322941704288965 -5.316762309543222 -6.055677035215899 -6.50875241711124 -6.981921712529392 -7.429734455896328 -7.795368688097889 -8.071500927788636 -8.443162242568505 -8.719414844716402 -9.021569152962298 -9.304763299062024 -9.522029290660287 -9.738515570652867 -10.034214816315052 -10.344208880971463 -10.383685596791516 -10.452126053809138 -10.792771859911689 -10.950537420607654 -11.127103061876637 -11.084401134151069 -11.076147995086172 -11.09794149064922 -11.359266679485287 -11.407776685336103 -11.600868756552035 -11.553036190202505 -11.156395193111807 -11.272078962660784 -11.438195583111412 -11.4417761580829 -11.555761498590352 -11.290639287412228 -11.25361754601881 -10.924008407823496 -10.622283067475026 -10.228840076928218 -10.503668378105086 -11.383385780347496
41
 -1.127025479716263 -4.268758130474694 -5.262856094365877 -6.014165829979968 -6.4942444003620245 -6.90749128294692 -7.307712270249942 -7.642748907943565 -7.985153026895249 -8.127807209294613 -8.33098351207246 -8.634288456515012 -8.846365445961714 -9.138886960887117 -9.298688078144679 -9.439206014866308 -9.724946126951794 -9.763505117326972 -10.025493057458498 -10.12310846248472 -10.308272507081686 -10.168320217378662 -10.290490276550226 -10.68322174921814 -10.998631288918139 -11.226059392836605 -11.358306361717666 -11.425212751724821 -11.33311969429167 -11.514182731429376 -11.417220448295081 -11.68905696109842 -11.56515732833289 -11.829532701584617 -11.659354402652781 -11.547249958566129 -11.667214469444623 -11.474539523418436 -11.478833934410273 -11.473343394044182 -11.501166292477441
41
 -1.127025479716263 -4.23469017191826 -5.227734937715468 -5.95089162112255 -6.556396377395527 -6.969218540407278 -7.33051065478514 -7.742833446240659 -8.108434770172666 -8.390170440688209 -8.577126737938077 -8.738833383660458 -9.030112018279572 -9.200793666790986 -9.400660565003832 -9.611260900684888 -9.88457474026839 -10.134276409998062 -10.366044548657447 -10.523743212774326 -10.818835422559905 -10.803217577690113 -10.73574863377626 -10.980683089928712 -10.89014072477013 -10.584614233340321 -10.914896351555225 -10.962991433989288 -10.893557730709265 -11.210260974678173 -11.297437201011398 -11.253072279337097 -11.170462059139265 -11.32106825931996 -11.338635765535988 -10.75504834486732 -11.095420498664435 -11.442685641471835 -11.456028826013856 -11.716164642832933 -12.092003156744733
41
 -1.127025479716263 -4.270037762893063 -5.3277720382250955 -5.98913918977326 -6.525567610041707 -6.939414859430224 -7.360752403845246 -7.6975554384336915 -8.024396145689872 -8.24812257206421 -8.474794542835562 -8.740611563860659 -8.996490044757902 -9.32496783685219 -9.276437205121281 -9.225086044421104 -9.35171104714125 -9.616929295509731 -9.676339972499113 -9.746320054723563 -10.198718169469425 -10.46156467323934 -10.539270625932225 -10.686853534019054 -10.875817268723347 -10.87185159432905 -10.92436683683395 -10.955111000361422 -10.973995599532211 -10.981874093349484 -10.888335902881686 -10.605736987238116 -10.743675742242466 -10.801499256689118 -11.086834661477418 -10.933015591831285 -10.667524093331483 -10.595537872853063 -10.979212508468036 -10.75716764351204 -10.249026953780747
41
 -1.127025479716263 -4.285741924558578 -5.348887467502692 -6.027567972508266 -6.572177980690566 -6.9903001135221805 -7.390011136243667 -7.814306653696443 -8.189796831631098 -8.469691771360992 -8.76535175902437 -9.095875018883847 -9.310609993174952 -9.425280995863611 -9.677953518699162 -10.011810610090507 -10.173958841926273 -10.254753274963967 -10.298723756679998 -10.290302702977646 -10.494482931022246 -10.483634913110087 -10.73829268698794 -10.615003250003856 -10.841988583257747 -11.007963336369572 -11.194145559168014 -11.401974691049206 -11.521331373879091 -11.475970429559847 -11.47091313754724 -11.678819002237978 -11.754173676383994 -11.621473397150526 -11.674460781845317 -11.404497894840778 -11.648211908784894 -11.525457057619414 -11.606367279980235 -11.649289546421048 -11.778681776807634
41
 -1.127025479716263 -4.268689974524792 -5.261485341736998 -5.902968250554759 -6.486979806029187 -6.970009429848252 -7.340268953980999 -7.705040103280535 -8.063316345098746 -8.448640184614332 -8.710000161615227 -9.008763904544468 -9.144804002547325 -9.317404459092138 -9.48621614809277 -9.612605682856517 -9.64014183951951 -9.876849870260047 -10.056935213397969 -10.219159922613272 -10.329070855286064 -10.537923363889485 -10.694546897946665 -10.912856438626847 -10.934994154827194 -11.173464601363797 -11.084217313843428 -11.324517458138057 -11.358204098314705 -11.435976859665361 -11.108990148295504 -11.41137238013907 -11.428229410498941 -11.746318795333334 -11.719711595276054 -11.739083821142625 -11.7022619629859 -11.597142035105175 -11.879514522577733 -11.87830657997304 -11.544498081096478
StreamingSVRG
10
41
 -1.127025479716263 -4.670234811295219 -5.825021741353637 -6.428733524493255 -7.007226688040183 -7.467320248114122 -7.906798042277781 -8.405147747220397 -8.54436748643435 -8.767699136545739 -9.039461838089279 -9.234686253148388 -9.61949127300468 -9.887511819389434 -9.790041637290205 -10.158764159835943 -10.41645845166108 -10.516812408777266 -10.710545571695661 -10.538190014625004 -10.53972031588158 -10.922647943488196 -10.849963882732215 -11.046433931621884 -10.217075681644452 -10.217075681644452 -10.217075681644452 -10.47714573789255 -11.087840630192197 -11.277535580121071 -11.148849791926779 -11.148849791926779 -11.148849791926779 -11.148849791926779 -11.148849791926779 -11.148849791926779 -11.148849791926779 -11.148849791926779 -11.148849791926779 -11.148849791926779 -11.383251086273644
41
 -1.127025479716263 -4.664311038713214 -5.498997605426236 -6.2724600485221 -6.6588782664021196 -6.8238231450269975 -7.380873697234496 -7.500148504209534 -7.500148504209534 -7.500148504209534 -7.544920650341039 -7.985932092064293 -8.402630962972468 -8.683979044694231 -9.1221501090189 -9.579251296712638 -10.015197922452721 -10.242984187227794 -10.131541044060645 -10.461145316669846 -10.772860765343044 -10.627807907862456 -10.627807907862456 -10.627807907862456 -10.627807907862456 -10.627807907862456 -10.627807907862456 -10.627807907862456 -10.627807907862456 -10.627807907862456 -10.627807907862456 -10.627807907862456 -10.03535361231604 -11.01063432809203 -11.223740173876012 -11.362634883063786 -11.362634883063786 -11.362634883063786 -11.362634883063786 -11.362634883063786 -11.362634883063786
41
 -1.127025479716263 -4.550207956651081 -5.901906813601855 -6.674543345179004 -7.339190187335162 -7.7476949478408805 -8.23256331251061 -8.505130976297314 -8.923211964608 -9.188881891859628 -9.500012521007848 -9.391986332900121 -9.496527622796613 -9.939839789267529 -10.255087580293036 -10.314805585559048 -10.193667471056719 -10.46353510197668 -11.118795866030535 -11.279936738358288 -11.029960999411998 -11.330438039422035 -11.3644659393773 -11.183590519463014 -11.307690991936521 -11.270745039764115 -11.174484375447738 -11.08337994887067 -10.673249192572003 -10.695194156129105 -10.695194156129105 -10.695194156129105 -11.121247345725724 -11.061438736613596 -11.331086721279664 -11.376362579600508 -11.061042995259486 -11.33601573147383 -11.571385716915138 -11.780872031991239 -11.470893196386513
41
 -1.127025479716263 -4.495483037086751 -5.792166582402848 -6.5942616562349965 -7.234439904212658 -7.651393014238044 -8.025138592951023 -8.453769489656164 -8.73954880043635 -9.053605026729683 -9.350478713193667 -9.717764987475752 -9.79206037787247 -9.973147803675177 -10.195004979819121 -10.338623414395142 -10.441863647525187 -10.68896796281506 -10.693435957374888 -11.135263654887162 -10.970365812751119 -10.886970823888078 -11.190822842874018 -10.80329017987341 -10.079462119333876 -10.853072805051177 -10.932451980636325 -10.932753912121793 -10.932753912121793 -10.932753912121793 -10.8355092924701 -10.814360992241076 -10.644161806459271 -10.776427567344724 -11.03669016631185 -11.051851170747263 -11.015535072790204 -10.765476082956182 -11.139148463291043 -10.887067565847179 -11.054407280759392
41
 -1.127025479716263 -4.635728854041244 -5.856380420939451 -6.673101209915474 -7.279067113348148 -7.738520506687987 -8.215955850498942 -8.650819632057937 -8.99992608300393 -9.291117417463196 -9.510478584617175 -9.841245293438318 -9.840556251083699 -10.130607460947083 -10.101125848589618 -10.195010419950508 -10.259654502170939 -10.45772094489952 -10.796956240507155 -10.907856964775904 -11.054808132687029 -11.10424276001694 -11.023097276027576 -11.13529036134999 -11.072954043511254 -10.933594577339317 -10.893540042797682 -10.617075613970888 -10.383216698932806 -10.734746468511903 -11.211962706859564 -11.5797109739365 -11.705079780800492 -11.74747915429172 -11.43745784065301 -11.32569805883988 -11.314057281448036 -11.105756752472637 -11.012378843548548 -11.421629033764631 -11.366156169160504
41
 -1.127025479716263 -4.539222876350915 -5.840044738041921 -6.659973474012779 -7.2192204466502945 -7.754509735337815 -8.201115381193636 -8.43380817660713 -8.903615797047957 -9.413592073606422 -9.686096821446826 -10.018386655112817 -10.029351717846913 -9.882105671074077 -9.767654742962575 -10.26799588138345 -10.609471936305733 -10.775569863223591 -10.552795550448455 -10.418273502105817 -11.224312041618116 -11.206898923531181 -11.387298414877993 -11.387298414877993 -11.387298414877993 -11.350048885901439 -11.390231464950881 -11.26046073684761 -11.117865111350067 -11.117865111350067 -11.117865111350067 -11.117865111350067 -11.117865111350067 -11.117865111350067 -11.117865111350067 -11.117865111350067 -11.117865111350067 -11.117865111350067 -11.366646176113704 -11.638196613447654 -11.89559620128575
41
 -1.127025479716263 -4.569374256673339 -5.786473710112171 -6.593799026877163 -7.196608835074701 -7.7163915970022945 -8.139107921160987 -8.485569940496978 -8.904148659675428 -9.376161760298768 -9.343090283868452 -9.557472746799505 -10.026195043973514 -10.416074714243571 -10.481589858242025 -10.575001582143733 -10.852962911928177 -10.900883384966999 -11.193120122096959 -11.420616044609572 -11.297291211037697 -11.23276752325753 -11.076090306623446 -11.350021861300343 -11.115194460220899 -11.47238545533929 -11.500747897218469 -11.641167673128828 -11.142716709677709 -11.083263448339084 -11.480236101875015 -11.43977424618035 -11.319349270983698 -11.080226882114532 -11.203853940296414 -11.170922118396602 -11.170922118396602 -11.170922118396602 -11.170922118396602 -11.224207753998064 -11.224207753998064
41
 -1.127025479716263 -4.576361608097571 -5.794725260055789 -6.323521057974021 -6.84039883229735 -7.357721346409065 -7.875660111669079 -8.315597162127565 -8.769109341185153 -9.279823668805738 -9.733188897212507 -10.13057715207081 -10.281696870781039 -10.156600730243179 -10.721871377243376 -10.889340209185933 -10.76775487376869 -10.702267995401956 -10.726271311369922 -10.92910262677636 -11.064240722823765 -11.348185134057172 -11.561004503395866 -11.543147836428579 -11.180521317908726 -11.153362707800403 -11.153362707800403 -11.153362707800403 -11.115649782555582 -10.834886359203416 -11.210667494608431 -11.179168915959973 -11.294355763704424 -11.121913261749258 -11.29591354954626 -11.479510398575979 -11.32725092746271 -11.291507972288237 -11.291507972288237 -11.291507972288237 -11.291507972288237
41
 -1.127025479716263 -4.635202635119671 -5.86454300641862 -6.560196801497895 -7.175937385060943 -7.632626844819036 -8.129631860383059 -8.547060943710365 -8.977257509054693 -9.170218254414662 -9.54523446978077 -9.697106932088836 -10.220518926849175 -10.213461414137727 -10.120037252003284 -10.369722042142664 -10.888581130463361 -11.120521169442267 -11.123937266153042 -11.123937266153042 -11.123937266153042 -11.14541249667818 -11.218893015212474 -11.400498786724409 -11.446009028349367 -11.546347693760053 -11.500116743208007 -11.578825999802197 -11.513557950189046 -11.32145555198869 -11.293904370240172 -11.834385315733133 -11.221830106448044 -11.162581240769237 -11.595226541584406 -11.466122865304143 -11.71709826929688 -11.71709826929688 -11.71709826929688 -11.71709826929688 -11.71709826929688
41
 -1.127025479716263 -4.653205101695795 -5.837136893812102 -6.4515709374225665 -6.642555974888153 -7.0353392217779405 -7.572218874855987 -8.078478199799534 -8.443903490654568 -8.795160041214455 -8.979839593428968 -9.35210396883713 -9.663627595917712 -10.076530342519826 -10.401431295520426 -10.810420546945819 -10.850188420562018 -11.129308988809655 -10.737246136749397 -11.190712538743462 -11.492838657025912 -11.237596359426233 -11.214598630535127 -11.214598630535127 -11.214598630535127 -11.346910799355985 -11.136138264229347 -11.33557624530915 -11.062040905619318 -10.966724274297324 -10.911315692965749 -10.890377502233225 -10.88109483701189 -10.869635507788178 -10.989888383725205 -11.166330173149536 -11.317596518299604 -11.549934131107857 -11.414001319470387 -11.391219116625573 -10.90263461919049
ADAPTIID
10
41
 -1.127025479716263 -6.270326101258227 -7.004888254121617 -7.576650430165597 -7.75042912872074 -7.9555957169207465 -8.159235019044491 -8.363533250142906 -8.510330736738581 -8.651010828173622 -8.86615154486997 -9.030883498899499 -9.181075786405838 -9.324921933710419 -9.429797460249235 -9.515913721069952 -9.63574541429677 -9.757801213610463 -9.872202646261949 -9.931697469422812 -10.005860668900125 -10.105188033568586 -10.214924856928809 -10.312654464703131 -10.360548103161577 -10.434727051129922 -10.488751966488161 -10.586834413465649 -10.59933404147576 -10.69294142211538 -10.77136612718643 -10.862270682638806 -10.891654146272636 -10.949591764989895 -11.017604356129251 -11.096002776490971 -11.166604214274304 -11.221054054928095 -11.288566366635326 -11.369750391857899 -11.428676319007474
41
 -1.127025479716263 -6.246456617064193 -6.981938507629948 -7.499148269747497 -7.7686354795624215 -8.055028342134861 -8.244934564640436 -8.447798045965346 -8.606302170472091 -8.72543067575507 -8.836876327804545 -8.95769962625309 -9.106712001623691 -9.181983817122902 -9.301029543294508 -9.395038518403275 -9.512695222354637 -9.61127685747094 -9.716424897722044 -9.808789645239175 -9.901794353041637 -9.974667936689555 -10.066182236839103 -10.156545189817582 -10.253747397467063 -10.316499304213313 -10.408039100110829 -10.474358379399302 -10.512780154410153 -10.553756152337497 -10.608991557225735 -10.69303817489415 -10.734307250859002 -10.789813842760521 -10.857376311867458 -10.884097344293949 -10.93621849055625 -10.9887614098429 -11.01905387356008 -11.100962867664837 -11.219134808796648
41
 -1.127025479716263 -6.191512125226038 -6.952710140587693 -7.413670473110824 -7.6467481980465495 -7.836477993291541 -8.018518480874437 -8.22637694353916 -8.411093733254546 -8.566369458027747 -8.69191439983354 -8.824326671063412 -8.934877296134239 -9.048641566054389 -9.17486840787531 -9.293208711557526 -9.386733930294955 -9.462582625697959 -9.548370170515842 -9.645203483438387 -9.723224552326954 -9.83459264944627 -9.928965022946764 -10.03662689340148 -10.10204865452954 -10.160201240307293 -10.229238641990888 -10.29333012957476 -10.357284144755274 -10.407579280493259 -10.509290129515385 -10.539909892883943 -10.639807653938032 -10.69152003939717 -10.745536652372605 -10.782011780785895 -10.853793804635494 -10.934303286994618 -11.018906913781391 -11.121068224229472 -11.182518397132013
41
 -1.127025479716263 -6.204135264585872 -6.91094878099945 -7.2828503567696865 -7.603391316341313 -7.90337411553803 -8.066306493473727 -8.250749302702177 -8.469092676016508 -8.616253013219646 -8.71970441503828 -8.779336277040684 -8.89203198455339 -9.025427733338168 -9.105081314627752 -9.235908694565124 -9.37082186134525 -9.456428316070921 -9.538395008492577 -9.610934936571546 -9.700694148498362 -9.795500607422532 -9.87024080437031 -9.97807753457975 -10.04398236427896 -10.110436781543305 -10.174624030426855 -10.263186026173901 -10.345160937716338 -10.414795198637153 -10.49190823178289 -10.512681607597848 -10.54971087217976 -10.627625201999669 -10.680355487871223 -10.75383097831005 -10.81453519831919 -10.858470697945922 -10.95628952234193 -11.000261899272337 -11.067871614110176
41
 -1.127025479716263 -6.252412940551621 -6.8811915988497345 -7.4314447527318634 -7.801314294235922 -8.108666926948255 -8.261211875238688 -8.50032313174033 -8.650963712714114 -8.77494505732699 -8.858868873372144 -8.948671256372894 -9.086191099592483 -9.2162318638618 -9.335501989190165 -9.452782288580373 -9.570258298508405 -9.661249664286853 -9.79666595631952 -9.866436377338546 -9.947151710039227 -10.025052703282112 -10.061927516912393 -10.16771588021026 -10.298158001219596 -10.360267438517322 -10.386584367128496 -10.430002466684128 -10.513861363483342 -10.607685377039196 -10.725668649519672 -10.811992823705536 -10.881310220892004 -10.927392893427424 -10.967591882987369 -11.050807688036393 -11.12717642891799 -11.177817212469828 -11.257786296605794 -11.315773051927431 -11.353689421996231
41
 -1.127025479716263 -6.035465845476323 -6.843357797730558 -7.270902553978327 -7.665580379967645 -7.88871106094715 -8.03454212172205 -8.25499679353816 -8.427062145648536 -8.551350887118966 -8.707390080325135 -8.829835665227458 -8.935845898222505 -9.061756154898347 -9.176035433858937 -9.27938300866299 -9.371842882156445 -9.4635600317867 -9.561612503384618 -9.61658731087794 -9.707578433776469 -9.791469696073017 -9.849402429518097 -9.967571813708824 -10.053326652353203 -10.148649893900831 -10.233002066237516 -10.297274573208309 -10.373138496779095 -10.45733900301992 -10.514151462504984 -10.578652621347532 -10.658631632223596 -10.70137792067088 -10.765017081781252 -10.808525660992839 -10.878009064676059 -10.929415758683046 -10.970600663920319 -11.033637261889643 -11.06641575893975
41
 -1.127025479716263 -6.260714137806394 -7.0034586666098955 -7.398127955410412 -7.7121389902781825 -7.922871366063066 -8.104788469227314 -8.302725544551583 -8.467175186341722 -8.636756813253024 -8.773055980824191 -8.929018967490688 -9.038631635324366 -9.146543064381971 -9.249842769317421 -9.340251291600943 -9.463375712581518 -9.522489732912216 -9.63397370654679 -9.766173525985618 -9.85144585677167 -9.9546210857747 -9.979751093173837 -10.074129989954088 -10.196072721297393 -10.265640507597174 -10.37070038352467 -10.4240966945517 -10.486433772145643 -10.557015913901893 -10.595491053737787 -10.677309357480457 -10.752201676503518 -10.823640696613763 -10.877036658401526 -10.936825927502964 -11.00330805769382 -11.06149313973075 -11.138282233706791 -11.190636740634778 -11.23996154673818
41
 -1.127025479716263 -6.169472839144007 -6.885948766382311 -7.343239782197428 -7.730131661320652 -7.9451358520395905 -8.143839397299997 -8.344801822693283 -8.564459684264191 -8.716912561682186 -8.844121759829441 -8.964080277699548 -9.080198068446984 -9.189404478896966 -9.256231687741955 -9.404275012156088 -9.507723528982737 -9.563608641669008 -9.679500803493035 -9.745792274418735 -9.82544497039066 -9.899670225820708 -10.007597769448488 -10.09645513955634 -10.159907882785662 -10.241066804883522 -10.311564156485584 -10.395111718516743 -10.435811137384666 -10.511048053450416 -10.587084157571793 -10.652316674262726 -10.739250440892514 -10.779535509387122 -10.838994101030991 -10.892362579329474 -10.945215315861974 -11.028231558366029 -11.107909278346693 -11.167212162106772 -11.225269028126954
41
 -1.127025479716263 -6.054987906193376 -7.02751843300069 -7.50115859825871 -7.814106601842225 -8.007741147169286 -8.155065612140422 -8.376491954779388 -8.541758117277526 -8.633168965314699 -8.765029378544346 -8.87855682791196 -9.019866806069434 -9.180900371192637 -9.276790799077464 -9.382640281160583 -9.485049906535103 -9.561627546654043 -9.644591488860518 -9.733821045562733 -9.80105098329987 -9.872069322261053 -9.92356149823689 -9.984955615527772 -10.062490824966062 -10.141394581362682 -10.202417669975201 -10.31156983679769 -10.419945754276851 -10.532579908588056 -10.610932838112458 -10.677543525847769 -10.718588568987272 -10.763602053214347 -10.833281267503938 -10.906275049009906 -10.963841862728462 -11.047937434346549 -11.098008511017538 -11.168655748201934 -11.213855067944742
41
 -1.127025479716263 -6.1914945664121745 -6.918376896927341 -7.3714100654741905 -7.660017689060034 -7.835964480183212 -8.059660575058773 -8.302549092317115 -8.521650647298383 -8.669514734455582 -8.841333636350974 -9.012757792469397 -9.140026688361644 -9.284312200922095 -9.396328935200643 -9.520794944979873 -9.610367434579691 -9.660471419417648 -9.773493792386635 -9.859495606392132 -9.964029519276293 -10.053921104624768 -10.132126926859538 -10.211401311416177 -10.302051877677204 -10.38115608193957 -10.459356981459146 -10.51098633077407 -10.593319965069977 -10.651179553951097 -10.70847273335064 -10.782616615013664 -10.827963055618797 -10.877811855081518 -10.94116259872707 -10.982993461107062 -11.032505458453096 -11.080814818294774 -11.147615892988453 -11.2451496884846 -11.300234480615169
steps
10
41
 0 2500 5000 7500 10000 12500 15000 17500 20000 22500 25000 27500 30000 32500 35000 37500 40000 42500 45000 47500 50000 52500 55000 57500 60000 62500 65000 67500 70000 72500 75000 77500 80000 82500 85000 87500 90000 92500 95000 97500 100000
41
 0 2500 5000 7500 10000 12500 15000 17500 20000 22500 25000 27500 30000 32500 35000 37500 40000 42500 45000 47500 50000 52500 55000 57500 60000 62500 65000 67500 70000 72500 75000 77500 80000 82500 85000 87500 90000 92500 95000 97500 100000
41
 0 2500 5000 7500 10000 12500 15000 17500 20000 22500 25000 27500 30000 32500 35000 37500 40000 42500 45000 47500 50000 52500 55000 57500 60000 62500 65000 67500 70000 72500 75000 77500 80000 82500 85000 87500 90000 92500 95000 97500 100000
41
 0 2500 5000 7500 10000 12500 15000 17500 20000 22500 25000 27500 30000 32500 35000 37500 40000 42500 45000 47500 50000 52500 55000 57500 60000 62500 65000 67500 70000 72500 75000 77500 80000 82500 85000 87500 90000 92500 95000 97500 100000
41
 0 2500 5000 7500 10000 12500 15000 17500 20000 22500 25000 27500 30000 32500 35000 37500 40000 42500 45000 47500 50000 52500 55000 57500 60000 62500 65000 67500 70000 72500 75000 77500 80000 82500 85000 87500 90000 92500 95000 97500 100000
41
 0 2500 5000 7500 10000 12500 15000 17500 20000 22500 25000 27500 30000 32500 35000 37500 40000 42500 45000 47500 50000 52500 55000 57500 60000 62500 65000 67500 70000 72500 75000 77500 80000 82500 85000 87500 90000 92500 95000 97500 100000
41
 0 2500 5000 7500 10000 12500 15000 17500 20000 22500 25000 27500 30000 32500 35000 37500 40000 42500 45000 47500 50000 52500 55000 57500 60000 62500 65000 67500 70000 72500 75000 77500 80000 82500 85000 87500 90000 92500 95000 97500 100000
41
 0 2500 5000 7500 10000 12500 15000 17500 20000 22500 25000 27500 30000 32500 35000 37500 40000 42500 45000 47500 50000 52500 55000 57500 60000 62500 65000 67500 70000 72500 75000 77500 80000 82500 85000 87500 90000 92500 95000 97500 100000
41
 0 2500 5000 7500 10000 12500 15000 17500 20000 22500 25000 27500 30000 32500 35000 37500 40000 42500 45000 47500 50000 52500 55000 57500 60000 62500 65000 67500 70000 72500 75000 77500 80000 82500 85000 87500 90000 92500 95000 97500 100000
41
 0 2500 5000 7500 10000 12500 15000 17500 20000 22500 25000 27500 30000 32500 35000 37500 40000 42500 45000 47500 50000 52500 55000 57500 60000 62500 65000 67500 70000 72500 75000 77500 80000 82500 85000 87500 90000 92500 95000 97500 100000
