10
SGD
10
41
 -0.9702077947805711 -6.120421597867921 -6.52479356080633 -6.728910930520724 -6.902488378255951 -7.019162869340723 -7.116370770078309 -7.178314027652091 -7.2527433935189585 -7.28876528235003 -7.356551252317447 -7.431507886258503 -7.484906969826211 -7.507101867235539 -7.5558807592761354 -7.598831409667229 -7.630382910565502 -7.667615289676705 -7.70642697914605 -7.734306216028927 -7.753134222179495 -7.7752277087767565 -7.802991698036562 -7.818932827592317 -7.844791415975862 -7.870493576582342 -7.892257678037158 -7.920284479144398 -7.942595663442069 -7.962533767202555 -7.9820672186030865 -7.998491404546288 -8.02138504249218 -8.036887639038797 -8.04944804555043 -8.06703774935801 -8.08015062844111 -8.090727574027825 -8.099989149151229 -8.114196300112292 -8.129315301389424
41
 -0.9702077947805711 -6.050974402317976 -6.401297704190543 -6.803025224221058 -6.955121224472469 -7.161788618248979 -7.221662635810092 -7.285198068884246 -7.361188938542706 -7.519127443533024 -7.573521312830826 -7.611369911597713 -7.631592447764707 -7.6965993151493866 -7.707061715026251 -7.770536698464654 -7.829449657672152 -7.864862507715625 -7.892844513924571 -7.918360439790888 -7.953026612046289 -7.975325939524262 -8.007456229046705 -8.036346819788237 -8.061704646328298 -8.085214146053437 -8.096437748888572 -8.120113010882898 -8.144547198050942 -8.161390471136603 -8.172537458955778 -8.190399966123119 -8.21613746824922 -8.234637884229429 -8.246947298581222 -8.259388412084375 -8.271791271112303 -8.281467228289147 -8.300328719386245 -8.307929323155713 -8.31608172013241
41
 -0.9702077947805711 -6.136476301934831 -6.667750652651049 -6.865869415566304 -7.130531394372565 -7.31052167179299 -7.400102819670145 -7.469476072751828 -7.571479202332625 -7.650222577888853 -7.70672869140311 -7.729412252174017 -7.807731298948072 -7.872906643766381 -7.94345660352424 -7.972250379998602 -8.00220450571215 -8.041806048491129 -8.071366256968702 -8.112452809062571 -8.146427016676602 -8.170235660617521 -8.193975172421654 -8.212517243829142 -8.232189881658524 -8.249654747993143 -8.264678721595097 -8.27959019554075 -8.299454806171372 -8.320522303628183 -8.341416979721066 -8.357325778040126 -8.366647909454144 -8.389909185290032 -8.410304689864482 -8.426292847364062 -8.435841014442829 -8.456914740175149 -8.471199230513852 -8.484261659142646 -8.506581265645668
41
 -0.9702077947805711 -6.470779872993079 -6.694699418963901 -6.950463193819186 -7.112216175876888 -7.279716645408627 -7.345151664722819 -7.459881470829956 -7.530130190983624 -7.59652056651943 -7.697056197594913 -7.7604413480596355 -7.796963256262928 -7.843446890788312 -7.905240515117092 -7.9553627467475225 -7.985905390701832 -8.015646585417818 -8.0449073179737 -8.069164995298785 -8.092843927204648 -8.122122988296613 -8.148637056993742 -8.182898506957 -8.200247958762755 -8.218802275776145 -8.233343120309431 -8.24380914203399 -8.249323986453252 -8.253239763695301 -8.278337872360378 -8.297000322404324 -8.31319797848548 -8.343245520543196 -8.352676195397793 -8.374779161923561 -8.389128448372281 -8.40151774055789 -8.422601853990802 -8.4257224395705 -8.447002790661012
41
 -0.9702077947805711 -6.149826068051178 -6.792133884308155 -7.117793463862018 -7.361945070817219 -7.456721491056214 -7.5774928577483855 -7.639678784566942 -7.734702373300151 -7.8011771355939565 -7.8481520937007785 -7.910967646018131 -7.942356567046942 -8.001765945585062 -8.034442074550993 -8.072391469363705 -8.118993700294409 -8.148431560680342 -8.183298518311426 -8.210838950810219 -8.24503814220855 -8.268884631632929 -8.286885370870623 -8.309187882283958 -8.329963024657722 -8.353000536031443 -8.370371226679849 -8.39536871622869 -8.413492053903921 -8.4167005685112 -8.439872775190143 -8.442620275257786 -8.462659874925729 -8.479965364237657 -8.503323399263788 -8.521518901335085 -8.531668221356892 -8.551075769362788 -8.574494191582877 -8.579336429998778 -8.587124201662125
41
 -0.9702077947805711 -6.247716629433631 -6.383231928764294 -6.555773302813074 -6.730918158579685 -6.821507945490207 -6.991341421366562 -7.211585893597192 -7.2867094891145445 -7.32885702042641 -7.393594369196459 -7.48767347401579 -7.504012034653265 -7.558151501906987 -7.595409197469886 -7.667038070697352 -7.695400961027033 -7.723609653483893 -7.779445940910264 -7.799286144048777 -7.843940257074108 -7.850471288688586 -7.873567034229263 -7.887614278472076 -7.908067189306999 -7.93285237597715 -7.96004370930245 -7.9849437387765 -8.021365457041757 -8.056719640675485 -8.086569484203151 -8.104664574006783 -8.121501369249415 -8.144464199295097 -8.174448448489173 -8.187879301246959 -8.208454564600348 -8.223165087991973 -8.239623045069894 -8.251957548176488 -8.265405609121201
41
 -0.9702077947805711 -5.81254698142026 -6.37992545247669 -6.886838578278132 -7.090141404783025 -7.2428420510922 -7.2943422733198995 -7.430446638164724 -7.535835120749132 -7.6087278694092735 -7.6625408977542335 -7.695728184708793 -7.732331509095276 -7.823689277160659 -7.862631409479556 -7.8850909763492805 -7.921890936297303 -7.972123613979418 -8.00630687769521 -8.041191402690703 -8.074433189160878 -8.087436489119042 -8.119193286992894 -8.137631900600043 -8.163951431591165 -8.186908310863501 -8.217643615035675 -8.247524169768072 -8.265220092310715 -8.289941172236857 -8.30511824199703 -8.32621768375429 -8.344486351280517 -8.367281042171113 -8.373977596348702 -8.403367535132094 -8.417574771325818 -8.426273358238339 -8.447699617814743 -8.462590207958305 -8.484507220628206
41
 -0.9702077947805711 -5.719630177366701 -6.280619126479011 -6.530480210877983 -6.737470227820301 -6.837870543251481 -6.948349816925033 -7.0695875054448125 -7.153589063117471 -7.242598950886741 -7.323279162959643 -7.399390614176599 -7.452411397850925 -7.488559983459414 -7.530191839448173 -7.565057559778402 -7.597172068029746 -7.639806315114587 -7.678586160367948 -7.708363355933676 -7.73704076217227 -7.7549567909508665 -7.776621907364998 -7.808294721796416 -7.836849039828454 -7.8650928968532785 -7.890156576288096 -7.910585680065852 -7.9247572129675605 -7.944340566091392 -7.966373502006517 -7.987230503965083 -8.009753149590168 -8.024103625669285 -8.039156593863545 -8.058721993331133 -8.0716099678307 -8.093197866363068 -8.109929321939168 -8.124396118726976 -8.133476797683436
41
 -0.9702077947805711 -5.464947757471325 -6.107128317992004 -6.436608767745894 -6.690906014008914 -6.844820646163905 -6.997558226502961 -7.125727326572942 -7.209963489957047 -7.331319988511427 -7.396837199450226 -7.447729870519338 -7.486080579303463 -7.499698179289567 -7.555588780541831 -7.585060105455249 -7.599498352244957 -7.669528312391859 -7.703355167890469 -7.744276588849093 -7.794606615710116 -7.8423952613418635 -7.874540113333562 -7.894335424653882 -7.921863692503711 -7.951404897160613 -7.958042893825936 -7.990290646066735 -8.025639893914994 -8.042761078934637 -8.06207383051958 -8.07913637417088 -8.09407815427276 -8.109253745962508 -8.12853866065756 -8.142254875018601 -8.157333096974854 -8.165865410182665 -8.186001706159402 -8.195821866045124 -8.207179839502103
41
 -0.9702077947805711 -6.043019963744044 -6.84311380732928 -7.068706900080864 -7.189416392108129 -7.264955495052401 -7.359045970091137 -7.488422298613579 -7.618582826638302 -7.718459549128166 -7.769180093865099 -7.861790324616086 -7.938053521351288 -7.987117839249894 -8.03934795219176 -8.065972618180226 -8.106669429312866 -8.147562212594396 -8.178037676787572 -8.206303687454147 -8.222759868339683 -8.255983420228107 -8.281771469212194 -8.298721847944478 -8.33594109352119 -8.358097461160826 -8.384770494951598 -8.405659470424041 -8.42034902496116 -8.438041183233619 -8.45072493832595 -8.464072294907734 -8.4828645921456 -8.500792985997972 -8.51997680863097 -8.534350468971892 -8.55168496294401 -8.565732023571039 -8.583278087308912 -8.592261174130932 -8.602141350421117
SAGA
10
41
 -0.9702077947805711 -3.834879329283637 -4.419467182233632 -4.765856657457567 -5.093903983920118 -5.36522951921879 -5.569172504363098 -5.749860638771352 -5.9237444896335285 -6.102796880498244 -6.244329470489979 -6.375432779396163 -6.521355780617962 -6.662734475233692 -6.799872811381313 -6.907044213740958 -7.029584790627683 -7.1636878296909 -7.263359892115356 -7.387750261603307 -7.494662666823668 -7.591285812091644 -7.701148186838939 -7.797750604136433 -7.886758394278609 -8.000305880723163 -8.105339427967428 -8.194335057824333 -8.28990545708433 -8.385133843258814 -8.474390938413588 -8.551514457085807 -8.630077043814593 -8.715097950864054 -8.789473613818389 -8.875921178923292 -8.942268137605272 -9.021409080844338 -9.115927945900966 -9.200457628992906 -9.25332376495437
41
 -0.9702077947805711 -3.745697360819132 -4.393929470479599 -4.8012696093831275 -5.076238975915611 -5.323377244784203 -5.565280080655778 -5.778893677056956 -5.976541413061444 -6.134743617616565 -6.299002308541214 -6.447097055509582 -6.589621488230338 -6.736871373007342 -6.8825735369275645 -7.00929148898033 -7.13496547880278 -7.226087234605153 -7.329510727276782 -7.467664643932771 -7.6067714526246775 -7.705088030446842 -7.804949192843128 -7.891873233815058 -8.01365451163263 -8.096071579560821 -8.19433855760827 -8.273779360048792 -8.369663635850769 -8.435767496882711 -8.552064106060875 -8.66823427779918 -8.787990003342403 -8.865081227886783 -8.938153986440067 -9.028401164911587 -9.090230655734633 -9.166839229216736 -9.235888689147112 -9.340728626729968 -9.41476153070012
41
 -0.9702077947805711 -3.805540497539114 -4.452831802968725 -4.811359699135344 -5.102676756257839 -5.330322282740285 -5.583148855805062 -5.783161269655606 -5.952566546794079 -6.139087790281039 -6.295568761192453 -6.4445489008085275 -6.587612084893242 -6.7351020062329 -6.877977386866111 -7.012285730204507 -7.148118359794435 -7.237335758062113 -7.369385064925908 -7.483369911816019 -7.603804593233954 -7.7299670164903524 -7.821195452780265 -7.930224009677828 -8.023236015371968 -8.110560312410449 -8.200978479104544 -8.262002750800953 -8.330664031631205 -8.476249238149308 -8.571263864468625 -8.667694373464382 -8.768478663685412 -8.831725804430805 -8.939785845894516 -9.02902039848928 -9.098481703325172 -9.184528938425617 -9.250638470029923 -9.336279754356617 -9.412049715499839
41
 -0.9702077947805711 -3.7674212040815327 -4.4470365928934825 -4.823793432016698 -5.111788331642706 -5.338536018682906 -5.571150813725799 -5.7563395723373985 -5.9294574578197095 -6.092527995554134 -6.242513434675736 -6.42151477866642 -6.563310056643175 -6.676673456827952 -6.799350722688727 -6.919224419759184 -7.0403580664988334 -7.132420127174226 -7.242202274941629 -7.341416905466787 -7.4662146571257635 -7.579290006477578 -7.677424867923348 -7.778581628814254 -7.872951868596545 -7.963615576895806 -8.052783592462784 -8.165182324122975 -8.240863751377603 -8.356927449810836 -8.459966623322188 -8.522192970800713 -8.613931031908024 -8.723123964437537 -8.81678514160666 -8.906651154210808 -8.997985734822539 -9.093658267821024 -9.172459228597495 -9.247853770254387 -9.344371668235192
41
 -0.9702077947805711 -3.786602911293322 -4.420212846671272 -4.828487925702195 -5.1273745500863965 -5.381874264587844 -5.574557609367392 -5.7650750712435626 -5.947034523844552 -6.131068206166535 -6.283974749412022 -6.445996677573317 -6.570232682976743 -6.706742310252342 -6.814292445470801 -6.9473163376457 -7.086533134385778 -7.2076518699386245 -7.331466466123388 -7.440005654184607 -7.555375960879702 -7.650993758166771 -7.780703904257961 -7.885938781631123 -7.994991944755965 -8.08557593806103 -8.17213884403364 -8.275023356710868 -8.381596245922886 -8.474047192575373 -8.554383146099413 -8.641336819073327 -8.715004615097047 -8.810585312484305 -8.901692002195675 -8.97732973891127 -9.049507369729499 -9.12531764044058 -9.217619753918111 -9.292928041837072 -9.366412981094527
41
 -0.9702077947805711 -3.7707723827974937 -4.4039941610828555 -4.792792370378804 -5.097460929155907 -5.335505214837437 -5.563620725657122 -5.754610102538577 -5.9020886425550225 -6.104420793248591 -6.299177932178737 -6.4725498795511776 -6.614818093141994 -6.75790465886906 -6.926379059891945 -7.07289008061895 -7.201761314309008 -7.318914898576799 -7.427256381163059 -7.519290740779699 -7.644615840400695 -7.731791938095207 -7.81891124693741 -7.941021602498451 -8.043580620438256 -8.135397143911815 -8.214812204500136 -8.305669115896055 -8.38811810781751 -8.484719572760923 -8.56880489562475 -8.639121770509409 -8.707120746539754 -8.8112570571796 -8.882337094315242 -8.969503076561546 -9.025343095749042 -9.112865774193237 -9.167503693906518 -9.272443071939703 -9.3801760019929
41
 -0.9702077947805711 -3.804809667701562 -4.4519178910377795 -4.833529895541062 -5.131571611941865 -5.378744034295636 -5.589266964109791 -5.811179450182699 -5.982528981627783 -6.17055509266578 -6.334435746573889 -6.459970386388018 -6.618249309501791 -6.743370416490657 -6.89656939426991 -7.034975746545055 -7.14069814803997 -7.260955230240199 -7.376051927722199 -7.499173880586024 -7.593926269687583 -7.705761435787096 -7.831341945823288 -7.9140469904756126 -8.006822390615726 -8.117604767046533 -8.198951538331496 -8.286459111690467 -8.392661026345081 -8.484697942836394 -8.561939408539766 -8.65750990985056 -8.726299155093365 -8.825194543544571 -8.928733950587288 -9.014657972294218 -9.102727031323969 -9.178067702991834 -9.265707335127987 -9.36713354275208 -9.438399726340753
41
 -0.9702077947805711 -3.8228454132757186 -4.413224357919977 -4.799532246152219 -5.086486153392877 -5.328216420945629 -5.53192376402052 -5.741879813244467 -5.892266214124856 -6.07812613048458 -6.241776895415414 -6.382458630598512 -6.551616635511625 -6.662431166924869 -6.783026369678627 -6.922139265982723 -7.055247088084739 -7.187934930621717 -7.302937100303873 -7.427248125710426 -7.537813982176873 -7.63066769118681 -7.714479917633051 -7.823532530286958 -7.9183429398631375 -8.01449582860644 -8.111352355339841 -8.234943785889795 -8.318589597808613 -8.434225198139082 -8.525629937494722 -8.625794199155353 -8.707004443567353 -8.79658769939269 -8.870195511064624 -8.935999729696036 -9.001428081186937 -9.114019657673708 -9.200590521681042 -9.279309775439154 -9.369961638259822
41
 -0.9702077947805711 -3.7742655009255293 -4.404490840735591 -4.773142307890479 -5.074548569754246 -5.300611150960561 -5.519925629287603 -5.683326455857492 -5.848469221235462 -6.037901809691102 -6.198738346678814 -6.3523672777645075 -6.512378437077962 -6.662934796522232 -6.772048198007388 -6.902877417411169 -7.065477751302549 -7.211622621205029 -7.323727148517224 -7.423686977979679 -7.512922371685984 -7.637438688058484 -7.758154986285518 -7.852123466177692 -7.914212043000198 -8.016455420022988 -8.12625585724614 -8.230379914754602 -8.318441445809823 -8.416825786605132 -8.507103604793482 -8.609588649899166 -8.681065489656532 -8.76960209984276 -8.858860846056192 -8.941612864860577 -9.023241491506317 -9.109054623489545 -9.187003027373372 -9.27091233544101 -9.357542203362332
41
 -0.9702077947805711 -3.786171733347802 -4.4385771945734245 -4.820290929139725 -5.081810912011234 -5.327521166048247 -5.5416933328331455 -5.751283280587744 -5.909625382970182 -6.113120504923389 -6.241041329198559 -6.385083972301575 -6.540505608531901 -6.673591239181157 -6.76768018492111 -6.8859500265601925 -7.009257452593228 -7.153131199589461 -7.264473558352074 -7.3659812941260965 -7.468464826930138 -7.597600004808008 -7.685213829953193 -7.777670688671279 -7.884533507947945 -7.956055574498195 -8.043086559810508 -8.14393478684223 -8.233348367898225 -8.322179290985515 -8.451745111685945 -8.538610718264362 -8.652465664710851 -8.733035791368252 -8.834402100081553 -8.92507996980099 -9.006368333346856 -9.100633517563216 -9.195960468540248 -9.254478164316023 -9.336939298301932
ADAPTSAGA
10
41
 -0.9702077947805711 -5.757806157676689 -6.679599241100831 -6.926365619032388 -7.256186540903844 -7.377259806133291 -7.665705742528482 -7.666822559959701 -7.928741295924729 -8.123703420202673 -8.367288441870874 -8.58517922655793 -8.63113355319178 -8.760971307719325 -8.913811889566452 -9.032940832050832 -9.17089382109858 -9.248546574411305 -9.319978645085293 -9.552030643375513 -9.616226639795787 -9.775560645146195 -9.945530633964381 -9.88944108013819 -10.230820480674454 -10.350380936788648 -10.472881270444995 -10.54362861506038 -10.471657061116574 -10.790508560511977 -10.944146470609788 -11.003780284624245 -11.292283572415124 -11.517548955909877 -11.618436974450324 -11.807379270703349 -11.98493418796818 -12.093284668426243 -12.212710108176836 -12.33416467669271 -12.400960817263021
41
 -0.9702077947805711 -5.962594818028591 -6.748712161759893 -6.991611204885968 -7.309188958448973 -7.363110770184593 -7.721062389632987 -7.629037070221937 -7.919870018196449 -8.247486022886603 -8.428455103921635 -8.592050418018381 -8.703588982176772 -8.857902580807256 -8.984450228206962 -9.12933965213213 -9.219131010752657 -9.323191498624409 -9.39546278914674 -9.592258013149248 -9.668346715411657 -9.767949491370285 -9.958482803846149 -9.91187405300875 -10.284146172215994 -10.408490795936792 -10.525405015589033 -10.600906661090049 -10.508473279120187 -10.82321607917203 -10.967728612617606 -11.113179637755103 -11.361338985122627 -11.595671361194356 -11.75533048203004 -11.946908863468451 -12.073551150954634 -12.185697565380032 -12.268258473511171 -12.34714484304328 -12.44446068192136
41
 -0.9702077947805711 -5.868589039127986 -6.582096518662846 -6.790751180976718 -7.15574571014546 -7.369961851691642 -7.732937347775587 -7.731827480731823 -7.965166812214639 -8.223033489914744 -8.373710105848005 -8.605410574946315 -8.668848824697793 -8.772497685108833 -8.934642507412258 -9.08185351618814 -9.167809209456138 -9.296725507223439 -9.38006181449999 -9.590770359246251 -9.665117345539326 -9.802107262750086 -9.941317585215563 -9.910417719501982 -10.252297376582762 -10.353746109225785 -10.47505000631095 -10.559257008207364 -10.497205001264131 -10.731236858777 -10.936077537831205 -11.065986535766077 -11.312727790974703 -11.525317815466881 -11.724256316572559 -11.897250301216879 -12.01018073056801 -12.129503839206917 -12.24877293565352 -12.336942101535096 -12.407383692160927
41
 -0.9702077947805711 -5.989989038100619 -6.445588613997841 -6.773916532209142 -7.267792703304149 -7.410978151748929 -7.755878252340919 -7.656910182752709 -7.974859638776426 -8.28096513910457 -8.436775744044443 -8.628559036274433 -8.688690012263855 -8.786730534064995 -8.972854007857611 -9.10731805169049 -9.197101236055829 -9.31819870293587 -9.407052891357704 -9.607913353008106 -9.688989199136985 -9.799140654486507 -9.991806167967873 -9.956208084502165 -10.315000652611957 -10.411450104002226 -10.551611604058749 -10.621058394820443 -10.55107842340053 -10.875085484442238 -11.037122927917157 -11.147624005895006 -11.419685347454877 -11.647880274731884 -11.809501759717383 -11.987776967734499 -12.143569113836627 -12.270075637738206 -12.357130755543704 -12.443211060894672 -12.514026458877241
41
 -0.9702077947805711 -5.759481585045042 -6.5175563566435155 -6.675979408823241 -7.349692316076711 -7.388501065025372 -7.761386396956943 -7.791760745696914 -7.9867448162142605 -8.23851329117166 -8.405279082140552 -8.608802143243985 -8.643382284003787 -8.744155753396633 -8.963251342850173 -9.094384317801623 -9.17749364849166 -9.307252774123333 -9.41495998779138 -9.571399849533336 -9.66594360947002 -9.835726819170507 -9.958758385316973 -9.904954007811188 -10.237489147707466 -10.331354567077165 -10.47500520151372 -10.545682927091383 -10.505928952289814 -10.829223380759537 -10.933937502377916 -11.032599911636703 -11.332507997894982 -11.56540574705779 -11.710205759775851 -11.905336043150573 -12.014542723735877 -12.116112717752149 -12.20432526139716 -12.303804297150052 -12.385689851750445
41
 -0.9702077947805711 -5.845191279221782 -6.5695515814017265 -6.861715786981147 -7.324784789819102 -7.36332380091791 -7.738510012208748 -7.727196370181807 -7.9721882028622275 -8.20420889699969 -8.405393882318473 -8.623028036560571 -8.69511018956187 -8.817130063983488 -8.936179783466775 -9.100124615064466 -9.165008047413604 -9.288491139059175 -9.405036420033275 -9.624997534866763 -9.706548605812666 -9.813519692544283 -9.961212576107249 -9.912081305082326 -10.291442848086252 -10.389466957006496 -10.504220524128494 -10.572659057493299 -10.534911127053133 -10.83991768182439 -10.952274055411875 -10.98177873681208 -11.31209085039076 -11.547208620992595 -11.666715422716189 -11.86668689563274 -12.033530926666808 -12.1484517429069 -12.246644383940852 -12.315810393049976 -12.421168140970503
41
 -0.9702077947805711 -5.976636471578386 -6.7045773541460365 -6.919970246685714 -7.328379013466929 -7.4061219317175 -7.755058491046301 -7.775579635145783 -8.015393073668257 -8.207533677155768 -8.453237607656847 -8.641890659532487 -8.724612974320321 -8.824671131113163 -9.027799224972036 -9.160935330276136 -9.282105504648758 -9.365381237755454 -9.45371174462527 -9.629657728566691 -9.818853421093268 -9.950576203859606 -10.048509492161132 -9.99741859931186 -10.349955991259062 -10.456261216357651 -10.582503784696828 -10.648702194979474 -10.546668373525854 -10.892341559101054 -11.041002681226187 -11.12670735337073 -11.42655378390299 -11.67410589945166 -11.807187085392936 -11.982964069228489 -12.066739805863104 -12.226833199898142 -12.352619181519517 -12.440681876458195 -12.51922809760942
41
 -0.9702077947805711 -5.855387704049495 -6.695053347639784 -6.925084804327422 -7.348467346965751 -7.3912219140775575 -7.78221142152803 -7.682832126187834 -7.943503713276354 -8.190960732057158 -8.407076752021121 -8.598774709236187 -8.621885751370407 -8.792091865689283 -8.918929012221202 -9.067320133194434 -9.168941150997624 -9.260064382395923 -9.389843236006442 -9.597480761078842 -9.7279020434064 -9.809696449982656 -9.935799333595952 -9.90699677877702 -10.295260291855335 -10.387306268319762 -10.513807490201714 -10.584444988688473 -10.521717634831578 -10.838616632749273 -10.969130912147984 -11.059163730795925 -11.342268946311822 -11.58076547320013 -11.7051292969245 -11.916924368027065 -12.018832364085053 -12.156715087196815 -12.259436988234441 -12.339678902508192 -12.409253396638038
41
 -0.9702077947805711 -5.395995026571713 -6.593038136196089 -6.905074402976778 -7.3757801464603014 -7.397134189786448 -7.8090165859207845 -7.869860259829129 -8.065267575763489 -8.131728930760032 -8.395657383862659 -8.635292275065718 -8.693793142700086 -8.848509841718156 -8.962937090977467 -9.144138487640266 -9.225403539575993 -9.36791848019038 -9.48611615065906 -9.67521312915619 -9.806347785491184 -9.935832974910305 -10.002010813348658 -9.931487557204878 -10.332843424517916 -10.415276449394431 -10.54740938396206 -10.625368239953705 -10.553021179277925 -10.901397633438348 -11.003980193521693 -11.152478236093199 -11.408119996903832 -11.627357356083838 -11.743997596628128 -11.961365184687141 -12.119556902276582 -12.196905098273513 -12.323362133627736 -12.421009851962218 -12.50415031974175
41
 -0.9702077947805711 -5.882402226113732 -6.669033153227023 -6.912333127773653 -7.267628087599488 -7.324300355751306 -7.73639464877035 -7.810014060262325 -8.030655320401687 -8.264822031352724 -8.464065303945338 -8.640201514669961 -8.697825860963182 -8.805383435108073 -8.959184463922469 -9.117887888066358 -9.232020888995311 -9.33038660755741 -9.496222490940754 -9.692481284802621 -9.79279052960105 -9.938488305317449 -9.988094574088228 -9.910957389772792 -10.314510545518074 -10.409301298782363 -10.547163874099649 -10.607149408300339 -10.55442436648405 -10.881354795357112 -10.959736673365509 -11.011371836116032 -11.343253158307727 -11.58223024331844 -11.700545538815032 -11.900791629144607 -12.084988676047837 -12.187861682476047 -12.295862827967834 -12.371100968636938 -12.471011341246305
ADAPTDoubling
10
41
 -0.9702077947805711 -5.817201633959344 -6.2035872725780745 -6.619353999874752 -7.11639231669972 -7.381936830504235 -7.567483945344863 -7.852776500499146 -8.091243141127444 -8.133225428374931 -8.357339966534338 -8.521904377942306 -8.597680613298746 -8.686306769678284 -8.764384740345884 -8.77480155095879 -8.965956431858368 -9.065781030363361 -9.162856580183176 -9.266394249137766 -9.33670941068714 -9.390431025833328 -9.376143515881914 -9.52505669779842 -9.686356009032199 -9.824063418428736 -9.85948060276082 -9.94213090585828 -9.951783202576568 -10.057693956540724 -10.085073440265418 -10.13506749518129 -10.212809178801148 -10.347937406965345 -10.428904580508902 -10.499368286951528 -10.469050211831982 -10.660151242618655 -10.72382968476711 -10.776463347635286 -10.817807670135068
41
 -0.9702077947805711 -5.808436938044473 -6.155901529831358 -6.706118452010771 -7.066314984491028 -7.409519357713133 -7.526238180546398 -7.714127746680344 -7.885166821714409 -7.974861650112183 -8.185531864093036 -8.281319808175649 -8.393924477777837 -8.551162390797234 -8.695026563897759 -8.838892588013335 -8.95541941363196 -9.064017473175825 -9.161638420538615 -9.263190058139482 -9.36122944543791 -9.47105290129444 -9.495351334407625 -9.585564084561392 -9.65062536920673 -9.714766760728184 -9.770913074632595 -9.869043739142812 -9.937315362872937 -10.02136139362396 -10.104330432665124 -10.174920610452329 -10.251286599849257 -10.343096691075438 -10.393506893447606 -10.459592274255773 -10.538945608216267 -10.586805751242837 -10.646944800054708 -10.750313350771046 -10.784994214080314
41
 -0.9702077947805711 -5.841486868577601 -6.582662833894372 -6.810171509230138 -7.325659878628738 -7.351070368302176 -7.4933421757905645 -7.734770460104287 -7.91051857599213 -7.947453915828225 -8.125053797188558 -8.242939581822018 -8.367741757023515 -8.474826171496803 -8.55327992185821 -8.70699172475088 -8.821940821594398 -8.84739997051757 -8.842026015476044 -9.041665454878759 -9.065995477568102 -9.253645706589493 -9.320320564705103 -9.466464622168854 -9.532958992528444 -9.57066378925761 -9.614710674883009 -9.7319640911022 -9.715692310323679 -9.827642114855786 -9.863325700615702 -9.913244954057113 -10.012023076167205 -10.062445816931506 -10.212751368901353 -10.26702894340014 -10.25494733763173 -10.300991421572444 -10.374739355496004 -10.356645212436602 -10.497363597248725
41
 -0.9702077947805711 -5.859102452550264 -6.092183940625108 -6.651709118116772 -7.2332048236866235 -7.519486205556118 -7.7280316849739235 -7.964676065701825 -8.15175759801694 -8.28865171118463 -8.446139825182078 -8.557221093907742 -8.689385934707827 -8.662721306664688 -8.834461123616162 -8.898966810209709 -9.056070592057642 -9.187291848316693 -9.154957700892158 -9.345412321432732 -9.465439619911514 -9.572515199914536 -9.586272609913483 -9.62769181239382 -9.745332978549026 -9.841975797676218 -9.943227182862271 -10.03368352039843 -10.08845665208817 -10.13291902373137 -10.250598054474615 -10.242532734045449 -10.272058689490146 -10.332435643878554 -10.302942298442003 -10.415104412549924 -10.561926569865992 -10.566589213632636 -10.772475859477819 -10.82294371111295 -10.873726232666284
41
 -0.9702077947805711 -6.011617026629604 -6.429870237147143 -6.901859579268418 -7.012229906051015 -7.3424501314801285 -7.547283298880948 -7.853643434705461 -8.019193892100606 -8.226257757885142 -8.391480401429277 -8.475945700019603 -8.616173422135512 -8.749036056066917 -8.853504692556102 -8.925608293066237 -8.978723646634963 -9.06173695085224 -9.1928431621354 -9.227824018228263 -9.303705802288608 -9.35411038341504 -9.443917669544625 -9.506453217718702 -9.56934545286333 -9.680403421160525 -9.722267290353253 -9.733848537262553 -9.873568017813586 -9.937776554102996 -10.02868805708814 -10.086041156683473 -10.20617932772281 -10.340142647989651 -10.436165267003918 -10.50651744394686 -10.621107703540545 -10.665826038819489 -10.807223186134598 -10.868411542369918 -10.823381987863895
41
 -0.9702077947805711 -5.8604596898476675 -6.446055321745055 -6.837086709009609 -7.113471756130962 -7.31457114581562 -7.480510405560458 -7.717643416887745 -7.847054314607549 -8.082459504705293 -8.255684279341834 -8.38544569778921 -8.527399744178037 -8.597562752648923 -8.684592988007505 -8.736813620246133 -8.887795384587927 -8.951427851767638 -8.95447879155588 -8.986333117681268 -9.04275067687103 -9.251124658872728 -9.329239005132793 -9.486917227236125 -9.52289669063781 -9.63253086491826 -9.683217338050305 -9.77110774739462 -9.848757542138989 -9.962795902243226 -10.040485732910872 -10.147149195479873 -10.229005598747529 -10.25475356890118 -10.29083046159872 -10.427167122661551 -10.496573502766607 -10.580755573612544 -10.646395516842666 -10.743958956029225 -10.823304629724152
41
 -0.9702077947805711 -5.892730289460812 -6.484297108369279 -6.682323721300617 -7.141744657142769 -7.247633217880898 -7.2989065233949395 -7.629425427768082 -7.770593000074484 -7.858573886684004 -7.931547748050913 -8.215084638880038 -8.414294679315548 -8.535448466270875 -8.644732029053493 -8.725191182226062 -8.849985782008561 -8.90630685520066 -9.090718124598276 -9.19534587597648 -9.313205169386748 -9.37616279281968 -9.364187039365683 -9.468970468281306 -9.560136912744937 -9.624815674980757 -9.634467906892267 -9.780139684956701 -9.778330763813894 -9.775601944625102 -9.848712682148355 -10.01576494701171 -10.175328715200743 -10.29279942960615 -10.313482902352115 -10.423439022331348 -10.486016859845922 -10.562478489417785 -10.637872055768991 -10.659646174258397 -10.771969834476502
41
 -0.9702077947805711 -5.733748136777186 -6.463155054232003 -6.753796973803573 -7.269909739024475 -7.561718939924873 -7.7939003118987475 -7.996921226580973 -8.223728886346338 -8.289266178136273 -8.420774391326585 -8.518886718206735 -8.641369710224 -8.710255402862948 -8.803611782826245 -8.921366851304764 -8.981608643851066 -9.180532992259662 -9.24152713442138 -9.400832199308775 -9.449479812172907 -9.542248160970725 -9.672290115404408 -9.71736420318172 -9.777394732569487 -9.857743421346866 -9.984842963819009 -10.00757867429426 -10.023412514427521 -10.089880304986503 -10.197782349281548 -10.28275969186603 -10.331570679183782 -10.483438557524261 -10.534229622180348 -10.619339481699939 -10.670439213187205 -10.686749626383817 -10.637729454950819 -10.985997640903427 -11.073995365046962
41
 -0.9702077947805711 -6.044026634350746 -6.214897565015106 -6.639643450219415 -7.017484809584022 -7.125296150428071 -7.549842733927817 -7.669889702769079 -7.832607892915172 -8.037491212927389 -8.124645239853127 -8.293227215008423 -8.252687529391508 -8.381282042897123 -8.584419994714224 -8.785040732024898 -8.84608183005649 -9.008123157330008 -9.055187060818476 -9.071587685083756 -9.086489950044985 -9.123193920503741 -9.471955784192986 -9.482759559910761 -9.401857413723159 -9.474156157433702 -9.648906751354746 -9.710365180594069 -9.871557177636758 -9.918987032108564 -10.111039057340435 -10.170831084165247 -10.172315850514359 -10.308804301816743 -10.415823551455672 -10.50443907868709 -10.608817750597018 -10.678948263172275 -10.727120144257949 -10.771836580926855 -10.820880404394135
41
 -0.9702077947805711 -5.970958467389839 -6.471609153330844 -6.861134353523016 -7.245700732177571 -7.440149384026217 -7.606343082799463 -7.7688196974558315 -7.937746449165822 -8.056359062149827 -8.210016027797248 -8.437666603369138 -8.470285470769879 -8.584785691571746 -8.65495199105758 -8.84264653375134 -8.912735128135678 -8.917151109418855 -9.078128886572948 -9.131637475827489 -9.227481374362982 -9.317126263858253 -9.375243560885709 -9.431557785515661 -9.474660380856257 -9.566564511287764 -9.582190588634127 -9.71354965816622 -9.6956801595057 -9.972112889878028 -10.108243770010079 -10.183583201939047 -10.28735131797692 -10.374012392559377 -10.466578060912871 -10.527975437670992 -10.601151364268397 -10.678351004267608 -10.703127967434574 -10.796763539420843 -10.802987647561283
MainSSVRG
10
41
 -0.9702077947805711 -2.4883243222659144 -3.748155939751454 -4.203045028392793 -4.540106960518731 -4.540106960518731 -4.540106960518731 -4.794652450141959 -5.027530095646914 -5.228104323643517 -5.4031157155134455 -5.578016306860403 -5.730842409596348 -5.870675315748465 -5.977252082257649 -5.977252082257649 -5.977252082257649 -5.977252082257649 -5.977252082257649 -5.977252082257649 -5.977252082257649 -6.032475444392275 -6.177405485053401 -6.31606573343505 -6.450744372717286 -6.579315923537439 -6.69581821938474 -6.7968577190607515 -6.7968577190607515 -6.7968577190607515 -6.7968577190607515 -6.7968577190607515 -6.7968577190607515 -6.7968577190607515 -6.7968577190607515 -6.7968577190607515 -6.7968577190607515 -6.7968577190607515 -6.7968577190607515 -6.7968577190607515 -6.7968577190607515
41
 -0.9702077947805711 -2.521936866980045 -2.9234724216700974 -2.9234724216700974 -3.670281496202456 -4.357279198141598 -4.74969041158557 -5.054084361699714 -5.314424106462795 -5.496304988207074 -5.665947885846838 -5.838809531120422 -5.991833371301303 -6.1202412591369475 -6.199457278318224 -6.3238927680152175 -6.407267830299928 -6.475581719188707 -6.532080312094271 -6.628077373901546 -6.694940071171844 -6.715234938403993 -6.717159047235229 -6.783240877722916 -6.8240373706892825 -6.8240373706892825 -6.8240373706892825 -6.8240373706892825 -6.8240373706892825 -6.8240373706892825 -6.8240373706892825 -6.86289337960506 -6.977586015624917 -7.086245519311487 -7.194374095609671 -7.292583293619872 -7.38400052167189 -7.474650631375732 -7.561099922720104 -7.6457549232457245 -7.727747825106944
41
 -0.9702077947805711 -2.594715815936772 -4.064498071205194 -4.371109665935719 -4.371109665935719 -4.392770395328518 -4.7293961638939 -4.997294206492777 -5.229843951190534 -5.43281116249154 -5.612216590377313 -5.764701076237414 -5.764701076237414 -5.764701076237414 -5.764701076237414 -5.764701076237414 -5.764701076237414 -5.764701076237414 -5.814314779457703 -5.9957089991458155 -6.160126423727451 -6.312450603359729 -6.454229427690907 -6.588810249568552 -6.71803793337929 -6.839156372400416 -6.955920129524522 -7.065320702138933 -7.1702898868419345 -7.2766735812771435 -7.373637109488287 -7.383392897705339 -7.383392897705339 -7.383392897705339 -7.383392897705339 -7.383392897705339 -7.383392897705339 -7.383392897705339 -7.383392897705339 -7.383392897705339 -7.383392897705339
41
 -0.9702077947805711 -2.5043439677064274 -3.9434711700289866 -3.9751228352169607 -3.9751228352169607 -4.3201556319687695 -4.672526683715966 -4.937828983422353 -5.173172914900679 -5.262315081052995 -5.262315081052995 -5.262315081052995 -5.262315081052995 -5.262315081052995 -5.262315081052995 -5.262315081052995 -5.402497955959714 -5.580331235619555 -5.744945756763326 -5.90976863038558 -6.053339527214598 -6.194521463766294 -6.334219671728405 -6.474500732350616 -6.591764753552115 -6.713734876886512 -6.8002457705641035 -6.9136815528681925 -7.011981241772415 -7.109508623153263 -7.116887648276714 -7.116887648276714 -7.116887648276714 -7.116887648276714 -7.116887648276714 -7.116887648276714 -7.116887648276714 -7.116887648276714 -7.116887648276714 -7.116887648276714 -7.116887648276714
41
 -0.9702077947805711 -2.5568946567192627 -3.9028205563101177 -4.2046713425799975 -4.435810926730566 -4.589078979314966 -4.651037606537859 -4.581700911477465 -4.536013986010228 -4.435811741645434 -4.370771262577609 -4.2912094922724 -4.194259648357602 -4.1345584068940795 -4.072672217433668 -4.061136215471975 -3.921747300749844 -3.7757085503264722 -3.6592617940058876 -3.580641456662524 -3.5186730721357407 -3.5186730721357407 -3.5186730721357407 -3.6352793867237585 -3.7582453136566714 -3.880137505452584 -3.9984550707850834 -4.117298174105021 -4.233010810806347 -4.3456479626437075 -4.434719653671807 -4.434719653671807 -4.434719653671807 -4.434719653671807 -4.434719653671807 -4.434719653671807 -4.434719653671807 -4.48047115277419 -4.606254240896872 -4.727609345876091 -4.761586206146987
41
 -0.9702077947805711 -2.5230349148561872 -3.698600648219134 -4.511142942516365 -4.51367504838529 -4.708550479078179 -4.639369822891155 -4.73238105164021 -4.878049991383311 -4.818545692044198 -4.82364678938374 -4.714203454179522 -4.641116363882427 -4.517629636356883 -4.410397067049083 -4.396835149176682 -4.396835149176682 -4.502904413751447 -4.657943279563723 -4.7977573736989045 -4.92544800513534 -5.056610814793494 -5.171348478361428 -5.2801257934740935 -5.388764933196212 -5.496166638383894 -5.593322669855598 -5.680583615678393 -5.778778435821193 -5.862785948396071 -5.931859675035659 -5.9427147053986955 -5.9427147053986955 -5.9427147053986955 -5.9427147053986955 -5.9427147053986955 -5.9427147053986955 -5.956608384694609 -6.0824527204017 -6.20239484515479 -6.315364886244394
41
 -0.9702077947805711 -2.4548270146006854 -3.8657107256990684 -4.122871844213734 -4.302020830957275 -4.442439525129368 -4.298207432781537 -4.350877958950113 -4.277666216763932 -4.406475871820347 -4.362572900135773 -4.40501067153102 -4.440657413311631 -4.342237621828564 -4.126563848966497 -4.082739097599765 -3.961777110800758 -3.847589949510824 -3.7513180718518515 -3.7513180718518515 -3.7605703039713356 -3.953402387184512 -4.021255910079754 -4.021255910079754 -4.021255910079754 -4.021255910079754 -4.021255910079754 -4.021255910079754 -4.021255910079754 -4.142509634576289 -4.2801463957285 -4.402383344876967 -4.520584118457732 -4.633981289802657 -4.744851687279575 -4.847997663465004 -4.952536321423579 -5.047348635998198 -5.1474826508780005 -5.240610616716499 -5.332518067467846
41
 -0.9702077947805711 -2.455437991044393 -3.970517624016453 -4.438303372894334 -4.600623878271329 -4.7581602354038655 -4.761434064070787 -4.7615484213757275 -4.729837148764438 -4.727579810450958 -4.730370779541684 -4.65993483782741 -4.600872136288511 -4.533426786453738 -4.474664165485251 -4.366368080749278 -4.344674808145424 -4.344674808145424 -4.3881551435332105 -4.544932344616107 -4.653551875122197 -4.653551875122197 -4.653551875122197 -4.653551875122197 -4.653551875122197 -4.653551875122197 -4.653551875122197 -4.718676107023948 -4.854710511162944 -4.9819300770767345 -5.103210003652242 -5.222913630649688 -5.3367411378658165 -5.387810933048379 -5.387810933048379 -5.387810933048379 -5.387810933048379 -5.387810933048379 -5.387810933048379 -5.387810933048379 -5.387810933048379
41
 -0.9702077947805711 -2.5502908594526312 -3.86076214220755 -4.363391424794641 -4.592340673832288 -4.6492118745143065 -4.749564912170608 -4.55359453312417 -4.62244793643182 -4.503763039373436 -4.455820767636979 -4.359933844004941 -4.359933844004941 -4.3937834648339935 -4.561502760289047 -4.563456300534313 -4.563456300534313 -4.563456300534313 -4.563456300534313 -4.563456300534313 -4.563456300534313 -4.590043947455088 -4.731950397088637 -4.8658794342223946 -4.990502444348491 -5.1097085203319805 -5.171769972735363 -5.171769972735363 -5.171769972735363 -5.171769972735363 -5.171769972735363 -5.171769972735363 -5.171769972735363 -5.171769972735363 -5.171769972735363 -5.171769972735363 -5.171769972735363 -5.171769972735363 -5.171769972735363 -5.171769972735363 -5.171769972735363
41
 -0.9702077947805711 -2.4676082986261085 -3.7688746235051487 -4.28330826196202 -4.575329739281376 -4.443587445384567 -4.52455666618896 -4.688953660262964 -4.83816521154297 -4.74186421271076 -4.786981823213421 -4.820506215420647 -4.655670492396435 -4.45645724809823 -4.456822970465305 -4.588785350367465 -4.4226251832104015 -4.4016634280038325 -4.163861903075887 -4.296557772991235 -4.148021967747822 -4.1463255140596065 -4.1463255140596065 -4.326492195975736 -4.5437328537503285 -4.704048148378034 -4.835229572266008 -4.944590108976541 -5.039180735879373 -5.137016605762288 -5.232453241387194 -5.316658597977331 -5.398911572134754 -5.473300229105583 -5.544364186486068 -5.6155171878542065 -5.681594310457888 -5.749612166112919 -5.810688293574085 -5.8710966824169 -5.929489818067307
SGD:0.05
10
41
 -0.9702077947805711 -5.414576812490595 -6.308450030656319 -6.924262843763046 -7.3912472408025724 -7.487722676759265 -8.25849024376981 -8.20746045835895 -7.9255499996369005 -8.24600916638756 -8.60866003182503 -7.837291179618131 -8.54516043940427 -8.778527382114337 -8.856067169185053 -7.792872246215808 -9.17298289265539 -8.80107064652216 -9.191674167266049 -8.613759922419927 -9.093284688977883 -8.507481595513303 -9.28398116818784 -9.472499409899715 -8.521008516522402 -8.401890478659432 -8.67703534631836 -8.715103353068248 -9.016356398867151 -8.836012052215283 -8.847520858059973 -8.585137398329046 -8.790336212850496 -8.922248163443918 -8.672299857329872 -8.804549783103095 -9.31149738520387 -8.728697694492494 -9.22997469386715 -8.911717681108433 -9.116253415204417
41
 -0.9702077947805711 -5.440346946284702 -6.405182589207536 -7.103888996864316 -7.646473416818337 -7.417092708916009 -7.702480247291789 -8.254137406084906 -8.319261334975074 -8.645831982158455 -8.578180416386855 -8.392694320062452 -8.653340422275495 -8.936738783944197 -9.297783873969772 -9.155857544520506 -8.91980665568829 -8.820618479716153 -8.91636586981801 -9.219354637734169 -9.224710532566244 -9.250766635180007 -9.46663240238743 -9.152835843658284 -8.990782501554396 -8.93864051027469 -8.279915392653571 -7.851529194932356 -8.731939352402595 -9.193331840664225 -8.818462685975604 -8.413681222059042 -9.316282043380317 -8.776812111702185 -8.73618229494783 -8.61250874039566 -8.852778795501465 -8.99533214725521 -9.08274385206511 -8.521574255737491 -8.777625352698154
41
 -0.9702077947805711 -5.3989555946803724 -6.2686295947149775 -7.0751004698325595 -7.592115613153309 -8.086038865049947 -7.955945048395818 -7.837428373048281 -8.89472198547995 -8.67350110007606 -8.171067931332967 -8.66847030449021 -8.824627798320869 -8.456783598695715 -8.3709092294479 -8.728912752781907 -9.118566716430426 -8.453615666642051 -8.710747370786553 -8.76543375539615 -9.237204804023346 -9.425255065379718 -9.11367242550568 -8.986621489580017 -8.876208711222612 -8.690675967475697 -9.188529530593815 -8.599680559124453 -9.20254852063716 -8.527322043765531 -9.122931737372124 -8.782588480251837 -8.89043708932564 -8.912826461726606 -8.968880123200393 -8.697015944309376 -8.814380083282408 -8.71073365493177 -7.950842135595069 -9.125978156166157 -8.706778847087215
41
 -0.9702077947805711 -5.496590070139106 -6.3332730866530635 -7.17881914321312 -7.474300243946929 -7.622155331008624 -8.20578500412288 -8.403996764563942 -8.307395246265196 -8.005147453471519 -8.271521285751597 -8.366247428982161 -8.11161738986816 -8.571855690903899 -8.315786023119498 -8.385453500671005 -8.629400310638513 -8.763922251754446 -8.794744383735212 -8.895408200002084 -8.68324922816558 -7.60852700713144 -8.76493969310263 -9.123781487951229 -8.966927406487702 -9.025038064811419 -8.927111946421315 -8.942661505517691 -8.785283992190221 -8.720337497993722 -9.192026758256974 -8.79654608395721 -8.822154263292516 -9.178416923408141 -9.117661635216459 -9.053748399250399 -9.165210164002811 -8.896876076181842 -8.95919024936851 -8.704806454143794 -9.110334777948554
41
 -0.9702077947805711 -5.503451258697524 -6.333077228757479 -7.046577185759801 -7.264536717347648 -7.541384604900711 -7.766322316062667 -8.316835396334323 -8.271353156299762 -7.990498714691811 -8.598417879803627 -8.514083795995385 -8.439185734627753 -8.905140147028858 -8.8126021330793 -8.435049554873844 -8.950545739261583 -9.423298926680975 -9.44424394944962 -9.147356728411115 -8.914244422698875 -8.389460525791534 -8.881054353460458 -8.76977250336419 -8.488083459629193 -8.46097086113379 -8.941487740822003 -7.719361513405183 -8.887565526643959 -8.867371326544859 -8.49927128164482 -8.57261015374731 -8.395772680109738 -8.875103769382976 -9.05632710468915 -8.947788054293675 -8.797575410229362 -8.857941338814053 -8.584353733478649 -8.624007919314872 -8.499425983210088
41
 -0.9702077947805711 -5.4728163906405385 -6.456877034706264 -6.9001050286288095 -7.319400610709274 -7.916978188705251 -8.086776271232862 -8.398088278389274 -8.419065380734697 -7.637459986498764 -8.486768240253378 -8.324627314450716 -8.541061573079917 -8.705671094577331 -8.369618341437478 -8.207976831844766 -8.681030819747397 -8.75198786918764 -8.45326373739435 -8.890505443932705 -9.173443649387279 -8.387799922523465 -8.823119501531355 -8.920693122561978 -9.156807170322004 -8.466531007169676 -8.771630310894498 -9.416236789306494 -9.32701777354743 -7.842080564104759 -9.058815919670087 -8.854168080315112 -8.69804197014852 -9.462935854027199 -9.05861350077325 -9.462099164819122 -9.115153527308975 -9.49110434964734 -9.025763572100217 -8.939428718921848 -7.453540455969878
41
 -0.9702077947805711 -5.571551334110536 -6.574204754659185 -7.1562309158956445 -7.470507743547799 -7.855067736452351 -8.028573247911911 -8.50465085142303 -7.699736353395108 -8.317354046733739 -8.607050689257425 -8.616387246921938 -8.634215786892543 -8.851965458861958 -8.963788582096843 -8.469704821224203 -8.773498857497318 -8.406392602187546 -8.907449545182617 -9.177270698034315 -9.256312398062128 -9.348025849209307 -8.658056679941497 -8.759123757882442 -8.611504023017357 -8.571247757439316 -9.155708160356502 -8.58391402069425 -8.453484524122661 -8.92648546013963 -9.15114225999025 -9.204481705732338 -9.285428150458756 -8.568007316696091 -8.92635040079759 -9.114613705911067 -7.323262828607646 -9.244807387460781 -8.89882243614248 -9.041051278906636 -8.927258070886635
41
 -0.9702077947805711 -5.5819760956832365 -6.398973460155815 -7.007273958645051 -7.513756436237003 -7.396787005883052 -8.071115784556952 -7.909807619064545 -8.33360973664262 -8.274900249736449 -8.730237037210479 -8.910161237684267 -9.093264410020023 -8.73579888192495 -8.483298427813404 -9.102819183920818 -8.966614317044993 -8.927572832069021 -8.725745623992033 -8.359496392466712 -8.920002762297717 -9.050891899130843 -9.38439620239492 -9.410309839569662 -9.435732705264035 -9.433817455897032 -8.804387810149267 -9.011728318657116 -8.788645893372099 -8.894408468696703 -8.861659347435127 -8.360633160081436 -8.574719791411566 -9.126013698195077 -8.969432896720607 -9.162684026655494 -9.037291665983348 -9.336551780954313 -8.400975006118895 -8.928127828030199 -9.082435616387302
41
 -0.9702077947805711 -5.564708264731087 -6.274260876134401 -7.190858091109077 -7.637842440884615 -7.659226027584025 -8.205305567913523 -8.384781889380141 -8.734431484040298 -7.917953077459209 -8.673479882719494 -8.615270433074482 -8.678220926719991 -8.771463348392277 -9.009539296303814 -8.4399249213566 -9.023426735326506 -9.00348768784961 -8.812613169921784 -8.615647417061219 -8.869023871566897 -8.718251797657503 -8.76750570514335 -8.684665061925601 -8.856125287879689 -9.402674719935922 -9.22066966709562 -9.23926442685687 -8.905146123665746 -8.749200116313315 -8.388536635634022 -9.179011295474087 -9.379660256275615 -8.634321729003831 -9.143567932320755 -8.755285376633836 -7.775073503089476 -8.552342519766784 -8.773134860917535 -8.552522790190187 -8.862821167576586
41
 -0.9702077947805711 -5.6353497723631 -6.439207636327766 -7.114313145755278 -7.516841628270462 -8.11285589823462 -8.345540727046853 -8.245122748372696 -8.295922474540331 -8.236348935753675 -8.168628783541664 -8.21751551799208 -8.823207469093864 -8.435146227341297 -8.57346030250478 -8.926250922354312 -8.797978005471927 -8.81503314762763 -9.056078312143777 -8.836445861503584 -9.188775672225878 -8.799598089815506 -8.558339315791237 -8.971162063416296 -9.26432519552237 -8.866279636815202 -8.883606203009439 -9.059923110272297 -8.723805118183224 -8.911510143173084 -8.767271010258087 -9.00534659825319 -8.976504855791688 -9.024280747959445 -8.597025363570625 -9.261658390382667 -8.00716051326041 -8.788041708276033 -9.100099406486159 -7.8793078446102855 -8.610557500719093
SGD:0.005
10
41
 -0.9702077947805711 -3.406177053544136 -4.048872900148441 -4.3977153551019095 -4.628334307828539 -4.84722357278094 -5.047974515019501 -5.204661323737686 -5.360977284279309 -5.50194836384809 -5.637316744481985 -5.751945408782721 -5.860118708321952 -5.9688375305207995 -6.07703392427055 -6.176100044550287 -6.280345966687918 -6.369126543009722 -6.45861282422567 -6.53996060151635 -6.612897274875039 -6.697793481421873 -6.787607644300143 -6.874050253953566 -6.948977871620267 -7.027060816820968 -7.095377823774472 -7.148594349230782 -7.2154711197415535 -7.3008801055323085 -7.364005671242333 -7.421554789837903 -7.492405484840369 -7.528871703776643 -7.586673445223305 -7.651953658235517 -7.72140926860331 -7.778197534980442 -7.872746311802751 -7.948068082924526 -7.972445128532289
41
 -0.9702077947805711 -3.4034776643902656 -4.001794241425603 -4.318071716616574 -4.604894153928959 -4.836970298610398 -5.0377184587410815 -5.200210616957117 -5.335271422570134 -5.469929078646612 -5.590453169318617 -5.696538841103647 -5.802048472779354 -5.9179764866573965 -6.015776205770579 -6.144591703198087 -6.242885548279275 -6.319069125406941 -6.398513877835641 -6.499019127837139 -6.568142510892932 -6.673738791295694 -6.75079183903887 -6.842539496847364 -6.937378538041787 -6.996966406056984 -7.073405577040674 -7.162617139106223 -7.226616000730058 -7.300639391346809 -7.368331519841448 -7.423139091713674 -7.493738382464633 -7.52311435758015 -7.61735453262268 -7.691649071030888 -7.784581522443603 -7.823022894755957 -7.864717357176585 -7.919165379873713 -7.973015981684851
41
 -0.9702077947805711 -3.4381006866586437 -4.019428576590583 -4.359394163352124 -4.6520034047696965 -4.834794039387647 -5.016435253622675 -5.167184223638117 -5.314829849730949 -5.451848470159459 -5.569251377030667 -5.69007894324848 -5.783179229039307 -5.9093584541175606 -6.0074048333339825 -6.100914615375321 -6.175959104000479 -6.288776550172888 -6.394466205144803 -6.489173281725324 -6.581927078154981 -6.66599245665 -6.735761741049888 -6.80194836382893 -6.860404707594835 -6.941985912907098 -6.992924317997061 -7.0815121870055115 -7.131711289759339 -7.252613080538532 -7.2966234610787355 -7.329071771507626 -7.368062833156539 -7.469960371903808 -7.523371015199771 -7.5890463503023895 -7.624157893132049 -7.691040860975907 -7.7885360732944955 -7.868898619438642 -7.917525496967825
41
 -0.9702077947805711 -3.420218949360445 -4.003929353361196 -4.3411687775150885 -4.593745471566367 -4.800056473967638 -4.977540575168934 -5.1431378931559335 -5.300588594737311 -5.422495799346174 -5.559465260548552 -5.689419146974525 -5.775890249259686 -5.880335472249324 -5.983543281605029 -6.120248979681212 -6.2260746506983216 -6.334402375677071 -6.446614037967002 -6.530582285143714 -6.637505723319108 -6.716072895650701 -6.806260282627666 -6.889517007161179 -6.96306489641273 -7.032798025430851 -7.078284772554598 -7.136981414750841 -7.214364086261832 -7.279610760979357 -7.369533128784425 -7.415589270739428 -7.498916308965199 -7.56989815596589 -7.642812015186334 -7.701338743267142 -7.74948937753572 -7.80776036817269 -7.87113472461285 -7.965192271813836 -7.9961658088738305
41
 -0.9702077947805711 -3.382489705086304 -4.003299198033353 -4.342272838070735 -4.606082547819186 -4.807743605612034 -4.999420791317845 -5.1606108251537925 -5.305184857673765 -5.455678202270443 -5.572762785672632 -5.697101100755123 -5.816384788472264 -5.932139847906235 -6.0535309555366 -6.157671694105188 -6.256277452548867 -6.340498126585095 -6.450888621608141 -6.548820234914378 -6.635800242368982 -6.70152990545241 -6.806235146120026 -6.904672226754025 -6.985757670807602 -7.06334437466359 -7.138102962190388 -7.2205640938684486 -7.275576198505782 -7.36706715697931 -7.420950397577932 -7.485764367419671 -7.558029730900044 -7.619311507560349 -7.686941637967287 -7.774181386455305 -7.841538913713296 -7.893828986617515 -7.939814163071591 -7.997901625755664 -8.052516795898766
41
 -0.9702077947805711 -3.4084805831508915 -3.983682122720391 -4.351515920445766 -4.623264412753452 -4.845436997284403 -5.0185763301185595 -5.1708432207207515 -5.298452952328229 -5.419767133217833 -5.530222385111967 -5.663849074808659 -5.7644215184045615 -5.85737485490216 -5.966273544946584 -6.054400983752895 -6.154056799115394 -6.263078770791269 -6.367115531912132 -6.461749636577464 -6.571703644807456 -6.678791397804872 -6.757477848566905 -6.841093548701812 -6.908126306821542 -6.998015838505098 -7.07075487729628 -7.113854046394256 -7.179823863913296 -7.256144891804236 -7.349419972327578 -7.43704126975414 -7.5070652072098545 -7.568849503515637 -7.624364007761221 -7.6940528461198445 -7.753384086941333 -7.830368084165551 -7.916935109996075 -7.977053952147319 -8.009188288246364
41
 -0.9702077947805711 -3.401291839754481 -4.013768151095833 -4.3572550967564085 -4.616258794415921 -4.847153905692024 -5.0504930679047355 -5.211957710282244 -5.3773253364926035 -5.5177825669669485 -5.636327057415291 -5.769029766332674 -5.8854631599531775 -5.991748305759919 -6.0884204164466755 -6.182656786730275 -6.269575440143346 -6.378389302864956 -6.46858225524651 -6.554378025875419 -6.643669315771445 -6.721960816154333 -6.823815759049192 -6.887967560921677 -6.959527001559483 -7.037770925701135 -7.107200371274071 -7.175135450583711 -7.2569637076692945 -7.313774625066034 -7.386738901638978 -7.457169850185314 -7.528815089155686 -7.597167819845491 -7.668767308300376 -7.741924112984231 -7.80691918439354 -7.865807348086005 -7.924244772642101 -8.00827000650301 -8.083762174892025
41
 -0.9702077947805711 -3.4054891958045683 -4.023624787325079 -4.395969434005871 -4.636607520067199 -4.846508259807253 -5.032332664323677 -5.196898832401014 -5.3498107576702445 -5.477757278777452 -5.603915541658272 -5.745818443851751 -5.846287084372497 -5.954004234403354 -6.060670860126932 -6.1380661401465275 -6.224669623419088 -6.3494774191533345 -6.43264634453431 -6.528175178585651 -6.619259612320545 -6.702256733902675 -6.7774468858765555 -6.86050690211462 -6.933905334764957 -7.01959439829743 -7.084895177155769 -7.1624595918475835 -7.235997181752466 -7.32515613025736 -7.395675638893304 -7.465065789504476 -7.54270519480935 -7.604384640843252 -7.690173553139313 -7.750289781888318 -7.810142567003689 -7.851370031894885 -7.89789203140679 -7.942458159410193 -7.9963732222331325
41
 -0.9702077947805711 -3.4009060766509767 -4.015729768029411 -4.413196492739324 -4.661040373149354 -4.869327093620036 -5.050724840009343 -5.2082538571310035 -5.349550962127916 -5.483877382057175 -5.6190759730116175 -5.745213560477097 -5.859960327557336 -5.95063672560794 -6.0633213699429716 -6.146763865079345 -6.252799317017061 -6.3447449893268155 -6.42857011974354 -6.532105457120941 -6.61541205371825 -6.689216195670735 -6.773900928125718 -6.860378743975666 -6.943151647523103 -7.008329586241701 -7.097148905424311 -7.171461593407182 -7.226404520294761 -7.2819028324093 -7.340155900196183 -7.429651884492163 -7.48610268882613 -7.543261274710148 -7.612124291918463 -7.677788879575935 -7.745478007260475 -7.8115657457840415 -7.855288217512094 -7.912018557915221 -7.978471785546867
41
 -0.9702077947805711 -3.4266276111542195 -4.008951331288631 -4.389342301237232 -4.657007340006997 -4.862953634541699 -5.045284320390423 -5.172143557929724 -5.326349188140664 -5.474645171799626 -5.615485982278627 -5.739068970930746 -5.861951467077174 -5.976643156949038 -6.094704220342774 -6.1850706491885274 -6.280913844504604 -6.379707849282348 -6.483988406957582 -6.553781787000559 -6.648837046289984 -6.775062996670546 -6.8592594859570735 -6.949994169510032 -7.036617663355788 -7.107743531750164 -7.193718546130296 -7.2866460960802355 -7.351754496064632 -7.423525797978782 -7.482192414209686 -7.568292342053775 -7.609955437910939 -7.627716416742003 -7.734045686139773 -7.8063800286791345 -7.852816315189907 -7.878227624179847 -7.964178168244921 -8.061257430896736 -8.134940600850442
StreamingSVRG
10
41
 -0.9702077947805711 -2.5375263053653745 -3.9162235180715586 -4.458834942509613 -4.795946093139385 -5.059296032250364 -5.263071085039394 -5.467470104781708 -5.624904991579804 -5.805943228605719 -6.037473892157491 -6.21169963223887 -6.387565101012996 -6.529802602483527 -6.652623738428568 -6.786570839460796 -6.899575318510596 -6.985469076113204 -7.111541372546503 -7.236590660585697 -7.336814419222066 -7.444393929032863 -7.527034214379174 -7.637969625204967 -7.7159413731988655 -7.85620970358373 -7.9477142270950925 -7.973834500342046 -8.02725938374544 -8.148436334055567 -8.234385259055776 -8.270164146029968 -8.36843318964578 -8.420237051025435 -8.485463202850314 -8.536140675281 -8.597907919295253 -8.651426828075302 -8.684997612870802 -8.690835109741894 -8.762158058210565
41
 -0.9702077947805711 -2.6131760038997904 -3.863559514081676 -4.406548758120249 -4.77553561256865 -5.028554233064115 -5.273415418724366 -5.498655372951919 -5.675732914175844 -5.882819874417548 -6.0612070970331455 -6.202878462476755 -6.387215239228163 -6.527992434653363 -6.66129375213853 -6.794738901321452 -6.903707514205896 -7.010593521491381 -7.101133792417781 -7.2506618019450695 -7.339378014841861 -7.442966426519329 -7.547624202474631 -7.625218672307641 -7.732653026046733 -7.807482506837781 -7.9160862383320625 -7.994308492527706 -8.101342323563628 -8.230332061832053 -8.29310127255006 -8.343540343957965 -8.399513392587224 -8.469513964696334 -8.568842925272374 -8.626570077467207 -8.70343746274699 -8.797398154365093 -8.769062551909299 -8.818711288670707 -8.876972267981373
41
 -0.9702077947805711 -2.5659073481031296 -3.901800720906925 -4.459670355561563 -4.797747441178474 -5.02900167430062 -5.31362088443179 -5.566772849267655 -5.765738741553134 -5.9409115271571205 -6.094662133528349 -6.1994933968882915 -6.335790221407211 -6.455587276490431 -6.57602517641154 -6.70133391162193 -6.7777432122392725 -6.937511212867351 -7.040376588889247 -7.1855446607966185 -7.310569267672051 -7.39418535847865 -7.497291183594752 -7.587656440785964 -7.695937678951031 -7.742644038950458 -7.879277182366477 -7.968355033326987 -8.040218750806638 -8.080807930980859 -8.060371826837054 -8.22624257284939 -8.270062671414157 -8.254659048312584 -8.33430492037537 -8.318382193403199 -8.459283442584338 -8.502378856402938 -8.606586040310901 -8.651959873433919 -8.858557932070433
41
 -0.9702077947805711 -2.536405412707621 -3.8755340157145994 -4.4716066675263075 -4.772132968908381 -5.036317061629889 -5.292998057289046 -5.481666888584472 -5.649744067288245 -5.869782580127618 -6.025668380462655 -6.193197633110298 -6.337111340442782 -6.52001302734099 -6.632058570189175 -6.7242106004213476 -6.857203748101403 -7.013708530441889 -7.15229436125056 -7.253236486812951 -7.323287633754063 -7.354955892670173 -7.466109315405659 -7.561821113853231 -7.707597615475107 -7.8053105081929814 -7.888597838041912 -7.960311023130957 -8.02422584947451 -8.097843172361305 -8.196487672910802 -8.309303530516628 -8.26133676581155 -8.395288447450634 -8.554413815865232 -8.65744125498817 -8.742066090863952 -8.808704874381615 -8.826127401373455 -8.964875994315012 -9.034767266271997
41
 -0.9702077947805711 -2.587575566134534 -3.9648198987385985 -4.437725386847245 -4.812604113521666 -5.085996462061869 -5.272798020981581 -5.443923276764798 -5.6335622679094515 -5.853439607585035 -6.027921157977777 -6.163248639900859 -6.310781039608664 -6.499566418501997 -6.584107089363362 -6.691295121240649 -6.835941745892071 -6.92278721845987 -7.004269828997929 -7.105114184440757 -7.1713487246314305 -7.270428472069424 -7.407585626161197 -7.5249766759463 -7.590953495747995 -7.625395617763199 -7.646444614975519 -7.74843730179938 -7.762934846928988 -7.7930529112501485 -7.934841807770767 -7.981858061116597 -8.13851393518991 -8.188061806970625 -8.343760691796254 -8.402184330631911 -8.2824517057249 -8.37434135995693 -8.515872319154258 -8.568769964742335 -8.669102087617691
41
 -0.9702077947805711 -2.5845503503547427 -3.9881604154715657 -4.4913812055873725 -4.818289889009552 -5.091941129315512 -5.298989394244794 -5.466483894798793 -5.642240339351875 -5.84198138671044 -6.014117412398267 -6.19099564372791 -6.373397282864255 -6.545723416742762 -6.697969642547396 -6.841540089702175 -6.982287220925042 -7.065672104134429 -7.146131368063791 -7.200354975534194 -7.361744443110181 -7.438720229361457 -7.506561530323525 -7.604816453731787 -7.720936461886475 -7.818549789549605 -7.8977183675679425 -7.944999303963561 -8.010339437013057 -8.123039416392839 -8.193937287488898 -8.36927080045585 -8.451273102113925 -8.52771953319501 -8.523816735010286 -8.677816085476053 -8.795303705501574 -8.85895182707935 -8.939181395068006 -9.032738090973362 -9.039489349462157
41
 -0.9702077947805711 -2.5744842503059466 -3.954551411191721 -4.445209799101185 -4.799458159097142 -5.082064017013039 -5.322048836913339 -5.500978456410505 -5.7242667162753875 -5.895289119588963 -6.038724663116116 -6.214186672362505 -6.371735754083753 -6.517158694517828 -6.644665698742693 -6.74477469466219 -6.845973948209061 -6.9916390417343095 -7.081314773138878 -7.190940192212722 -7.261270317354803 -7.30536489751576 -7.395737198987406 -7.469799245238662 -7.5327739052426566 -7.622346976186575 -7.703324160594828 -7.7315028261484855 -7.870584312815747 -7.965897647814897 -8.09772440586701 -8.202178762017287 -8.219451196389189 -8.299123389526597 -8.376537070381376 -8.440992484132593 -8.46598819276034 -8.564710959099319 -8.61875719832612 -8.68286107985137 -8.777999014377212
41
 -0.9702077947805711 -2.5724340117334745 -3.9250951967139027 -4.424427879554325 -4.745277944212138 -5.068109111849951 -5.308212810447023 -5.555509888376648 -5.74525305982537 -5.919909251309846 -6.069644141728554 -6.192778313855727 -6.324580946616181 -6.4856282930156475 -6.654416180569222 -6.748739841438838 -6.842447029750979 -6.991285447798166 -7.130349545125954 -7.203269465025563 -7.266832853846675 -7.3584419864188595 -7.470233730558957 -7.470233730558957 -7.470233730558957 -7.568489744144855 -7.671975987277079 -7.754035296124025 -7.8191467498584775 -7.893292331598576 -7.976793489573948 -8.064308318489193 -8.073728352477472 -8.142387946756159 -8.247111136685165 -8.376204743716118 -8.505481061840342 -8.585345835604564 -8.65127102196556 -8.768107516179237 -8.858949093828521
41
 -0.9702077947805711 -2.610165349676902 -3.9598447633955782 -4.49058996755728 -4.837233771868794 -5.082326274718217 -5.2852472473822685 -5.503369897503241 -5.643975017249188 -5.8049173552551006 -6.0144310627713775 -6.1592221351064245 -6.32248045642028 -6.4722412377425265 -6.5892343625421175 -6.68793130509664 -6.866577442975411 -6.94482381802077 -7.084164305094125 -7.193030861517847 -7.290666576113617 -7.397494476756256 -7.465840927252929 -7.523817626817012 -7.62439436566554 -7.73142134619559 -7.7892584884291 -7.813259763798113 -7.976058471847475 -8.028217776266983 -8.106203766698865 -8.240780523344142 -8.293277078476837 -8.365251336116026 -8.435242258471959 -8.518485506686899 -8.6243618048341 -8.584929719509516 -8.690927358082746 -8.706209721911993 -8.728743108776028
41
 -0.9702077947805711 -2.5455416889006885 -3.946799265919362 -4.42368713523885 -4.7634197392439175 -5.029910545205806 -5.233706458332769 -5.3852363630395175 -5.56233354285738 -5.735006199069858 -5.8748070505123975 -6.03781387050547 -6.179965606160474 -6.316813057658433 -6.477161445008223 -6.5693202311745456 -6.709556793064443 -6.82394934805481 -6.921620188570269 -7.0327143068093445 -7.115465953377874 -7.232835699948995 -7.304703444352132 -7.406024810702277 -7.483423330801039 -7.550388637102065 -7.614747335039801 -7.73342747263802 -7.777223632345907 -7.841912430349465 -7.995356692154097 -7.947258145347955 -8.156916771701605 -8.28427929942568 -8.385514432252629 -8.431236062761808 -8.549516689086039 -8.557828484612156 -8.667297941052423 -8.706544898254135 -8.779359619618063
ADAPTIID
10
41
 -0.9702077947805711 -5.9044000271998 -6.365751785669324 -6.721165549385801 -6.8395536937029755 -7.097818677375568 -7.1374914319728395 -7.406575269731832 -7.5116707383215395 -7.810388132643939 -7.905944064317698 -8.11939993541543 -8.162873981328557 -8.2778366243169 -8.488573144566441 -8.531522003842804 -8.49312624794961 -8.65782300603863 -8.77266861444936 -8.787849303150447 -8.78755935858285 -9.064613962752283 -9.04579043016236 -9.063056556525055 -9.161480611787685 -9.229479015534348 -9.298698772418849 -9.329552928428166 -9.417783670938853 -9.530790343884293 -9.597218592917827 -9.698529260530805 -9.763896827233811 -9.819821985816933 -9.888915495140301 -9.938838826805855 -9.993863507349161 -10.003180589755955 -10.149275644592484 -10.24546149510302 -10.289268797816671
41
 -0.9702077947805711 -5.6609070533098125 -6.0811552424350745 -6.525535737269089 -7.026270785556409 -7.13807076078204 -7.459051296947138 -7.618805017280209 -7.814139602442551 -7.901622930323255 -8.000706361267712 -8.096013261512635 -8.284696342052658 -8.324709730215252 -8.569089991064317 -8.720690078126488 -8.747038615451759 -8.870666505109856 -9.05166702967188 -8.974704485886955 -9.07656031666573 -9.1428518446446 -9.340387108964956 -9.425074295105581 -9.530959193723954 -9.631446488817716 -9.680735918721112 -9.79335531204143 -9.836579379757525 -9.888817117343494 -9.887780989994837 -9.823981112357098 -9.94675509680512 -10.229367746119703 -10.305204240518398 -10.432351734382053 -10.515911591689807 -10.56387309123673 -10.646841418255281 -10.694285390393322 -10.74074650624526
41
 -0.9702077947805711 -5.8736496788930435 -6.34085960488885 -6.695256114872886 -7.042437557272783 -7.209361834337532 -7.46906012727827 -7.515476640963964 -7.709769471428777 -7.959172331947323 -8.089524914364777 -8.299994065263718 -8.424555414741034 -8.493771945380582 -8.552808146139311 -8.793877125891152 -8.890678191980369 -8.920880012866883 -8.970952038369038 -9.09065161555956 -9.10008885363111 -9.23139461852448 -9.345750866476669 -9.376508814507355 -9.45288568825757 -9.533754741030892 -9.571677691631214 -9.674144706226166 -9.75194641530938 -9.811529716582388 -9.775077764395862 -9.924881106943985 -10.0067809512437 -10.070394015838698 -10.175962383007617 -10.29194769766738 -10.422425013076655 -10.540694138600795 -10.422793521689814 -10.324842834116374 -10.581262558908486
41
 -0.9702077947805711 -6.033192095842659 -6.388058081689152 -6.696079680936565 -7.002769033925115 -7.300589926636219 -7.361884831271366 -7.514330360703016 -7.679029223598945 -7.832041876205831 -8.054505092449935 -8.170443265777989 -8.230292842796363 -8.330468180882756 -8.372641663223781 -8.517313292195736 -8.546510027640526 -8.634697801803929 -8.814817778796494 -8.856380675969366 -8.904573691329597 -9.118248313828675 -9.073211872218662 -9.17505661385503 -9.248117192140963 -9.346652692062564 -9.514829615178133 -9.598449194820688 -9.702609874739911 -9.853804398265975 -10.004342230970217 -10.069936231977927 -10.132350458186224 -10.16165897020138 -10.120632865561099 -10.300705398235108 -10.412078577103022 -10.444699485967178 -10.494733592920422 -10.712607129089994 -10.818321069177179
41
 -0.9702077947805711 -5.911820915944778 -6.210774876412687 -6.533182010618682 -6.985213718770364 -7.008722114696787 -7.304881169600002 -7.356566923747838 -7.50815696902383 -7.6998405082658286 -7.927328470261828 -8.131751100026387 -8.152237172617017 -8.394295122188907 -8.49945726740933 -8.546962572736865 -8.695700709430621 -8.777391412614811 -8.811547068594452 -8.824760578926037 -8.946456785250572 -9.008890958166141 -9.063848821676467 -9.129729478735497 -9.184900835054222 -9.323839398528266 -9.36649961012725 -9.423829657488387 -9.505864746296698 -9.701658413207323 -9.718113828465166 -9.831189635037655 -9.90392208498071 -9.908693744632924 -10.092792362029522 -10.184726462574005 -10.235016081490928 -10.311192232689397 -10.415864449459178 -10.510614529428432 -10.669912298542023
41
 -0.9702077947805711 -5.847347441094067 -6.038627110257646 -6.576115715807539 -6.945378841979906 -7.230547690292543 -7.464056504704293 -7.61912751344273 -7.797699959730992 -7.962186932566631 -8.08954612405073 -8.168155753630996 -8.18203251785487 -8.308607216397096 -8.405264364674554 -8.591297558554308 -8.646335568416793 -8.909297264193473 -8.96331690139384 -9.047982641654846 -9.134878533891778 -9.113578657533905 -9.227665765680916 -9.325197183775698 -9.518322066292543 -9.601231978205428 -9.67253669042358 -9.757717216908832 -9.785389249537399 -9.862546855249818 -9.91286336459071 -9.936045978491352 -9.982285478804094 -10.020390393273264 -10.08712905969222 -10.2689002660745 -10.325720497631531 -10.421500945201059 -10.521915477394346 -10.565510045642904 -10.681435598901961
41
 -0.9702077947805711 -5.831028873680836 -6.265655866833637 -6.667062839995244 -6.93231620374557 -7.255938715830272 -7.459287947849896 -7.583852999559873 -7.574727665685896 -7.85156119490608 -7.879747276427928 -8.055731240068836 -8.18466655421372 -8.428809176327121 -8.478138680343148 -8.535862959002104 -8.734810927190944 -8.890218267365567 -8.908486460493416 -9.02107908233958 -9.283055572719553 -9.396558132774803 -9.381053559900042 -9.568522432824759 -9.580620783504425 -9.638932650437457 -9.623103082697753 -9.693720380987113 -9.80047078667833 -9.750108563840236 -9.802921112150567 -10.059873529846222 -10.120275796826883 -10.16070283821885 -10.282878732847607 -10.418670732780948 -10.477246451343705 -10.550904688292366 -10.61284628038468 -10.6379420635481 -10.788272801903354
41
 -0.9702077947805711 -6.0448671656829465 -6.319130128049122 -6.691012034491401 -6.900053031359562 -7.161678272134874 -7.472433210086337 -7.521429527533083 -7.665277054097994 -7.889792827060031 -8.0174218401544 -8.173040996940067 -8.224603273892862 -8.403469006965292 -8.53024807979959 -8.589655079153195 -8.704873892040135 -8.916857208932626 -8.951983253142688 -9.077158297883553 -9.142173653601311 -9.17991801961827 -9.250422424626771 -9.282447881985467 -9.352144971017117 -9.375891985076557 -9.42874166418048 -9.64954666594965 -9.756060964454516 -9.80348204193002 -9.855358551207747 -10.046340348100953 -10.148087294909415 -10.21156815101134 -10.311748218278442 -10.259460170599727 -10.342801224931529 -10.436989379741394 -10.631826995174277 -10.792403262519723 -10.851593125349686
41
 -0.9702077947805711 -5.728689475005405 -6.263934499383404 -6.691573521199368 -6.952835513229729 -7.100519680646657 -7.426372142114862 -7.559628553564373 -7.78247160429942 -7.924816600698349 -7.968770323197241 -8.144274308988685 -8.37573948630949 -8.56405478128586 -8.785116794985113 -8.896682011732432 -9.007631194721068 -9.026528000709371 -9.101477166185733 -9.157063122193009 -9.195671133956054 -9.194530084858561 -9.341420385058647 -9.459664914355224 -9.554630215100262 -9.61252679625329 -9.69638272617385 -9.710572412065266 -9.811781638193244 -9.954021607314646 -10.039063788426322 -10.14367876397923 -10.213436329589918 -10.296846725146924 -10.347787563341766 -10.405937695976332 -10.558142169610846 -10.657200718600675 -10.743424003507695 -10.733172181370753 -10.797834409173399
41
 -0.9702077947805711 -5.663556540441466 -6.1579316195497675 -6.589731376989585 -6.863072438740388 -7.207046140647241 -7.421261090408632 -7.686956493202411 -7.821220368912639 -8.007942138856862 -8.136820840644885 -8.366251944950214 -8.537484442288564 -8.639604564828133 -8.774085399276867 -8.913216880784791 -8.848588324633498 -9.032982685305715 -9.169784723381968 -9.233259360045789 -9.351540794106327 -9.449469308489661 -9.45293084162295 -9.569565620828678 -9.681685839678194 -9.735762163008696 -9.649965927104908 -9.880946355040303 -9.9729005470893 -9.956328945255551 -10.033567381926503 -10.19467247525493 -10.275405774980216 -10.244935145713008 -10.387103150714747 -10.497516306908093 -10.477363398819413 -10.588292599079487 -10.674602378822085 -10.674771440819674 -10.786756184105414
steps
10
41
 0 2500 5000 7500 10000 12500 15000 17500 20000 22500 25000 27500 30000 32500 35000 37500 40000 42500 45000 47500 50000 52500 55000 57500 60000 62500 65000 67500 70000 72500 75000 77500 80000 82500 85000 87500 90000 92500 95000 97500 100000
41
 0 2500 5000 7500 10000 12500 15000 17500 20000 22500 25000 27500 30000 32500 35000 37500 40000 42500 45000 47500 50000 52500 55000 57500 60000 62500 65000 67500 70000 72500 75000 77500 80000 82500 85000 87500 90000 92500 95000 97500 100000
41
 0 2500 5000 7500 10000 12500 15000 17500 20000 22500 25000 27500 30000 32500 35000 37500 40000 42500 45000 47500 50000 52500 55000 57500 60000 62500 65000 67500 70000 72500 75000 77500 80000 82500 85000 87500 90000 92500 95000 97500 100000
41
 0 2500 5000 7500 10000 12500 15000 17500 20000 22500 25000 27500 30000 32500 35000 37500 40000 42500 45000 47500 50000 52500 55000 57500 60000 62500 65000 67500 70000 72500 75000 77500 80000 82500 85000 87500 90000 92500 95000 97500 100000
41
 0 2500 5000 7500 10000 12500 15000 17500 20000 22500 25000 27500 30000 32500 35000 37500 40000 42500 45000 47500 50000 52500 55000 57500 60000 62500 65000 67500 70000 72500 75000 77500 80000 82500 85000 87500 90000 92500 95000 97500 100000
41
 0 2500 5000 7500 10000 12500 15000 17500 20000 22500 25000 27500 30000 32500 35000 37500 40000 42500 45000 47500 50000 52500 55000 57500 60000 62500 65000 67500 70000 72500 75000 77500 80000 82500 85000 87500 90000 92500 95000 97500 100000
41
 0 2500 5000 7500 10000 12500 15000 17500 20000 22500 25000 27500 30000 32500 35000 37500 40000 42500 45000 47500 50000 52500 55000 57500 60000 62500 65000 67500 70000 72500 75000 77500 80000 82500 85000 87500 90000 92500 95000 97500 100000
41
 0 2500 5000 7500 10000 12500 15000 17500 20000 22500 25000 27500 30000 32500 35000 37500 40000 42500 45000 47500 50000 52500 55000 57500 60000 62500 65000 67500 70000 72500 75000 77500 80000 82500 85000 87500 90000 92500 95000 97500 100000
41
 0 2500 5000 7500 10000 12500 15000 17500 20000 22500 25000 27500 30000 32500 35000 37500 40000 42500 45000 47500 50000 52500 55000 57500 60000 62500 65000 67500 70000 72500 75000 77500 80000 82500 85000 87500 90000 92500 95000 97500 100000
41
 0 2500 5000 7500 10000 12500 15000 17500 20000 22500 25000 27500 30000 32500 35000 37500 40000 42500 45000 47500 50000 52500 55000 57500 60000 62500 65000 67500 70000 72500 75000 77500 80000 82500 85000 87500 90000 92500 95000 97500 100000
