10
SGD
10
41
 -0.9196622670787863 -5.7855848745837966 -6.2060778724552526 -6.663659072792065 -6.901628442469938 -7.139229024180464 -7.289473914232577 -7.388608495780618 -7.45442203650814 -7.582249628260875 -7.607396461886289 -7.678743960769025 -7.727902958450909 -7.795554717624514 -7.837393117864759 -7.892331763246243 -7.909701871825766 -7.970201959440127 -8.030008880473956 -8.070939264564528 -8.07504666454416 -8.032918582819985 -8.104336955686264 -8.163038698713823 -8.195252234823718 -8.194926912039868 -8.196962287609075 -8.236925390239762 -8.302893935340958 -8.363367688796068 -8.390659341175041 -8.399983985015023 -8.419852020482432 -8.450734238428184 -8.47047818530995 -8.485715595955186 -8.4990828839423 -8.515419278393846 -8.546715076495868 -8.564541369678835 -8.581039915385833
41
 -0.9196622670787863 -6.257992044152377 -6.571900063205583 -6.799195639603682 -7.12711696041065 -7.175522853478314 -7.395563165883169 -7.54554849903636 -7.625515133701775 -7.663158566536261 -7.737718102252566 -7.750338761020198 -7.918018975947167 -7.963679837024432 -7.99886073135723 -8.033925478972186 -8.150854538558582 -8.148434909889378 -8.227990470361496 -8.265256292737618 -8.311561333110031 -8.314203522184046 -8.392017607225796 -8.394610913476507 -8.386708598242073 -8.368026449961913 -8.413569973041966 -8.45414154097412 -8.498928384683023 -8.52063471501992 -8.589662729114941 -8.606029201142011 -8.59009298715231 -8.599632641769784 -8.589144616655979 -8.649441389588958 -8.639108720744382 -8.707442429401542 -8.737974060974006 -8.769675363253672 -8.78425364769404
41
 -0.9196622670787863 -5.441562621995777 -6.281550917923599 -6.394511363114176 -6.565067133650691 -6.861539135437315 -6.907336476149227 -7.099457439529947 -7.263051775848061 -7.322924221193858 -7.3890249870775335 -7.427503045948719 -7.513010118647588 -7.527502837514059 -7.578240228668477 -7.605754525682765 -7.677375141649312 -7.728887074759119 -7.78366801635697 -7.818870294934376 -7.854710973382885 -7.880905180348991 -7.910915856960631 -7.955294430527915 -7.990999066520034 -7.999932237717248 -7.9915801000073445 -8.00690691104944 -8.06037179582822 -8.093122450987412 -8.110475614679704 -8.122551459361027 -8.140161711980118 -8.167295617948932 -8.184038895137379 -8.211119640722767 -8.233673711446558 -8.255247073727059 -8.266575278320262 -8.258041317416353 -8.276924232313513
41
 -0.9196622670787863 -5.441090092611686 -6.02474489246188 -6.518443019572282 -6.559175011829742 -6.751805650749449 -6.967115476217856 -7.0859865496227465 -7.11349383610268 -7.319172251362194 -7.364251475337096 -7.499280114591394 -7.547738235903533 -7.635213189963107 -7.667382173386253 -7.7255092227830175 -7.801130062673597 -7.827303621739947 -7.848332718035928 -7.861432305394524 -7.9351312211945295 -7.967644968391078 -7.982395148701742 -8.042301875834195 -8.042555175437883 -8.068383590539769 -8.142360149271166 -8.157319931118906 -8.179660744581353 -8.214875601853956 -8.232144192607523 -8.269318474246766 -8.279326229161132 -8.290319370552785 -8.309142118134428 -8.326953535607966 -8.35130703253112 -8.378183791750418 -8.386874502811542 -8.418742491034337 -8.441051781348028
41
 -0.9196622670787863 -5.799117542460662 -6.405061071040039 -6.643247354912232 -6.974362562828638 -7.048492754986414 -7.168418346687791 -7.300169132595206 -7.308049369050885 -7.407121880700163 -7.526853550319181 -7.54357060700761 -7.736676171404834 -7.719852390511052 -7.77162153525996 -7.8444991269879845 -7.848686339139493 -7.881710652577432 -7.985652233440241 -8.011132389385944 -8.00233673177149 -8.024945342586463 -8.0445878870811 -8.080698083889244 -8.089586688217894 -8.056503605321147 -8.120738886278346 -8.14471954737404 -8.224287844015182 -8.254069441143988 -8.269022737195964 -8.293684829644558 -8.315814340533372 -8.329600434539799 -8.359699480792576 -8.37262227506449 -8.388945353711735 -8.40171214643002 -8.416187914287246 -8.434776893482296 -8.464729556746631
41
 -0.9196622670787863 -5.451860300436969 -6.060386688886768 -6.486988564246101 -6.305858567725993 -6.951151570518558 -7.052538861972543 -7.196580690075396 -7.297192601024233 -7.353874672335609 -7.432657381056012 -7.437906690698358 -7.52011251410921 -7.596646949996364 -7.63759893583627 -7.691892684742841 -7.746939379711758 -7.786968595962903 -7.800079413705095 -7.77665583558852 -7.813047668279144 -7.890909620914452 -7.927720507589296 -7.953575902917076 -7.957068577242294 -8.038958740892662 -8.0361344286469 -8.056202426757299 -8.115292927835492 -8.126656787421783 -8.111945194468433 -8.119844923817176 -8.10377744641838 -8.12366344589612 -8.187555340492173 -8.171667409978145 -8.173368146644146 -8.173702606193094 -8.14690097253409 -8.1266016353285 -8.204270321306657
41
 -0.9196622670787863 -5.773405819157605 -6.616943895431809 -6.861722179094927 -7.065896460262695 -7.1710241646405795 -7.34224687555383 -7.424347940059395 -7.508571649055183 -7.5502931349918745 -7.586950949982518 -7.6119841604046545 -7.685473040208509 -7.73658202945665 -7.847232986483977 -7.89393530706864 -7.929473801508976 -7.971489480079412 -7.999667025971938 -8.048165418181183 -8.100125792025931 -8.121036454379972 -8.180630918307893 -8.20874764827132 -8.235417985388457 -8.26498329803872 -8.289463772218054 -8.319946690200402 -8.336150116972254 -8.343685307616694 -8.3552828413549 -8.36692647883132 -8.378297793199586 -8.399150923071131 -8.421614300445018 -8.42385589669512 -8.44041200436681 -8.422646868319655 -8.4562830391124 -8.484586679265206 -8.51146466972021
41
 -0.9196622670787863 -5.846175701073459 -6.366987052493888 -6.784761685667612 -7.138630559171929 -7.265879662715133 -7.388425390856806 -7.476150039547849 -7.521971546130271 -7.623011740815153 -7.76646558537706 -7.825562063224715 -7.884802829013281 -7.806851975056763 -7.891225024736003 -7.94042447979219 -7.997372857125581 -8.047285336314069 -8.074323567598636 -8.08580192573766 -8.105091726120998 -8.149803877652857 -8.184337488261667 -8.237204131895355 -8.272452068959128 -8.295618515100397 -8.330251943920706 -8.33537783997315 -8.371986792243032 -8.401063251487106 -8.427208191606269 -8.441422807668518 -8.460947459880856 -8.49276238842955 -8.515818886154593 -8.535335847184738 -8.529697582675789 -8.540190208389637 -8.527312455789529 -8.564167944254494 -8.570360087944751
41
 -0.9196622670787863 -5.659961138183974 -6.0389044785099255 -6.557711546357459 -6.84976779486956 -6.977724175024417 -7.100383729084935 -7.23268860352848 -7.3571446399604294 -7.443431412337724 -7.528252197124578 -7.656186855570741 -7.707472875183978 -7.653610776163851 -7.80837773460582 -7.871306111566337 -7.930542101029118 -7.975565388295593 -7.997094519859458 -8.026151626267769 -8.04461481199097 -8.034017702573372 -8.03950865508015 -8.055239899567354 -8.065651703688744 -8.13332053043781 -8.167264268695867 -8.1743646312457 -8.277863605133703 -8.315977651669344 -8.327519213506667 -8.343319969105465 -8.359636829828712 -8.37802048068477 -8.358301857574629 -8.370922936575404 -8.41935942914292 -8.437882790842636 -8.445274981558578 -8.457679957536655 -8.51089400564756
41
 -0.9196622670787863 -5.799159178637926 -6.363561781300976 -6.725314134447892 -6.86981232072358 -6.857326712556073 -7.1112712319453415 -7.275500287036605 -7.371802778787748 -7.455087169812899 -7.49202185186113 -7.5241908499590116 -7.60186267952384 -7.629796899194844 -7.701313962704768 -7.636391523684245 -7.802427678496805 -7.832258230181401 -7.889994317444925 -7.908752616543852 -7.953195292349154 -7.96248353438192 -7.994842910804038 -8.037447109108806 -8.084073538849628 -8.140658250486727 -8.154350582755619 -8.170336321854888 -8.198999742595186 -8.227970546259925 -8.225031196913214 -8.234166172548507 -8.267093861817289 -8.266491546483202 -8.254551749524538 -8.315219010422513 -8.367220925605825 -8.39213364979435 -8.408820832822252 -8.433103998123606 -8.449942407601608
SAGA
10
41
 -0.9196622670787863 -4.0706739066534015 -4.648520527892459 -5.020081165773204 -5.317104846205885 -5.567484928867407 -5.725894331858256 -5.9429091388212765 -6.1060399618807235 -6.290431200259221 -6.4231327421395 -6.55224710910018 -6.6426239073169455 -6.813479788944983 -6.929710652727428 -7.04566820100311 -7.180002450664133 -7.263038041438946 -7.4052352857202814 -7.46012231811073 -7.5956460304276865 -7.686871321479652 -7.778967781156855 -7.868752452543769 -7.956650377718164 -8.018733529794766 -8.141096957940468 -8.213280510793096 -8.30213219191068 -8.375953760294353 -8.390236245759278 -8.478791571117835 -8.53992657331022 -8.658094865344982 -8.735389331737405 -8.736111320270256 -8.894612967187408 -8.998345821783134 -9.100858368230055 -9.197869152305854 -9.231012897297415
41
 -0.9196622670787863 -4.064056802110417 -4.61753605785263 -4.977697068705836 -5.2513636061331415 -5.50506597318491 -5.759919424001998 -5.958246930045662 -6.137357181888874 -6.307790720970834 -6.447289064667456 -6.548374500009953 -6.724952387548182 -6.873187307520828 -6.9895453991183105 -7.115518425502199 -7.222370575201623 -7.32211247369803 -7.414864565019622 -7.480467647564245 -7.6125863352382 -7.655119092331142 -7.790052360405672 -7.917322133750741 -8.035756950827915 -8.119490123826886 -8.186448556256062 -8.310758034041147 -8.376658908134946 -8.472468568133994 -8.554379831213987 -8.663248559635814 -8.73255079137888 -8.832234861087047 -8.942152355129906 -9.03479386281707 -9.075964349452008 -9.149719093745913 -9.248694180766478 -9.319845286649292 -9.408211785517592
41
 -0.9196622670787863 -4.081778342307636 -4.610970911278213 -5.00009348161096 -5.26618972819845 -5.519239972631064 -5.724855968822876 -5.892967937997156 -6.117576233845099 -6.309785162477161 -6.413000368357273 -6.578807974227037 -6.719357462493142 -6.875674312391047 -7.0143406497389025 -7.150691516298397 -7.262866340946805 -7.357634288672248 -7.449259287975034 -7.599838522409132 -7.7310427450909796 -7.796925068320303 -7.913288065180272 -8.009066010897238 -8.058280450311202 -8.15486582737666 -8.202608224622974 -8.314435604589681 -8.441066175750976 -8.53713197520087 -8.645881607739414 -8.732828425522653 -8.818227456612615 -8.897012875765611 -8.971665982192194 -9.048582204382749 -9.148648157384107 -9.239525692158537 -9.328208337863718 -9.410433354224702 -9.476726991150091
41
 -0.9196622670787863 -4.108123092537026 -4.596920730664066 -4.927338350409041 -5.23604698608186 -5.451076775223488 -5.662881188124111 -5.807889336045372 -6.0201220543227905 -6.257174047523054 -6.402667523108813 -6.564887915288753 -6.691022761793912 -6.800505642576831 -6.898905388480208 -7.020948192919226 -7.141293309473926 -7.288595983776461 -7.409679144990029 -7.493211973801006 -7.609545494700872 -7.739103711935227 -7.837880112340408 -7.958796221891007 -8.044905400479047 -8.12544632953549 -8.200431397644866 -8.321132979709622 -8.37812416133592 -8.405384786840136 -8.526897167772923 -8.670112933226596 -8.751110593723983 -8.802878053705221 -8.82028552312796 -8.936935954826906 -9.013363966199005 -9.089260695394142 -9.125732411314294 -9.241714811462053 -9.295830779492812
41
 -0.9196622670787863 -4.105241761196999 -4.594704564290278 -4.983926828195031 -5.276179382462673 -5.453896083239261 -5.748009903969041 -5.954170835043841 -6.150946380398066 -6.295063732339263 -6.451809681421132 -6.6074312603105465 -6.729711545966682 -6.846549696903465 -6.974780454397646 -7.07740206702702 -7.158380224832279 -7.274016255809161 -7.430486675831598 -7.53031560321515 -7.644198861079793 -7.739217460167271 -7.830639209793005 -7.902367216202868 -7.9670187999882565 -8.092885016618851 -8.174198188257343 -8.317800722207949 -8.40962808075379 -8.491252484028983 -8.560613507873065 -8.652742047446726 -8.697504390775116 -8.825249708656507 -8.889973954222855 -9.004001125300949 -9.108720528301616 -9.197632919683254 -9.294469380669286 -9.365952135716498 -9.465532013233931
41
 -0.9196622670787863 -4.136022383997747 -4.670638222832086 -5.001705520988502 -5.338471808709018 -5.585622040007836 -5.811956319510452 -6.00599376088059 -6.157219499050291 -6.306658319588218 -6.412149941659961 -6.527341761012686 -6.662589234962786 -6.797222108705951 -6.91821995966642 -6.971355248719641 -7.145057856337039 -7.253466766090181 -7.279455081761987 -7.42657417550757 -7.567295714261711 -7.634960002357283 -7.6769726304474535 -7.831545667484224 -7.948397074923277 -8.037903389589921 -8.140068980063672 -8.227094200188496 -8.340899266203548 -8.425556648889721 -8.454267431931278 -8.569625529253345 -8.682436779055049 -8.723616747442511 -8.790350722085474 -8.847916717080416 -8.9483319233158 -9.04793819974556 -9.138220034456086 -9.231831540023881 -9.284613886881735
41
 -0.9196622670787863 -4.111420847044194 -4.643598153195471 -4.988012552980931 -5.2998219227679595 -5.538022636809194 -5.756876938039281 -5.942970798929334 -6.1379605032823665 -6.308927434891856 -6.485275154764059 -6.630907722328778 -6.740063926694752 -6.857114262018072 -6.975105844675477 -7.088092812297001 -7.22450269724957 -7.322294057039081 -7.437324051268541 -7.532712627501404 -7.632960194846858 -7.721508601830833 -7.815368312759982 -7.911823644635648 -8.013955108794343 -8.09730502805013 -8.152661757518766 -8.269630754019655 -8.352017229452642 -8.433894586878722 -8.485517542351497 -8.601548163367603 -8.680160307558738 -8.735951576928553 -8.892078134905804 -8.985022708669593 -9.043906526785753 -9.131045526859706 -9.227821516730513 -9.295210224509018 -9.416314988314545
41
 -0.9196622670787863 -4.126941368333041 -4.641904302254305 -5.000372193263738 -5.3029203193353 -5.565209256236099 -5.7335103885376695 -5.934546531516328 -6.093839468962893 -6.260147739405109 -6.416377166008471 -6.5677681320635335 -6.70525771530104 -6.816798593469527 -6.960081859022044 -7.105446966515043 -7.209162961373117 -7.321426196877964 -7.433040076617928 -7.5187510626599 -7.6284784388615545 -7.732339489496689 -7.845576827634553 -7.932282687895238 -8.084831428884625 -8.164154233107539 -8.217682360225332 -8.328108735211385 -8.443872163522464 -8.546622249628896 -8.638127404942887 -8.709464977102506 -8.732323648366904 -8.821253336281698 -8.91278855714625 -9.001879615491305 -9.124584842709549 -9.208655569721765 -9.291420821175446 -9.383940366173437 -9.439639859631775
41
 -0.9196622670787863 -4.141566160942609 -4.711300678376571 -5.046580136795828 -5.349605104936596 -5.564501732559891 -5.812754792006824 -6.02655542401146 -6.176898574276603 -6.330703551592441 -6.478704701672102 -6.615067940394043 -6.7362202706407475 -6.859112003325159 -7.006610327754939 -7.105276196969419 -7.230403161939589 -7.330756847953053 -7.409294663840488 -7.5460157526838865 -7.632651694740004 -7.725557547798111 -7.853973413033133 -7.953840891278033 -8.040400745938355 -8.142373351879481 -8.228342034963324 -8.289419279157462 -8.44637560716425 -8.539192209093112 -8.614772685912238 -8.701601399589869 -8.79581422761211 -8.89910536693755 -8.97285864982384 -9.060778294200853 -9.105962549941081 -9.204388829588716 -9.283076267581249 -9.333631790373289 -9.411476230497698
41
 -0.9196622670787863 -4.108781821875563 -4.631670030067489 -5.010933965985626 -5.289200215831321 -5.507091424094153 -5.714798100375782 -5.926698510625694 -6.122822508715801 -6.272790255353402 -6.4004590599696565 -6.535801008629344 -6.718499735046628 -6.845444101829355 -6.965898163369055 -7.127886372615706 -7.238617256196993 -7.3551047979136595 -7.465451591412789 -7.538082359593047 -7.643085753941147 -7.789885262103231 -7.869574281381847 -7.982810335626354 -8.061300131738006 -8.167789609958382 -8.271239765691304 -8.365433089773772 -8.446614732452858 -8.473146122158273 -8.586407460458183 -8.683051425883074 -8.780800318022381 -8.871780064278829 -8.953521657906196 -9.002001942322446 -9.13013636052601 -9.202553852406478 -9.258762616495478 -9.306128354554819 -9.391430740109374
ADAPTSAGA
10
41
 -0.9196622670787863 -5.541768515692935 -6.0267157507765186 -6.2450144092921 -6.6868648937047634 -7.036965175408696 -7.108252870132147 -7.320967401227258 -7.031007667453335 -7.84765694934736 -7.709464389019249 -8.303961274698246 -8.407197796102116 -8.583007001814735 -8.735093168543276 -8.772182857117409 -8.902720910039882 -9.053546069407394 -8.981424636861881 -9.223658956083597 -9.377196791843229 -9.211693795922901 -9.53678809286778 -9.859481706096048 -9.727746433254989 -9.645707497239348 -10.301329692459348 -10.50755258921702 -10.69908680554078 -10.626973611045564 -10.636800224795238 -10.932904463969086 -10.16211175410209 -10.408670252342857 -10.836621612441048 -11.683593910934079 -11.819039035544064 -11.95297241947181 -12.038540775249915 -12.126749178590845 -12.152754569898121
41
 -0.9196622670787863 -5.426269503245625 -6.040024700779661 -6.394854056669004 -6.5483212655665675 -6.921403743226555 -6.994852429497525 -7.270761122279513 -7.40149238211044 -7.683413350938546 -7.764871944329975 -8.219105356713714 -8.334456653412902 -8.588446707243378 -8.762303061411703 -8.862089971937218 -8.943767577833363 -8.917897486661586 -8.956429892877813 -9.174735375186708 -9.277852173835281 -9.064647608429713 -9.397414232998045 -9.750097497833483 -9.764306326384812 -9.777413070129011 -10.131956064954887 -10.345714589626086 -10.573755998105646 -10.58929315527525 -10.645736213422346 -10.84259550979079 -9.946528519475006 -10.265684723326757 -10.79232769381949 -11.506784128939794 -11.718005866350145 -11.81292804125968 -11.851503168320123 -11.948205505984046 -12.069491971230727
41
 -0.9196622670787863 -5.337983065594936 -5.969479084365433 -6.258879319497313 -6.699431332994078 -7.010484816088236 -6.976892789582051 -7.363726465019319 -6.977640810523136 -7.840722889530129 -7.830048587619376 -8.218328895032249 -8.419798510503071 -8.568345621223152 -8.63782745425448 -8.66992723292237 -8.94793995592253 -8.85251586624061 -8.805205696638566 -9.166001297188325 -9.31816061459396 -9.113491150385963 -9.335589310497912 -9.75675885260882 -9.587253778891068 -9.794401765117609 -10.062796819102331 -10.362036782239768 -10.582579341955613 -10.58800108038767 -10.719835535484147 -10.896652751214203 -10.115632795091559 -10.457835353615842 -10.893627974435795 -11.59376275765354 -11.738551948805164 -11.858874758554752 -11.89876624941502 -11.977430603255295 -12.118643844017093
41
 -0.9196622670787863 -5.476600564792056 -6.003670633344716 -6.360852391081401 -6.673677537292867 -7.074182448388811 -7.1280589713922735 -7.416711048099139 -6.930070682730109 -7.747088687318548 -7.865109618380788 -8.271897895802168 -8.471746553988234 -8.612918905285923 -8.794032919594033 -8.899606979634804 -8.983460520259461 -9.002544098162222 -8.993229960583797 -9.182613919766425 -9.369539824696417 -9.291059081006214 -9.533467079236917 -9.784468492917412 -9.780733733847782 -9.772288225575137 -10.264832872685735 -10.469313439431703 -10.646244219660316 -10.704467940093979 -10.655677811149792 -10.999560840172421 -10.21382734939026 -10.49963242306066 -10.983131353177345 -11.557224295105543 -11.81951156209214 -11.875482221453476 -12.029579761903905 -12.145669603924675 -12.229236369919636
41
 -0.9196622670787863 -5.37921363495254 -6.056093966930539 -6.2658562484591735 -6.673750597208202 -7.074698387122795 -7.066340028971234 -7.33175927759658 -7.096051681043271 -7.863462599772125 -7.864043901118923 -8.191288046644475 -8.382635055173516 -8.562480253860933 -8.789239021122173 -8.809977628796146 -8.997709900113554 -8.791332451281898 -8.754491028751454 -9.201322261150802 -9.382331058564315 -9.092804961010685 -9.317277908117205 -9.712706677114856 -9.672158246145482 -9.670962001780689 -10.176076312426671 -10.451538742336629 -10.576504742546947 -10.74185625987699 -10.68918314289767 -10.976163686103007 -10.161038042686853 -10.46096292369963 -10.990499437061086 -11.638979203871083 -11.625514351069205 -11.947713477036944 -12.061667880373104 -12.19178618346961 -12.28384099265669
41
 -0.9196622670787863 -5.409420429501424 -6.083498272715081 -6.327487350751996 -6.646866008153106 -6.840006312725483 -7.002010844952829 -7.205896027562691 -6.825664165747652 -7.729883349939894 -7.741263478288672 -8.069166247918885 -8.252531066744073 -8.506465948279937 -8.64924914048228 -8.789787122974197 -8.85998004189548 -8.77155175483247 -8.845967790239259 -9.122524378481236 -9.266781574758289 -9.124038354017173 -9.409641318835652 -9.648197311743003 -9.550734878679911 -9.539490567238882 -10.116417056336388 -10.328107363924133 -10.588593104897166 -10.599162703028554 -10.544461051137631 -10.896521794960638 -9.941998918200154 -10.327191014212126 -10.746990994254723 -11.440917783962071 -11.61182262664453 -11.704206244988372 -11.829176984161633 -11.865269526590174 -11.99536954209244
41
 -0.9196622670787863 -5.3703716492534435 -5.969882541233201 -6.2544490009748275 -6.648567235824406 -6.910045789645097 -7.005654579046969 -7.362560530984829 -7.1401678067081695 -7.839038449344743 -7.977622566272741 -8.235925653987945 -8.38010348977509 -8.647548554362961 -8.857900390930347 -8.878948816270825 -8.97389121906074 -9.006739117271621 -9.04731988386152 -9.197716233677216 -9.39411326326914 -9.125899779213874 -9.300473543660875 -9.691231631884746 -9.6510752067024 -9.737050359120605 -10.18158952064641 -10.455245675285806 -10.611776672998696 -10.674198592637003 -10.613098528529994 -11.027553253085582 -10.321609169852639 -10.429420036651235 -10.82537498985035 -11.454605842932397 -11.78354224512585 -11.960391240044768 -12.065274624714096 -12.034606865582818 -12.14586783560755
41
 -0.9196622670787863 -4.931643320133546 -6.11139993290923 -6.399156600119715 -6.748969713490495 -7.055537608420184 -7.1472686126837175 -7.290208101688984 -7.2255432273659395 -7.6878555503338095 -7.640658460389929 -7.9551798703969165 -8.306238794722141 -8.51165992050815 -8.622123957364483 -8.721917579168126 -8.840347578249185 -8.931540434885495 -8.896312460094412 -9.149116738148946 -9.19319868130545 -9.129154116687591 -9.393569606838415 -9.698137937731783 -9.660670912302862 -9.659382943493359 -10.048786570502317 -10.319234797591758 -10.523405098103323 -10.603300382606971 -10.661439671838393 -10.834469173605347 -10.01973274815247 -10.4194255509271 -10.881882700256309 -11.55538267704076 -11.691313281429778 -11.786813974310252 -11.880246015715104 -11.976623777952145 -12.091070304123438
41
 -0.9196622670787863 -5.558426743377699 -6.223046064539713 -6.3754787298084175 -6.692110884123668 -6.977004324346652 -6.897378958948097 -7.266938905753793 -7.178650913347854 -7.858525334657723 -7.903961238896657 -8.201094656406184 -8.388264389434045 -8.56884535291086 -8.769035394084964 -8.777376252205267 -8.883020649970288 -9.039523120937575 -9.033440665343772 -9.118195574816587 -9.266833250153155 -9.055625024643103 -9.288892366368586 -9.71574017869388 -9.636463679829067 -9.731301376461422 -10.240769150991524 -10.408696752910023 -10.559403918490162 -10.666685381554224 -10.732482904402612 -10.932445489433745 -10.18370720768325 -10.495102802299705 -10.8864068169281 -11.494156765184544 -11.727409892860244 -11.865132969403337 -11.952481208356128 -12.059382963155045 -12.141010479533879
41
 -0.9196622670787863 -5.270826368227951 -6.076443269727738 -6.269092852531126 -6.554400651382679 -6.8438350574802245 -7.031993173595067 -7.277624857265916 -6.858763933254241 -7.75878359031136 -7.810879948822637 -8.128357551647156 -8.32549303753385 -8.53795627933238 -8.675738920969014 -8.723790557751869 -8.823586756702985 -8.831581531320307 -8.88451693623633 -9.071361741971748 -9.202162135261592 -9.141737538839452 -9.303138003407085 -9.65674496044217 -9.548369450457082 -9.591528772736538 -10.086991532529531 -10.300303208063303 -10.477294295899737 -10.428201315230279 -10.689665680512284 -10.828434351908331 -10.11509378976164 -10.407283452555244 -10.836003596244003 -11.435303885559975 -11.64153684357501 -11.76640596121317 -11.820185130179878 -11.928017784755152 -11.980706156955925
ADAPTDoubling
10
41
 -0.9196622670787863 -5.3097300679663135 -6.101738259945758 -6.249125822522567 -6.5331366654433936 -6.796460893947166 -6.735787905690166 -6.936949339434163 -6.942786937934656 -7.0395954939665515 -7.311498308880355 -7.314179047225955 -7.394552438844214 -7.581755797586013 -7.680758342652627 -7.7684131401353085 -7.865911102743738 -7.990090884389734 -8.128305723175435 -8.254916931930566 -8.425215630394126 -8.587098544097488 -8.677574023987994 -8.860823767366742 -8.997603878413084 -9.030897038082049 -8.867417035930416 -9.209629003780481 -9.315729630353827 -9.285692492304506 -9.373219366678198 -9.523542163671637 -9.545925558474272 -9.674977979943215 -9.798037271986482 -9.90494279188093 -9.965230639003293 -10.038762152267422 -10.00199008049246 -10.19647119738383 -10.258207443395065
41
 -0.9196622670787863 -5.235347595533614 -5.887658121652515 -6.266259271458096 -6.313171990993948 -6.423697841876048 -6.755597539167162 -6.936128990276943 -7.0715811240904 -7.149767105554681 -7.263710169701864 -7.474129438512447 -7.535702718455645 -7.664319263073656 -7.742788891472456 -7.8458652375130224 -7.9906655615727455 -8.143466305733735 -8.27896918668728 -8.3906820841238 -8.547520030776639 -8.553206848555305 -8.721433250727566 -8.545775853218009 -8.518314233633577 -8.877864233394908 -9.137483807248076 -9.298551690866445 -9.11346932095588 -9.363564506794674 -9.608636032143169 -9.608812452050227 -9.693330389868803 -9.83694283848813 -9.883492217986225 -9.996595208697448 -9.992383817069975 -9.772936166429227 -10.055370636916699 -10.102722503945484 -10.263864608721732
41
 -0.9196622670787863 -5.3127320277569146 -6.121368749214254 -6.258777333406578 -6.568619738062227 -6.683625111574208 -6.836570660396586 -6.976560041244116 -7.119456139170461 -7.239842646739935 -7.3371795055500355 -7.466649184943361 -7.668929886123279 -7.714800167256826 -7.856819829252411 -8.028471118149138 -8.072387158805473 -8.167462930503985 -8.211838293545119 -8.31046534532875 -8.398840491284194 -8.553764754139618 -8.664074652949765 -8.728209790499795 -8.661916320910969 -8.99572942794128 -9.013472529996816 -9.19008726976412 -9.30219040741621 -9.33354394548606 -9.416212127214305 -9.560137397900892 -9.588597213049253 -9.54736816039126 -9.735702681760564 -9.657125755581571 -9.8266322109166 -9.854214838596036 -9.901450161801769 -10.008798327963921 -10.125262505106528
41
 -0.9196622670787863 -5.5232978386049565 -6.168021434823685 -6.3174889529287 -6.551024172475178 -6.687411072150477 -6.7855389650174915 -7.029268169102338 -7.1453089887991785 -7.244094769676279 -7.299329541142215 -7.481679481602932 -7.576056068731149 -7.719821866034554 -7.802200714132324 -7.921571173762316 -7.965595540424061 -8.070302251147139 -8.194092278757273 -8.358323461090693 -8.530755562789794 -8.534902606968478 -8.744299555864826 -8.888350251475654 -8.962475803913572 -8.978662604160013 -9.105366841380135 -9.222646196472578 -9.250762629696958 -9.38429423083542 -9.437178031407244 -9.588152520717804 -9.629939496431707 -9.731050112111848 -9.83205933512122 -9.906731590698797 -9.940132203219632 -10.0125858804728 -9.948809037201043 -10.061592794012798 -10.149029934563913
41
 -0.9196622670787863 -5.489546996475975 -6.087937198832713 -6.352540432621096 -6.289712801056665 -6.82354465132629 -6.975659246024096 -7.197033882501212 -7.257490744957229 -7.1644569168491685 -7.3937712390837405 -7.5332204130707 -7.636868270719193 -7.631073484316841 -7.700659984487213 -7.8495876477904725 -8.029624921942295 -8.13050250006029 -8.179236297057138 -8.275692407504375 -8.362312538820678 -8.462952442005802 -8.546385370154445 -8.535711008566995 -8.743640982832636 -8.804324163832591 -8.977654690898598 -8.903751782943875 -9.084078300207981 -9.145142286689286 -9.376158109200892 -9.467149396875765 -9.276528895871744 -9.626840732635012 -9.736422084106195 -9.843335073139674 -9.875980264656608 -9.920820603100339 -9.970832659046021 -10.077892286325072 -10.09820662458062
41
 -0.9196622670787863 -5.410386203234441 -6.074260098370053 -6.412055979070516 -6.5479814320809915 -6.74693286999482 -6.8555672826553105 -6.957268936251295 -7.060069826611696 -7.263464786862592 -7.337638322564683 -7.516646159227088 -7.631903398774089 -7.600568177502323 -7.850667108005784 -7.9341744937877445 -8.101881778604776 -8.123525021358255 -8.30666015849698 -8.40260292538929 -8.577128877150344 -8.665730759821471 -8.819892829129003 -8.868334014210367 -8.974964711596911 -9.050603056177868 -9.07105105101414 -9.201282488198906 -9.248271552964853 -9.337265883484587 -9.363151487169501 -9.398947456430774 -9.56060664775685 -9.606587406720813 -9.706268688176738 -9.742365575291537 -9.838942302444373 -9.974763570874805 -10.058610388407896 -10.057945703479161 -10.189910898552466
41
 -0.9196622670787863 -5.536532002986598 -5.968343186070043 -6.2729263321714726 -6.495655546099707 -6.810339523381554 -6.919643230215371 -6.9671709002869795 -7.114435860166911 -7.273207773708388 -7.434675671054286 -7.610118930622517 -7.702504069244017 -7.795304416292733 -7.957980816567157 -8.08314473478689 -8.164820980817291 -8.101818790350821 -8.214082408765401 -8.418958898908318 -8.524572739524068 -8.492460349702897 -8.522545340422539 -8.743447521995712 -8.779263101432068 -8.90290812718085 -9.021000447698087 -9.269613697284973 -9.219915402283274 -9.314549569327125 -9.359519250770544 -9.424006582072575 -9.336834643332763 -9.347220530696275 -9.376336773175128 -9.519461957738375 -9.658819601391775 -9.773199829072459 -9.594840033327692 -9.703575548153704 -9.864830871176215
41
 -0.9196622670787863 -5.435995167980941 -6.010276273962639 -6.397516243624521 -6.442831956551873 -6.572091788976504 -6.6602715547307 -6.963187753641591 -7.069960436053652 -7.173628896703115 -7.301841032908835 -7.489302175693769 -7.508493327124042 -7.600791736842656 -7.608053899291952 -7.774832845354086 -8.02287306241726 -8.130525356471534 -8.297377313014174 -8.36431544365844 -8.496527242368385 -8.56997727713766 -8.673411567977794 -8.811777664454846 -8.921601220576902 -9.048321359516324 -9.015273844050139 -9.198050803621488 -9.247455953338573 -9.384884275372212 -9.469804264059622 -9.530445265486149 -9.65724208257315 -9.692316885875629 -9.822403263388733 -9.860733102732471 -10.111348427425044 -10.10405864134553 -10.11059560118139 -10.285072266616439 -10.477962789887371
41
 -0.9196622670787863 -5.50562346688159 -5.920007591811308 -6.201592781100129 -6.524134425473735 -6.649865526555002 -6.923652277202006 -6.922313491739854 -7.206431228185974 -7.382943195629402 -7.518577374848376 -7.6584376850047615 -7.669198223438269 -7.854291132811939 -8.071602043929367 -8.134527049808943 -8.282765419677045 -8.45930784133257 -8.56808970822867 -8.6211301316489 -8.847182317405528 -8.920962173721184 -9.012709118558519 -9.131421593247373 -9.154586213558913 -9.086624871510422 -9.28838889136807 -9.29077828328419 -9.37096297457157 -9.393379210521347 -9.646795576292384 -9.63532715219443 -9.781548355491754 -9.917898318171153 -9.995566642983373 -10.043688107053521 -10.094389096076878 -10.179552512029167 -10.306166741582857 -10.401560526669527 -10.464031083091642
41
 -0.9196622670787863 -5.293664806267894 -5.977335883498796 -6.2862103293893865 -6.421306820346475 -6.754808243794706 -6.963125580813483 -7.033799824318653 -7.14894309168067 -7.2957501845134 -7.427518668690426 -7.428467221855567 -7.5926781690062874 -7.710986065655851 -7.836200618002696 -7.903703851425391 -7.877028703423043 -8.095608875717147 -8.276870267078067 -8.428163675721299 -8.571129530759343 -8.645813992501747 -8.716858484437216 -8.84418031609947 -8.966627628525899 -9.00053294100635 -9.112540035497668 -9.20860010258388 -9.307305370398327 -9.41809402935947 -9.494824761113628 -9.416425255719822 -9.427260815146033 -9.599800350092053 -9.554360161286336 -9.738761647403638 -9.665926936590138 -9.888200119257304 -10.061688607413494 -9.998414579986699 -10.004601151814922
MainSSVRG
10
41
 -0.9196622670787863 -0.9196622670787863 -2.1158539571827326 -3.511920889300601 -3.8320125773234737 -4.082089670267194 -4.264800211684044 -4.563509193727804 -4.631872905471204 -4.711113323219987 -4.430967358460188 -4.59344205181902 -4.542409028538902 -4.532079535516196 -4.466280278739038 -4.422294395639649 -4.412381944591846 -4.288798878126932 -4.274099434102791 -4.501206301336065 -4.501206301336065 -4.501206301336065 -4.501206301336065 -4.501206301336065 -4.501206301336065 -4.6746316430539165 -4.896342278099607 -5.0657151986473306 -5.20118940535818 -5.31963220703626 -5.41911195772711 -5.5053728323177396 -5.600760097525287 -5.68085578057657 -5.7645257634772475 -5.842300024202407 -5.919304445936962 -5.994898622104606 -6.038661622300449 -6.103955302378648 -6.15347801932458
41
 -0.9196622670787863 -0.9196622670787863 -2.0841963931432055 -3.573765336568075 -4.031325529316804 -4.167257715785805 -4.369837979068168 -4.369837979068168 -4.369837979068168 -4.369837979068168 -4.369837979068168 -4.369837979068168 -4.5379786122821875 -4.702363105236089 -4.847731388152481 -4.98018118588002 -5.095196867418483 -5.205519985043819 -5.307197712751083 -5.395379297202557 -5.484238487887547 -5.574439827519964 -5.65956342984092 -5.733789565998229 -5.797144449597362 -5.843765537612452 -5.843765537612452 -5.843765537612452 -5.843765537612452 -5.843765537612452 -5.843765537612452 -5.843765537612452 -5.843765537612452 -5.843765537612452 -5.843765537612452 -5.843765537612452 -5.843765537612452 -5.843765537612452 -5.843765537612452 -5.843765537612452 -5.843765537612452
41
 -0.9196622670787863 -0.9196622670787863 -2.0582394004854825 -3.518946689668715 -4.029284205281857 -4.341475240012634 -4.548227090203745 -4.664670899812383 -4.709763062116397 -4.791064201043794 -4.725491847350929 -4.663918427831054 -4.703817931560856 -4.732456096388143 -4.828144351838767 -4.835107150885837 -4.780638957499137 -4.80230697192817 -4.776815484886375 -4.660101592297152 -4.60654076304712 -4.563576966616829 -4.547489412833304 -4.59217684557106 -4.563435780978497 -4.4546591751587785 -4.354088910214249 -4.325702433202635 -4.224914253153438 -4.120490703722346 -4.1435768838484845 -4.1435768838484845 -4.1435768838484845 -4.1435768838484845 -4.1435768838484845 -4.146177055426309 -4.251115514108292 -4.347371381244724 -4.438633147401526 -4.5212039042530465 -4.600323197505635
41
 -0.9196622670787863 -0.9196622670787863 -2.1578200667730187 -3.4703171333263194 -3.945999535676301 -4.086610963947145 -4.267001547057612 -4.5062530643501 -4.586583471864683 -4.533517777626226 -4.5505622698149715 -4.732690454070798 -4.708526199125531 -4.8614559048180555 -4.90096518198993 -4.89484258379805 -4.8521063781995135 -4.943820109534599 -4.831042202916756 -4.689950312159616 -4.7484461508689915 -4.716513117002421 -4.746090266058762 -4.806816233017726 -4.754796525516765 -4.737860260611891 -4.694756938933732 -4.674091853992106 -4.611615853678553 -4.56332235548037 -4.531664912203662 -4.5546897039855105 -4.529708154746214 -4.480170898358502 -4.453555119733646 -4.393673947902441 -4.318442209392474 -4.251577571230407 -4.238915747220558 -4.1916080608173445 -4.186490490146013
41
 -0.9196622670787863 -0.9196622670787863 -2.1342502408662307 -3.7040169943309147 -4.137431244919496 -4.348257380920944 -4.5620719827789245 -4.639104826293513 -4.645828094954898 -4.660983165919753 -4.660983165919753 -4.660983165919753 -4.660983165919753 -4.660983165919753 -4.722146121449398 -4.876985962349007 -5.014394869020681 -5.136536258619908 -5.25254185712371 -5.363381183016452 -5.458663931452051 -5.541939844039034 -5.628458706841261 -5.706604956266108 -5.781793906980485 -5.817893295428052 -5.817893295428052 -5.817893295428052 -5.817893295428052 -5.817893295428052 -5.817893295428052 -5.817893295428052 -5.817893295428052 -5.817893295428052 -5.817893295428052 -5.817893295428052 -5.817893295428052 -5.817893295428052 -5.817893295428052 -5.817893295428052 -5.817893295428052
41
 -0.9196622670787863 -0.9196622670787863 -2.0611570749333894 -3.4747954139507495 -3.8877780277774585 -4.075868995946201 -4.228912845807749 -4.274636844538379 -4.1941046202896946 -4.40443834489772 -4.5414934777748615 -4.6017099472097645 -4.74709208951136 -4.855438500415988 -4.828069514149095 -4.801287930977903 -4.821235624831797 -4.757159057891091 -4.741452504706154 -4.556554764174898 -4.487524868524236 -4.415643408458184 -4.381153489514836 -4.479227008453775 -4.422293308557492 -4.42253702855867 -4.513601122284844 -4.507456795275433 -4.505266339686614 -4.492797277748423 -4.4014708643978 -4.3875417553536895 -4.271551464672237 -4.325009551299145 -4.325009551299145 -4.325009551299145 -4.325009551299145 -4.325009551299145 -4.325009551299145 -4.586452877165937 -4.770285466827887
41
 -0.9196622670787863 -0.9196622670787863 -2.1948061697129995 -3.5631475692501464 -3.9826746212300224 -4.179429270980463 -4.328518982916366 -4.536393868625767 -4.616228626092852 -4.701468457999803 -4.726656719996883 -4.73467992491637 -4.825245274745563 -4.804983284865938 -4.7906104513152075 -4.728524636164385 -4.725272481577326 -4.811886619561252 -4.740434439685911 -4.778710034187938 -4.7921742554989875 -4.757949696023189 -4.721213274123167 -4.694153813400937 -4.663729549924181 -4.626377138944817 -4.6039612386107756 -4.586770167527688 -4.522974753038103 -4.532023913888492 -4.4796814329911125 -4.495786231485482 -4.49867566465111 -4.53915089059146 -4.491754003961433 -4.4888396432469015 -4.47455573381323 -4.431538949594136 -4.430844788666296 -4.390387892266341 -4.334952808849043
41
 -0.9196622670787863 -0.9196622670787863 -2.1052022855973718 -3.6106662377343426 -4.148246443988168 -4.416657945462414 -4.628996400878034 -4.743603643077387 -4.825991277550294 -4.827020592937322 -4.8926020615040215 -4.927783619702472 -4.967475417260834 -5.002888517780493 -5.024897190609323 -5.062052531765171 -5.039133134354788 -5.032811363313772 -5.032811363313772 -5.032811363313772 -5.032811363313772 -5.032811363313772 -5.0357400090554245 -5.118784477734601 -5.19846674875433 -5.273732312788738 -5.345822487034286 -5.416719473213415 -5.484394129392141 -5.5506645790657085 -5.6123844806776315 -5.678242049232753 -5.735296600794184 -5.800784898841564 -5.854683926828402 -5.9027897647424385 -5.9551919389413595 -6.015835554600193 -6.060467794963244 -6.108646812269729 -6.122206949160137
41
 -0.9196622670787863 -0.9196622670787863 -2.1451736822175267 -3.4563271443521186 -3.986479907010879 -4.16432251260974 -4.272773892767537 -4.334711876496887 -4.5039255231527395 -4.6369999300153415 -4.643621702550424 -4.604249037973304 -4.633400977045519 -4.75069522749142 -4.755701767688524 -4.740835549446532 -4.736292762038043 -4.708463785235063 -4.695457255967179 -4.665527520071254 -4.663895844420698 -4.536205844322533 -4.440505058462413 -4.440505058462413 -4.440505058462413 -4.440505058462413 -4.440505058462413 -4.440505058462413 -4.579022832037145 -4.763287193034766 -4.909694420863711 -5.037889611596997 -5.162574645776393 -5.2707416747404565 -5.369789126341124 -5.468163377804496 -5.563825283165163 -5.645603692752346 -5.722418015482616 -5.802418942468154 -5.8732754022079305
41
 -0.9196622670787863 -0.9196622670787863 -2.098809141161727 -3.4962174510740036 -3.869918878070456 -4.216820462319837 -4.362097504806137 -4.380518847227906 -4.342426705841483 -4.671891100966932 -4.756686521846973 -4.669970460416448 -4.6709852457729495 -4.780047296923548 -4.65251801364589 -4.512031721256168 -4.565763559378728 -4.395360644131848 -4.588811458785794 -4.59648876521763 -4.654094758261223 -4.660357511117506 -4.525780001838871 -4.571899746888944 -4.4803558306388425 -4.577449997070991 -4.633977966149162 -4.571488415146718 -4.52547672305767 -4.397495114210504 -4.330599742456531 -4.315735510468506 -4.2630272350806875 -4.0253010622296665 -4.072390599847624 -4.201212286215466 -4.099845422395518 -3.875212858190183 -3.9593913586446794 -4.000697997606418 -4.0896675472409925
SGD:0.05
10
41
 -0.9196622670787863 -4.924898392613196 -5.585014636941379 -6.12283506152105 -6.4195301917716385 -6.742635422775606 -6.954615781717403 -7.073142118578668 -7.455590603160909 -7.458887841762665 -7.646666263418462 -7.744359817595744 -7.8898753665256525 -7.775081063128763 -7.710487939622885 -7.708825419170819 -8.496300694647475 -8.239006491014239 -8.748806851406838 -8.609708077823237 -8.469007914997222 -9.161293889196562 -8.921979295161485 -8.888582453130073 -8.839973815214512 -8.99431847339703 -9.23002964079503 -8.73914537774575 -8.99614957683029 -8.802638000757646 -9.03491286540477 -9.022944384114947 -8.658160321126093 -8.948891448319705 -8.688113604157449 -8.042179558711153 -9.376209217511429 -9.21625757942265 -8.97193039560898 -9.078633678752695 -9.109459141977656
41
 -0.9196622670787863 -4.866188750599708 -5.606322164993655 -6.028857307950995 -6.207812954315524 -6.708071642744402 -7.0190962454670895 -7.158451827595286 -7.31333418123848 -7.147728471362184 -7.328822690804032 -7.888737766647117 -7.919071627959043 -7.960445001872548 -7.967043477606261 -8.49292024837125 -8.662821440243547 -8.586213416787484 -7.639113520605994 -8.091767395819915 -8.59109360905271 -8.430250353697897 -8.662912440523195 -8.554673630163316 -8.928417407060298 -8.945299509640083 -9.054717412596569 -9.00098935649039 -9.077366012780518 -9.061764973562207 -8.620774741016357 -9.1142696238302 -9.023336033877522 -8.199799975906501 -8.646404775801022 -8.962317122746647 -8.988564792421203 -9.390967743985444 -9.107263105158191 -9.571097087187061 -9.368325427235678
41
 -0.9196622670787863 -4.959471752154069 -5.5743886807016745 -5.9830895385308 -6.406463939524979 -6.750204261301016 -7.0492367084765934 -7.197867938078121 -7.342092672602502 -7.484188082007832 -7.627543106417696 -7.471275271657676 -7.985438059530778 -7.9987549586576225 -8.288374592289923 -8.18079138433885 -8.448073709086623 -8.700230620113324 -8.432191620552699 -8.586223033695484 -7.898642590119361 -7.670182869947445 -8.55841544306208 -8.227722554753818 -8.6011530826108 -9.480751950347546 -9.215092192934904 -8.9977218865767 -9.18019308063367 -9.142279113380287 -8.900622727832978 -9.198631522284458 -9.412356826918787 -7.764539845844574 -9.134014459929466 -8.511510396202326 -8.570885178802449 -9.283466379060236 -8.88160450179122 -9.377349421799662 -9.272408614232535
41
 -0.9196622670787863 -4.871923274699137 -5.376255606362735 -5.936700219913958 -6.37192411921024 -6.538466879490049 -6.8428598963584735 -6.973542693006647 -7.26110480132176 -7.351136840276595 -7.684819727452918 -7.654214917572139 -7.936358135511915 -8.024419523933023 -7.874575302514829 -8.122431525477184 -8.143165785444396 -8.406526980703225 -8.202719139110858 -8.314594647280005 -8.700876399370195 -8.128103006844873 -7.781375368504962 -8.84586612229009 -8.20945276260475 -9.06221126912129 -9.18125219434789 -8.376189183309124 -8.52268811672824 -9.004452371824598 -8.755190257794048 -8.805351459113963 -9.049914542347635 -8.640449139894773 -8.956202504649841 -8.827026999651958 -9.04778584727343 -8.674569561896815 -8.842076480459685 -8.586361951215116 -9.540070625373476
41
 -0.9196622670787863 -4.833027463733102 -5.616103147942619 -6.004291097369306 -6.1003557520727885 -6.655505010451477 -6.868083797107614 -6.9486320106042445 -7.220348038396841 -7.549545137566126 -7.600538137652235 -7.751905858237265 -7.639300840584721 -8.309233225949773 -8.174947825625237 -8.4564651986067 -8.497852828207575 -8.436285088267939 -8.23000687762478 -8.841290919318359 -8.516949226601284 -8.691035098332637 -8.901478672420431 -8.36227925015332 -9.081673213935705 -8.494631497470428 -9.140617116702826 -8.713993758422744 -8.843508755305123 -8.91859501015652 -9.11605375733584 -7.737833741210344 -8.790911897521449 -9.09356280901088 -8.320533951871706 -8.69480633369239 -7.757034449483735 -8.697004047882979 -8.425237582736637 -8.535590652423156 -8.726784578090303
41
 -0.9196622670787863 -4.764223685840407 -5.539491053729271 -6.03692418827594 -6.417853061681595 -6.50272406831115 -7.066927868121367 -6.820810593375569 -6.854136283814668 -7.649277943565958 -8.02656175829379 -7.991599059638033 -8.275870024621728 -8.312282400659141 -8.49709379959399 -8.757345663700576 -8.621318752168886 -8.393837238751441 -8.774067189290639 -8.911899806274993 -9.006129645778177 -8.64064331671924 -9.129106304287692 -8.880524340067105 -8.874920887964892 -8.762352944879655 -8.220209645855192 -8.50229185710475 -9.287380431123022 -9.004665246863558 -8.891503290153901 -8.187757012101589 -8.733244875380832 -8.072812685286035 -8.536217093361442 -8.412366895834356 -8.480897275794867 -8.527360023738034 -8.607972515513879 -8.989104291824184 -9.239302924153884
41
 -0.9196622670787863 -4.9097867901779715 -5.55538969266589 -6.0344619897962914 -6.48584252322306 -6.688035831252234 -7.082197003209697 -7.191693725252895 -7.382809643522528 -7.480654372380857 -7.693272600488376 -7.865859908329842 -8.020804675990004 -8.082446614751934 -7.841693745247062 -8.230083540058734 -8.142696628866794 -8.042672941242905 -7.79452307273657 -8.709235741472696 -8.522254982733724 -8.633150141177898 -8.484189413793192 -7.78424856524787 -8.29785325810916 -8.696818137191643 -9.03818551899519 -8.749069345724905 -8.558134603573114 -8.938772131714698 -9.050961254910225 -8.235385867582405 -8.605054704209168 -8.24526662737624 -8.049318472609512 -8.888129219208096 -8.115770334507383 -8.82631027460378 -8.836489571205274 -8.958534696486938 -8.705083143890473
41
 -0.9196622670787863 -4.8131633971031995 -5.488943610123949 -5.931174381959155 -6.287055678715605 -6.611379705482287 -6.885591773465414 -7.216962002164698 -7.126415520732106 -7.459971940718864 -7.714416895964015 -8.146156518648015 -7.941444801346722 -8.149822098961348 -8.329475530143911 -8.126214451685318 -8.022089966919136 -8.455486988506756 -8.521042500236527 -8.581774953344702 -8.852644058438777 -8.757207320756555 -8.165976679172347 -8.832310262255692 -8.663773969490498 -8.861386102801344 -9.252248615660777 -8.450783620181118 -8.841341307235375 -8.765900364743427 -8.780714226772158 -8.888645212493095 -8.951586456799744 -9.101547626154332 -9.081665548173188 -8.645283127381234 -9.127449612158912 -8.80421602892291 -9.277245402030507 -8.611411735400667 -9.054217997384727
41
 -0.9196622670787863 -4.826605173766231 -5.608593001620899 -5.99436661695924 -6.371663694114473 -6.597656287842464 -6.659015952570008 -6.6642619233365705 -6.885490112703692 -7.312120093716985 -7.318941217053118 -7.24129764506198 -7.332607472124803 -7.942670989120861 -7.937265621371552 -8.20736800277027 -8.14519109536417 -7.711682753232592 -8.653613442731354 -8.390118238985476 -8.530884944810715 -8.263906488722428 -8.611299575753765 -8.97349389762094 -8.699335225951026 -8.757951394250954 -8.542134726181875 -8.527975946453035 -8.839223379796053 -8.527483227377484 -7.594556591915657 -9.376162524619497 -8.328784035725045 -8.672581775703879 -9.2338002914045 -8.891529438194132 -9.21415604991334 -8.94897244823965 -9.161774656692184 -9.016716621717714 -7.758728125834473
41
 -0.9196622670787863 -4.848130049123031 -5.519541020555556 -5.969778631542507 -6.393301257903382 -6.730417378336503 -7.005918612282765 -7.184649899370247 -7.347624994298553 -7.427654138029024 -7.573500358332369 -7.90293833015246 -7.952484395569174 -7.867610109084048 -7.166808797780153 -7.819666900763993 -7.540869363727878 -7.7391224166669925 -8.384778836427303 -7.6349738511124805 -8.027338644032568 -8.457065950224482 -8.800652438035963 -8.738316199482856 -8.533121647629061 -9.024926804006746 -9.10467426604363 -8.98791911532893 -8.818835226070984 -8.801520897722337 -9.134363068227051 -8.441457925650417 -7.84700918105921 -8.583789656859299 -9.279429036324181 -8.46327116746543 -9.225819991206299 -8.294349532903048 -9.08183701634834 -8.656626399638187 -9.014596082615071
SGD:0.005
10
41
 -0.9196622670787863 -3.146748758760373 -3.6960101297486667 -3.9610029820366504 -4.170623327125131 -4.340836655035484 -4.481131825142863 -4.602090928347517 -4.716276303932803 -4.822930744236593 -4.929984716831919 -5.018510964428389 -5.094379533752494 -5.171298272317307 -5.245164166832024 -5.3311201551439185 -5.393529270032638 -5.457680153775347 -5.517503211500263 -5.576131640703283 -5.644765081834942 -5.698987954695201 -5.759668648253593 -5.819747839048112 -5.870647806499425 -5.918253531339431 -5.971382392894284 -6.01956636995927 -6.066360139484794 -6.120746534917408 -6.165794166389395 -6.205877105062676 -6.253414130703325 -6.306678657730869 -6.3440593213678165 -6.399723762036198 -6.42856192350031 -6.467396711916076 -6.508451598789114 -6.544159943010436 -6.573553391616497
41
 -0.9196622670787863 -3.1705511059047295 -3.6670841170205972 -3.9698095954454993 -4.187680131103705 -4.354635840586708 -4.486740534729854 -4.601753154124734 -4.711695744968654 -4.803724129927474 -4.894560548445418 -4.98637051994834 -5.07178374318287 -5.160459863731277 -5.237517694856061 -5.299448269458385 -5.366855637132497 -5.43710696775893 -5.494010546488277 -5.561076161969936 -5.626425834508148 -5.688022001230817 -5.742512308825441 -5.798595125559325 -5.856798046402653 -5.902810408608782 -5.9540170009891975 -5.9966110147382246 -6.046770743897513 -6.086118989572858 -6.136888453785372 -6.172220564222903 -6.225033830630405 -6.266738306096178 -6.312779733727015 -6.352993904846283 -6.389054681272676 -6.421952444522904 -6.467109201228587 -6.503618714874644 -6.5464088417648805
41
 -0.9196622670787863 -3.1493980067133456 -3.6667697588233295 -3.9600596542833615 -4.176366397470916 -4.347525628949196 -4.486575127904725 -4.604001477341259 -4.709579371781759 -4.807141429079719 -4.899741546862569 -4.989759158667458 -5.07020896738557 -5.147902668239587 -5.232039250570837 -5.291317641327088 -5.348990781521664 -5.415888043142018 -5.478827734687192 -5.5441220284136055 -5.596584547237852 -5.660701602947881 -5.716389932803765 -5.7761341753290285 -5.823566416763644 -5.879344328401796 -5.922540834810517 -5.983284924511488 -6.032052767208176 -6.079792591649322 -6.127380895390575 -6.1743540208328085 -6.210051631097851 -6.261488362331772 -6.308611254294011 -6.352951988044999 -6.397449231861434 -6.435254571106658 -6.4701152049659 -6.521422514173851 -6.559732744566137
41
 -0.9196622670787863 -3.172817728954531 -3.680745866433222 -3.9478570851907517 -4.176506480245836 -4.343013233557562 -4.489653007472678 -4.606424601310019 -4.706065156148543 -4.803147100891932 -4.899644176248459 -5.005563175629619 -5.091486559599855 -5.174123007955101 -5.2441799390197845 -5.317496088150827 -5.38439650887959 -5.454387888291299 -5.522544570549139 -5.576112088928565 -5.632281520275712 -5.686423503696971 -5.735415073865205 -5.801110309057368 -5.862987109487545 -5.924241227277263 -5.971899215599867 -6.017536480018192 -6.065636447094618 -6.117335226482914 -6.170809941169061 -6.220086220953019 -6.270788266087801 -6.313481394226555 -6.353585739454274 -6.399980879262637 -6.441342458208085 -6.486171009743848 -6.51622936097826 -6.559036085418234 -6.593849305166573
41
 -0.9196622670787863 -3.161815869044559 -3.6570983293018986 -3.9485169011103443 -4.161859879938871 -4.321868871616368 -4.459289249714989 -4.578495411122003 -4.689473878348185 -4.7969485384395 -4.905083405670975 -4.9983169985748015 -5.092556558088704 -5.165451435651935 -5.243339741483955 -5.314946412489595 -5.397279310869943 -5.46786940528027 -5.528456370297646 -5.595283303162111 -5.648219796933986 -5.709295531352331 -5.760347402221266 -5.812836568024715 -5.852790646940562 -5.910124797310738 -5.962072203097822 -6.0048807509794 -6.048022561819785 -6.095554868389309 -6.1380205425638685 -6.177413974224911 -6.216526257990355 -6.255802332436842 -6.304364902521684 -6.345043963556173 -6.388008452823417 -6.4279089716484545 -6.469226629387569 -6.517527964211514 -6.555564725020489
41
 -0.9196622670787863 -3.158745542848933 -3.648656756759064 -3.9158338192075037 -4.147346775046117 -4.338521738870257 -4.473191859274138 -4.603550203620544 -4.718963747387143 -4.83330056995821 -4.925058507337821 -5.012140670004239 -5.090367333569222 -5.174323123567821 -5.253686812446733 -5.3293814947594145 -5.3932292213759085 -5.464732181635658 -5.539390065014358 -5.600373394445138 -5.666394972031628 -5.723761977407042 -5.772546160787373 -5.831383386468219 -5.878876748005373 -5.924455819071892 -5.9823029680517985 -6.034987981709399 -6.079485203277592 -6.126488454834516 -6.17158866058037 -6.212420913961683 -6.244889745484477 -6.292387846996835 -6.343555187566625 -6.38983710993318 -6.429584078010491 -6.4659088203845005 -6.505502851560998 -6.53165608229615 -6.569063274470008
41
 -0.9196622670787863 -3.1247682243334136 -3.6530483083775245 -3.9332906017201097 -4.1534193266528305 -4.320153615792222 -4.4635423229256865 -4.585922478122409 -4.700960646466397 -4.803438103386759 -4.897653468082681 -4.993700912170566 -5.078925837791156 -5.1702658242983945 -5.246736798706018 -5.308127205164159 -5.378292037335158 -5.435657128426052 -5.505760231532655 -5.569626559846834 -5.635904093630941 -5.696249222158839 -5.74627763862738 -5.804584528291585 -5.8650056786928815 -5.912584015456197 -5.976562909059668 -6.030158254191855 -6.071585004583707 -6.1240314947681425 -6.1683241671174605 -6.228522420744462 -6.272639405822695 -6.307432354176844 -6.351097393009847 -6.394005867609859 -6.429660938606768 -6.463372173292707 -6.499148562281284 -6.535404003999765 -6.581875419577775
41
 -0.9196622670787863 -3.170518852249928 -3.6429459929498877 -3.9161058772611743 -4.129274131169232 -4.272427565058307 -4.416621859330003 -4.546738601023914 -4.663610100151593 -4.7653893604089 -4.857211419409764 -4.936764708737076 -5.011626700637715 -5.1161231974048125 -5.206443792785933 -5.289172219966407 -5.3596681425352015 -5.431709371464489 -5.498286248915877 -5.551625004320307 -5.6221718814856425 -5.680935916892027 -5.743695139273315 -5.797415224034272 -5.856945314429054 -5.906822234161721 -5.962655258547355 -6.020045377368315 -6.058188054255171 -6.090620291464684 -6.13619495135076 -6.181010739565923 -6.23040995409965 -6.26839960892795 -6.313928324553812 -6.355835585062561 -6.390534907661788 -6.430893819027798 -6.471231516038634 -6.515955724488733 -6.5634678957877295
41
 -0.9196622670787863 -3.1598290382426444 -3.669876869989142 -3.985411738298421 -4.179365965932898 -4.346728360624836 -4.479636885151623 -4.598337428907952 -4.709357284501446 -4.802301247484189 -4.897855982277177 -4.983178931669692 -5.064235699063691 -5.138253922875242 -5.199876698828725 -5.2755286237991506 -5.331013841640867 -5.3972015440365055 -5.466948725975275 -5.541655215244312 -5.588348737416524 -5.645382230877657 -5.703339292275369 -5.757077359934853 -5.813874613184715 -5.870569441290971 -5.91996089239512 -5.974648703892814 -6.008184547093294 -6.052045559857901 -6.104438785092912 -6.148441711593636 -6.192024963493864 -6.229465622172524 -6.275421304693929 -6.3180957144495595 -6.373255616032025 -6.414324779658219 -6.448066627097016 -6.478060904425672 -6.522830721400091
41
 -0.9196622670787863 -3.147133119885633 -3.6812300247822014 -3.9886389808535525 -4.175388172290776 -4.339951388505093 -4.478979683914073 -4.606987440886689 -4.720869979546385 -4.8215373923662055 -4.917256063088715 -5.004820698848851 -5.098184298694783 -5.174423684098757 -5.245061616539599 -5.323863874349312 -5.3899243447874845 -5.4591617685267355 -5.521429151693532 -5.595393161055298 -5.654978097708906 -5.7093271592917345 -5.759515186160158 -5.815866065519687 -5.877203155372814 -5.93257875789524 -5.98600827079403 -6.032652059904127 -6.077364482171849 -6.125212856939062 -6.160958631502212 -6.186661260994952 -6.246075082761371 -6.292893283425866 -6.33908723998806 -6.38402172021646 -6.42167697623444 -6.463210259840911 -6.511626658150984 -6.548728368333127 -6.587927654037644
StreamingSVRG
10
41
 -0.9196622670787863 -0.9196622670787863 -2.12312195529214 -3.57665988608883 -4.06198353566683 -4.307731364405082 -4.510050551196141 -4.677596964718116 -4.825942759732658 -4.9389716679613445 -5.082375708278859 -5.1876625717533935 -5.2426878733749085 -5.3388789736528235 -5.442111375699446 -5.53999479689214 -5.603929631311981 -5.675986558993318 -5.78829920932858 -5.875416079579124 -5.954914375699962 -6.005130021693504 -6.078599561187371 -6.153901236165016 -6.18132239167423 -6.217930901809586 -6.286206221290996 -6.369300965130818 -6.426630581890668 -6.508501551664031 -6.525547920705658 -6.56330713459108 -6.61733616071011 -6.702435166279128 -6.745880257350721 -6.795428828714537 -6.85765353091314 -6.885535703790999 -6.940008942826027 -6.966407971956226 -7.043169793490633
41
 -0.9196622670787863 -0.9196622670787863 -2.137270372373475 -3.573622995878767 -4.00859308133119 -4.259817981940927 -4.4878483819453665 -4.706050164334108 -4.854156672142673 -4.995994933474956 -5.132831278890448 -5.211160945237289 -5.307249821101895 -5.402435111675385 -5.485881247288097 -5.580527470732049 -5.666414350023201 -5.767498293555954 -5.841538397548914 -5.916262010993348 -5.99509032998401 -6.090302732585659 -6.145481589183739 -6.234734082883303 -6.307077727673218 -6.345225379345174 -6.421394034868673 -6.496150952781419 -6.566918008716182 -6.626018013064298 -6.6671087057020975 -6.717941075708165 -6.775986478715797 -6.8299563453347725 -6.874723642622846 -6.914357339194551 -6.959018618718608 -7.001987465194694 -7.063424019591232 -7.099277644996787 -7.120813399982611
41
 -0.9196622670787863 -0.9196622670787863 -2.1229247075149367 -3.53994222847888 -4.01445428727289 -4.282481127305293 -4.488886044392692 -4.652824335647728 -4.8085965343918735 -4.966511965334706 -5.094551913024635 -5.22656549646499 -5.2973956410101195 -5.402032219628654 -5.490291156747838 -5.591038235265516 -5.646273639674859 -5.736831229249404 -5.780868893251836 -5.851994453238179 -5.952416996041907 -6.031584114354042 -6.082414635820551 -6.104224288734238 -6.104224288734238 -6.104224288734238 -6.104224288734238 -6.104224288734238 -6.10805970635668 -6.183656856833281 -6.252484479661282 -6.306089367561014 -6.378694896787806 -6.43109225872794 -6.498837557635718 -6.555562764461556 -6.607454236754754 -6.6665834825403705 -6.7305551374922175 -6.778260375802401 -6.829020486626887
41
 -0.9196622670787863 -0.9196622670787863 -2.136991851161059 -3.5488495053977553 -3.993574322327265 -4.228129293629142 -4.459932889521497 -4.603654095349388 -4.735360419479867 -4.901860958260387 -5.037221876627966 -5.128920542572486 -5.230780014057998 -5.327800053769448 -5.399422143497601 -5.472517574759308 -5.585162265824691 -5.681932522353587 -5.7909123080394 -5.874448425129886 -5.945994342207091 -5.999440587104495 -6.078921057127188 -6.148361593679301 -6.242847457031729 -6.301231613852491 -6.385455983358379 -6.384828637655122 -6.460885375449691 -6.520102609675811 -6.573497967749321 -6.622076937156906 -6.679499963684532 -6.718603722517007 -6.77107197816822 -6.809725429176354 -6.867327872316424 -6.892371405477568 -6.932002002751847 -7.004122127869443 -7.061213660795699
41
 -0.9196622670787863 -0.9196622670787863 -2.109913573638287 -3.4990305227101097 -3.968615610409383 -4.241525260212211 -4.46191613596062 -4.646108967147113 -4.806038515437393 -4.9786796403704265 -5.108166041850448 -5.209651665009989 -5.305435589406741 -5.410731005829619 -5.516378693026431 -5.575408640674663 -5.660188976428497 -5.741318152545393 -5.825338932853943 -5.889154096857141 -5.953053134177945 -6.018056920828314 -6.101821338230055 -6.191344712443813 -6.2474716449785594 -6.330983077781428 -6.374464189786936 -6.4067941786692355 -6.4980687023576635 -6.559644475003992 -6.606697760854149 -6.642913024516544 -6.698097527802673 -6.77709348198775 -6.830973739141329 -6.899490885240732 -6.923019991621195 -6.964218978531833 -7.005109362673017 -7.094984171824033 -7.093717115713333
41
 -0.9196622670787863 -0.9196622670787863 -2.1507814975673103 -3.5699082712142927 -3.9762518496468404 -4.246498358263186 -4.4577885664360215 -4.61413667952899 -4.778068066054615 -4.912319330035386 -5.047551121419398 -5.164464438379976 -5.279072038647561 -5.373951997709538 -5.503148589006401 -5.603969199415292 -5.682446755929449 -5.7723712196276615 -5.849573381118176 -5.897899417819721 -5.97263168860849 -6.028304632915069 -6.088451044393995 -6.167422615914439 -6.230200374363393 -6.275409462694291 -6.326962225015741 -6.363556119508684 -6.430267648874097 -6.4891429583168865 -6.547714732022822 -6.588404517829667 -6.675422529569724 -6.708065256373966 -6.739847742969563 -6.793030209871599 -6.844748120617152 -6.847532423934513 -6.874796281599766 -6.901232207042148 -6.984305193705071
41
 -0.9196622670787863 -0.9196622670787863 -2.097295269584333 -3.5791046155781845 -4.035805128103041 -4.320220726014243 -4.531000027672948 -4.7143096350763445 -4.867207381271043 -4.99157294815817 -5.121825009145597 -5.260507202951814 -5.340513516643398 -5.462511180394051 -5.5454761894231135 -5.626031912374177 -5.7014917941014485 -5.792924065327787 -5.878549702938285 -5.93610690024636 -5.988408474339188 -6.069253538550401 -6.131281925435678 -6.20134551539672 -6.237636610843246 -6.287040683258278 -6.381368672616476 -6.409845218913135 -6.443714912266151 -6.46039683704066 -6.549582159451429 -6.589894089490337 -6.578076943244665 -6.672357332979211 -6.724950053835109 -6.780283955654698 -6.886907692746086 -6.884571266917903 -6.92234375420976 -6.955973959970919 -7.01608285180323
41
 -0.9196622670787863 -0.9196622670787863 -2.114004691720704 -3.5380678875472205 -4.011612900799543 -4.285597274876307 -4.500264856586856 -4.674104337498403 -4.835007217759559 -4.984374002209157 -5.104502862868676 -5.2013428656337615 -5.3064313297552035 -5.409453467369703 -5.509873167709773 -5.617556344235434 -5.671582193799502 -5.744721330098039 -5.814301092793034 -5.916818171311751 -6.00764699706851 -6.0467634139535935 -6.107393948650513 -6.108583677911261 -6.1553631858961655 -6.193180095041593 -6.304420413372435 -6.380289056723984 -6.423667729034358 -6.499954817566883 -6.594507352364905 -6.656393435400014 -6.680069126839589 -6.7398132696258175 -6.813256687600763 -6.855374286118229 -6.896092882905987 -6.895585773104823 -6.965573357849451 -7.060239139834158 -7.09294732784911
41
 -0.9196622670787863 -0.9196622670787863 -2.0961837395323255 -3.549916526223595 -3.964568722020298 -4.219804929283814 -4.496382139733081 -4.6483462935500475 -4.821626760791129 -4.929973430853986 -5.0470674269358025 -5.167522995736838 -5.292381199373163 -5.406162199582649 -5.497200345660045 -5.581038835783784 -5.663617953419351 -5.762854823450916 -5.803034797927978 -5.881649774122943 -5.9590008886342165 -6.0360350280080395 -6.118455035213911 -6.163865010567823 -6.215274307145666 -6.283754403128363 -6.340420653859804 -6.370334456127793 -6.4452695589235 -6.498657252258387 -6.533753052918452 -6.592264878241869 -6.628877649746269 -6.665282508334324 -6.688446871474925 -6.73299531745721 -6.781390970045121 -6.888535223430843 -6.94943399409079 -6.987320460095655 -6.997669682877238
41
 -0.9196622670787863 -0.9196622670787863 -2.072558031341689 -3.57145180266622 -4.028736069923652 -4.272163502967145 -4.466004573064563 -4.625987675038848 -4.783864266023623 -4.900597910532932 -5.033216513566702 -5.1256675504251605 -5.250367858674096 -5.342495768101222 -5.442371288558428 -5.520324212273797 -5.601502664184355 -5.68950355571973 -5.77105707833523 -5.820535056543846 -5.869352202390724 -5.954184283143371 -6.011954852696294 -6.060982497201027 -6.1305150420485965 -6.220193165947021 -6.202937015138171 -6.305123742643165 -6.392231290635838 -6.478581309604742 -6.528676703881774 -6.602297617080753 -6.653021859571533 -6.72097903933095 -6.787215019212272 -6.831775539040524 -6.872427582086539 -6.9638503512547 -7.013965573520658 -7.062722675048254 -7.130360284519897
ADAPTIID
10
41
 -0.9196622670787863 -5.154837567652278 -5.850332859570907 -6.155823051967315 -6.298192603852325 -6.747021614085286 -6.997258921808077 -7.334639706907287 -7.352279774488963 -7.489265667172531 -7.553995641889314 -7.688384320218726 -7.987660053923704 -7.906423617853726 -7.802734453643326 -7.888018151649831 -8.043415716087141 -8.23297128734626 -8.495644471065782 -8.514845513902742 -8.415763315310418 -8.820153293398219 -8.783524841756085 -8.934953788385897 -8.966216974669255 -8.868985505531413 -9.064612156104438 -9.081283129366104 -9.292381836077858 -9.319929095398066 -9.410504857781127 -9.63093606863637 -9.70661709906426 -9.72042485886955 -9.812223428719609 -9.856992987473923 -9.937204576591261 -9.959142753585041 -10.101899130839469 -10.10280867885347 -10.254736036713613
41
 -0.9196622670787863 -5.210647690237645 -5.630501250379154 -6.13001503434299 -6.025281843621878 -6.4179785895025505 -6.625663035139795 -6.76465793551891 -7.066537141352488 -7.0707622785725475 -7.307024831620394 -7.543590765189444 -7.56974788935716 -7.7092643623451425 -7.76113660299622 -7.854320781188811 -7.756416558804503 -8.155914889839403 -8.275106281608808 -8.33146580318486 -8.441772214189562 -8.541071912756017 -8.543490118369315 -8.627405065666728 -8.701736206212919 -8.818014613449428 -8.750283344690786 -8.868592615530302 -9.111201384016193 -8.897918358481798 -9.210415710832388 -9.351879736213977 -9.316732711879082 -9.333487165641744 -9.476049487383897 -9.583139238616912 -9.671424654694707 -9.764535974457239 -9.875405754329838 -9.96057746714931 -9.998435575803525
41
 -0.9196622670787863 -5.4003478077731435 -6.031319609139572 -6.214839939602242 -6.17389865106753 -6.630188313882844 -6.9397916835156686 -7.018748309663047 -7.309686176725713 -7.3084037488105595 -7.428079559626078 -7.687810678860424 -7.775404809961905 -7.522053567618331 -7.807111022860463 -8.084616337380366 -8.182332933665625 -8.1267202795421 -8.441562728240205 -8.520100771390936 -8.008757049456248 -8.430393073528169 -8.745675367627046 -8.82487177662176 -8.809787852818198 -8.94859928920938 -8.825345506187862 -9.04279413629261 -9.192700441245007 -9.232384394642935 -9.387036496150634 -9.448111847571614 -9.554664955010741 -9.61685442793264 -9.617934193317891 -9.490892928166675 -9.823161418391976 -9.900369594204006 -9.805678560758691 -9.998056696639889 -10.052678663542897
41
 -0.9196622670787863 -5.239078066003638 -5.638534071435189 -6.091398414315375 -6.035952212228818 -6.642939123644354 -6.730645963480792 -6.773680423088291 -7.151883152210273 -7.123622566166555 -7.479407796000313 -7.522249782230169 -7.231448797447015 -7.612217795010505 -7.669342870015274 -7.790999932602964 -7.973312089920051 -8.051128482919252 -7.965130895893623 -8.435488424621921 -8.497377275681272 -8.50558813935419 -8.671304113237579 -8.632168424013605 -8.675750113592848 -8.737678900456475 -8.841536593078711 -9.069259695495662 -8.981242158369513 -9.268989480335755 -9.404066713804616 -9.50816710342601 -9.533860696657815 -9.58023474084067 -9.679135583785104 -9.78192821577845 -9.837297523301809 -9.842403080009346 -9.96240914939633 -9.945296253901772 -9.931676855066984
41
 -0.9196622670787863 -5.210528330072121 -5.929358300041204 -6.103968101454414 -6.1072470727168975 -6.577310929692718 -6.656550412448383 -7.051755965752963 -7.215324686305203 -7.391092631791777 -7.451869616048316 -7.546817024204457 -7.725340175367398 -7.828603055804447 -7.765199875676074 -8.04909696847763 -8.081163434472419 -8.26699454056937 -8.360686032637384 -8.337466043726693 -8.423556928720691 -8.443568936938544 -8.543503796381017 -8.6150751422078 -8.719549521461394 -8.824545068658836 -8.91166434809601 -8.846204021252513 -9.095124221488078 -9.114351082923445 -9.169280529643627 -9.247752308643511 -9.405971116063304 -9.345740179579854 -9.501677086638164 -9.473563029766849 -9.41302968909495 -9.505549953077582 -9.697032698302397 -9.847293982664455 -9.986618450756898
41
 -0.9196622670787863 -5.374618078776936 -5.943392171840008 -6.078103237934175 -6.267884422876849 -6.380037365237536 -6.664206085092914 -6.779935071790067 -6.906529879476802 -6.874536238852094 -7.296456741257569 -7.365736710207099 -7.514568650840257 -7.696006552330009 -7.728623808815678 -7.96496885922607 -8.037306471152688 -8.00980781743557 -8.13680128554556 -8.172558505218094 -8.253800758951856 -8.545280610152298 -8.659631365338686 -8.600340528037258 -8.80077606853869 -8.825601333828644 -8.895789894416005 -8.844762309287745 -9.021819001957246 -9.197854586481752 -9.352713662273876 -9.465407514968591 -9.49160792112009 -9.523067958801182 -9.420512850820064 -9.506358894066725 -9.458311868080628 -9.667013541073818 -9.878471642000594 -9.97015439360583 -9.920164322765563
41
 -0.9196622670787863 -5.280070224124344 -5.996225597818828 -6.051661025654787 -6.1643730991131305 -6.6653798879948924 -6.828445261981382 -6.9719207220958666 -7.072600922837641 -7.326494579096101 -7.547107514939331 -7.628322338757122 -7.905849391123792 -7.826930683441979 -8.024629625145433 -8.0567285366882 -8.095383561922196 -8.092336561330702 -8.213413268913431 -8.250662456013739 -8.544660955329768 -8.69011077889764 -8.841303395317555 -8.855955198560169 -8.972114420347172 -8.973587718765568 -9.099805192080833 -9.126936593539089 -9.259177106472874 -9.352456905262416 -9.339931613081621 -9.317542406404314 -9.548987756310474 -9.698799413032354 -9.801391929640548 -9.757097315189032 -9.824339274832306 -10.040271231676297 -10.092209598840999 -10.193586726786368 -10.26372276605782
41
 -0.9196622670787863 -5.071074833509603 -5.609517634993991 -5.962022634527906 -5.909897553242102 -6.4998472204903575 -6.391834551904237 -6.777529412119178 -7.191057442070256 -7.312154938642823 -7.475239993316889 -7.622950222146277 -7.588181347922863 -7.5837562396545755 -7.633216707501909 -7.825979604506816 -7.751055629697778 -7.894000033185003 -8.12685253926447 -8.266963393644472 -8.380597772373363 -8.447018184022383 -8.450157039695872 -8.479016449802556 -8.380230769094446 -8.595098126851795 -8.791472556956386 -8.890966243913008 -8.874568060026364 -9.061764958179156 -9.110123794891473 -9.259204391537242 -9.340459989237361 -9.312202369581986 -9.493987268558499 -9.609625796430631 -9.687776281026515 -9.670281539734631 -9.83045526574692 -9.932607040213977 -10.078480086773986
41
 -0.9196622670787863 -5.405234006236406 -5.912325115988245 -6.051941512144863 -6.190701716400501 -6.651993419620735 -6.763285738437703 -7.022665230959877 -7.114809525131727 -7.179699565738355 -7.178820722227921 -7.50427502094553 -7.528337293436843 -7.735119109688144 -7.910033793452204 -7.9303656284855 -8.24192548401646 -8.333816328143758 -8.30797451763088 -8.24962041071481 -8.439443202832859 -8.487210424016242 -8.54205732153968 -8.741265319920318 -8.824750832445229 -8.866967275696567 -8.911890082210913 -8.913512880260596 -9.070685692821337 -9.060359919145014 -9.045547491520962 -8.998956871526511 -9.211314559858398 -9.33674877081439 -9.524987320019253 -9.480482072935995 -9.728676361528505 -9.724543506300401 -9.86642955575134 -9.943151680620966 -10.01491960997029
41
 -0.9196622670787863 -5.333716573808319 -5.718414489790411 -6.001871458834086 -6.116551546177734 -6.529434963177132 -6.622145169694126 -6.860998080863438 -7.150331221174583 -7.400754286010235 -7.432818655890578 -7.3635330870538 -7.690816517509594 -7.850463687231993 -7.986416642557792 -8.200622124628985 -8.213922051938354 -8.275472762757241 -8.309134835374161 -8.346024379603657 -8.428180059222251 -8.602353083521331 -8.715075037833783 -8.886885947796301 -8.945003627130328 -8.952724815106018 -8.976073649268335 -9.047388902250882 -9.053859563580811 -9.24984378932956 -9.26741627484222 -9.187861007237794 -9.513642729871435 -9.509855959961643 -9.485500784084412 -9.360452430553167 -9.664970298257787 -9.740327812873776 -9.722672932070878 -9.779036969658511 -9.745952115483423
steps
10
41
 0 2500 5000 7500 10000 12500 15000 17500 20000 22500 25000 27500 30000 32500 35000 37500 40000 42500 45000 47500 50000 52500 55000 57500 60000 62500 65000 67500 70000 72500 75000 77500 80000 82500 85000 87500 90000 92500 95000 97500 100000
41
 0 2500 5000 7500 10000 12500 15000 17500 20000 22500 25000 27500 30000 32500 35000 37500 40000 42500 45000 47500 50000 52500 55000 57500 60000 62500 65000 67500 70000 72500 75000 77500 80000 82500 85000 87500 90000 92500 95000 97500 100000
41
 0 2500 5000 7500 10000 12500 15000 17500 20000 22500 25000 27500 30000 32500 35000 37500 40000 42500 45000 47500 50000 52500 55000 57500 60000 62500 65000 67500 70000 72500 75000 77500 80000 82500 85000 87500 90000 92500 95000 97500 100000
41
 0 2500 5000 7500 10000 12500 15000 17500 20000 22500 25000 27500 30000 32500 35000 37500 40000 42500 45000 47500 50000 52500 55000 57500 60000 62500 65000 67500 70000 72500 75000 77500 80000 82500 85000 87500 90000 92500 95000 97500 100000
41
 0 2500 5000 7500 10000 12500 15000 17500 20000 22500 25000 27500 30000 32500 35000 37500 40000 42500 45000 47500 50000 52500 55000 57500 60000 62500 65000 67500 70000 72500 75000 77500 80000 82500 85000 87500 90000 92500 95000 97500 100000
41
 0 2500 5000 7500 10000 12500 15000 17500 20000 22500 25000 27500 30000 32500 35000 37500 40000 42500 45000 47500 50000 52500 55000 57500 60000 62500 65000 67500 70000 72500 75000 77500 80000 82500 85000 87500 90000 92500 95000 97500 100000
41
 0 2500 5000 7500 10000 12500 15000 17500 20000 22500 25000 27500 30000 32500 35000 37500 40000 42500 45000 47500 50000 52500 55000 57500 60000 62500 65000 67500 70000 72500 75000 77500 80000 82500 85000 87500 90000 92500 95000 97500 100000
41
 0 2500 5000 7500 10000 12500 15000 17500 20000 22500 25000 27500 30000 32500 35000 37500 40000 42500 45000 47500 50000 52500 55000 57500 60000 62500 65000 67500 70000 72500 75000 77500 80000 82500 85000 87500 90000 92500 95000 97500 100000
41
 0 2500 5000 7500 10000 12500 15000 17500 20000 22500 25000 27500 30000 32500 35000 37500 40000 42500 45000 47500 50000 52500 55000 57500 60000 62500 65000 67500 70000 72500 75000 77500 80000 82500 85000 87500 90000 92500 95000 97500 100000
41
 0 2500 5000 7500 10000 12500 15000 17500 20000 22500 25000 27500 30000 32500 35000 37500 40000 42500 45000 47500 50000 52500 55000 57500 60000 62500 65000 67500 70000 72500 75000 77500 80000 82500 85000 87500 90000 92500 95000 97500 100000
