5
SGD
10
100
 -5.8061729862331655 -6.1530678100091984 -6.447294259426929 -6.7826879308458405 -7.00943636115314 -7.137747575239513 -7.270502594734664 -7.3937235542982735 -7.439171990356645 -7.496031871672757 -7.551457457172805 -7.605501857585461 -7.643465950539805 -7.675024545725427 -7.732442231255932 -7.7570732920895145 -7.783686415742762 -7.8141176839330955 -7.831457802965919 -7.856277327823659 -7.8962433625969695 -7.9341387238163845 -7.968892097095425 -8.000094204655994 -8.01997669703118 -8.050907400377774 -8.067918407986209 -8.078920367915527 -8.104379619582634 -8.12240748169614 -8.136703009686043 -8.151181489961175 -8.15864903206966 -8.178360146741168 -8.191206233707739 -8.1951233803894 -8.20691934209761 -8.217855792388319 -8.231344035092798 -8.250717797508058 -8.261290692550661 -8.279172724744383 -8.292847814019071 -8.309173451999142 -8.314778775111492 -8.323594425509294 -8.333383052904246 -8.344316412478948 -8.354711939829595 -8.36577561879624 -8.375968910457267 -8.385071589201493 -8.400705447398028 -8.402550001474287 -8.408370422355866 -8.422024990872162 -8.433240221859826 -8.443072685295267 -8.451915911279858 -8.4609145837617 -8.467963939016784 -8.477219202116164 -8.486416380310867 -8.492951861360169 -8.50215523771642 -8.513776590910426 -8.52498392565594 -8.527584770168895 -8.534802697167791 -8.54251899534506 -8.54913497781643 -8.551478408359566 -8.560740587801668 -8.567569769136263 -8.577039876996704 -8.581366618647097 -8.587682180806079 -8.597592432725614 -8.606240924818788 -8.61213873842904 -8.614484402404882 -8.620038194346437 -8.625316626427953 -8.63460307852911 -8.639999131359255 -8.645947248406676 -8.649771075582986 -8.657076618575212 -8.66211100461561 -8.666839265598457 -8.669165459323763 -8.674964900322301 -8.680628101249331 -8.685216508355243 -8.688964511310882 -8.693953648400157 -8.698722247700134 -8.704811611580286 -8.70895614543677 -8.712223942037083
100
 -5.658369402951823 -5.919809066599848 -6.087189457224307 -6.158199417331415 -6.2864895084367545 -6.382817876883664 -6.45254033227785 -6.511665032344498 -6.583561905156946 -6.631283610658961 -6.674818689812796 -6.697946599424723 -6.741584886095811 -6.77229703766582 -6.810585982535994 -6.846081699304668 -6.871523764521449 -6.905245786215687 -6.934028722529034 -6.958580416082311 -6.976788372070031 -7.000844212149163 -7.025279359722359 -7.051491754216027 -7.071982451669288 -7.083778166980085 -7.09535714376422 -7.112434281572079 -7.1212225710145844 -7.132232091565557 -7.149792462601808 -7.170356125619225 -7.188503079240271 -7.21099118967062 -7.231808111376098 -7.244801598534382 -7.264063355736633 -7.277271572631564 -7.288906521771699 -7.304636903238606 -7.318516977629586 -7.324283409888812 -7.33003569878397 -7.343587458864365 -7.353157776987781 -7.36432813849211 -7.372592472267088 -7.378940654755915 -7.387921813581502 -7.401158658215606 -7.406633251633713 -7.410345034023342 -7.426100275177122 -7.435237615947222 -7.443404674111276 -7.450766456080063 -7.459635070302235 -7.466066886941054 -7.476963962951909 -7.48644444335656 -7.493659175272856 -7.502204200809276 -7.507422747447502 -7.51234893003772 -7.517427820932894 -7.525196794228087 -7.53308265118862 -7.542821695654902 -7.550548035231972 -7.556638445176796 -7.562044102458024 -7.567812389468708 -7.577038631051094 -7.583319190933683 -7.587992308820854 -7.591535518955276 -7.598708167855633 -7.605076278516958 -7.608684623457436 -7.611108313744935 -7.616608516379047 -7.620946229255735 -7.6275366292530915 -7.631263865240117 -7.632933073774542 -7.637324651834501 -7.64302900446466 -7.647036043789943 -7.651782993504709 -7.6548230435328914 -7.659800817383468 -7.663220853244608 -7.666583413261593 -7.667238207460991 -7.673919909738468 -7.678957851011935 -7.685556052536471 -7.692001240377171 -7.696070639766563 -7.701188443636572
100
 -5.639149138726601 -6.139369510051902 -6.325910313374374 -6.472834308658787 -6.62971545207727 -6.739237435621677 -6.814143044700308 -6.855369509300187 -6.905716663146013 -6.939327153921138 -6.9708288076869325 -7.012031285796898 -7.040903588370537 -7.073738308910449 -7.107067282268816 -7.133840011740285 -7.1683441124372 -7.195872499019027 -7.217114520963652 -7.236861059843174 -7.26420155281133 -7.293799817247373 -7.316676816761288 -7.334957133317867 -7.353623496876812 -7.381330743768166 -7.399393967959794 -7.421633004509176 -7.431919226617183 -7.449014316013479 -7.468478010625922 -7.490286117798042 -7.5060436560995445 -7.523151156383002 -7.538107180250311 -7.55687507569286 -7.56983333825608 -7.579582671363887 -7.594946192717063 -7.606142573058352 -7.618544109125432 -7.628366672638696 -7.643198474948621 -7.653448244505905 -7.6607134349938475 -7.671070406883934 -7.679839843057763 -7.689494934276891 -7.703113223866267 -7.71321056941108 -7.720092579153002 -7.732839709750655 -7.745524147505703 -7.755031982341277 -7.76276008344588 -7.767524491036193 -7.774523423084801 -7.783800757956751 -7.7924489371032575 -7.8009720024681135 -7.809205327600209 -7.81474555089118 -7.819143507265799 -7.826207654157148 -7.83124152907821 -7.836954559249822 -7.839693460670493 -7.845778196876246 -7.8509269273509865 -7.855554781621082 -7.860833049269673 -7.863531908804039 -7.869187376872634 -7.874062869785543 -7.876487544600972 -7.881782788202211 -7.88362352361871 -7.890396015398446 -7.897497625417604 -7.904132593585884 -7.910170377065294 -7.915006226255077 -7.917232054457221 -7.922287751980928 -7.9259064675046655 -7.928817813249628 -7.933999791167729 -7.93963310980858 -7.945181972132254 -7.9495984087188205 -7.950499563776391 -7.954904158596003 -7.95873305320777 -7.9643489918169035 -7.96838990719279 -7.97518780334874 -7.9787733282425615 -7.98528112233902 -7.988815192186798 -7.992645247566309
100
 -5.804980005398236 -6.167026746882507 -6.278111147902785 -6.379586731884089 -6.489841194053216 -6.572625322764216 -6.643600737785628 -6.730444420227514 -6.818076858284148 -6.84809685820016 -6.894454007957555 -6.932323492251132 -6.969781832037655 -6.985956285401774 -7.008651335781643 -7.038683467474408 -7.0710876059926475 -7.106098317901796 -7.125814469325917 -7.151664129693218 -7.167223838390979 -7.185030367234161 -7.199244844351058 -7.210126285082667 -7.23694776646302 -7.253392001092488 -7.262548188233984 -7.283993400666978 -7.3059367215867645 -7.322462679153168 -7.335507639481666 -7.349504320033135 -7.3649084700583485 -7.366268745064757 -7.377551540612183 -7.38715465242252 -7.39898501392897 -7.405567362775116 -7.416076084622664 -7.432119945130576 -7.439759698358704 -7.446812466219102 -7.4627235149263615 -7.4715782513305555 -7.481953726268489 -7.494148217089087 -7.502497050660371 -7.511769541930491 -7.525129701163353 -7.534973523912801 -7.540674492006651 -7.553271959636122 -7.556919923162515 -7.564882316615742 -7.574364061366299 -7.580564985916319 -7.587174576528137 -7.600327594537371 -7.610295742794853 -7.619307293724036 -7.631562268504321 -7.63803515191062 -7.643493891342786 -7.650077677461336 -7.653179418755604 -7.6585481954432675 -7.666831576468748 -7.673086029726519 -7.677949231361349 -7.6841349021942404 -7.686820858090595 -7.695230326934644 -7.703949241784982 -7.709046625726159 -7.7192448944572245 -7.725406706436321 -7.7325518930180905 -7.738473311666309 -7.744172449571578 -7.748614003996424 -7.753860754698888 -7.757687372800816 -7.7636026013550845 -7.768665358851793 -7.7745041460125845 -7.777871885985632 -7.785506028339999 -7.791306847309893 -7.797417903460903 -7.802276118612263 -7.806970723055239 -7.814095946144585 -7.820942249489097 -7.825111115278099 -7.827892512470319 -7.833814895937053 -7.8382675057925315 -7.84031256502837 -7.843514943926943 -7.847481228902407
100
 -5.6682391758304576 -5.912818195172305 -6.214230683179159 -6.4044037529408495 -6.534470295194196 -6.591083245858173 -6.651752123470269 -6.725141923172311 -6.769414277698952 -6.810818595429686 -6.854369921650518 -6.9042375432282945 -6.940894543239697 -6.982177946914299 -7.014822413607492 -7.045795323276332 -7.070564962167727 -7.0892499003690705 -7.1138689931679195 -7.137429512873158 -7.15955438142542 -7.178573904261643 -7.196398550070227 -7.207017236793516 -7.218192317392426 -7.237418409657364 -7.2464359936506755 -7.258121760276762 -7.2857387403395215 -7.306584298805737 -7.324177654798985 -7.343047982519445 -7.353434151468783 -7.364725013008141 -7.377975487936976 -7.395579237027693 -7.405571921201149 -7.412113068855769 -7.425815382574534 -7.436443624925963 -7.441015354279249 -7.448689205836293 -7.4619103936865905 -7.470464087939796 -7.477575427479799 -7.487271959710299 -7.505341275429507 -7.513851064983596 -7.522138861888558 -7.529978926869975 -7.539937993241164 -7.546756882920056 -7.558006949178513 -7.564422904995756 -7.576740137902317 -7.58407216853453 -7.596891680397778 -7.6077940769248835 -7.613342919072085 -7.622204999209485 -7.631029387086341 -7.642648400041587 -7.65283549547388 -7.658641115667955 -7.664658277493938 -7.671599901003466 -7.678289591685725 -7.6851126188147685 -7.688941624236372 -7.696816610493877 -7.70194715129117 -7.710059457853503 -7.714356834321784 -7.7172995366265775 -7.720488391726921 -7.729088292383938 -7.73177556035467 -7.738284323952049 -7.741461474634914 -7.749079445101824 -7.754349107767675 -7.761923474312803 -7.768851051061173 -7.774684387641678 -7.782847524073438 -7.788902160232205 -7.791028416768695 -7.797785851382022 -7.805717766888042 -7.811776306745669 -7.815044525076487 -7.821107257841672 -7.828494044246976 -7.833787599025669 -7.8392897086007025 -7.844722818551907 -7.848040000878701 -7.850794016301815 -7.855301788081502 -7.856954257025977
100
 -5.62938794590835 -6.071659821208759 -6.357667907355276 -6.516623079270279 -6.577180177145992 -6.661781507067229 -6.735147549368322 -6.801597591336968 -6.850213086555222 -6.876631963867136 -6.920699800660972 -6.964699186824818 -7.001108119542577 -7.035387110990797 -7.0764544924572395 -7.104438049072954 -7.1372580802289285 -7.167931755947408 -7.1983451148609525 -7.215558068013053 -7.2524185938484615 -7.27300610992481 -7.294255385697735 -7.32131752539843 -7.33512076816469 -7.352966790089529 -7.36544890638501 -7.379110199147973 -7.400555018250984 -7.419083601206859 -7.433061359982476 -7.4411045711770285 -7.453905293370255 -7.471213755056382 -7.485137958187089 -7.493071977498004 -7.5017233426628245 -7.508390012113627 -7.521834119372464 -7.5363398429634385 -7.545515067628342 -7.556851460725924 -7.567971267605524 -7.581006119411682 -7.588430576387173 -7.601132362529318 -7.60975350789366 -7.6184383310890915 -7.630267298645236 -7.63562090020384 -7.643116159049241 -7.647118336963841 -7.653029897409089 -7.6574671997967485 -7.668525707635948 -7.676749625267368 -7.684928620701573 -7.6967487327359585 -7.70316922363917 -7.7080354069933295 -7.715114448920892 -7.7208948115721325 -7.725946781635603 -7.731927305791991 -7.739822459597758 -7.747080479580484 -7.754959574764679 -7.764020678634517 -7.7691838028888 -7.7745483422540556 -7.779186812013812 -7.78417382806058 -7.787679009753585 -7.794666563916581 -7.800274546412774 -7.804781600351713 -7.809387529357996 -7.813099555955709 -7.817484590561326 -7.82011699539471 -7.825947200394897 -7.830596993393191 -7.83576644381196 -7.8387556164343115 -7.846270126400914 -7.848598166055145 -7.852767843923873 -7.858721806437322 -7.864020820555597 -7.867344049425656 -7.874645454659511 -7.8798887770204695 -7.881784327212421 -7.887619777884435 -7.892589277062314 -7.896123820463626 -7.898467439086253 -7.901451664990268 -7.90450372466848 -7.905533796852424
100
 -5.371244183740016 -5.970504594016175 -6.2139751387694675 -6.354682574923457 -6.505054908579055 -6.5957879436411995 -6.713059337691866 -6.782673214336182 -6.827241710987816 -6.884319384955277 -6.932595109677504 -6.959154095083994 -6.98843985768639 -7.007938514748327 -7.044562074333192 -7.078433658535354 -7.117146627862215 -7.151331898878347 -7.16959417922663 -7.1907611507557405 -7.220852701890822 -7.250259366126374 -7.2653390769146915 -7.286353369625491 -7.302688566138409 -7.321304164201673 -7.339455693734199 -7.349487594416451 -7.364101495617819 -7.381836520837919 -7.398410857446089 -7.411249232318331 -7.427129217875014 -7.439497784561197 -7.453699505504392 -7.462388744329083 -7.474671580455782 -7.484838522429566 -7.494759967912766 -7.50351401863015 -7.50946038144947 -7.521600144766863 -7.531885061895295 -7.539116020969269 -7.547279597218899 -7.554120971996992 -7.564191740625989 -7.569994457462871 -7.583963579036904 -7.58891834604782 -7.5907926490474305 -7.595807294004079 -7.604256267047165 -7.615971467867592 -7.623009904387994 -7.627814466258221 -7.637772050965429 -7.6488093875830465 -7.6581018824950275 -7.661522180141232 -7.663058897018124 -7.667360365102045 -7.673917236948005 -7.6757466084675565 -7.683037800659791 -7.690759256812037 -7.696606426949201 -7.703183674852568 -7.7105276860235 -7.716880931379697 -7.722451618579434 -7.728523621385551 -7.733639511180212 -7.739272729708216 -7.7439281113518765 -7.751547066250354 -7.754919190158319 -7.761253946419406 -7.768491756751096 -7.775767712963323 -7.780892600460702 -7.786067818888916 -7.792440052633458 -7.800845472651652 -7.803173932560779 -7.807490341087979 -7.8114364304637585 -7.812792819802477 -7.817616139198406 -7.823064070713815 -7.828104950678375 -7.833356878709091 -7.8381009631032565 -7.844746479675278 -7.849425073639407 -7.852987086177635 -7.857550359669284 -7.862181297373751 -7.865377141144232 -7.872641706726768
100
 -5.583735504140663 -5.937454366830764 -6.105805465231192 -6.219429238785826 -6.32015644965854 -6.404984138268832 -6.483721628430698 -6.530122803584638 -6.595439250972476 -6.632656403967667 -6.666542870279449 -6.731370917340747 -6.779424696118949 -6.816659154407475 -6.844274999753582 -6.866807085653164 -6.890246393134193 -6.9139386035521735 -6.944492812126961 -6.971497143642979 -6.997257514459242 -7.01737917370878 -7.027877290265782 -7.043238507053351 -7.060964429115926 -7.079818105767261 -7.095187625360313 -7.111433401270456 -7.132195014714313 -7.144020779346299 -7.154841285256153 -7.17401799532466 -7.184583087074942 -7.193217867174211 -7.207164155546494 -7.221824638341569 -7.228537753861042 -7.237088177501645 -7.251437821734552 -7.261211799013706 -7.268845584622359 -7.284635362388362 -7.296450974496717 -7.308796584975273 -7.313276866806492 -7.326684191889431 -7.333107432741378 -7.3379374612802435 -7.341333461244769 -7.348514897680904 -7.35711458398988 -7.367930226410772 -7.373909367101424 -7.38146989768634 -7.391673746043543 -7.398371892919245 -7.402393823530422 -7.4088498637205955 -7.415371624786835 -7.423690625352034 -7.423556419597046 -7.426312567704181 -7.432300628955027 -7.439255811757067 -7.446333591541346 -7.4510946460629 -7.457041079887193 -7.463190860164677 -7.468432767910853 -7.471834213629974 -7.475095142593403 -7.4769052683179025 -7.479612449501937 -7.483716094552975 -7.4855582627819715 -7.488383593062139 -7.494054013197177 -7.497731486050299 -7.500721035003999 -7.50584001934955 -7.5085690815194 -7.516112017941686 -7.52355683544951 -7.529503988929292 -7.535702018336264 -7.538877985639735 -7.544923908968313 -7.551478476180014 -7.55503908715603 -7.561236600969138 -7.5698025303927805 -7.576562782168192 -7.58095282657721 -7.583632990627819 -7.590538521479759 -7.59414078609532 -7.596468355814448 -7.602194216652753 -7.608565141549261 -7.613091623573113
100
 -6.00945742154213 -6.443556101785567 -6.609162081773533 -6.754437427947996 -6.837467907703992 -6.917504773740224 -6.970205896813629 -7.03763780061892 -7.079141382138914 -7.123634446536904 -7.1775568398567495 -7.23475026860963 -7.283237285029588 -7.3118345212127265 -7.346792616841891 -7.3818792043637 -7.3948836425064455 -7.421362905666654 -7.440762891243875 -7.474336199617402 -7.508872269014154 -7.535713835566709 -7.563274703837211 -7.575794790216113 -7.595315241754589 -7.612098497838293 -7.622833049439032 -7.63674987448036 -7.651780933187041 -7.657905137897663 -7.681863902488489 -7.698615520541398 -7.712421358195293 -7.7287053909787256 -7.733106230983092 -7.751237805246002 -7.763676398760102 -7.7712378475901405 -7.783510821261795 -7.797841521029357 -7.807902057088216 -7.81091368879506 -7.824363172809805 -7.8402402748962485 -7.846737998027435 -7.867419490424942 -7.876807449744104 -7.889446096519774 -7.895675337333835 -7.907375497673056 -7.917390150664414 -7.92669238103637 -7.92818009858739 -7.938065378395706 -7.943528934956925 -7.951360097415297 -7.959821951430602 -7.965443709272081 -7.971502381788771 -7.977569939979307 -7.988392138526646 -7.993566860037409 -8.000752830770157 -8.001827370287895 -8.008886401402615 -8.018450947435955 -8.020423763544752 -8.022399906688221 -8.029538660698202 -8.037357078705552 -8.041360891048189 -8.051394034912956 -8.059341345850077 -8.064129160032772 -8.066742391484224 -8.071905514793619 -8.079114994933072 -8.084245620873666 -8.088507645928965 -8.092010545474082 -8.095390507216248 -8.100850790946252 -8.106486384093671 -8.114880182838602 -8.120866392055838 -8.123756571947844 -8.131809991362488 -8.136792470239289 -8.14174489161361 -8.145540659236573 -8.152356389281765 -8.152687193290921 -8.159700973931807 -8.162153545119711 -8.167609801247739 -8.169340667974055 -8.170195209056809 -8.173580437371095 -8.175900558905308 -8.181526841038675
100
 -5.740273381103374 -6.04026727897112 -6.211813435316673 -6.342757982338892 -6.472123519185564 -6.575778238370692 -6.657120144620112 -6.718806651433634 -6.766335710417258 -6.827352048718501 -6.86600053149086 -6.91634852978444 -6.938702735043139 -6.967014120148743 -6.997827232263902 -7.047555877416988 -7.08097024444436 -7.126263264107269 -7.1597922296029495 -7.193650923353764 -7.218645998672469 -7.242561816361681 -7.268956886210098 -7.285298347845834 -7.297437399140043 -7.313937585481677 -7.322008687270828 -7.33296924627187 -7.349703569267065 -7.363994398262133 -7.382924253344324 -7.3941357068197195 -7.397504793219367 -7.416767757298879 -7.4273462798093295 -7.443272295185015 -7.455860323285977 -7.4666837327556825 -7.476419822598583 -7.482751523470371 -7.492132239008648 -7.503302082917497 -7.51168652910016 -7.519094563086241 -7.526038600465447 -7.533153966211361 -7.542924897516347 -7.5537128987566335 -7.564413848862474 -7.5797739974913005 -7.587310304810531 -7.597995931491729 -7.612142072570042 -7.618675998396522 -7.627359530674658 -7.635893941886111 -7.647680699789466 -7.654121366027612 -7.662023361755404 -7.671993472317582 -7.681827654614916 -7.692273563742507 -7.7004991418045625 -7.708789714910378 -7.716229407426841 -7.719607776159055 -7.726371079479059 -7.730167595035163 -7.735765033358014 -7.742447675001975 -7.7477822221709935 -7.755894633068908 -7.761751177806805 -7.773732536869976 -7.777373982418227 -7.783284175464752 -7.789372344779158 -7.795620189386745 -7.798988757085376 -7.807116950551287 -7.812898243320384 -7.8180765021026275 -7.827582167175698 -7.8307663067762325 -7.834356421633647 -7.840436717559306 -7.844009333495077 -7.847624070617301 -7.853192417795019 -7.858657869876305 -7.863726081761687 -7.868054039636133 -7.871530953722221 -7.876057148694572 -7.880775527439336 -7.887030800964288 -7.893885542827293 -7.89831918584494 -7.903530307581538 -7.906713702540095
SAGA
10
100
 -1.6163371044211863 -1.7088649200539097 -1.7995910631608691 -1.8920243778237287 -1.9806613419513908 -2.0688445995639873 -2.157384114975776 -2.241838580664511 -2.31558403586106 -2.399289290117498 -2.4729996942679593 -2.5523086934491546 -2.6267827643797608 -2.6989007880744045 -2.776712130585209 -2.8479460620515797 -2.9184073416710596 -2.9786491110758107 -3.0462322674048186 -3.117574202352954 -3.1855022070490455 -3.2497606779126094 -3.3128615616033152 -3.376137309421844 -3.4350304191991805 -3.490588686741163 -3.5477235077507485 -3.6068508277460545 -3.664326403625752 -3.7221643156439597 -3.768489885699743 -3.819539348207111 -3.8694841692828295 -3.9150481622595077 -3.9654585732945904 -4.017756295827304 -4.064187846047149 -4.115100519580175 -4.162227374616365 -4.212836968033363 -4.250915636756844 -4.299086240905924 -4.338035769884004 -4.385420759727961 -4.426005374603362 -4.463264352222126 -4.497908082043209 -4.533230781560722 -4.578731755336504 -4.620123702672654 -4.665422110127621 -4.705604735034784 -4.748752653184621 -4.784677173350529 -4.819189656114359 -4.850243232581843 -4.884033941271885 -4.9146736292175985 -4.943685577031484 -4.97945653575151 -5.013033216142302 -5.0443120318419625 -5.077730072634182 -5.099032472849419 -5.121257595602912 -5.150914071857846 -5.178012761954948 -5.210415489775166 -5.244211218854897 -5.273671258555653 -5.305918431805165 -5.334972962191643 -5.359733498774194 -5.393064564934444 -5.418166069876098 -5.443455537296346 -5.473991623316579 -5.500426236070732 -5.527215940120684 -5.5543613186440774 -5.580100795674494 -5.608286424002182 -5.630110565020773 -5.653467473336781 -5.6756213469870245 -5.699402601112655 -5.722656445488563 -5.746270934758838 -5.768918601031044 -5.789084446354172 -5.805623169023342 -5.824747288330574 -5.842976737903503 -5.865872076710759 -5.885118445632317 -5.903837117597707 -5.927025751279166 -5.950719860010621 -5.972561422343647 -5.989520160799765
100
 -1.6214151348277814 -1.7148080713006955 -1.7988680403261992 -1.8875544951078052 -1.9680001892260586 -2.0512579525279797 -2.1349108695275585 -2.2193672504367306 -2.2986768841960745 -2.379221823687623 -2.4562007484137203 -2.5323174333112917 -2.608880600612191 -2.6870160398235305 -2.7634983259943415 -2.8336978871667506 -2.901612343031013 -2.965103820423446 -3.03836331702579 -3.097023552180791 -3.167030550548429 -3.2247383471189863 -3.2886661464703977 -3.3469585883853785 -3.4107898385153352 -3.4693374523124403 -3.529337584560935 -3.5925782367655876 -3.64773903117434 -3.694401385713759 -3.7535393862775384 -3.8051311620023807 -3.856298020889392 -3.903195251978016 -3.9597183171158155 -4.004374835523684 -4.055320466570155 -4.099742745350616 -4.1413604972588605 -4.19157567717164 -4.236224762666321 -4.284250358418223 -4.334223949272822 -4.378002890688748 -4.419755493735998 -4.45564975433884 -4.495281240986072 -4.543185243968894 -4.587644065899461 -4.624730615005542 -4.6634772818173555 -4.7077679252479525 -4.74194581824009 -4.779122687625574 -4.810220806043645 -4.842656710610251 -4.877334874486645 -4.916516561086241 -4.952374654053119 -4.985483727604477 -5.023743379720325 -5.054398450775366 -5.09059545680974 -5.122868003415844 -5.1505581584162305 -5.179568740287431 -5.207591608757022 -5.237868569262257 -5.265766641303812 -5.288369378050837 -5.317010909029535 -5.3440171004956785 -5.372338710548156 -5.393707899378587 -5.4181404738189824 -5.441766502583865 -5.468196366333611 -5.488981022026817 -5.513275862000784 -5.541020302412887 -5.5680044209510395 -5.592570436375698 -5.616066932017599 -5.638356047863204 -5.65963157630771 -5.682864715532339 -5.704277210964222 -5.730506120561275 -5.748603971535046 -5.77112755479367 -5.794259143774864 -5.815516737248486 -5.8356723355553815 -5.854099441093437 -5.870764658484997 -5.891342759172342 -5.907903750631608 -5.922245722061002 -5.9398888392808455 -5.959623423257777
100
 -1.6137147702633599 -1.7039439394034372 -1.793464334852161 -1.8836216343058871 -1.966850449428536 -2.054085041728938 -2.1405401251753178 -2.2243929537518663 -2.3093781804572195 -2.390780927528612 -2.4694818135465963 -2.5427566145741896 -2.6133560461369467 -2.6868846557271344 -2.760613312330017 -2.83219459834164 -2.904995862926214 -2.9769873121548427 -3.042852943662694 -3.1068402062395974 -3.169928473315234 -3.2263704962021436 -3.294753394155855 -3.3607184651776256 -3.4219901909054307 -3.4818542462847915 -3.5439955151746303 -3.61017724052123 -3.668287602586388 -3.724863401197548 -3.777263069628884 -3.8346273473635213 -3.886877181200832 -3.9302263677621365 -3.9777882360438874 -4.020493396944507 -4.0686280874623115 -4.122061013621921 -4.170245164199447 -4.218258608176676 -4.268791874522005 -4.311294773112684 -4.350162100846244 -4.3962866258190125 -4.439564633331696 -4.479805389336924 -4.522441843163717 -4.561402355971698 -4.604557702851255 -4.648804832474777 -4.687790121397679 -4.720628064677093 -4.7577615456517535 -4.792400419656003 -4.8256049529465805 -4.866879808640132 -4.904407550641415 -4.9359574717563 -4.9723252994341784 -5.005035730980476 -5.033482763386832 -5.064009651638081 -5.098396146165391 -5.1283291607127905 -5.158058190580879 -5.184226656538429 -5.2174742688687985 -5.242627381662244 -5.271343280126929 -5.30329385101857 -5.331387654290633 -5.353682041207122 -5.381874012054144 -5.406972272003651 -5.43459123263382 -5.461193003773812 -5.478910443691815 -5.503579517235388 -5.52573442003759 -5.542001651710908 -5.566343467823165 -5.588420943654242 -5.616150709050225 -5.640137977706644 -5.662338220050411 -5.688098218519989 -5.705079011962948 -5.721676067895183 -5.744863122356038 -5.767851167037975 -5.787240890353738 -5.806439613135499 -5.828730261801331 -5.850978832169726 -5.8719871640203465 -5.892061607619591 -5.910675861552656 -5.9324835224175825 -5.950921036538693 -5.970816464708182
100
 -1.612402272355211 -1.6983136513682 -1.7901289621915806 -1.888314713589162 -1.9744714206320964 -2.0619384090851285 -2.1512233883747935 -2.2385876159328166 -2.3151854332228696 -2.396106778495528 -2.4734281338776656 -2.5490802359305538 -2.6190392089385206 -2.6980818367467756 -2.7674570213695047 -2.836711690585954 -2.9059546841281385 -2.968966497811277 -3.0369973178738774 -3.099892723381915 -3.1665455485352827 -3.227596550776686 -3.2902964937632713 -3.350249649791724 -3.4095653099319256 -3.4668927238844183 -3.5264658263928594 -3.5828587313279616 -3.636970281729818 -3.6953356360436835 -3.749699497733009 -3.794907803577767 -3.8553600068887666 -3.911929791849912 -3.9643634764323874 -4.0109472171526654 -4.063796012097098 -4.112582969268403 -4.16858163903026 -4.213860393608634 -4.263128634835162 -4.3097515167468075 -4.357712712202397 -4.408970635509969 -4.448121374123862 -4.485804224559185 -4.526961287774347 -4.56125011969773 -4.601635822302723 -4.641327280922784 -4.682026867158123 -4.714254502368616 -4.754324797383586 -4.792133799871356 -4.815009529845269 -4.850924599751998 -4.881335242214143 -4.9213848865518255 -4.954351878497409 -4.986303471273493 -5.0202918421852525 -5.059941025669868 -5.091634365608491 -5.12415634841947 -5.151566555138509 -5.178935262163359 -5.212112115768735 -5.242522590166797 -5.269962208460438 -5.296229831924707 -5.327388872363624 -5.355792071781564 -5.376629085898808 -5.406838015380504 -5.427679108265434 -5.452732932329787 -5.474764954123205 -5.498931733597551 -5.523466052112715 -5.5486552752651965 -5.569724262484718 -5.592986837296575 -5.609946436292968 -5.633222818659257 -5.655869023992459 -5.68120108413688 -5.698930606848946 -5.718598627096569 -5.742222787504385 -5.765632728465099 -5.7866536139627724 -5.808854136306402 -5.831695746391214 -5.852071834343346 -5.873806310138812 -5.896614718647044 -5.919595242041032 -5.936110739706005 -5.957279487897539 -5.975607409088058
100
 -1.613754472209325 -1.6985660310716333 -1.788934037209279 -1.8718505315226799 -1.9651236543285298 -2.0543586467986525 -2.1427624900012723 -2.223651820848232 -2.306601900265768 -2.3863609972765953 -2.459760230584128 -2.5347665251162685 -2.60948857419904 -2.6859245450744043 -2.7542466521513207 -2.8301164703229817 -2.900824559979921 -2.963372552378449 -3.0347505608235155 -3.099033851671613 -3.165721108315288 -3.2305382492638484 -3.289197029646935 -3.346833809122819 -3.4067965426864713 -3.471194144931729 -3.531544542600229 -3.5936974755942894 -3.6505888223830834 -3.7017926635874714 -3.753638400865326 -3.8044516010469906 -3.8490511697187864 -3.8969255199090393 -3.951068430704211 -3.996454517310245 -4.048375250769747 -4.097772223143397 -4.150290905555962 -4.1945851203523 -4.243761608560594 -4.290963880349835 -4.33026164087652 -4.375601588072134 -4.419567535200717 -4.461763797053285 -4.50647550098599 -4.550351370926887 -4.591755688004419 -4.631524043323551 -4.678813162257829 -4.7217210966169905 -4.75596125883925 -4.795111396539974 -4.835472198614857 -4.870769724464516 -4.903224040553568 -4.933774292883872 -4.968418342540804 -5.003265873212059 -5.027886737029946 -5.057819239548054 -5.083357664980815 -5.1157586834198945 -5.149269980310062 -5.181948569502477 -5.2127644898443295 -5.243140647789712 -5.274129780372984 -5.301717340975045 -5.331840184205403 -5.3592916952929475 -5.382948711445415 -5.408879493386674 -5.436733017256564 -5.462476077272467 -5.490619546529748 -5.512704241717718 -5.538877933121153 -5.559651972461554 -5.580283334080898 -5.602979409043607 -5.622586348417944 -5.647116581160155 -5.668142289702137 -5.692863516012304 -5.715925800355429 -5.737389191734298 -5.75311667378075 -5.77853917324351 -5.796956291694745 -5.819330969790873 -5.84387475645323 -5.864955259935537 -5.8834009073158935 -5.904913477872195 -5.926370637043024 -5.945902439012372 -5.966363188985033 -5.984619937699688
100
 -1.615076309170333 -1.7074403167135874 -1.798814121346238 -1.881526769785183 -1.9655919524352627 -2.0509717453843344 -2.1391805288053294 -2.225720487422139 -2.3115259400618062 -2.3912588462416604 -2.471993843525394 -2.54442308682326 -2.613941081659908 -2.6759198530542485 -2.743817617043974 -2.81586662708692 -2.895152622730259 -2.961284074766868 -3.0296577593303735 -3.0953012084362133 -3.167494981557241 -3.235290499601453 -3.299771070452146 -3.367963651873139 -3.426993556994816 -3.484099032395092 -3.548908477673718 -3.6031649795932377 -3.660604998070617 -3.720349446984691 -3.7796579369616943 -3.8334551982339806 -3.8830233526162066 -3.933067813155569 -3.98858943591385 -4.038816853491429 -4.084816899940148 -4.135822220647429 -4.185189204914194 -4.226653909105977 -4.282174972940329 -4.324867326190971 -4.371123584556744 -4.412119435984698 -4.452384022943974 -4.494756332414644 -4.533413457696698 -4.570335158711076 -4.609153312337341 -4.644533907950606 -4.677288658880004 -4.719703588369444 -4.753481372090488 -4.7894464077359045 -4.8235209549098155 -4.859909581064446 -4.894300031323892 -4.93331555964359 -4.965193546956542 -4.996268636659346 -5.025474117350025 -5.055894225419623 -5.083926240284617 -5.119694201853248 -5.154936970988456 -5.185100311153824 -5.216058864400321 -5.239416859904685 -5.269882834913531 -5.297900163809636 -5.3283559037688 -5.35104101091688 -5.376453876251885 -5.399395633641745 -5.42339904558992 -5.453484530322941 -5.4833408334944 -5.509514362988399 -5.535729175311012 -5.559499406015037 -5.584667717629588 -5.610600747395987 -5.637763546985999 -5.661832507462245 -5.680495805587602 -5.705575947514142 -5.7199764143757275 -5.744233427449824 -5.765212593296361 -5.787457404856352 -5.807713566827197 -5.828814818150172 -5.848160005497158 -5.867083543711947 -5.886557199631126 -5.906861525965854 -5.919857657892227 -5.933802663916992 -5.9507278103195365 -5.969478879451006
100
 -1.6130087440635348 -1.7019041690898262 -1.7939043401523829 -1.8868416709265696 -1.9774152570787586 -2.0639876790597707 -2.1402750504453962 -2.2151524261444067 -2.2963995419390533 -2.376625799624409 -2.4538916870946332 -2.5307330335400957 -2.6125411462297348 -2.6833283575733824 -2.750756921638229 -2.8246147832677218 -2.897343920049921 -2.9687075159522527 -3.045210533608456 -3.1177561003736636 -3.1902983033747496 -3.2542140395172137 -3.3091764441265745 -3.3688883365295466 -3.4354858639675747 -3.4960412702900117 -3.5537923540235323 -3.614259009823151 -3.672271382987431 -3.7243311087272755 -3.7792031772233643 -3.8369514332084633 -3.8879026574649385 -3.9393005574301956 -3.987288671669638 -4.036504229793555 -4.084742371157073 -4.136185653899566 -4.180802828383138 -4.220708367769596 -4.260034097939647 -4.303384425189761 -4.338428480984096 -4.3728915897338165 -4.412811540833212 -4.458771897360546 -4.506162158237759 -4.543398731832569 -4.589823706194099 -4.631354554003587 -4.667937354752195 -4.712630661134257 -4.744495739638105 -4.771495601758829 -4.809635975939892 -4.838465374447149 -4.871383987827678 -4.912132156444458 -4.9492326471216295 -4.984670288611512 -5.022428159398473 -5.052572913155844 -5.083843809524236 -5.114620385962271 -5.147811195377828 -5.17999336504556 -5.208964695693578 -5.241744954389333 -5.270243267292037 -5.295360816869794 -5.329352624164973 -5.359593174140824 -5.388208127458518 -5.410921670377356 -5.43669176989571 -5.461093202550807 -5.484800671506483 -5.510670916752906 -5.534720488173682 -5.555414886661114 -5.583050823808359 -5.605050632563368 -5.625260613360336 -5.644457363145803 -5.6695223825614285 -5.693353422500892 -5.714200427958701 -5.7343662846767165 -5.754431799005679 -5.7748236789896605 -5.793373485742754 -5.8099274649071395 -5.8318972342993876 -5.851428820026654 -5.874880087960801 -5.896232773548751 -5.92066720042196 -5.938661586415096 -5.960628089104753 -5.979799454982554
100
 -1.6163506637363725 -1.7087351875441346 -1.797678481256326 -1.8906019301233588 -1.9766652047049365 -2.0590351348536515 -2.140535576537815 -2.220001246460959 -2.297470538389668 -2.381785591704166 -2.46653557244991 -2.54552459423156 -2.620417383485824 -2.6888704933360974 -2.768266525010448 -2.8455994740530746 -2.9190613187278736 -2.98661602854732 -3.051784955389536 -3.118807821402881 -3.185702726508709 -3.2413280230506363 -3.3107051437342565 -3.368863310737 -3.42957689662909 -3.490740546870963 -3.548670089036639 -3.6124156880444978 -3.6722798654929956 -3.724489567548435 -3.7827709891690575 -3.84148382602636 -3.8991391451315436 -3.945677536047599 -3.9919553626250877 -4.04177634585986 -4.091463090260384 -4.138609727657397 -4.185689581685719 -4.230883102621453 -4.276250609089058 -4.325691530917197 -4.370957761354342 -4.415944653265287 -4.458104059277308 -4.495271408944092 -4.537723201439908 -4.584163301398247 -4.619352600196893 -4.660943916866674 -4.698378964157584 -4.73440960770696 -4.777241983811638 -4.815486813952895 -4.8522166714090895 -4.885131903062008 -4.915100328000584 -4.947649114477849 -4.982841678038269 -5.0217138170343505 -5.0506654080236135 -5.086331439254387 -5.1168174668368325 -5.149483780406443 -5.182624101873246 -5.213988808514239 -5.241123708183514 -5.27230740012571 -5.298446625223014 -5.326207691603539 -5.348789978289071 -5.376697564017778 -5.403006455737586 -5.42976147742162 -5.4564272493607575 -5.477317851716908 -5.500700326619179 -5.5289186176671645 -5.547183033084723 -5.570576353553899 -5.590274045914497 -5.613692196873594 -5.633688457201822 -5.657592361976963 -5.682074012939474 -5.703346977425876 -5.7218275370982665 -5.740695482509404 -5.764938072914172 -5.786172599572801 -5.8050178243805926 -5.827105908933539 -5.846605787289786 -5.8628964635360274 -5.882057997403046 -5.901353482526666 -5.923484747317261 -5.941084785518795 -5.961432540125119 -5.979051174449711
100
 -1.612151719298446 -1.7046876180086115 -1.7943494971735623 -1.8824539059426997 -1.9719996273328155 -2.0529814633668506 -2.134734484887799 -2.2247081293184654 -2.3082563655035218 -2.3900328169144216 -2.46593086797568 -2.5445875545938166 -2.615770577580945 -2.687642515731682 -2.7579621674506902 -2.8287533404688223 -2.902605823055915 -2.965828866414646 -3.032321847774971 -3.104259731987816 -3.173326035239868 -3.2377076098469963 -3.2990407604673346 -3.3576229469099896 -3.4180772271619584 -3.4805345753676495 -3.5375283010426064 -3.595687698462194 -3.6590630461911218 -3.7054042583384637 -3.757770409871522 -3.8137425100021294 -3.862268483398546 -3.9054724256051365 -3.9462985093286944 -3.9962998464160244 -4.041529983978413 -4.090095202970158 -4.140836040966725 -4.182736350660609 -4.229006927143565 -4.266363747390053 -4.3065764819197145 -4.354002734321311 -4.399714566412092 -4.445257087883303 -4.4873115467389155 -4.530791836564572 -4.577604276177257 -4.616052716312332 -4.656896189197806 -4.695893374571373 -4.7332360142690995 -4.7742229090338935 -4.8088014475991265 -4.849867658090014 -4.888432030837786 -4.918812778648459 -4.948919448333506 -4.9822733211598065 -5.014623799076179 -5.044327596410845 -5.074681397574032 -5.10817147461229 -5.141008835568239 -5.169067272560956 -5.198560821445443 -5.226565680607372 -5.252215001953433 -5.275071258588946 -5.304140403460306 -5.324214578446593 -5.356977675573827 -5.3781281888311705 -5.403776705335886 -5.430530510378866 -5.455641531464535 -5.479705024527725 -5.499174210452898 -5.527077184897528 -5.549518624193096 -5.576739327393453 -5.600903838368597 -5.627492381714181 -5.64814683652122 -5.671437641630386 -5.695095246174781 -5.715823749677274 -5.734655762777575 -5.748105849773978 -5.770889639376205 -5.791184881703651 -5.8122550597649205 -5.834944079531656 -5.858998918271568 -5.881045423808326 -5.902350253957051 -5.927119791884157 -5.941869529454838 -5.961459903100449
100
 -1.6184300603845618 -1.7068961109096115 -1.7942499035855166 -1.8823558102275717 -1.9698890278902477 -2.063226948324616 -2.142330564196167 -2.218035196127403 -2.2932623584116922 -2.3711435413149182 -2.4481313695756612 -2.522790090037347 -2.5987445968689564 -2.674225372265587 -2.749555575092537 -2.821948570118981 -2.8856397702430643 -2.9519557838209427 -3.024959237462633 -3.0906414355327287 -3.1539376567529955 -3.2171452585575633 -3.2799151809839424 -3.339566727930912 -3.399423277084769 -3.4637942754250384 -3.5236230852458017 -3.58017975348761 -3.6418806024487123 -3.695780041429183 -3.7629414338008216 -3.8133248452360897 -3.864765168485274 -3.9191085276528725 -3.9740885986901406 -4.027199385967055 -4.077063743644173 -4.119580155788546 -4.165933665626789 -4.2218615002274245 -4.265376010745172 -4.304165385437684 -4.353968120707813 -4.391334283182573 -4.43483760616466 -4.478196096764274 -4.518052399540986 -4.546534695245527 -4.585953319675364 -4.629662779214252 -4.664535613472957 -4.701156840965714 -4.735986510719671 -4.76971937196271 -4.807584191980296 -4.845149991016756 -4.88618760640636 -4.918141571719594 -4.952189178565745 -4.9889579556094175 -5.023781981607532 -5.055459199070301 -5.090545846031007 -5.114093074619917 -5.146736276433509 -5.168627102038044 -5.199191216843999 -5.23112381247488 -5.259978619009429 -5.2859571108639685 -5.315345592733633 -5.346265905081188 -5.37448650741534 -5.400738686788355 -5.425807460971782 -5.45408693011161 -5.475831670323201 -5.5023137072933315 -5.519760249410919 -5.542370593715651 -5.566182760863205 -5.587249553431814 -5.610337702225476 -5.634235386122101 -5.659448369760247 -5.686762337844769 -5.713101956748396 -5.73660405181688 -5.758065289054042 -5.780333833431923 -5.799439408769512 -5.817876764782097 -5.838081963423692 -5.8617491037084015 -5.881053999344678 -5.904116207642789 -5.9248321040700445 -5.947407163928516 -5.967841878610546 -5.983667183939772
ADAPTSAGA
10
100
 -3.8533394634822358 -5.27657934131287 -5.857386889144083 -6.243744644316476 -6.563546456320242 -6.771573261177785 -6.950104803329207 -7.089984612756833 -7.182007201521326 -7.302249461594244 -7.429125977796702 -7.539070937164333 -7.6511381188839245 -7.755326611893303 -7.887606023692934 -7.975842002709702 -8.075280927410526 -8.16382623164123 -8.252977412179956 -8.287682019126315 -8.425379959479663 -8.484501985231308 -8.588562310754506 -8.66113711047409 -8.719903215984585 -8.774426385087555 -8.81218370978873 -8.876459627080648 -8.962049469193854 -8.981310607046312 -9.028630400620141 -9.080797276755822 -9.098522977128084 -9.114588515398342 -9.155528191444814 -9.210743043014716 -9.250409000043534 -9.27959991068758 -9.329356441026338 -9.370790275966414 -9.41045141346927 -9.455986593180892 -9.477641451240858 -9.532799553859306 -9.559575560102418 -9.603585881012638 -9.630689144233612 -9.682572610380408 -9.728423882572173 -9.780668607316326 -9.794309932996812 -9.820505882286131 -9.856689087377294 -9.894428544794062 -9.865905377361655 -9.92710990101012 -10.019528570203857 -10.083854043971149 -10.130866138904393 -10.179374545302217 -10.213959527731912 -10.218439133776364 -10.245281094176315 -10.287219875799838 -10.277684083019281 -10.334845746482625 -10.37028900381015 -10.431942766223537 -10.452676106416506 -10.43825262158102 -10.451070016416688 -10.475910961281176 -10.49773106263797 -10.486637424390853 -10.53431838280463 -10.559551576064996 -10.600789419278435 -10.626351480232168 -10.662927669966413 -10.706250679433063 -10.72426621292446 -10.734715428748066 -10.76063815232962 -10.779917947720056 -10.740813978927376 -10.75331302253197 -10.7745396679798 -10.772340383659861 -10.81821426646245 -10.865801155530983 -10.896590539578881 -10.934955600756952 -11.000215504667187 -11.02280827812485 -11.048371627737225 -11.106978677325943 -11.108771430401083 -11.150007862881017 -11.154502958676263 -11.176176202406706
100
 -4.062224580106102 -5.28306268075093 -5.871517068161671 -6.197157619803742 -6.5425098989383 -6.751220587068792 -6.933087579591233 -7.079157131233081 -7.172868709052506 -7.28426590047407 -7.405297894865195 -7.512470155614336 -7.62658198992031 -7.735402701232971 -7.866494818186005 -7.9557502031973 -8.057675266761903 -8.142469667670454 -8.236078896717268 -8.276109931585221 -8.408158362589157 -8.462785358304608 -8.564966257836407 -8.634399242750188 -8.695079793722229 -8.751592801663987 -8.789787765208995 -8.85448849856601 -8.942332288998536 -8.962262317947907 -9.006108726818105 -9.057135619874764 -9.077269018410224 -9.091542595105023 -9.133700476670048 -9.188895846121152 -9.226513881474695 -9.256297611969735 -9.302667100177516 -9.345781951904609 -9.385607070344516 -9.429186020954546 -9.452234118078819 -9.506578466224868 -9.532723266740527 -9.576987561289641 -9.605377330836404 -9.65529917855285 -9.701509984324781 -9.753525825042663 -9.76853011775364 -9.794953920697266 -9.831923781879032 -9.86962464556157 -9.841341733931642 -9.898667337307966 -9.989185476540113 -10.054171084297245 -10.099914908376997 -10.148118900931884 -10.18261983756828 -10.185788678953465 -10.21385317565582 -10.253632082401484 -10.245795619348494 -10.300799139632728 -10.337342474357664 -10.395136573508037 -10.41375169222425 -10.400521586141998 -10.412516311828249 -10.437690716961587 -10.457466472165727 -10.445816773800358 -10.49332969017264 -10.51759845742698 -10.558990469443819 -10.586339879658773 -10.623035432943949 -10.663586453916944 -10.684129618195183 -10.695338125061584 -10.719867929347974 -10.738661764815634 -10.701362984583973 -10.714254978674704 -10.735447681032394 -10.73219650473009 -10.778970090585851 -10.827429818733345 -10.857794585642031 -10.893390414894794 -10.955535449996127 -10.97737747586453 -11.002877861455811 -11.059754634552192 -11.060513340031584 -11.100596520839625 -11.106544955258746 -11.12768410526782
100
 -4.080651615289022 -5.330670888500505 -5.865473911752415 -6.206542364433274 -6.529599538490771 -6.76161458251232 -6.943124836916165 -7.068110369032516 -7.157889188399157 -7.277043572844561 -7.404897692728705 -7.495000159769443 -7.602278970678559 -7.713044784351972 -7.847989815450979 -7.936502569416701 -8.03218267535992 -8.130196322549216 -8.228533118466583 -8.265647467931185 -8.3989012845902 -8.462465787891357 -8.568959781517727 -8.637925400945294 -8.698424262776669 -8.7566802803719 -8.794957092049337 -8.859252571583985 -8.944923339697388 -8.96372756486449 -9.009163752203682 -9.06064066742078 -9.079130924001497 -9.096381794331725 -9.138484267627708 -9.196351307013414 -9.23316210610211 -9.26232263267578 -9.30824116693747 -9.352635043739674 -9.394066923999715 -9.436770854430508 -9.462229143091708 -9.517548332013186 -9.544324879946847 -9.588956517791676 -9.614947076641956 -9.665261376593632 -9.707895781083726 -9.75894702932722 -9.772884494151972 -9.799892189533649 -9.836599553908346 -9.873960304471813 -9.845017392711808 -9.904859928674878 -9.996530221015988 -10.060451838283013 -10.107858165133479 -10.156509583720844 -10.194054294405374 -10.19788640024891 -10.22502657284507 -10.266309555802263 -10.258134787892063 -10.315297488979471 -10.350869789300805 -10.411849255345745 -10.430898228308648 -10.420198651768462 -10.43208739974994 -10.45656847156276 -10.475831454039792 -10.465068682392522 -10.512865833421616 -10.537115337185835 -10.576150449428669 -10.601945703796718 -10.639181819770691 -10.682976582353415 -10.703246474568049 -10.711568515274768 -10.737302362185703 -10.753275372988984 -10.714175773176441 -10.727238311593428 -10.747100802207518 -10.745103983750004 -10.793664403876996 -10.843118067311101 -10.873976234087996 -10.911376873703434 -10.975144929446847 -10.996304130404182 -11.021360599022456 -11.08007768798732 -11.081515188411185 -11.122846765401512 -11.127308107131748 -11.149257812297455
100
 -3.9579882231014856 -5.294480848061458 -5.86654463223154 -6.239554459758688 -6.5854886645384205 -6.822085471034532 -7.007084893660966 -7.142709943230977 -7.227168661012825 -7.336156806301849 -7.45910270585279 -7.573616197266743 -7.676412462790726 -7.783982959097045 -7.918283645936876 -8.002218309413118 -8.102229707172903 -8.195728983983066 -8.294743086525632 -8.335549174162866 -8.46918549241976 -8.527515418428386 -8.633397795315782 -8.701909895965125 -8.760559455381834 -8.81413482572548 -8.847998455036663 -8.9133768164317 -9.005052080329552 -9.024098490520924 -9.070601876478735 -9.122955464281256 -9.14105135083136 -9.154953377278462 -9.197241529734198 -9.25579081727462 -9.293422207151371 -9.320981907794085 -9.369578626295207 -9.416340890955848 -9.45489212790714 -9.49570716749296 -9.516550087725218 -9.570851574086936 -9.597889333517568 -9.644123562071455 -9.668728154819261 -9.721987569162513 -9.767158818706605 -9.82169444669236 -9.833316893155535 -9.86119488563364 -9.89758769825319 -9.935888967967943 -9.904565510040946 -9.96759660042145 -10.060873698181968 -10.126200115225615 -10.174396690625242 -10.223550210905316 -10.25938602256969 -10.260925161056502 -10.289728114502863 -10.330160477042421 -10.319706172733285 -10.379240938158496 -10.415128097581242 -10.478721002292152 -10.49619691951498 -10.483025822055234 -10.4951160083919 -10.520589042329984 -10.540622038882905 -10.526959367410855 -10.575447173694254 -10.60037393446838 -10.641502496963186 -10.67018281560449 -10.708157735245365 -10.751425171498816 -10.771514625333486 -10.78141582565679 -10.806978465261164 -10.824072233358429 -10.782384291134033 -10.794418207823611 -10.814087315954428 -10.810429179233791 -10.857395520945452 -10.909438052801988 -10.94054678724851 -10.977957960562591 -11.04277444979437 -11.064366749220106 -11.089715775229756 -11.149137986159031 -11.149296921503769 -11.191318802725943 -11.195440691424695 -11.21677090693766
100
 -3.9856114378564858 -5.3146670552310145 -5.863363769061983 -6.208955185844764 -6.516878370140897 -6.764309794970086 -6.96822468249126 -7.097697492904688 -7.17403977088003 -7.288004139386372 -7.407685492610445 -7.512376266174678 -7.624619153953504 -7.73979890050918 -7.87936341496502 -7.9691675927989545 -8.062619809375642 -8.165802527236563 -8.270686831570622 -8.304451069579272 -8.443318825059622 -8.503603186609746 -8.604128650368004 -8.667540196430991 -8.724534443370972 -8.777067032694404 -8.810185244885666 -8.875969451064607 -8.966639723868209 -8.98392157439972 -9.03245492827473 -9.087808536435285 -9.103645411823376 -9.11990578243778 -9.16114603439704 -9.22076679797626 -9.254283893586774 -9.282997626382933 -9.33294422267025 -9.380052045124101 -9.424706596125528 -9.465311232989468 -9.487974370045732 -9.543561617958686 -9.573248837631008 -9.617428934518589 -9.642283252868179 -9.698330010350665 -9.744300007476948 -9.797383945891355 -9.810674008913345 -9.835470966513867 -9.870930637979496 -9.90876424284568 -9.879947431149056 -9.940166328748594 -10.033853972115132 -10.097689782989725 -10.144969247082717 -10.194978275217291 -10.232429828158304 -10.237337331637738 -10.265547620719666 -10.304703293877822 -10.29776218821295 -10.354992548330268 -10.39177629146543 -10.454807363289671 -10.474802165119316 -10.460282918002127 -10.473344023966023 -10.497240092661526 -10.516384050501353 -10.505456829194008 -10.551716029101842 -10.576864129844166 -10.615566425279907 -10.642352493604914 -10.679181062256239 -10.72360023741477 -10.742341449529649 -10.753028602574172 -10.780192066167192 -10.798476564854514 -10.760139209705288 -10.770040292291656 -10.789979564183644 -10.787366663350754 -10.832804893492618 -10.883572525745675 -10.915135740605598 -10.952234963605589 -11.017537541683849 -11.040570998461234 -11.065960081972305 -11.126055673050537 -11.127463805824034 -11.169088492637218 -11.173909963783451 -11.195835824495056
100
 -3.839080824470061 -5.1747796451334 -5.7793964277343095 -6.148758551951745 -6.499943171226821 -6.747669528177221 -6.934153160497366 -7.068423038173183 -7.158559479914479 -7.275066131020915 -7.392684694284668 -7.494362726637854 -7.606878824447144 -7.715406647991811 -7.852556867501761 -7.938191979331016 -8.040284313277114 -8.133949755265247 -8.234243344147357 -8.270198557713275 -8.408513719010024 -8.47223880958804 -8.577197631091366 -8.647972108488158 -8.70919127298439 -8.765561894406542 -8.803194217659799 -8.867001707028646 -8.954525978430528 -8.974396892036799 -9.022744594075503 -9.073523112233687 -9.093692402478268 -9.109166466788242 -9.147120285629383 -9.20509872793948 -9.242734545447545 -9.271491456104712 -9.319482098116351 -9.363203039956321 -9.403654296003403 -9.445485266115243 -9.47090978671547 -9.526516595717284 -9.55513316246073 -9.600158015433456 -9.625337934074533 -9.67807042423337 -9.72351769703356 -9.775861130116139 -9.78892375779534 -9.816491903529947 -9.852070263734063 -9.890051183347857 -9.861572496651823 -9.92331092277642 -10.01577921161055 -10.080326878355676 -10.126739581400477 -10.174716875792965 -10.209828186037349 -10.21405979965278 -10.241807828223903 -10.282865504196334 -10.273696255615931 -10.330403185144792 -10.367307335949398 -10.430532325134447 -10.448738033992575 -10.437562228801855 -10.450154061490666 -10.473206086033455 -10.491848680597135 -10.479652389545643 -10.528481525919021 -10.552460902057794 -10.594407895260156 -10.621688380269534 -10.658066103675576 -10.700310532789645 -10.720796307953671 -10.730191572225483 -10.7568701488064 -10.776414111788474 -10.736557042505252 -10.74753827035673 -10.7670497277282 -10.764180112076186 -10.810453174760218 -10.859036645297833 -10.888515560570951 -10.92630433172129 -10.990836030422402 -11.01294579537172 -11.037986464444256 -11.097069202802695 -11.098599950243655 -11.140501851857842 -11.144963974566096 -11.167308083984905
100
 -4.034325318459745 -5.303259890921706 -5.814457663851518 -6.16301715332279 -6.467988739030804 -6.695522372709625 -6.877425172715355 -7.0029091168433455 -7.085713441378548 -7.21337094039319 -7.334088550814351 -7.432251454048153 -7.537957307184607 -7.645005188977375 -7.773979491982934 -7.859359171248452 -7.956495125025323 -8.051502090416268 -8.151788313736418 -8.188927833266188 -8.321635658060071 -8.38933887782535 -8.492276933203847 -8.555384417950236 -8.612998764803432 -8.668399102204559 -8.709654205360618 -8.774168075099835 -8.856155004682313 -8.87752884248844 -8.923733987741008 -8.974364020490672 -8.995695089491221 -9.015089015783158 -9.058257539717134 -9.113338110084035 -9.151737849694731 -9.181923717990326 -9.229233523957783 -9.270029828697234 -9.314447370806295 -9.358102486987006 -9.383487606292938 -9.436728663592502 -9.465420852910787 -9.508445329996094 -9.53478854072952 -9.583047727804825 -9.62802979489929 -9.676326515289572 -9.691477154044021 -9.717545561406437 -9.754240796119328 -9.791497532180589 -9.76677311024466 -9.826837656069841 -9.914631502811472 -9.977873978013614 -10.022166418436509 -10.068930704909222 -10.102467998478902 -10.107295090933585 -10.137045294944123 -10.175416266601014 -10.170626758037997 -10.228056089800976 -10.263755807684891 -10.324221132779243 -10.344174632568 -10.336662323834322 -10.350092658093716 -10.373558835356539 -10.393089840900808 -10.383409621774746 -10.430322318686013 -10.455483487385495 -10.494147369067795 -10.520788149368 -10.554461523371177 -10.597480562026933 -10.617328646489739 -10.629071567668147 -10.654589330987912 -10.67374665427911 -10.639868751752513 -10.652761283351134 -10.674395955822208 -10.6713751846524 -10.715977320994801 -10.765348205913892 -10.795564474245095 -10.829946629878679 -10.889124510369756 -10.909975285739446 -10.933928623023236 -10.98944618078026 -10.991525243231255 -11.029373738158505 -11.035515159372725 -11.05547453882116
100
 -4.17514361552259 -5.370980989244085 -5.828627504737372 -6.153905535623695 -6.471645628121067 -6.690576407150257 -6.872316689930163 -6.9916035240222 -7.076501093470354 -7.193931603551117 -7.3186660575186915 -7.4162621447014585 -7.522767472940749 -7.627984678187049 -7.759237860670258 -7.846981095910465 -7.945038565502752 -8.040172877532433 -8.1411971308168 -8.181825855889384 -8.317391885593754 -8.376379500145957 -8.47857832108388 -8.543394891297318 -8.602709389314436 -8.661991910262858 -8.700091385609303 -8.761943511069838 -8.848884126925789 -8.87003206543234 -8.918605030311426 -8.968726916951747 -8.989797960856306 -9.00995702589891 -9.050189502705182 -9.109835409481642 -9.145066297006046 -9.174317214578663 -9.223678759113367 -9.267058438476129 -9.310400683717933 -9.35271749683156 -9.37845260287514 -9.431103294614473 -9.46071600297432 -9.504535024381207 -9.531746517283997 -9.58185617588672 -9.62712550307923 -9.679188907483706 -9.693518784148926 -9.721749477772638 -9.75809822564966 -9.79412474709879 -9.769029807207781 -9.827199995274444 -9.915517130456866 -9.981713153322577 -10.027608200104657 -10.075507696099477 -10.110980045801695 -10.11576760417112 -10.144824112993005 -10.185438440152279 -10.180620681710554 -10.237646104361152 -10.273007623113022 -10.332955298022375 -10.352172375893927 -10.343162606909853 -10.355150870258141 -10.380912067440535 -10.400500863410993 -10.39108154721279 -10.437156904619826 -10.461491530394559 -10.50208762474527 -10.527929458098287 -10.56382899547112 -10.60454498447598 -10.625311323687084 -10.637773274719363 -10.662053713628682 -10.680921086143504 -10.647979815579854 -10.660476356360995 -10.680642970496084 -10.67916944116964 -10.725580585009403 -10.773295111330235 -10.803051702587489 -10.837694275971948 -10.898663730601362 -10.918114306389057 -10.940845615537667 -10.995543523114405 -10.996665931928447 -11.034632496764942 -11.039914070748942 -11.060108844214918
100
 -4.150610014019301 -5.217732759984757 -5.720444161941287 -6.096322400899014 -6.441448305916491 -6.675832942651596 -6.864297321249857 -7.004026876081079 -7.097060031240203 -7.212914293495995 -7.331471459443292 -7.439625374628106 -7.54810934269265 -7.651198435456715 -7.784747154926896 -7.8769352016192595 -7.977360877120205 -8.069643002289945 -8.164211389496298 -8.19953233594366 -8.333383142842257 -8.392848762242727 -8.497908658473863 -8.563601583780606 -8.625032234073716 -8.681936909456386 -8.718528616035472 -8.781381830243957 -8.867507626628841 -8.89000279314955 -8.937747138498382 -8.989548046407924 -9.013489471255168 -9.02997664217599 -9.071377077803373 -9.126128275524263 -9.16553639382879 -9.194339290879176 -9.241721883858576 -9.285172296483253 -9.32700165715036 -9.368821860535872 -9.389431290909364 -9.44442558315689 -9.473810213841555 -9.517723541031414 -9.545804151980773 -9.597155110838873 -9.64262268300149 -9.694337273900466 -9.709404226483416 -9.737303214139384 -9.773266403308982 -9.810959615927072 -9.785450768343953 -9.844112484772621 -9.930923136972206 -9.994829481227187 -10.039173047974238 -10.084956109259874 -10.1194312632393 -10.12558251298221 -10.153666044451702 -10.193914088014006 -10.186673750221393 -10.241106142140158 -10.275716193550782 -10.33692822236503 -10.356372903310506 -10.346143512017916 -10.35867341823467 -10.382986019945077 -10.403634043120675 -10.393011686488448 -10.439494118118004 -10.465283489036961 -10.504966947034301 -10.531020327422997 -10.56662580283426 -10.608432136195475 -10.630453370474324 -10.642196897561371 -10.667877983256403 -10.687340172266515 -10.65109134514882 -10.66402543824477 -10.684039933107645 -10.681948984693657 -10.727868695961352 -10.776082336488537 -10.80594473869535 -10.841110242645835 -10.903346985218295 -10.925572449507435 -10.950197852080004 -11.006931849688462 -11.008599230982242 -11.048470084835742 -11.054188775025892 -11.07540379404367
100
 -4.02247166710417 -5.319012795036213 -5.846451448899804 -6.2356945704230675 -6.573205717049347 -6.785944150636612 -6.968715032390546 -7.102727966187123 -7.182757991310935 -7.308833848137989 -7.429008618967661 -7.529701545535362 -7.639172306973432 -7.743578523260033 -7.87010915398766 -7.964070797569974 -8.0652483368306 -8.156001046484011 -8.254656306819804 -8.289856588298688 -8.428976473275988 -8.493505321302305 -8.596907566052234 -8.664418924727283 -8.724461942658234 -8.77803283124082 -8.814711685192178 -8.878519683246022 -8.966609802938109 -8.985735182731911 -9.031179942621986 -9.082989289269314 -9.100410856717795 -9.116054678254674 -9.158253332768767 -9.214676975804089 -9.25263618692577 -9.279867504763326 -9.328778627074188 -9.370970037845167 -9.414181234246911 -9.456134323760525 -9.480732888621452 -9.53487719131919 -9.562373373863258 -9.60639377312011 -9.631999679766063 -9.683297378912608 -9.728691273851952 -9.781801439371986 -9.795719842569968 -9.822734822536594 -9.858398500952633 -9.897030679607727 -9.867115848116619 -9.928660302955471 -10.022399531699623 -10.086932853033051 -10.131109645733718 -10.181855136232546 -10.216760951730782 -10.222073081962982 -10.249227158923944 -10.291154691381792 -10.281921680488384 -10.340845292512828 -10.375929136177643 -10.439661462711136 -10.459339825120397 -10.44787620927107 -10.459306289868632 -10.483719349893429 -10.50425362449837 -10.491912535219473 -10.539093665956537 -10.563880416486898 -10.605100476451184 -10.63229621038393 -10.669181080654766 -10.714016457527384 -10.734091439104096 -10.743097765252294 -10.76729685888666 -10.787365505690252 -10.74868817820258 -10.76158778361914 -10.782466150184636 -10.777955036966283 -10.824185450580284 -10.873556733510314 -10.905492959092582 -10.942908794791064 -11.007421651538492 -11.029568026657484 -11.054655752338276 -11.114233202555047 -11.115846349127237 -11.156110416398432 -11.161247355853444 -11.183229061432817
ADAPTDoubling
10
100
 -4.107781579751087 -5.365737596668038 -5.850858947094056 -6.1005257110412945 -6.289492131917864 -6.498118444603704 -6.642388497278977 -6.747480852305046 -6.816442674263416 -6.876294408099046 -6.9547445221190225 -7.032753742522936 -7.1221467770672415 -7.21677026021907 -7.279587892098479 -7.320523023336097 -7.385979112700086 -7.435718712793587 -7.492980020844207 -7.564146479257228 -7.608819567235318 -7.674498187325098 -7.730067501653328 -7.777600686388493 -7.823858542205243 -7.8560720013136525 -7.900920444391308 -7.943861319036044 -7.976959001650734 -8.032198043928043 -8.054555267198886 -8.06693353942736 -8.080987998599046 -8.099539932934276 -8.138773736372377 -8.166397590090769 -8.200605181725026 -8.233800399782178 -8.253394705221218 -8.290170513423954 -8.313163621539248 -8.319983035324231 -8.338382639513416 -8.37414605628185 -8.410336376455602 -8.44598525856655 -8.4876072266659 -8.50860265179749 -8.558781102355882 -8.588651404761102 -8.609927643210126 -8.655523642616265 -8.684480830195872 -8.715157807951355 -8.744118255107868 -8.777638532996326 -8.810746901711221 -8.827280901042757 -8.832658761573853 -8.848310898817797 -8.868787231293103 -8.890802743594083 -8.901531541954252 -8.910918271886603 -8.917461390281357 -8.927756642341558 -8.945934273618285 -8.966815037903753 -8.984395986217747 -8.996501326873128 -9.005874261120454 -9.014670957731308 -9.024916134309162 -9.02743800242892 -9.03567108544318 -9.049073925942924 -9.063358087286701 -9.071047443171501 -9.079981396332219 -9.088526162314338 -9.096821716140486 -9.114733624102985 -9.117209415530041 -9.143660910447062 -9.148905838135539 -9.177427145414484 -9.194535367763741 -9.204643435664217 -9.222883287360723 -9.234297536064036 -9.252292359238602 -9.260903423888918 -9.28530481794047 -9.299875211520929 -9.310604868297782 -9.321702133346243 -9.332422340429563 -9.35148871754042 -9.36144421981289 -9.376511650722323
100
 -4.183868209408975 -5.374604986245185 -5.823977026585552 -6.133462843514289 -6.321986249820758 -6.488319132350439 -6.616464594387315 -6.6803791631845195 -6.77176768977066 -6.859661517330802 -6.9234152519635686 -6.990333125019045 -7.050595904827735 -7.132386563901741 -7.177573023500329 -7.240926264771091 -7.274825642900609 -7.316330308408277 -7.390967568697043 -7.464443105570624 -7.516735530835934 -7.56120633145201 -7.614821713647922 -7.673200784775663 -7.693372565694272 -7.710815027078407 -7.773571639132161 -7.803243592726131 -7.848018076832874 -7.896464981311794 -7.938339706911215 -7.9680919848426575 -7.993589236503698 -8.045187406602777 -8.059182824094488 -8.104862274998398 -8.131045107168863 -8.175669957090646 -8.193184876255133 -8.245833760642665 -8.285692242691555 -8.312272735793067 -8.340235896223296 -8.371127471036793 -8.430156537116074 -8.470824860638658 -8.507692987860642 -8.540924260575203 -8.574198056484825 -8.616860695240845 -8.639954629970788 -8.668826330140678 -8.703786236946353 -8.730679196551282 -8.758704098067934 -8.774272706140007 -8.801865641514866 -8.818307998258623 -8.822624783672405 -8.840782890803137 -8.856652915679005 -8.867513109722434 -8.884254517104711 -8.892814126307494 -8.912373625962895 -8.928134067722887 -8.946485557379201 -8.953225576682346 -8.961754454251736 -8.980141372240517 -8.994777514398118 -9.008488992708642 -9.016230559415092 -9.039220401963286 -9.045302800885857 -9.051783230655692 -9.075827663395959 -9.089268448814506 -9.094465839292441 -9.10210192516359 -9.120206342032597 -9.134988693543747 -9.14561238275091 -9.166301332676172 -9.182409655932815 -9.196562192184695 -9.211491620863393 -9.217785355766047 -9.233472364278798 -9.24810704789715 -9.272707373339664 -9.2811888349041 -9.298348166602446 -9.31853751655791 -9.332373401684688 -9.35311643059331 -9.379404587869432 -9.399774196235985 -9.422252904743429 -9.43246382999711
100
 -3.9853467175870385 -5.357505619749237 -5.7497990760577276 -6.121028267277429 -6.332601388194723 -6.4887937942500375 -6.6561751614404905 -6.735203387562102 -6.821211826593568 -6.901930372646016 -6.968253891880225 -7.048680924058893 -7.097701974709344 -7.185140331069155 -7.253787518246755 -7.315035094512672 -7.362094207419043 -7.394707736321497 -7.444693769609292 -7.529772109642254 -7.579139607447394 -7.624750965897088 -7.666436544315947 -7.713230521972674 -7.748994274008478 -7.802157519882661 -7.843864825747513 -7.903690454783994 -7.970985874495771 -8.007018220014888 -8.038218543069943 -8.047133412404422 -8.088421499005227 -8.095801777005372 -8.146227526711606 -8.174933597278965 -8.208372017741349 -8.243069942004967 -8.279929813811357 -8.299014901993733 -8.323149751264152 -8.372333589577071 -8.389117019313177 -8.424812702253485 -8.470972407886228 -8.48734970879997 -8.508318434454713 -8.526417491557472 -8.563765018990946 -8.588284096358343 -8.595801277692843 -8.629712529690252 -8.664016892916905 -8.703576527780674 -8.72833678363272 -8.755902137075486 -8.785062842821667 -8.805408351718846 -8.820138904303672 -8.837957798760112 -8.85515917089854 -8.860121794001309 -8.873383331224263 -8.89574021717119 -8.907166568674208 -8.922004954075978 -8.917006273685914 -8.928893035716838 -8.940214245641856 -8.964367535358171 -8.98927678485881 -9.002243516513031 -9.01596713085974 -9.024264965723363 -9.037991845168152 -9.048836056884188 -9.059472476424915 -9.071868790663823 -9.077476559313089 -9.087247749459744 -9.105561771390203 -9.116963277841048 -9.132727175301238 -9.148153523305801 -9.157042500537758 -9.166891232017612 -9.19478839055375 -9.215118747156438 -9.225586592455707 -9.242754357448966 -9.260755747291668 -9.282544554316928 -9.296815624996222 -9.314924254862591 -9.32279978896763 -9.33718676012228 -9.357675570070116 -9.37933735161102 -9.39819472917519 -9.410564198919944
100
 -4.166670614013686 -5.30335208153956 -5.752259389830962 -6.022637203479733 -6.265473768329403 -6.442696997433803 -6.58226221469881 -6.643833705826995 -6.685134419364327 -6.761899476668811 -6.792523823582571 -6.899097116037216 -6.975560536512017 -7.062388618109901 -7.112317314629084 -7.18588383489503 -7.242593854692277 -7.266929147894105 -7.289087352989935 -7.309714599875528 -7.355506372877179 -7.42890603120399 -7.448507255115185 -7.522665183695493 -7.588181932770175 -7.648453600293845 -7.690423869670531 -7.781698592328379 -7.814904954281577 -7.837563504593887 -7.863428654386948 -7.884666024196563 -7.929030989909783 -7.949241384868653 -8.013339409871394 -8.052425232934796 -8.101349760404142 -8.1141271885385 -8.152686080264827 -8.193243619967708 -8.221373173112157 -8.239015880016028 -8.251462934738843 -8.257390173583975 -8.296786502251758 -8.309537282541344 -8.319757160658398 -8.36139149322586 -8.385858676020542 -8.419682080908293 -8.440849708356852 -8.478211215805832 -8.512342293541181 -8.52334259332481 -8.561707266065994 -8.58449792780138 -8.625076498961679 -8.650546550571528 -8.663048050317103 -8.679056474868377 -8.688763125233661 -8.696464331590851 -8.708458935775473 -8.712434049696265 -8.732014219668395 -8.753844139038303 -8.78048660809673 -8.796615201974593 -8.817086316940799 -8.833368236193214 -8.84464602181754 -8.86469017914643 -8.882032117595418 -8.906770932625632 -8.911772313366141 -8.933643081425602 -8.951369032603074 -8.956460415327143 -8.976124165234411 -8.999702807947706 -9.013021920630282 -9.027968918071016 -9.039046202453918 -9.047921348836589 -9.04797031037781 -9.069930557157694 -9.082584870434713 -9.0888431434189 -9.092443184931698 -9.106524269508634 -9.124771704060418 -9.145492997776596 -9.167066184311258 -9.194024903608907 -9.218572524174036 -9.230153878527457 -9.237841037139418 -9.254048557061514 -9.268233923007566 -9.287183895433495
100
 -4.17400139809208 -5.392511798933165 -5.745426281432838 -6.049038944268648 -6.2512061146232885 -6.447837130334197 -6.651488608256423 -6.719462265083671 -6.810882779934376 -6.908925868022041 -6.965242738318719 -7.022783433440376 -7.118199431538374 -7.158590051394014 -7.210824913786972 -7.287466275479878 -7.321102458452981 -7.32682010180316 -7.381417887430774 -7.468145842576125 -7.507146775753735 -7.546732226487127 -7.584326205518711 -7.612185154296449 -7.650882872376988 -7.689928725946795 -7.7419498138999945 -7.777950200234776 -7.81813240318633 -7.870279131213336 -7.895340570042667 -7.928269922293198 -7.95395206708332 -7.973788738836539 -8.008989829542637 -8.049743633010712 -8.069484719373932 -8.09370342527146 -8.138081959536342 -8.160588437454999 -8.183673056610015 -8.211078593374088 -8.2564901023506 -8.297051138969001 -8.311879106541978 -8.346838441972794 -8.371638841428219 -8.388424750953803 -8.403624337298869 -8.430541766698038 -8.454021711655944 -8.490940445565505 -8.52112562148708 -8.567225229405318 -8.606676421697703 -8.645253622076066 -8.661845376244358 -8.677833242585015 -8.678622993788107 -8.703279440910071 -8.720063939454858 -8.74654534279101 -8.753053839633264 -8.766279462440467 -8.782249941141522 -8.801303460918211 -8.816329377907353 -8.84513658449778 -8.86556966972803 -8.886978466677371 -8.892093617900104 -8.897891303381849 -8.92396422483987 -8.93231529611649 -8.947493012499931 -8.969761760317597 -8.97850558181153 -8.99345663664771 -9.00814007960072 -9.019759199048476 -9.041281821331866 -9.047436533497095 -9.063795780381776 -9.078452226145943 -9.102060452486896 -9.11766820081084 -9.128950379840683 -9.141074323978197 -9.157563177277202 -9.175181987768415 -9.186831616280447 -9.203523068930409 -9.215440699464846 -9.23065229801422 -9.24862700039813 -9.260491558131415 -9.269033798256627 -9.279510739477283 -9.28722555432784 -9.29508318028095
100
 -4.154629203452643 -5.322739611660754 -5.707050706412321 -6.011824077792477 -6.211302010096806 -6.424967897907218 -6.6149683442930245 -6.756269376386383 -6.86728434033386 -6.946168964747185 -7.032281075921387 -7.106979696702055 -7.193767063609254 -7.274750318527911 -7.341479941682261 -7.426011612744938 -7.504006979017784 -7.567896703538758 -7.6462997513235536 -7.702864513831082 -7.759859405180253 -7.814675884933049 -7.856890138179574 -7.888749389197272 -7.9353608655667935 -7.971484451216856 -8.013283452962902 -8.04339099901997 -8.10570938651168 -8.162481000192654 -8.179127623764069 -8.210141486545886 -8.236655889547746 -8.262262210672919 -8.300442369980981 -8.317509220164649 -8.35404710573604 -8.3848884820876 -8.410784959271808 -8.430619265408632 -8.452398798782637 -8.45174153948121 -8.4864123406585 -8.51637844127657 -8.536012999787204 -8.560100729023866 -8.587092153658716 -8.607279291422174 -8.61989825561268 -8.66799162876153 -8.703364270176044 -8.735644861716036 -8.777451053000792 -8.80854983229227 -8.841604255757863 -8.87269622145286 -8.91480494819091 -8.927989280364097 -8.942781565757056 -8.959742499372869 -8.9767455464569 -8.989995077448343 -8.9997632258109 -9.015815175897156 -9.019439048886822 -9.042771246258024 -9.04778549586937 -9.064880991362276 -9.077291344206749 -9.094610079235396 -9.10989387717724 -9.121466268537516 -9.132808816957768 -9.13655962572596 -9.142951935381634 -9.150431711041081 -9.164255330828917 -9.161900648760314 -9.17411328265591 -9.1851620842116 -9.204913167218495 -9.220390424624522 -9.232143840716295 -9.24836260106159 -9.254673077169393 -9.272399569632238 -9.28081040382102 -9.289255885332528 -9.301106293653888 -9.31844988156938 -9.325013226802433 -9.34292839152091 -9.34956254155385 -9.359797446507073 -9.375199882774856 -9.397834169264225 -9.409254818062823 -9.412425953889676 -9.412942106732674 -9.433370505071311
100
 -4.087079755785342 -5.237106205182827 -5.694985311099011 -6.00364268263262 -6.217746951454579 -6.414949769781327 -6.574844549556289 -6.6807072319498655 -6.758278049320482 -6.8208812221583575 -6.886267636783571 -6.954018191203037 -7.031861853845958 -7.1123186964994405 -7.183949141818261 -7.258595304750375 -7.301296781889704 -7.327761921872968 -7.375927540757423 -7.430779444558746 -7.499613477552179 -7.553092704674437 -7.6084444920925245 -7.662765009999543 -7.717067236670406 -7.747297985353708 -7.792622821431603 -7.8841621927021945 -7.901597620346947 -7.939295163252937 -7.998270325047277 -8.052419030578637 -8.079489723854614 -8.099387481318526 -8.139998113829634 -8.175730904889464 -8.199943345702055 -8.225829732655132 -8.24176425825216 -8.271468104599203 -8.284729394147732 -8.304250717609449 -8.34035718707184 -8.358015294398431 -8.3805115238292 -8.447448389875934 -8.46625900447966 -8.49409599556953 -8.530365861940384 -8.548249789926272 -8.567918694418232 -8.609043529012183 -8.636555430964988 -8.655707744508566 -8.67363541591616 -8.706590734777897 -8.736781846312024 -8.752236469542082 -8.763107562283457 -8.790397418111388 -8.811840895030615 -8.816568486301732 -8.814594444518672 -8.816164249200147 -8.82215444147547 -8.832572402873401 -8.860045319423497 -8.875683567091352 -8.895856719087838 -8.914830472562482 -8.93880966158333 -8.95494224780481 -8.979003188037598 -8.984905283605539 -8.999893249422405 -9.01158565587408 -9.029839953264172 -9.037568141424197 -9.060124693262871 -9.069331151227546 -9.092188487322847 -9.097002801500144 -9.106110987421054 -9.113114681023015 -9.138493047744502 -9.145405676924629 -9.159878630664403 -9.176302041025012 -9.19043643945589 -9.196561073348674 -9.218889446346912 -9.231054914486979 -9.240291878874086 -9.249121819433665 -9.25445882003451 -9.2689085396603 -9.293295075594703 -9.306709037057521 -9.31732405628859 -9.333067021648661
100
 -4.007276811999159 -5.234774672481591 -5.734167950149344 -6.03069922135282 -6.217951628877719 -6.394600499360482 -6.5945616361112025 -6.741922542036633 -6.861706945708829 -6.950751504365391 -7.0196831248521985 -7.092673132542442 -7.15791634677034 -7.251936455112011 -7.334993477350569 -7.403291431746535 -7.473538308368556 -7.534203779011372 -7.575539129729447 -7.616948526840409 -7.660323315270802 -7.7153043648022335 -7.770793012719421 -7.827553135065316 -7.872042364654347 -7.909270449949324 -7.969922354376704 -7.99411990771039 -8.065753197421904 -8.09608707155196 -8.14376473609968 -8.192270276354263 -8.208824113948063 -8.221750593235992 -8.248053131789327 -8.261157874374648 -8.293454612664023 -8.315993503971303 -8.34039961554947 -8.366984360274232 -8.391294837163143 -8.408444910155152 -8.436582123261138 -8.463709843095886 -8.480708313112137 -8.508692131645644 -8.54213460296443 -8.56307856118157 -8.581383232831628 -8.597361586481547 -8.629243534898864 -8.656229360873743 -8.687490331269835 -8.719509122455849 -8.752705926580818 -8.779255188199677 -8.813328812664855 -8.827613763841743 -8.838297876714797 -8.853022193573503 -8.86969077979283 -8.88453969675078 -8.90167616566777 -8.899664058069895 -8.928854766085 -8.93819453688531 -8.94938577304179 -8.966069080215325 -8.999801990174609 -9.014158507925911 -9.033864446125984 -9.03567538820734 -9.046007679655535 -9.05560025030377 -9.07259503783001 -9.094484716620638 -9.117809826027946 -9.12951336008422 -9.142796759831977 -9.1598388052856 -9.169875183981517 -9.1827958148018 -9.203024078317362 -9.21522417746281 -9.22946696624368 -9.23954564560375 -9.252716577318466 -9.267562377157414 -9.282001954306804 -9.304060925609665 -9.320581725098522 -9.33572989907901 -9.352971591190135 -9.371859759872043 -9.38675229347295 -9.399842669160343 -9.417837737691247 -9.435422125650065 -9.453361644605584 -9.46253442156706
100
 -4.2418961630948155 -5.295048275804186 -5.67053370571907 -5.880571787224946 -6.059073340798042 -6.220197913353509 -6.324275014960886 -6.405929730842998 -6.497184163568604 -6.589132976014305 -6.687229355568216 -6.772993145393982 -6.84306122900944 -6.936396969410794 -7.015503283220402 -7.062717476459833 -7.09578613429977 -7.1193712377100065 -7.209284044960856 -7.264359378060642 -7.3264608524747095 -7.359816000091103 -7.41065184702187 -7.472464747945251 -7.502226551492098 -7.544272389064409 -7.594336805500388 -7.621076780588802 -7.6882792161988975 -7.741089019927406 -7.770906583579639 -7.797457360600768 -7.832061743008898 -7.847340632777211 -7.869780555034217 -7.889286387747249 -7.913678548116721 -7.937262978964933 -7.980222627981577 -8.010772697774044 -8.035309874985733 -8.064418163156741 -8.095227022545444 -8.110608941416064 -8.124885169075798 -8.17337304906614 -8.198870815917346 -8.227419827209953 -8.237764030862703 -8.267130683524226 -8.299750714392136 -8.32078498987887 -8.349719313258216 -8.376884315257046 -8.409975961718693 -8.434173944427043 -8.476406467915494 -8.484277336617927 -8.502116887654601 -8.521220342359271 -8.549057202511026 -8.563237865002943 -8.574376586179932 -8.597234261625758 -8.618297320520423 -8.635372415601154 -8.66113455442532 -8.676285346733941 -8.685652156063522 -8.68541004744397 -8.70504579600126 -8.711555295798146 -8.715874004170507 -8.738309163006083 -8.74865032404077 -8.759279192779278 -8.774023077138716 -8.787165595159347 -8.803678649935978 -8.807414944514374 -8.815215988565859 -8.83180196736485 -8.853492127143884 -8.864486594604323 -8.865970057485933 -8.882191550487521 -8.903882030496591 -8.9174313915421 -8.925321926825362 -8.934311265449654 -8.942891501863437 -8.958604550423734 -8.974620920856003 -8.982254647812285 -9.007087515074005 -9.025898329797585 -9.041030203955003 -9.060584956090286 -9.082933101628749 -9.098662755501927
100
 -4.2478657090430865 -5.320460551164847 -5.824491938917788 -6.10353482420588 -6.274629812923799 -6.462313744802974 -6.571609056637314 -6.690938220259943 -6.781968275665267 -6.865210609756729 -6.96352243281384 -7.074588180397195 -7.145272518790745 -7.228675309384477 -7.313322904287331 -7.374404145632761 -7.4314243959288975 -7.499909907746961 -7.54293909426985 -7.608305445475574 -7.649935308706054 -7.676761239685541 -7.72950995245851 -7.746851625823173 -7.7668110786316955 -7.816474148928155 -7.846861738790801 -7.890832730975913 -7.914978770443687 -7.936613709004405 -7.97013244833103 -7.977275306993143 -8.010864154070985 -8.063319689769148 -8.09726375803398 -8.124537489974523 -8.163708820314064 -8.187401926107901 -8.22184860373371 -8.250572606644663 -8.287785645839968 -8.311586698368313 -8.332087453871322 -8.369754542763719 -8.40255244929587 -8.419253709412727 -8.45041564888236 -8.481396140707842 -8.52513956265696 -8.537601255514337 -8.561783077160445 -8.588711145122385 -8.625199183231405 -8.642177779755096 -8.67525253596185 -8.703235142027147 -8.729637119932582 -8.745098591752663 -8.757193161849457 -8.783067749094807 -8.804283521602152 -8.8198846429554 -8.831506957377854 -8.841872194564857 -8.852523895346932 -8.87771762781661 -8.892459176592576 -8.90446160077793 -8.932458771473042 -8.945282221132672 -8.963608731050813 -8.983736651275425 -9.007574343089164 -9.02119611249606 -9.03066627581276 -9.03988649892532 -9.048604141850575 -9.054933874162714 -9.066570153310503 -9.078267362177094 -9.095570202498793 -9.108222845132024 -9.122954917624684 -9.144204538837885 -9.159503565070601 -9.178386388107334 -9.190125479819454 -9.204094945794253 -9.216954897334402 -9.234939284795535 -9.242338111638823 -9.248345995843218 -9.263053343995573 -9.286731885821915 -9.292929016377887 -9.30572862004637 -9.324089481843645 -9.334134423749687 -9.353291873819602 -9.356561260216122
steps
10
100
 500 1000 1500 2000 2500 3000 3500 4000 4500 5000 5500 6000 6500 7000 7500 8000 8500 9000 9500 10000 10500 11000 11500 12000 12500 13000 13500 14000 14500 15000 15500 16000 16500 17000 17500 18000 18500 19000 19500 20000 20500 21000 21500 22000 22500 23000 23500 24000 24500 25000 25500 26000 26500 27000 27500 28000 28500 29000 29500 30000 30500 31000 31500 32000 32500 33000 33500 34000 34500 35000 35500 36000 36500 37000 37500 38000 38500 39000 39500 40000 40500 41000 41500 42000 42500 43000 43500 44000 44500 45000 45500 46000 46500 47000 47500 48000 48500 49000 49500 50000
100
 500 1000 1500 2000 2500 3000 3500 4000 4500 5000 5500 6000 6500 7000 7500 8000 8500 9000 9500 10000 10500 11000 11500 12000 12500 13000 13500 14000 14500 15000 15500 16000 16500 17000 17500 18000 18500 19000 19500 20000 20500 21000 21500 22000 22500 23000 23500 24000 24500 25000 25500 26000 26500 27000 27500 28000 28500 29000 29500 30000 30500 31000 31500 32000 32500 33000 33500 34000 34500 35000 35500 36000 36500 37000 37500 38000 38500 39000 39500 40000 40500 41000 41500 42000 42500 43000 43500 44000 44500 45000 45500 46000 46500 47000 47500 48000 48500 49000 49500 50000
100
 500 1000 1500 2000 2500 3000 3500 4000 4500 5000 5500 6000 6500 7000 7500 8000 8500 9000 9500 10000 10500 11000 11500 12000 12500 13000 13500 14000 14500 15000 15500 16000 16500 17000 17500 18000 18500 19000 19500 20000 20500 21000 21500 22000 22500 23000 23500 24000 24500 25000 25500 26000 26500 27000 27500 28000 28500 29000 29500 30000 30500 31000 31500 32000 32500 33000 33500 34000 34500 35000 35500 36000 36500 37000 37500 38000 38500 39000 39500 40000 40500 41000 41500 42000 42500 43000 43500 44000 44500 45000 45500 46000 46500 47000 47500 48000 48500 49000 49500 50000
100
 500 1000 1500 2000 2500 3000 3500 4000 4500 5000 5500 6000 6500 7000 7500 8000 8500 9000 9500 10000 10500 11000 11500 12000 12500 13000 13500 14000 14500 15000 15500 16000 16500 17000 17500 18000 18500 19000 19500 20000 20500 21000 21500 22000 22500 23000 23500 24000 24500 25000 25500 26000 26500 27000 27500 28000 28500 29000 29500 30000 30500 31000 31500 32000 32500 33000 33500 34000 34500 35000 35500 36000 36500 37000 37500 38000 38500 39000 39500 40000 40500 41000 41500 42000 42500 43000 43500 44000 44500 45000 45500 46000 46500 47000 47500 48000 48500 49000 49500 50000
100
 500 1000 1500 2000 2500 3000 3500 4000 4500 5000 5500 6000 6500 7000 7500 8000 8500 9000 9500 10000 10500 11000 11500 12000 12500 13000 13500 14000 14500 15000 15500 16000 16500 17000 17500 18000 18500 19000 19500 20000 20500 21000 21500 22000 22500 23000 23500 24000 24500 25000 25500 26000 26500 27000 27500 28000 28500 29000 29500 30000 30500 31000 31500 32000 32500 33000 33500 34000 34500 35000 35500 36000 36500 37000 37500 38000 38500 39000 39500 40000 40500 41000 41500 42000 42500 43000 43500 44000 44500 45000 45500 46000 46500 47000 47500 48000 48500 49000 49500 50000
100
 500 1000 1500 2000 2500 3000 3500 4000 4500 5000 5500 6000 6500 7000 7500 8000 8500 9000 9500 10000 10500 11000 11500 12000 12500 13000 13500 14000 14500 15000 15500 16000 16500 17000 17500 18000 18500 19000 19500 20000 20500 21000 21500 22000 22500 23000 23500 24000 24500 25000 25500 26000 26500 27000 27500 28000 28500 29000 29500 30000 30500 31000 31500 32000 32500 33000 33500 34000 34500 35000 35500 36000 36500 37000 37500 38000 38500 39000 39500 40000 40500 41000 41500 42000 42500 43000 43500 44000 44500 45000 45500 46000 46500 47000 47500 48000 48500 49000 49500 50000
100
 500 1000 1500 2000 2500 3000 3500 4000 4500 5000 5500 6000 6500 7000 7500 8000 8500 9000 9500 10000 10500 11000 11500 12000 12500 13000 13500 14000 14500 15000 15500 16000 16500 17000 17500 18000 18500 19000 19500 20000 20500 21000 21500 22000 22500 23000 23500 24000 24500 25000 25500 26000 26500 27000 27500 28000 28500 29000 29500 30000 30500 31000 31500 32000 32500 33000 33500 34000 34500 35000 35500 36000 36500 37000 37500 38000 38500 39000 39500 40000 40500 41000 41500 42000 42500 43000 43500 44000 44500 45000 45500 46000 46500 47000 47500 48000 48500 49000 49500 50000
100
 500 1000 1500 2000 2500 3000 3500 4000 4500 5000 5500 6000 6500 7000 7500 8000 8500 9000 9500 10000 10500 11000 11500 12000 12500 13000 13500 14000 14500 15000 15500 16000 16500 17000 17500 18000 18500 19000 19500 20000 20500 21000 21500 22000 22500 23000 23500 24000 24500 25000 25500 26000 26500 27000 27500 28000 28500 29000 29500 30000 30500 31000 31500 32000 32500 33000 33500 34000 34500 35000 35500 36000 36500 37000 37500 38000 38500 39000 39500 40000 40500 41000 41500 42000 42500 43000 43500 44000 44500 45000 45500 46000 46500 47000 47500 48000 48500 49000 49500 50000
100
 500 1000 1500 2000 2500 3000 3500 4000 4500 5000 5500 6000 6500 7000 7500 8000 8500 9000 9500 10000 10500 11000 11500 12000 12500 13000 13500 14000 14500 15000 15500 16000 16500 17000 17500 18000 18500 19000 19500 20000 20500 21000 21500 22000 22500 23000 23500 24000 24500 25000 25500 26000 26500 27000 27500 28000 28500 29000 29500 30000 30500 31000 31500 32000 32500 33000 33500 34000 34500 35000 35500 36000 36500 37000 37500 38000 38500 39000 39500 40000 40500 41000 41500 42000 42500 43000 43500 44000 44500 45000 45500 46000 46500 47000 47500 48000 48500 49000 49500 50000
100
 500 1000 1500 2000 2500 3000 3500 4000 4500 5000 5500 6000 6500 7000 7500 8000 8500 9000 9500 10000 10500 11000 11500 12000 12500 13000 13500 14000 14500 15000 15500 16000 16500 17000 17500 18000 18500 19000 19500 20000 20500 21000 21500 22000 22500 23000 23500 24000 24500 25000 25500 26000 26500 27000 27500 28000 28500 29000 29500 30000 30500 31000 31500 32000 32500 33000 33500 34000 34500 35000 35500 36000 36500 37000 37500 38000 38500 39000 39500 40000 40500 41000 41500 42000 42500 43000 43500 44000 44500 45000 45500 46000 46500 47000 47500 48000 48500 49000 49500 50000
