5
SGD
10
100
 -5.327552748629983 -5.680337925952383 -5.898235854945568 -6.012868130873653 -6.1455961110364985 -6.220413071521944 -6.31526550638703 -6.3930036450488 -6.451628330389575 -6.493744146095091 -6.556263713673162 -6.594548026345089 -6.623563617092629 -6.653018945040478 -6.677596826858167 -6.701319625710188 -6.730650084373052 -6.760857638523811 -6.785019563479682 -6.798171711078592 -6.822441382329461 -6.843212318869838 -6.863005860838589 -6.872744680002562 -6.889972937573445 -6.905822266050082 -6.918438598816366 -6.933263910037812 -6.945357874782808 -6.966343497977824 -6.98097115251042 -6.995952171295858 -7.009210447650804 -7.0185129327139 -7.029694527904494 -7.042425186400173 -7.048269204012426 -7.0638325577015335 -7.073954616182624 -7.081936033191747 -7.089749502852968 -7.1060192665059985 -7.119766886086508 -7.12947136972232 -7.139511343567295 -7.147864801445398 -7.159686288928359 -7.171575570643337 -7.181497659107706 -7.189763533622904 -7.20013329989774 -7.214607084106057 -7.221242874543172 -7.2295653177447035 -7.236385617262835 -7.241179436896172 -7.246311953872463 -7.251053516131299 -7.259166112904228 -7.26957200641374 -7.282381857076224 -7.2947860532005295 -7.301287675692267 -7.309000029287567 -7.315262979043369 -7.327800511292728 -7.331864293838902 -7.336704984637511 -7.340931446615294 -7.343578593043378 -7.34899475484651 -7.354341029120558 -7.356779030285073 -7.358664133388874 -7.362237304590962 -7.368244115621601 -7.374278785840633 -7.381407090956674 -7.387252448608585 -7.392019799325771 -7.395475405996469 -7.398795681341995 -7.404414023508168 -7.410496522921009 -7.4168222350983335 -7.419570278449284 -7.424614642607853 -7.429901914168498 -7.4386257335311115 -7.443273781542876 -7.446546382301883 -7.453031949451316 -7.4564553608933135 -7.4629035327714615 -7.469526279068769 -7.472465307325541 -7.479283494279849 -7.482080085931805 -7.486777030082306 -7.4908802868152184
100
 -5.592934482407065 -5.90403316854472 -6.025903155649371 -6.125116914828473 -6.199063467706897 -6.25935974072386 -6.338953969050576 -6.383536395079648 -6.44857404487418 -6.497833074489132 -6.52744182481388 -6.557873305346168 -6.592085230397322 -6.622039707069935 -6.671938389098918 -6.690055265698487 -6.716897383725157 -6.7388605443282 -6.7668420186010305 -6.783106454328912 -6.792130305512767 -6.8116313707462774 -6.839236303491323 -6.859002108750395 -6.885021393410886 -6.907879841124723 -6.924126753769563 -6.948451805272661 -6.9575782021172285 -6.971618220508287 -6.982932209781066 -6.992958498425705 -7.0017174570258165 -7.011843401079048 -7.024320388308386 -7.035838664103898 -7.046405299145983 -7.055578667789184 -7.062678765514316 -7.0699714501650535 -7.08305926811525 -7.091978494823903 -7.101631698600148 -7.108777438103413 -7.1178953363098785 -7.124084187115976 -7.130409688509678 -7.132732676250946 -7.141975084949171 -7.147832598873449 -7.153397777995075 -7.159190688456249 -7.167682450459452 -7.174130236046323 -7.179723807199737 -7.186141038724341 -7.189412519700791 -7.196839067026067 -7.208616552799278 -7.211796265487858 -7.222002533497959 -7.228576268292267 -7.236009676897688 -7.241300082347284 -7.246198039244198 -7.253424644583768 -7.258282639590146 -7.262048945920108 -7.268465503157382 -7.274898576311196 -7.281310834064074 -7.28690664290586 -7.29576102741229 -7.3029188557047755 -7.309747512072664 -7.313839694696544 -7.321218173524932 -7.3267586323570475 -7.331329397915188 -7.336630023818323 -7.340847300796083 -7.344678825160044 -7.3532030889788365 -7.356983083387466 -7.36181683240528 -7.366394180350029 -7.36963576426282 -7.375342017559815 -7.379106621572296 -7.382238693362077 -7.385571788212347 -7.388397427128972 -7.393594479181542 -7.399595451199431 -7.404558197864683 -7.408680908506131 -7.4150536937289715 -7.420877021876545 -7.425988795438413 -7.428486674803058
100
 -5.219177637390402 -5.52009340095933 -5.690973573873266 -5.821493104314494 -5.910154246835409 -5.984484546412765 -6.050746367214546 -6.125617290857617 -6.196778659718529 -6.242861976832753 -6.282923430118229 -6.318975270606873 -6.3622261872632295 -6.387537355590017 -6.404545791326989 -6.439572367571539 -6.4675248171763275 -6.49769029534815 -6.5342921931449744 -6.56399692793534 -6.580581449063119 -6.599212821604589 -6.616172030609314 -6.634138031883912 -6.646612007764262 -6.65843524017299 -6.668723887334305 -6.682294123950673 -6.701322178867119 -6.708264952983035 -6.719188817891497 -6.737786813301565 -6.744277742574652 -6.753823269892647 -6.769173484324144 -6.782547779428529 -6.791271611390952 -6.804084752163458 -6.816839655694862 -6.828322605238783 -6.841251950240594 -6.850716324729007 -6.853019377212105 -6.861785052127034 -6.869342408545639 -6.874928914389869 -6.8847452669082525 -6.896093379427284 -6.905849170971389 -6.912537898683902 -6.920032761977605 -6.924380130881503 -6.931864693355668 -6.936723830760393 -6.949019855849769 -6.956902547945429 -6.967693776332152 -6.976702731971184 -6.98982999765179 -6.993183895341958 -6.999567328596022 -7.010029661559731 -7.014479990072154 -7.021492312542124 -7.029579504032717 -7.036701403717616 -7.042420618486004 -7.048227038098631 -7.053838143909729 -7.062534708009211 -7.069518442645917 -7.073593416669413 -7.080205082449284 -7.088180437741858 -7.097642129729271 -7.103104937240118 -7.109363063043089 -7.112986756719027 -7.1157653770782865 -7.121161068471861 -7.127922336990373 -7.131720684743952 -7.13463727800835 -7.139349283640964 -7.143012998219225 -7.145984004071193 -7.150550802711258 -7.152509575753363 -7.15810392113249 -7.162944674891708 -7.166334853181411 -7.169489361795913 -7.174765674989328 -7.178053133580239 -7.180193658734655 -7.183605795015872 -7.186859263582146 -7.188629913730247 -7.1933972362333325 -7.19953875096959
100
 -5.464040886071273 -5.804607631920101 -5.956914910496772 -6.13536292234435 -6.243416464579012 -6.354744750387941 -6.432489595100245 -6.485084684375938 -6.538370202389624 -6.583563228973119 -6.603101721435433 -6.64489632741791 -6.673469623027211 -6.708417796721031 -6.7386678258316755 -6.767307069344551 -6.798013224587807 -6.8215547233735325 -6.8461970517766515 -6.8711442503054565 -6.890019842358645 -6.915274628891322 -6.936793507965577 -6.952482837742796 -6.9722095360474015 -6.984241641775063 -7.002922409474008 -7.019973517024402 -7.031790676748411 -7.04609025557227 -7.058790109874863 -7.075836901529928 -7.088802441180322 -7.097214086865383 -7.110159563451087 -7.122541653301529 -7.132016962804771 -7.144867081923285 -7.158623949734034 -7.1708807067698555 -7.1796867844154555 -7.192494859398336 -7.202756196704744 -7.212664365133502 -7.222121644415571 -7.233968655058793 -7.242305788184641 -7.253460877220463 -7.264263267532497 -7.271496081145848 -7.282593202596044 -7.290353763489837 -7.29719791247812 -7.303789166067322 -7.31128210464742 -7.319332160169435 -7.326646993852358 -7.335788653250764 -7.342961859992562 -7.349449119277784 -7.35869795202321 -7.364402500367311 -7.373026548228081 -7.3810686826924545 -7.388433405858091 -7.3952116169644295 -7.402283269613586 -7.409332677769058 -7.413738626955616 -7.417575078473021 -7.422645954139514 -7.429746216963163 -7.4332029202211185 -7.4396041831788295 -7.444849319945199 -7.450151026306833 -7.452679340001032 -7.4587754200243275 -7.4645157760681204 -7.470275568990097 -7.474376541910789 -7.48024277681667 -7.4858783439004535 -7.4915868742884495 -7.495099895987886 -7.5007903994164336 -7.506018445176866 -7.510605249721335 -7.515117905929935 -7.520904448758812 -7.5267196241548815 -7.532373661007593 -7.534650925680444 -7.538729210465455 -7.542824948715139 -7.548647269016295 -7.5525786103936845 -7.558318311564124 -7.563464267518277 -7.565987515846408
100
 -5.956133375792944 -6.220582416997697 -6.469025501243403 -6.574396238311865 -6.63507146582238 -6.713394283789178 -6.779331474963338 -6.822142239329743 -6.878171785571922 -6.918850542655014 -6.945503344712195 -6.98261767382677 -7.013607268824847 -7.0531397689655115 -7.079768314984743 -7.102686635842892 -7.119898976122028 -7.1450791785766254 -7.165383125894606 -7.188896698263093 -7.203533289237478 -7.216212697194743 -7.232468346901198 -7.25234700544072 -7.267579431648018 -7.278995269304572 -7.29679548906454 -7.309847035517806 -7.323822432809398 -7.3389925636632976 -7.34985030272036 -7.363922103875765 -7.375919650275182 -7.385107768699748 -7.393900818734807 -7.407001309045242 -7.415355879269179 -7.423035198338868 -7.431660637262708 -7.444940282136711 -7.45584262659418 -7.464717900684172 -7.475265090221954 -7.486270536882282 -7.492902629344989 -7.503734995542812 -7.5108296243533905 -7.516737590370512 -7.530910951966946 -7.5366847183717285 -7.544656785791038 -7.5551568250006245 -7.560762505780308 -7.569475475181459 -7.572841274381513 -7.578495984999733 -7.588736110403084 -7.595028231133434 -7.600363960214475 -7.605031822841217 -7.610951621033557 -7.615661122182527 -7.620734604348487 -7.630165805312702 -7.634856718213817 -7.639675313794123 -7.644057176405992 -7.651669293055536 -7.657440460220856 -7.665844678973162 -7.671832018584841 -7.675660855565952 -7.679943854994846 -7.683218039443374 -7.690293888761769 -7.696291939391119 -7.700239308890208 -7.7037395137793965 -7.708723321764074 -7.714659229046401 -7.718646236860559 -7.7206845157880135 -7.726365994275193 -7.72982391229553 -7.734980387307044 -7.740716421866433 -7.744995989532546 -7.747984106715406 -7.753556154869958 -7.757493952269562 -7.760568133762879 -7.765616319248647 -7.769213322572099 -7.77428498047966 -7.77842935742779 -7.781856169512958 -7.78583559065038 -7.788933762820897 -7.79277685439053 -7.795288099989898
100
 -5.548838968389792 -5.844523035625234 -6.006039667471517 -6.128535896695655 -6.202181826996691 -6.302097827380584 -6.36010147527484 -6.411866630744437 -6.471574155181151 -6.522587026468214 -6.574923004619837 -6.612082917891539 -6.648446686865675 -6.684475343859195 -6.715874217006185 -6.743754776846416 -6.7733920099056855 -6.801902279354337 -6.8272956796480075 -6.849446371016889 -6.87498761363706 -6.8980018672469 -6.918387486305249 -6.938771069827514 -6.950769441180649 -6.969338186130467 -6.989929137637743 -7.001280141260622 -7.016319801592604 -7.026551374179691 -7.045807421836405 -7.058754280914104 -7.078155026442687 -7.091296377226761 -7.10229248412637 -7.115215797206375 -7.12815732313806 -7.1415642180983765 -7.152241818278962 -7.16317944349416 -7.173523681265393 -7.188282356661672 -7.200670907988464 -7.207417442024274 -7.217699788947029 -7.230647687537767 -7.236487952086475 -7.245050390381155 -7.2544453371145625 -7.259856570344567 -7.266022952186631 -7.27367533155939 -7.281172689755926 -7.288129343264407 -7.294533636512898 -7.30322559568308 -7.312587210891338 -7.319379749033287 -7.324995291534159 -7.330744827539068 -7.336056108621704 -7.340210741516529 -7.344054631975343 -7.350341640419309 -7.355810497135054 -7.362672638796414 -7.369756705513684 -7.3736467574068865 -7.377907689947989 -7.3871121844067735 -7.39001850230015 -7.395345601243667 -7.402315403293598 -7.408950165559067 -7.4155132497693135 -7.42001081717307 -7.42658072492106 -7.432507180543025 -7.437778309134476 -7.4418119154335125 -7.446347619079328 -7.451809663046471 -7.454993175465494 -7.458109698410704 -7.460604803321769 -7.465863561337648 -7.469452726787809 -7.473440946995435 -7.477255275795625 -7.481687570161868 -7.4898607054956114 -7.495119452570621 -7.50286394851505 -7.507782411544822 -7.512612668430353 -7.518149366888135 -7.524633955411702 -7.529520106110322 -7.5337012267869 -7.539712347329591
100
 -5.681575829776585 -5.922801312028196 -6.165986094760541 -6.265717288594288 -6.34292213411476 -6.387656075897452 -6.4565665410734665 -6.497999600754978 -6.552461323299148 -6.610181816152909 -6.642779231238258 -6.662159315392229 -6.701025331029176 -6.723590750055633 -6.758119222133223 -6.779232509763652 -6.804429761654061 -6.853169995491846 -6.87438491453029 -6.893983255267473 -6.936814066028873 -6.958638911113029 -6.983095335648631 -6.9918044680688745 -7.015969910788679 -7.034391089784448 -7.047342757223369 -7.056134836133859 -7.072236379324462 -7.092045480060348 -7.102298040021487 -7.1167773959361345 -7.12772369477197 -7.131688336269789 -7.1391665989047866 -7.144592346108653 -7.155246605904501 -7.1661358820293355 -7.17879520388044 -7.195683394473495 -7.202110675340773 -7.215340587231389 -7.224791553763813 -7.228289326491595 -7.245868137668794 -7.265663858520115 -7.268755035530879 -7.275945716837095 -7.287299022227677 -7.2921788771567195 -7.2983495340356175 -7.311373764912398 -7.324229521484815 -7.332033828742812 -7.342195642279302 -7.349440642539279 -7.357659604642888 -7.361479230118844 -7.367793216121952 -7.38288598934786 -7.38954668298008 -7.396714912899225 -7.39966155607507 -7.400935528535765 -7.411143541290582 -7.417239333495088 -7.423106157746978 -7.425457707708436 -7.434084618221415 -7.436127547157505 -7.4517075906661345 -7.458675032924887 -7.465181404143677 -7.468383068480618 -7.474978872317423 -7.4790339938787715 -7.48396917360107 -7.489629833441557 -7.495713071012942 -7.500770736983748 -7.509660872024979 -7.516099775473286 -7.5247164283015895 -7.532938034302632 -7.536723541111261 -7.541137135775271 -7.546165606215669 -7.550893755709519 -7.557762114791484 -7.565232177702326 -7.572300601187263 -7.5762914418125 -7.5813410147622475 -7.585341789743762 -7.589021965927545 -7.590636759231201 -7.595968859601861 -7.599338940075852 -7.602050485727367 -7.605749356555878
100
 -5.917052494283496 -6.244379591969053 -6.392103509139042 -6.52712754317776 -6.630021413982096 -6.752800094688748 -6.84092600533837 -6.8788116465538485 -6.958484729543937 -7.016993670998436 -7.080055102063484 -7.120928786765732 -7.156200924789361 -7.18882388618362 -7.230682297996211 -7.2682647887490495 -7.292911734305689 -7.318224692775059 -7.339526990735843 -7.355009794864201 -7.374531128303614 -7.400649900711117 -7.413006921832176 -7.4316076058851275 -7.453155150763529 -7.475523905446159 -7.492853303470389 -7.5140668248898725 -7.532199568727849 -7.548508526542607 -7.566082330390999 -7.581254117409841 -7.597372233900336 -7.610913705878047 -7.627115241770352 -7.637889521655751 -7.6538760485555 -7.665391027626692 -7.6824177074931566 -7.693416692149503 -7.7088925396328785 -7.720952793390082 -7.735077318584105 -7.744577031643317 -7.758276489313573 -7.764619275275193 -7.775928240472834 -7.787244949408174 -7.796478901132779 -7.807669169266087 -7.8175358199644664 -7.826600042773371 -7.834859699526347 -7.842593426661054 -7.847178282014917 -7.853455451585498 -7.860261703966096 -7.869279919459186 -7.875546275401437 -7.88541922083593 -7.896076583221279 -7.903735459652807 -7.911132720436889 -7.916925097216485 -7.9225500032621685 -7.927994169379182 -7.9319514425959685 -7.937786727389798 -7.947424969763432 -7.951375502347339 -7.959093783253247 -7.965034800447164 -7.968035915097218 -7.975118102478969 -7.980601430203699 -7.985020380931309 -7.989210042017668 -7.992215985248081 -7.997299481665001 -8.00204543623854 -8.007483138363186 -8.013914392035055 -8.019749648773084 -8.024630262653382 -8.029202134059371 -8.036442015928474 -8.040613701858792 -8.045719235982276 -8.050042097540338 -8.05588142603808 -8.061602494820097 -8.06704052464416 -8.072741773175672 -8.077605682070779 -8.080854919627635 -8.087346148896165 -8.09256227561856 -8.097747847972368 -8.10206738389689 -8.106436549199266
100
 -5.949140920665081 -6.158992410615024 -6.314700751785819 -6.408336542545924 -6.479967706999549 -6.579718439161415 -6.644253801081834 -6.697292368095298 -6.737125713381425 -6.759874666586016 -6.801512515050993 -6.828432811091286 -6.853337554450537 -6.882526644969126 -6.929616114732502 -6.953725631960404 -6.971847674568352 -7.011893911741865 -7.04121320103667 -7.052584659143916 -7.068855658788757 -7.0772795357073095 -7.103314846370473 -7.118919586824011 -7.131190227329703 -7.15331816652418 -7.180897901489881 -7.198836619296938 -7.209388591153797 -7.228470274394206 -7.242882543781427 -7.255324336733099 -7.266483396194536 -7.273648654312315 -7.289889541542279 -7.30040081880371 -7.313598416009901 -7.321341466942012 -7.335111096413109 -7.351420988927735 -7.359169171565511 -7.382375156692142 -7.395090160751866 -7.406274210010513 -7.419150053620776 -7.428087923673126 -7.4373282947432084 -7.4463878753454695 -7.453727296627569 -7.463579805247232 -7.471864875679791 -7.482010256595086 -7.487952382854261 -7.497918986057528 -7.511646718320506 -7.518353142410191 -7.524928500665231 -7.531754758252966 -7.538944185857364 -7.5468939288519055 -7.556849697573313 -7.565775223075254 -7.570166776267157 -7.582709747697747 -7.588548510874916 -7.591095371076594 -7.598933391164066 -7.602620229135304 -7.608733311061949 -7.611911562218322 -7.619487532713705 -7.623552593586199 -7.6288218068129865 -7.63712726449083 -7.6447749309795725 -7.648936974941553 -7.656057588649227 -7.661962781221452 -7.663921811744733 -7.669677816028683 -7.675467511704211 -7.67923136480863 -7.682565602911111 -7.68390593204812 -7.687687050235223 -7.69188443735048 -7.700604589034787 -7.704998960434339 -7.7098700424552975 -7.715694416767259 -7.722038799157914 -7.7255513970367975 -7.732350640716149 -7.738905007763318 -7.745328744971816 -7.749926970725565 -7.755493144453277 -7.757197493676622 -7.759532676527359 -7.763617112628741
100
 -5.25415746881787 -5.534563450713908 -5.68632104192554 -5.795228513025783 -5.889470274134502 -5.9578806244207145 -6.017838030055994 -6.067833999292135 -6.132971755779228 -6.166664246045077 -6.206641149139092 -6.243368669657375 -6.267898643222332 -6.2914062681849385 -6.324097150388845 -6.355162093154383 -6.3727853361787945 -6.393486841325488 -6.415131683375716 -6.444210724178411 -6.459013130918289 -6.476320891202334 -6.4948845921758345 -6.513598035106114 -6.529424131711411 -6.541178127169344 -6.557016389593757 -6.569618451348967 -6.585321459929879 -6.599594086000571 -6.610146312529073 -6.620347413470516 -6.63545920467328 -6.647682364628656 -6.6584489271385054 -6.672643445712183 -6.683301632142471 -6.695200329659842 -6.705317653061504 -6.712420808199967 -6.721413195477282 -6.728390162085634 -6.734433449227573 -6.741847951832223 -6.7538478188764905 -6.761041225200857 -6.769526339503967 -6.776710609368937 -6.784722960099991 -6.794012472926346 -6.801934888493715 -6.8129960797837015 -6.819435676780158 -6.827152118046148 -6.837897632437813 -6.843821729365122 -6.850213626255667 -6.856238938879631 -6.862822171170662 -6.869030406358372 -6.874756605575504 -6.879691371153123 -6.884536850955366 -6.8907564567150335 -6.8952500751076915 -6.8995858576313065 -6.903886661683275 -6.90939246162579 -6.913963850675637 -6.918187416021961 -6.924498707024244 -6.930472922054121 -6.937454801930933 -6.942069232450253 -6.950129577393979 -6.956221250201622 -6.9612887879318315 -6.964964016300099 -6.968960795440396 -6.974093835010927 -6.97829779732492 -6.981699855090765 -6.9869381311455605 -6.992334489032591 -6.996776796610218 -7.001048108208024 -7.005532415343725 -7.009130008707955 -7.014059766012446 -7.018119692729142 -7.021960276748739 -7.026309756733429 -7.03075924646926 -7.033031767150954 -7.037353113789774 -7.043576387864972 -7.047385263774429 -7.0520935764479615 -7.055936619946704 -7.0602135983795336
SAGA
10
100
 -1.6371482931522905 -1.9670435552871823 -2.247139770258327 -2.483899849336084 -2.6736261725722468 -2.8354632963520463 -2.998126267950201 -3.1419847595153985 -3.2748418741633754 -3.380023082571482 -3.4891697795006933 -3.5986831181762113 -3.6943374479085818 -3.776189794106226 -3.8676823683212893 -3.9529522723930937 -4.035912262493387 -4.108714046171948 -4.182604588386234 -4.253541168454735 -4.3287770827091085 -4.374222494974465 -4.437019912310788 -4.497063656153152 -4.556063567716025 -4.620291743035198 -4.673173900226462 -4.735208937573489 -4.787281392532716 -4.844455901194391 -4.889002564484521 -4.9392873696949176 -4.991674274700079 -5.039184397868127 -5.093619037162141 -5.143575977832695 -5.198420392716859 -5.242981370564799 -5.286416158033823 -5.329246949337952 -5.359473971342073 -5.406154529053277 -5.433070331839268 -5.478564662356263 -5.51849521910657 -5.558072472917104 -5.594249278690016 -5.624653725027847 -5.665308862454949 -5.699293939304342 -5.725209098811589 -5.767470258399849 -5.806464329094662 -5.847875742717285 -5.8816951539591384 -5.911233517766741 -5.945849919634794 -5.979655902551361 -6.012802485227304 -6.046811962550829 -6.081031420555745 -6.107650916570181 -6.139070854061946 -6.1705242029488065 -6.205312911239207 -6.228276808030722 -6.260583435849199 -6.286962436676914 -6.317865459225609 -6.340804075699678 -6.364624425444837 -6.3949278068936275 -6.4183781486157505 -6.439162367827239 -6.467671747946762 -6.494301273269773 -6.515239494145958 -6.543930861937934 -6.568656702969747 -6.588827747202367 -6.6156665205791985 -6.640864073064305 -6.6656000127318125 -6.696440350163081 -6.715477764335132 -6.740470811348886 -6.76645885788194 -6.781627896459601 -6.804837605148627 -6.830576616711392 -6.854994852935133 -6.882202402054836 -6.900914622952489 -6.924289354321865 -6.94473891904543 -6.964614925838368 -6.98683271661371 -7.010435440387907 -7.038387467605816 -7.059260133475946
100
 -1.6228183749581102 -1.980059169908927 -2.2615615160647757 -2.498730519287221 -2.687235255368964 -2.8475732806701957 -3.0054105943933225 -3.1355550164626482 -3.268511023382753 -3.374583360400981 -3.489818903702758 -3.595035205000846 -3.7006394247770573 -3.804178876034105 -3.900017663750686 -3.985838033607618 -4.068953527127077 -4.144776575168488 -4.2115362669852425 -4.281767217538778 -4.349624863472474 -4.41660240275519 -4.477649509786164 -4.539214012587668 -4.611502101620193 -4.656104689663185 -4.712074156596076 -4.7542157661660625 -4.787716299034307 -4.844855112920355 -4.895746181214508 -4.948271531599133 -4.992588676101013 -5.047696651547937 -5.095248110551272 -5.13399039734988 -5.186490853859477 -5.231928033809876 -5.272548277500893 -5.310797624397554 -5.351706294168686 -5.393159841767028 -5.437348293934105 -5.476105525176861 -5.511447912427318 -5.533187672374636 -5.578882491013044 -5.6015580903389335 -5.6411622665196814 -5.667611220967974 -5.7074929359298645 -5.747563884859357 -5.775164336265657 -5.808943649999041 -5.845701925583111 -5.875851614165219 -5.909010864212799 -5.941310064735969 -5.976947814168153 -6.010610243602859 -6.04249140972311 -6.080353945249891 -6.105317397046203 -6.139504786173247 -6.168686842637027 -6.189023729021766 -6.221534751107976 -6.250354322471934 -6.269813767069739 -6.298312102043068 -6.316654186613838 -6.342422876814557 -6.369910939175541 -6.3910795718651885 -6.413245691069703 -6.446259781766908 -6.4706289755732715 -6.492616605833036 -6.51904405645575 -6.545856428502565 -6.570731519074549 -6.599470310243135 -6.623693590163522 -6.653661462518286 -6.6795200766761775 -6.702710717777902 -6.726713400552075 -6.747649778029387 -6.770818427576681 -6.795248005846244 -6.823666991754055 -6.844150588517361 -6.86379525947699 -6.88710393530614 -6.9108971209267365 -6.9316029205987135 -6.955367402880134 -6.979255203125133 -7.006693084281397 -7.025606416263899
100
 -1.600921110483131 -1.9735449257923843 -2.2591078605319272 -2.4808284547450548 -2.6763956952683787 -2.842538194253124 -3.00319738551728 -3.152017563752017 -3.275468017955319 -3.3753902099279 -3.4818959002900667 -3.5736751463867233 -3.6802802962623877 -3.7669111965757014 -3.846750209293458 -3.941006887223446 -4.019098613662044 -4.094424754432796 -4.163987732250053 -4.230039780279236 -4.302044273256911 -4.3671367602238265 -4.423713998242814 -4.479424317739207 -4.541392089009782 -4.6035063066133555 -4.6557558492361055 -4.696294818390481 -4.75174632033897 -4.805314617009532 -4.859849592389689 -4.916762889710236 -4.958014853790696 -5.011845724399979 -5.062607613351479 -5.112145297540425 -5.162040181436553 -5.210345173418293 -5.248613214846902 -5.292233043106013 -5.335492407106019 -5.371922326999506 -5.412186524880557 -5.451158885356566 -5.487154661909936 -5.533370859663212 -5.5664149261189415 -5.600117760707824 -5.638242124119275 -5.670760158736123 -5.70813468765108 -5.740281934002653 -5.766310118108248 -5.800975610054232 -5.836120942694324 -5.869861525465029 -5.898804656594808 -5.935570024457867 -5.955774936783057 -5.984424352537242 -6.015815498992549 -6.04801326466458 -6.07925181551905 -6.108722460579086 -6.136737453166302 -6.161656609730444 -6.188786991637346 -6.218406181050819 -6.248343563973974 -6.271496438757057 -6.303196394168381 -6.326756749243103 -6.353932259720007 -6.376017160302478 -6.402389798097385 -6.432369177122183 -6.458137032321866 -6.475218602989015 -6.499528253058732 -6.527317748048574 -6.5549813482762636 -6.578816703847125 -6.608728594055755 -6.633867365565601 -6.656080070251728 -6.68224269692691 -6.70394170237642 -6.72529886864319 -6.746580269435705 -6.774968248611814 -6.797886546195387 -6.823120745856048 -6.847830722895731 -6.87269233999145 -6.9025587176482155 -6.925434010462287 -6.948023833076689 -6.976510559758539 -7.002171385478908 -7.017043162667871
100
 -1.6100718217348093 -1.9900371102309524 -2.2790304139931528 -2.49640127224509 -2.6822592226824966 -2.848965530667702 -3.0032041501004048 -3.14505967209964 -3.2702982254603334 -3.3939429705535598 -3.48758613861463 -3.5877494758340087 -3.6731982978619797 -3.76638457624649 -3.853246299486874 -3.938471444997055 -4.028884223516592 -4.106641706900723 -4.183569443079442 -4.247685171875341 -4.321513643662513 -4.392811898750192 -4.456650675871815 -4.512207760328875 -4.565488528796668 -4.616291487093766 -4.6626073150399 -4.724734018642893 -4.774181715632726 -4.824205129235847 -4.870509640667815 -4.924870513438241 -4.971570426512639 -5.02537792724066 -5.073403820342936 -5.123272559226382 -5.173203872334104 -5.210917877009076 -5.254313469317485 -5.294723893891548 -5.3370204826371985 -5.379743108040964 -5.4212827387523985 -5.461771961940598 -5.50621974235368 -5.550762542748685 -5.586312367563249 -5.621788350074594 -5.654168254570596 -5.683801639068351 -5.722672353334593 -5.758203198565378 -5.791144593416883 -5.8279979686566 -5.859390744972156 -5.892691215378508 -5.933219056367749 -5.969957909175264 -5.994271471446357 -6.030216074313991 -6.059273447800679 -6.079871226244251 -6.102943376015257 -6.1359968720860545 -6.166880361322993 -6.198053121685464 -6.224948454322475 -6.252390672430569 -6.269158332846474 -6.2980357213144025 -6.322190134237371 -6.345211964598806 -6.3737016225994045 -6.3965821615983485 -6.426721824119078 -6.457445163044784 -6.490449963206855 -6.510341437635575 -6.539576773692949 -6.570503760619356 -6.5907519199995 -6.611432339780511 -6.636764228585192 -6.662847647201159 -6.685580786945144 -6.708401079569642 -6.7334296091190575 -6.761563416699269 -6.780409352636421 -6.801051709131376 -6.825650950124647 -6.8446324971772485 -6.868454866983921 -6.884595713817678 -6.904089364936883 -6.924534932188281 -6.94716431128891 -6.967534466054588 -6.985317777585797 -7.007922762632184
100
 -1.616821189662659 -1.9806114905810934 -2.2601268359567017 -2.488681353426075 -2.6839201339936696 -2.8534668932584712 -3.003625597380779 -3.1353468357859393 -3.2683410313552934 -3.386918843708245 -3.4899468745395166 -3.592282364304989 -3.6846625749245536 -3.776787939028654 -3.865570324621663 -3.9491169241938917 -4.031274345037546 -4.102514396805721 -4.1796857276709884 -4.245720077900091 -4.319394073939261 -4.392266711405299 -4.4621375405666415 -4.531772084073315 -4.588612127967272 -4.638885068491921 -4.696409083520259 -4.749635419180447 -4.811450776061537 -4.860956784270248 -4.909266112281966 -4.964193110855602 -5.018834418891033 -5.067996572848888 -5.102104977937348 -5.1332535613291155 -5.1842016588691715 -5.224175704469133 -5.265822862774101 -5.310074664623812 -5.346688028131379 -5.390783435965249 -5.438008866091898 -5.474286026940494 -5.507028179610117 -5.554317074659353 -5.5970979804637215 -5.630542681584637 -5.6634025068903115 -5.703054943973421 -5.734772500610527 -5.773697949678756 -5.800882495047459 -5.833842808746912 -5.871173120692789 -5.903105915400804 -5.938999868572913 -5.966427610369128 -5.991810654094433 -6.0188134097284305 -6.052742563504729 -6.08620257622753 -6.118447784447447 -6.147840495972187 -6.178687264783606 -6.205569935803525 -6.231065825222148 -6.255368585762218 -6.288237091993832 -6.318685605977652 -6.353811720982093 -6.377459700741885 -6.409652489647328 -6.43323743305561 -6.460847425140515 -6.485710171327841 -6.5101555248019825 -6.54140086152276 -6.5669591122449305 -6.594097357306371 -6.619861222328165 -6.646231548000003 -6.669815116157741 -6.692918807589355 -6.716018394916085 -6.738273837658886 -6.755689914947081 -6.7827209327124764 -6.803772409428077 -6.8224181652003875 -6.844485749410724 -6.854914451531099 -6.875892561627435 -6.90231271845383 -6.9291592650307114 -6.948026795881943 -6.9722980098940885 -6.990264387140737 -7.008228734534383 -7.0221883151503155
100
 -1.6302916458257142 -1.9846338238618115 -2.271153363584805 -2.4886637290013014 -2.6773495716908386 -2.8442297050627565 -2.9862687608305123 -3.1192936753399874 -3.2555151438190655 -3.3797601259236165 -3.4944352827604286 -3.6048425183488586 -3.6966265063377963 -3.7916939900328295 -3.8895398179262597 -3.9658389611187177 -4.048961020940435 -4.128114445046423 -4.202817016043785 -4.2658052515333695 -4.343419481584645 -4.413222402530181 -4.4813431359907465 -4.538913514965625 -4.595309075642235 -4.656006225206125 -4.716081135614947 -4.75801037024838 -4.8112137640117165 -4.8591474207741685 -4.909177127509643 -4.963838699050684 -5.021487350946418 -5.071744543359136 -5.109561771886517 -5.150743281762204 -5.201095002470124 -5.245696509819744 -5.292770607695536 -5.330504361940346 -5.372093707040084 -5.408596571248922 -5.448715960108718 -5.491647634383557 -5.527467628481046 -5.570963781561681 -5.602994799943357 -5.642574981342695 -5.670349756475515 -5.7067086430354985 -5.7376224396311 -5.774466411148508 -5.813431866453248 -5.839938825046067 -5.8752882725623 -5.902354152003778 -5.9371815498822995 -5.968001233693085 -6.004911668839583 -6.032902463032254 -6.063034086395719 -6.090204121970795 -6.1198624928128185 -6.149289969211654 -6.176512610782217 -6.2000491832513065 -6.232050002287504 -6.254776945927319 -6.279073014034326 -6.299007725735457 -6.323616971413448 -6.348325955803719 -6.380817827686278 -6.4080708444504735 -6.434966551843705 -6.465211606415758 -6.490054322490347 -6.515045296414789 -6.542199833784582 -6.55947348635338 -6.581928352722972 -6.602473510329369 -6.628395913876666 -6.654549454133569 -6.676484297813937 -6.700123354068909 -6.717408584488068 -6.740188885769906 -6.768398155243093 -6.78964721669104 -6.81241999152975 -6.8408840171085 -6.8586013536737696 -6.880676595264311 -6.90387982121347 -6.922530798432164 -6.942735572507804 -6.963802821479371 -6.992565694359511 -7.016680567464602
100
 -1.6299534655082568 -1.9870927537344971 -2.2554201652874304 -2.4715065385946513 -2.667620551901426 -2.8308819612335885 -2.9812924305471333 -3.0999610693928803 -3.2370115532010915 -3.359060849861811 -3.469738445648823 -3.5629839597657513 -3.670664127260142 -3.769064995913365 -3.856487748572906 -3.923578035034754 -4.014344113784744 -4.10110671194641 -4.172762416957077 -4.248704260691731 -4.316472846289125 -4.38887917163758 -4.449390659023502 -4.511864689724553 -4.572907963159261 -4.637539797266847 -4.685032323292102 -4.744511643852968 -4.795673617800794 -4.850243722322255 -4.904900347895669 -4.946906896192697 -4.995885100578692 -5.046894064369117 -5.1050383657918506 -5.131610929706562 -5.173874380001285 -5.221945110219614 -5.270696078201656 -5.3198267210617125 -5.359127807466495 -5.400151709195534 -5.440323852667923 -5.491134850860285 -5.517242622896497 -5.551110468177112 -5.581781045468445 -5.620086322562605 -5.643393893464319 -5.674042326129606 -5.716138379315242 -5.75169228020639 -5.785369956058515 -5.821889050975734 -5.849149812041381 -5.874611935162505 -5.909819894592825 -5.944948344382718 -5.973804325453353 -6.002085437860199 -6.0324413925496705 -6.065992236882519 -6.0946942480337265 -6.124629040744848 -6.149856130521963 -6.177278984446642 -6.20360997708132 -6.236361220582811 -6.267256587913925 -6.293419595860979 -6.323075274878018 -6.343903368731311 -6.368145951550304 -6.3802926559566 -6.412092233325408 -6.4414980808003435 -6.471942434933709 -6.48978748149223 -6.511471798706164 -6.523889640400071 -6.549354814746833 -6.575947807775694 -6.599937152858 -6.630283354234902 -6.648947077727805 -6.667864086672247 -6.6867856824646354 -6.709465365446948 -6.734456087251867 -6.764988204989074 -6.781857585159544 -6.802641173613436 -6.818312220905856 -6.840617504992614 -6.868454009998826 -6.893839346670299 -6.911690762018269 -6.935847629347298 -6.963276396720235 -6.991287385529945
100
 -1.6138820852207831 -1.9896309671339298 -2.256866365367115 -2.498584448325245 -2.6957604789109237 -2.876575284467722 -3.02186808958875 -3.154381206754118 -3.285336267798234 -3.3935299710061897 -3.5050120541448027 -3.6184164212345538 -3.7165315105304955 -3.8115998477179054 -3.903004772214677 -3.995801253327668 -4.061227129725672 -4.130466046522004 -4.196896339779542 -4.268433061990627 -4.341084330939904 -4.408820726031926 -4.468648444350446 -4.53139039355709 -4.583646481088996 -4.639562741605398 -4.698303519546752 -4.750370318791864 -4.801133971600154 -4.848818658788268 -4.905417514586555 -4.9465531545687265 -4.991735008983768 -5.043099625105907 -5.083087892944073 -5.138499192762726 -5.183125210741385 -5.214932176959395 -5.262960571165405 -5.298599710683098 -5.34833165700824 -5.3879781931004125 -5.431067887912384 -5.4659144009246825 -5.50306020274586 -5.545093710716303 -5.588681931108185 -5.628761878847417 -5.665498932885391 -5.69886097009937 -5.731612818772997 -5.768693294535521 -5.795373818697995 -5.821042233336705 -5.863638215653162 -5.896162910930319 -5.930589539953665 -5.96509959749571 -6.003885486285964 -6.0339338663424265 -6.061567037931579 -6.088748865659128 -6.118952353470749 -6.1509753844480075 -6.1777605493088945 -6.212399708241026 -6.244945819755885 -6.27567217629258 -6.307160391139906 -6.336181754146744 -6.3560976936048705 -6.38386935482019 -6.408084247932592 -6.432861260816843 -6.453730569838073 -6.4815703665714635 -6.505276182520663 -6.53335778520594 -6.554601959384308 -6.581147833055377 -6.6071891893682375 -6.6274381014179 -6.644100873041848 -6.667027843095104 -6.696235951835385 -6.715625935291109 -6.738206359345422 -6.762111418108779 -6.786726364685071 -6.810874649796519 -6.8316012294540425 -6.852464165433455 -6.871883540147302 -6.896356315149828 -6.9202740082512175 -6.9366643634168454 -6.955105445280774 -6.979447822786634 -7.000817612863774 -7.018357462287982
100
 -1.6233951915773457 -1.9861131615812733 -2.2849843256535776 -2.50433993799491 -2.697474665452278 -2.8711026692534567 -3.0265966757883853 -3.1680866924659217 -3.290853321334162 -3.4145307766476534 -3.5133415187381756 -3.6263494561626066 -3.7256997033022197 -3.8222283769538388 -3.9060418675895825 -3.9888268793774864 -4.073131768404502 -4.157916329265472 -4.240761912669977 -4.310657321072351 -4.377431760644711 -4.440856110460747 -4.50879125523259 -4.562745248393304 -4.623811520949488 -4.684675441104556 -4.7342565312640685 -4.787389676069732 -4.840865378135054 -4.887981089160401 -4.939388497126457 -4.988014785513129 -5.03839792026579 -5.074564818634033 -5.113610615305121 -5.156548812788485 -5.199681445912369 -5.242625080437742 -5.280336496286213 -5.3240391307473525 -5.369383283357409 -5.4101985005000275 -5.454036667608895 -5.479836351168812 -5.514500176088238 -5.542487336142896 -5.571742746570201 -5.609402390400048 -5.6471912063745116 -5.6816334624781515 -5.71511972877343 -5.745752770546124 -5.779401459952352 -5.81682240308027 -5.847871642413908 -5.873280312791169 -5.909146416058308 -5.947898969211763 -5.9804298434630585 -6.011000053603944 -6.042352326939317 -6.0737359224583845 -6.102169779717122 -6.143931821867443 -6.172655260020371 -6.199998531533528 -6.230607084594727 -6.2610526642206 -6.286887357908785 -6.317493514072689 -6.333700034259751 -6.361611101741736 -6.3871935844329375 -6.407351551694927 -6.438113378757674 -6.460205416233682 -6.484139077745737 -6.5149509660483815 -6.547706449407648 -6.579128925014776 -6.609788620769099 -6.630507380144453 -6.655456707126729 -6.674114088005198 -6.699747839857346 -6.724549907996188 -6.750154908812317 -6.770154095986257 -6.794297196986563 -6.818026899367678 -6.841995500853578 -6.855664755561835 -6.882850777233174 -6.915936108343871 -6.934713619065924 -6.956497424397313 -6.97787156472792 -6.983604318805216 -7.004669161498033 -7.031954400475358
100
 -1.6114379664124732 -1.9659746739246282 -2.235408718087831 -2.480384869962244 -2.6778603987581855 -2.8562916774440423 -2.9988666634729295 -3.1405046867434736 -3.2669441273349276 -3.391090129342843 -3.494933415800619 -3.5944506833761936 -3.696318328383654 -3.7887633253459936 -3.87497131297361 -3.951411641488984 -4.024777453677723 -4.10155053884977 -4.1815956345523935 -4.260822480072876 -4.330211161772019 -4.393036349604602 -4.454624139499216 -4.517928411118737 -4.577033937659608 -4.644849241412717 -4.701642286145843 -4.751610127834397 -4.796534384762941 -4.856646891725409 -4.910036779027742 -4.966756666777667 -5.019307749546939 -5.066370745492641 -5.117748078070109 -5.161668502327303 -5.195156916555754 -5.230687510445383 -5.283169024520144 -5.319839704483131 -5.3681914792956125 -5.404734000272721 -5.446877022813055 -5.482601492353695 -5.5160630534012105 -5.548932891490679 -5.5944705192756885 -5.630623682448361 -5.674107764272735 -5.712114666496604 -5.746820987458526 -5.790180136073382 -5.8253051590218465 -5.859919398570959 -5.897400658906002 -5.935121819321288 -5.975252880834314 -5.999434130154803 -6.030750746569155 -6.062948121436249 -6.0964248124604605 -6.122854103286944 -6.152513715617853 -6.181913635460897 -6.210386357275813 -6.241234846814689 -6.273559031167367 -6.300245313164445 -6.326239938932079 -6.355568404116437 -6.373307832074961 -6.394245542937347 -6.41895304891056 -6.445889619046954 -6.468618676812838 -6.490173126993485 -6.516107021454975 -6.5342491814531485 -6.553548200761335 -6.576560655075509 -6.606347021667811 -6.633164087244861 -6.657424420569412 -6.688421976173418 -6.715029700101432 -6.728953984082471 -6.753560311930174 -6.774891980577121 -6.8009960056278995 -6.814572419029154 -6.839607819391911 -6.868331987464956 -6.8804315755846694 -6.904739009433115 -6.926422864786483 -6.948157669413223 -6.97690725127499 -6.997163253094499 -7.015255579020169 -7.033586247039847
ADAPTSAGA
10
100
 -3.0447945737963535 -3.809850252368711 -4.382033209877899 -4.81171050445093 -5.183999755390977 -5.436252701574062 -5.699873402302497 -5.894587988395562 -6.054702331610295 -6.283868667565748 -6.460641700093922 -6.617266941118718 -6.773701738710472 -6.875726611257606 -7.021882657565204 -7.150250461417835 -7.240569672396134 -7.317488794140595 -7.3592950577639895 -7.4460202080358835 -7.527335846358512 -7.614958975203789 -7.663469348469189 -7.730789257719828 -7.786579451220363 -7.84819195997253 -7.902789501292207 -7.954524097781901 -8.00615579928395 -8.060993430100288 -8.105080558166573 -8.148088522469777 -8.175877020773816 -8.221916885126117 -8.244088200758275 -8.281928914527207 -8.327497348681637 -8.373701413940239 -8.400889174439875 -8.423907014725026 -8.470715110224509 -8.506788922104473 -8.536859579276838 -8.577512151938883 -8.605989845926622 -8.64048179001341 -8.668888982846997 -8.707882382485018 -8.742322321832033 -8.759750092164298 -8.793731056785381 -8.823347154592508 -8.851922172812483 -8.890328547664572 -8.931591281996385 -8.964500955209427 -8.995930506741402 -9.014049317213198 -9.038794508974128 -9.077312234695903 -9.100901572625657 -9.132908290916141 -9.159240611007947 -9.184156224583784 -9.21075092887024 -9.225003811931106 -9.254330462377872 -9.285774400751 -9.297321791491502 -9.306161759674637 -9.327469271549866 -9.335193247567574 -9.353441054893649 -9.371255922264568 -9.39823631467782 -9.408857842702295 -9.428732840431811 -9.442596406281531 -9.465338713415933 -9.475662550956532 -9.484602649693892 -9.508349445760988 -9.539646348379943 -9.551229199720641 -9.562630994294278 -9.581283846965887 -9.612404381818124 -9.636524533982481 -9.654900099266385 -9.674190432476715 -9.687749067575513 -9.70497536229053 -9.726751383041213 -9.74202608794833 -9.75314303747072 -9.781896993466832 -9.797451824758163 -9.820197930433276 -9.849006409245888 -9.872909804135801
100
 -3.0759940198105085 -3.888202029608697 -4.470009625266755 -4.860263378500928 -5.240669129613704 -5.552728427834316 -5.748237508693399 -6.0066792887022755 -6.175487900396689 -6.344292150839229 -6.413406227309755 -6.568763920294732 -6.730363219979178 -6.820895418923207 -6.963296006583693 -7.083484358199894 -7.177360176366701 -7.278461516276936 -7.375293367029503 -7.440918251793836 -7.529846957398953 -7.6187076376271925 -7.664394547053718 -7.743401232524417 -7.796223156840715 -7.842553718061792 -7.88939928328388 -7.933734427841492 -7.969509838037843 -8.015895502230675 -8.060166280698981 -8.103192366189644 -8.138139654709095 -8.179954632135678 -8.207328516388014 -8.241518770409463 -8.285374086960308 -8.33134524577578 -8.357216585299726 -8.379253400647714 -8.425948430486116 -8.46029480668653 -8.489489465094525 -8.528121060813074 -8.554254465924204 -8.590168801375539 -8.619036819090148 -8.65827527250276 -8.695330172828506 -8.718143088201446 -8.749678273527575 -8.781248598679777 -8.811681310330405 -8.84800459895394 -8.889671067694328 -8.925297075896799 -8.954660864257514 -8.974178682256133 -8.99714809671499 -9.033723419329165 -9.055490372420724 -9.08961918314772 -9.115242570840858 -9.144445047734154 -9.16934270390687 -9.186156110996293 -9.21459946969086 -9.244718426668312 -9.258584763196403 -9.268064011470672 -9.289165518719594 -9.300228725856178 -9.32238520228892 -9.337391569867707 -9.367650137553811 -9.37847350875094 -9.399248705608791 -9.411944283237359 -9.433288107868533 -9.44163384792082 -9.450082643234461 -9.473653538648128 -9.506280895747775 -9.517544362386186 -9.527494920236391 -9.548099903167067 -9.580744195732175 -9.602748496641695 -9.622862466256237 -9.642875092541875 -9.657197408763261 -9.676583889984574 -9.698172187218468 -9.710341584797854 -9.721560010367572 -9.747914260100792 -9.762055807737692 -9.785269090637552 -9.809737414505824 -9.83133115682576
100
 -3.019894109299301 -3.7601763458970763 -4.27810141595358 -4.6724020652125136 -4.990095153166865 -5.319843516524158 -5.495165324313556 -5.640412648548554 -5.806821214909246 -6.0371560933345565 -6.209183739352967 -6.373358889232214 -6.55395348051951 -6.669297356152808 -6.814628688293295 -6.962387303530269 -7.047892038807512 -7.146988352984805 -7.245371238367445 -7.330332410807867 -7.42490514047152 -7.515120230103185 -7.5670618733201875 -7.649439483455696 -7.707649530174548 -7.755694025168553 -7.811595883816369 -7.8627440906953225 -7.91090352542399 -7.96515804781136 -8.011720247251537 -8.049055379724354 -8.086092272334753 -8.137782116892224 -8.163063475799937 -8.194637795829292 -8.240479083831717 -8.287037309512616 -8.315690914918473 -8.33811804072189 -8.384645911834513 -8.422517746978865 -8.451407825147598 -8.494540096206215 -8.519794164996284 -8.558393536637594 -8.588310328951753 -8.629892292394052 -8.664372037292434 -8.68698697353853 -8.718761201040088 -8.749349983671207 -8.780359707720171 -8.817799508037671 -8.85919170746257 -8.889624087838872 -8.92295028281121 -8.945134077879413 -8.970261545955813 -9.00562667818617 -9.02708800518645 -9.059858213693044 -9.08529728039265 -9.11277293151427 -9.137933954031544 -9.154542801552749 -9.185202459475354 -9.21372984433081 -9.228564476870922 -9.235999840754712 -9.25922396491312 -9.271321762995314 -9.290513920157881 -9.307789510082918 -9.336855334727899 -9.347124838528657 -9.367970090664452 -9.380445507175638 -9.403284786871543 -9.413812946419377 -9.422689437631005 -9.447934954424463 -9.480561570372704 -9.490843534584801 -9.50056040805944 -9.519572510822309 -9.554178295250312 -9.575932459148406 -9.593754396511624 -9.612711856794679 -9.625154639291512 -9.644675295534187 -9.665261554197032 -9.679475841788069 -9.690234972971497 -9.721576818947801 -9.73788542502544 -9.762258914600181 -9.791994647433132 -9.815698277748414
100
 -3.071151444802081 -3.8710811328195924 -4.31303146701548 -4.752044190600426 -5.095139259748134 -5.343651669178887 -5.488811446671246 -5.699541070019221 -5.871007991689632 -6.0824931660027195 -6.215181812847549 -6.4084431520125165 -6.5734007808726105 -6.698165936088083 -6.829551966201339 -6.958748832055435 -7.0426412053110825 -7.147515802796705 -7.232238124571545 -7.31665286493795 -7.409264450991192 -7.4983840655763565 -7.551216798749373 -7.636716637869341 -7.695073881919633 -7.745732586148741 -7.803306108882378 -7.853696240304885 -7.902102661071977 -7.955799893695958 -8.008285267905435 -8.04968132783499 -8.08808051305908 -8.133432840565403 -8.16450416301575 -8.195038638004375 -8.23518873604015 -8.278236406979968 -8.306594795034608 -8.329125430106977 -8.373116028002798 -8.408441349142358 -8.441381938087494 -8.484270853641222 -8.508656085091193 -8.547922532139028 -8.576857594736403 -8.611528180935734 -8.645070623041148 -8.672360665424865 -8.704824210137605 -8.733637861112282 -8.76490084201244 -8.802674071762464 -8.844722929208906 -8.883428860538162 -8.915115237972573 -8.933297537429713 -8.960015946073502 -8.994527512900024 -9.015888998003817 -9.050894649577284 -9.07423307248359 -9.098053004842601 -9.124381252304202 -9.145996141187991 -9.175000293985756 -9.205998645068663 -9.21752234268695 -9.226049104593429 -9.247241326802374 -9.25734523129043 -9.282479693940534 -9.297577324196194 -9.327444195812317 -9.337789815746804 -9.357963116607184 -9.371250403518626 -9.393497650277807 -9.402843962782708 -9.412640826627719 -9.436371275496478 -9.465926428274773 -9.4777137760539 -9.4881899684356 -9.509533901543765 -9.543138926502477 -9.56693529993283 -9.585493823729763 -9.60464202340057 -9.618928072782163 -9.638381044790137 -9.658556545268311 -9.672385102721098 -9.681713469607418 -9.710156785198846 -9.72633834988891 -9.755974423013596 -9.783330313066173 -9.804890505042124
100
 -3.0059297581413005 -3.7913851685138025 -4.320065077310086 -4.695476770472012 -5.026123798823692 -5.309901595019779 -5.575095554689508 -5.750745436474505 -5.92428357475106 -6.177610191735109 -6.33695233139357 -6.521697148237284 -6.684980004907653 -6.806755387386217 -6.937362081045693 -7.0719022576605015 -7.145575908286041 -7.229716308383672 -7.320116555603942 -7.401165516913164 -7.485879470408427 -7.581294182016023 -7.620314103489957 -7.710472928956172 -7.771963183964718 -7.818085972183813 -7.871837298556293 -7.924072919616726 -7.972293242474998 -8.020452679006008 -8.072718737312904 -8.113093577452043 -8.147170692882481 -8.188795407813457 -8.217942528979309 -8.249598831140403 -8.292139651804716 -8.339415435904424 -8.362983989059106 -8.38420540812793 -8.431652526850637 -8.463846947616867 -8.494477233720145 -8.5346100543542 -8.560947678421941 -8.597800978519677 -8.624552635262148 -8.661828343948233 -8.69652742019511 -8.7201137211856 -8.752780646250903 -8.783106998996393 -8.813524264125025 -8.847510738453149 -8.887715856052246 -8.920989437172791 -8.95276184924779 -8.973553728062525 -9.00058116669812 -9.035471915921207 -9.056717671987 -9.090635223936081 -9.117016767643102 -9.141339178668371 -9.168254065108021 -9.184031004925176 -9.213087584558338 -9.242861004827063 -9.257598791993052 -9.267970756809094 -9.29021768619866 -9.300511496995753 -9.32087565669697 -9.33695565191575 -9.363958954815748 -9.37630377897215 -9.398270076592384 -9.411934659421522 -9.433692801559124 -9.44261157696494 -9.451731127857347 -9.475585554956181 -9.505120158804397 -9.514212505669786 -9.523691055113746 -9.541746002952996 -9.571842634433409 -9.594819534161076 -9.615246295834131 -9.635960535808344 -9.648986159365261 -9.669467915553048 -9.690721819750763 -9.704962647636426 -9.715114164862497 -9.743750467160247 -9.760616106491995 -9.78602219293979 -9.81358873205109 -9.836517538877228
100
 -3.050924696234954 -3.7954181673293577 -4.329766635927071 -4.68480433371773 -5.043861935280914 -5.358707373017147 -5.6506758922880636 -5.820047311189913 -6.038864760962083 -6.265396707361718 -6.338141409420957 -6.496112274710722 -6.654262157727488 -6.738806265134316 -6.8927484100016345 -7.009375945534362 -7.094860980545534 -7.195859495048926 -7.27596112137005 -7.366446852264791 -7.455430789705546 -7.550178451155833 -7.6018066316224475 -7.677041837291555 -7.736814556353532 -7.786598849980948 -7.84660995744492 -7.893653314496757 -7.943768542863222 -7.994137167626023 -8.041837208798542 -8.086516656404516 -8.126254180120531 -8.16904598582104 -8.196858783357627 -8.233646435152071 -8.279714772257067 -8.327972803495449 -8.352670909205138 -8.369265300885349 -8.414647736618749 -8.44907021371234 -8.476969844167252 -8.51770428199107 -8.541351447538217 -8.580635275186552 -8.60592285324213 -8.6443944881924 -8.678802890627873 -8.701517033615577 -8.731572240102642 -8.762071643799098 -8.790900922423598 -8.829753185215905 -8.87228814111998 -8.908354529084972 -8.93621939303492 -8.956750397511506 -8.980166189617467 -9.018583628199407 -9.040801239191676 -9.071553966534392 -9.099058305263235 -9.128492720823658 -9.156527913565524 -9.173013563330448 -9.202366215720806 -9.234220095755722 -9.247675035804404 -9.25735499837406 -9.28017581134946 -9.292814949045711 -9.311557628184696 -9.33062798101636 -9.3586569427395 -9.369874369002936 -9.390343004818169 -9.40321284057511 -9.425100713731828 -9.433881434347288 -9.441988288337154 -9.465813684832506 -9.496661233483524 -9.507074938881303 -9.517223448713638 -9.534788513405895 -9.566569361059148 -9.588351229973057 -9.607521416146925 -9.627086498907659 -9.63968021634353 -9.658797711966002 -9.681018401335802 -9.695110355969385 -9.704466462372999 -9.735890186076825 -9.751762414004897 -9.777468354241542 -9.806284626015108 -9.83069223104097
100
 -2.868940205018566 -3.7205041748596797 -4.284228834109483 -4.773479732756496 -5.103501735766036 -5.44967605812116 -5.708590146191732 -5.860672215813791 -6.023268854847906 -6.218522240831425 -6.373339938207012 -6.542802776240302 -6.712578704576977 -6.807645654840728 -6.943906037871226 -7.071030324539167 -7.146254633582838 -7.236399585612764 -7.327870843125557 -7.401844333127952 -7.488137131953875 -7.574898859488679 -7.618689341703746 -7.6943784923377585 -7.746992112447802 -7.791148515908509 -7.844085573006694 -7.906322466243874 -7.953674710498931 -8.001140736394632 -8.049877835023954 -8.096010967035028 -8.133747503730607 -8.17960765664067 -8.211412660517073 -8.243533199115811 -8.280109030906498 -8.329202370132746 -8.358713818885038 -8.380441546738131 -8.42507483289796 -8.457670554864759 -8.484392721392028 -8.528303079568497 -8.550355061968505 -8.589080162846335 -8.614681021133288 -8.652059973735861 -8.68662284033105 -8.711779448230143 -8.746366702134855 -8.777149001709466 -8.80698608120629 -8.84632860522565 -8.887997962396737 -8.928653309761957 -8.960811204630179 -8.976057395542584 -8.99790612104564 -9.033509149441732 -9.052554778125016 -9.08583958451709 -9.111253968066595 -9.13853402697136 -9.165196246364765 -9.18554970872808 -9.216139438451942 -9.248835437189044 -9.260333967223126 -9.267292976437387 -9.289609355213232 -9.298996479331816 -9.32169003074154 -9.337385392697433 -9.365695491947841 -9.37438619344283 -9.395365744796825 -9.404350833703369 -9.426368304723177 -9.433864717261805 -9.44286092113744 -9.467547217944121 -9.500503873224757 -9.515469598371425 -9.52528286576203 -9.547720924054452 -9.582718364161238 -9.607076665455228 -9.625479828902652 -9.644142117824025 -9.66002266814373 -9.67750702228713 -9.698488909113708 -9.713109731844414 -9.721733641399997 -9.752308184282287 -9.767323338956004 -9.79603107492093 -9.822415067111931 -9.845842498802131
100
 -3.0596509493611896 -3.8261876790779277 -4.374264183428709 -4.815657834316272 -5.158009958525738 -5.455229023783668 -5.618283930884086 -5.816048569602228 -5.9865018633003215 -6.190362019118904 -6.3332160741345165 -6.512080897684471 -6.652494964862623 -6.778539173625887 -6.920687943539629 -7.0421243218744545 -7.128282250811182 -7.2204111359060885 -7.311995096951001 -7.386388245380307 -7.466012280980123 -7.558977688123469 -7.608618391787818 -7.690330843546879 -7.746487673990394 -7.789041952234918 -7.8438074323319835 -7.892945012896467 -7.939673660108907 -7.987508691354944 -8.031294863378804 -8.069599525778935 -8.105646557089198 -8.1497778942059 -8.180209763234245 -8.213113192499637 -8.256411430021256 -8.30177321876457 -8.330183268135388 -8.362916926766978 -8.404721574616042 -8.439342940917959 -8.465370374063994 -8.509133059709471 -8.530118642907777 -8.565850551458144 -8.590605442117143 -8.62351567799126 -8.657445445047884 -8.68219109914455 -8.71428279955269 -8.746433982802202 -8.77644680414058 -8.815210940697671 -8.858200823461484 -8.8942679811838 -8.921761444246616 -8.941973016546763 -8.96548982158211 -9.002878643300132 -9.024731280547943 -9.060057821162925 -9.086369626692834 -9.113410991560778 -9.14058522630419 -9.15619535325734 -9.18607532285647 -9.21774255939953 -9.232611099563837 -9.242282997435224 -9.264563102308983 -9.277274572412104 -9.292805241708553 -9.31058824095808 -9.338482331571829 -9.350226994138241 -9.37329583337502 -9.386246500843532 -9.406080388703863 -9.415008561755311 -9.423926276097237 -9.449876623013047 -9.478758152134045 -9.486097577548422 -9.49627971735365 -9.514547589126375 -9.544670227026348 -9.568356056686845 -9.586834064089802 -9.604968601846705 -9.619164308600581 -9.639802196521833 -9.661700279208356 -9.675852302832284 -9.685320833860397 -9.715241043699685 -9.73175290207806 -9.75854800961071 -9.785676875826018 -9.809116128722344
100
 -3.018192980274015 -3.772683882928102 -4.289370613458677 -4.72924018540421 -5.099122058044881 -5.314970712505661 -5.554754603924188 -5.760564753726557 -5.934597513718544 -6.158713925871097 -6.339216328772857 -6.507555840121493 -6.683010120227963 -6.796209842310539 -6.941688879720084 -7.074365581461014 -7.152900008822164 -7.259600171956861 -7.34992817364718 -7.44235895843781 -7.529991697565994 -7.622619957194023 -7.671094174438033 -7.7518932750787375 -7.805680857349842 -7.855331327290275 -7.906622204237202 -7.956770959077828 -7.998944088398436 -8.050810929465097 -8.096768554944513 -8.130046282409984 -8.168562442371512 -8.215934103361013 -8.234735050663836 -8.26728226901416 -8.311672446750263 -8.359806519813601 -8.389440881981667 -8.411592238446222 -8.458822961448895 -8.496397841666472 -8.523227658932207 -8.56605708681721 -8.591719112346315 -8.62855838579626 -8.656153430952534 -8.694461575009703 -8.729380776752306 -8.75220457009536 -8.783534743549792 -8.811820043419095 -8.841011890852968 -8.878315053202547 -8.921017196148195 -8.955337781899738 -8.984158458976793 -9.003743491234356 -9.028337452411714 -9.063564115014076 -9.082045504244483 -9.115687159890255 -9.141216579166723 -9.166598302462136 -9.190680863957486 -9.205647265024286 -9.233545498889306 -9.263459245881103 -9.27586106550957 -9.287814666312215 -9.30963099485921 -9.322121623801499 -9.341256735891632 -9.356958407352344 -9.382108176084177 -9.39231007698924 -9.412046999266384 -9.425057757303993 -9.446789116378294 -9.456133271377704 -9.465813206088418 -9.489558371499315 -9.519992695609766 -9.529368831848528 -9.53906662785348 -9.55852749823367 -9.590172694062682 -9.612981891125651 -9.632437278465657 -9.651951394048062 -9.665336933847698 -9.685184851618162 -9.704829224458424 -9.718511203573973 -9.728920483593408 -9.757256390694826 -9.77321186273355 -9.796705623968203 -9.824649900644456 -9.846954730766551
100
 -3.0583008938768255 -3.786372141969694 -4.3128173300259744 -4.767551154978453 -5.126664727742583 -5.369069960385648 -5.582286232526211 -5.816758616242419 -5.982772393253786 -6.200902181708572 -6.339001135719405 -6.497050499878515 -6.657876367830401 -6.767126586028441 -6.882051875876709 -7.001794478339075 -7.086745290308117 -7.183179266492516 -7.28123269935641 -7.376867181989179 -7.474116738111963 -7.565796374344084 -7.6211271971664525 -7.7017015411399825 -7.752414391465623 -7.800899490463692 -7.8559598473250665 -7.904448790010157 -7.949765713796931 -8.000682323753047 -8.049287734068038 -8.092685181793913 -8.13260235214376 -8.177309743884258 -8.205344529643245 -8.232978725141948 -8.274748150292313 -8.319847810408572 -8.348925516177767 -8.367746475424184 -8.41436677867018 -8.449872794945065 -8.483592203311124 -8.527152560066648 -8.551924164204575 -8.589233846396288 -8.615849739135884 -8.656969632422731 -8.693000504510877 -8.717836489930807 -8.746860432254445 -8.778111320201907 -8.804984077927196 -8.842344558038075 -8.884388266278561 -8.922602565903428 -8.95474843337033 -8.973000400512426 -8.997049298359899 -9.032070691657415 -9.052168328031001 -9.085866695437117 -9.111739102205757 -9.136959197772011 -9.160904447113886 -9.178475122712864 -9.206363449562843 -9.239671275273254 -9.25312175754681 -9.259151015577835 -9.282229553415407 -9.290997936258806 -9.311697710481626 -9.327048683271405 -9.35684094698727 -9.365757883094163 -9.386778986709025 -9.397932159417882 -9.418959061298198 -9.428075777252966 -9.437797016716642 -9.46395006372438 -9.496062268353162 -9.510307040109996 -9.520437179754769 -9.539210733133364 -9.574364790773444 -9.597600735281581 -9.61715943367137 -9.636293784933311 -9.648388927760578 -9.666978578728626 -9.687005468140635 -9.701602325007029 -9.711377202459165 -9.74192368042282 -9.756697495285373 -9.782734844323226 -9.811575720578245 -9.835617405135917
ADAPTDoubling
10
100
 -3.055021538207494 -3.828239593991818 -4.3656937523666 -4.789077386574911 -5.184846364739041 -5.501610457380021 -5.689657954594804 -5.932402428140935 -6.145326598471187 -6.25782899456968 -6.386628816645903 -6.493109955985013 -6.621536630437849 -6.72981623451126 -6.808943908223957 -6.895259410237147 -6.975088523700122 -7.052900633290423 -7.14273084186183 -7.199866592502196 -7.227602719929609 -7.270990911080829 -7.30847919633837 -7.360536261620338 -7.416219859613138 -7.472724513870867 -7.5314016938162265 -7.582943010040703 -7.627354110236029 -7.669579642931309 -7.717030687906855 -7.767173897922724 -7.785210127815777 -7.83767947947778 -7.874836650046301 -7.9086558895655745 -7.941385298009903 -7.983296878095527 -8.000927954724105 -8.040007816450553 -8.065997777541316 -8.098769594458298 -8.129785605001702 -8.157265778848073 -8.181944809694844 -8.201312689099176 -8.234944862192169 -8.26330770661078 -8.281672696239857 -8.3143579713298 -8.346793288406348 -8.3732073602922 -8.403854192251021 -8.421824106830222 -8.438934757511202 -8.451515430796983 -8.474204444623812 -8.489391564847507 -8.51879099971169 -8.546020252210589 -8.559279560749118 -8.577099108275641 -8.604647654552092 -8.627461474739727 -8.64634792182167 -8.674116533072308 -8.700861689712251 -8.728342506756457 -8.746207899192255 -8.76804004546603 -8.79181254500268 -8.812986597434257 -8.833663794580014 -8.859522663844302 -8.883146240350989 -8.899410573594515 -8.914185254257204 -8.92561687385579 -8.938046774306965 -8.949035632929771 -8.963359926632904 -8.970934456632754 -8.988246542548163 -9.002619895578416 -9.018401595357895 -9.031319775413005 -9.03931076732586 -9.04837402296889 -9.067210744874378 -9.07434620606856 -9.085000374370386 -9.09521723964444 -9.110739080012785 -9.121040406780287 -9.132004326062702 -9.13835186889793 -9.145329670341988 -9.164120353212729 -9.176116209081606 -9.189161428902356
100
 -2.9936398836962304 -3.7891661886070835 -4.2600601999460865 -4.674053336298075 -5.031775958746336 -5.330393729927297 -5.58525136036506 -5.8399603323297224 -6.050414962366266 -6.258453599648686 -6.385260153642952 -6.49978779371574 -6.619508933554364 -6.713013940991605 -6.791578020902079 -6.9004896593879845 -7.011518608748914 -7.087602868265876 -7.17324144873314 -7.2271635618657255 -7.269203631149203 -7.316400817430092 -7.370182558640897 -7.42338285027794 -7.463097724964207 -7.518243517116677 -7.571442566846569 -7.616966623574224 -7.672685679184894 -7.728927691020201 -7.778907903678309 -7.835163159467264 -7.8664213504909135 -7.924933280502552 -7.9450520532125095 -7.987519179811688 -8.031905819193442 -8.052034195851698 -8.093338283674445 -8.119754853270344 -8.155637019339274 -8.182821320547587 -8.21013992953964 -8.239130194817877 -8.272010337822783 -8.285434134482148 -8.2821494038628 -8.308755182476817 -8.326426459363898 -8.35885359897046 -8.382044734224968 -8.412262122604051 -8.430299570947078 -8.455397672558114 -8.48289165163286 -8.516348581689824 -8.530823684672448 -8.551620605910076 -8.576283504441415 -8.598018942421964 -8.627878129089735 -8.651233402036235 -8.674415165384872 -8.70110692559786 -8.719894386385302 -8.745264480889706 -8.749130285434138 -8.77131320379443 -8.785471198888903 -8.812074052354196 -8.832925965088188 -8.853982591176814 -8.868216257975792 -8.884264472624592 -8.903576020788154 -8.91820872230736 -8.933592980917497 -8.953484271042779 -8.960905933537196 -8.978449883300799 -8.98916835540472 -8.999303083447822 -9.010038425989434 -9.027348980196528 -9.045287519838286 -9.057214705085615 -9.068160577803493 -9.080009527571837 -9.093199182091217 -9.101548581072322 -9.112822756750692 -9.122993087285513 -9.133616879736572 -9.147630424253798 -9.153736451468397 -9.165525502371187 -9.18424022772435 -9.198892050314182 -9.213308688269992 -9.219039677699454
100
 -3.0184397238115612 -3.74471573181173 -4.260744832168182 -4.7077965733766955 -5.035920708612516 -5.305688367595467 -5.4990693988768475 -5.757539315989625 -5.937808682046349 -6.095303934223241 -6.206112707618562 -6.329521659131119 -6.4109562182949595 -6.536080321901951 -6.655467619834256 -6.76546916750282 -6.857362860883915 -6.946623581029806 -7.019797341086773 -7.07070307199296 -7.143973772598934 -7.194330501560556 -7.238187541858189 -7.280207272687019 -7.329778279182421 -7.377386455414813 -7.42341081541267 -7.475008408403711 -7.524964320285471 -7.581963938185293 -7.627349384761399 -7.651493516482976 -7.6949819161100566 -7.738953672883991 -7.781598093098189 -7.82672446803005 -7.879115804718297 -7.9244562498496185 -7.962664682163607 -7.988404520421183 -8.017129779095763 -8.046500690888067 -8.091613862136642 -8.12207364433859 -8.145464433398567 -8.174127875308859 -8.202214286401182 -8.224923756933197 -8.250905024453102 -8.270507301567653 -8.296938411382145 -8.32596427609623 -8.352618057983777 -8.369428012621295 -8.398335179463269 -8.421656964574717 -8.434020723890479 -8.464088837456316 -8.485969885905208 -8.501514364804818 -8.523534435944331 -8.550966644422399 -8.572847406090663 -8.58231662153641 -8.603217903046517 -8.630546651996548 -8.659320574728007 -8.678257487231459 -8.697927795056682 -8.719723888419495 -8.736605088380383 -8.759024399271693 -8.782919060909471 -8.802303346702427 -8.817635962751838 -8.838338573942018 -8.85115414884207 -8.869024936878896 -8.881710429061762 -8.895029545588155 -8.901380056544877 -8.913743773776844 -8.92615686881985 -8.929851744475213 -8.938611141084172 -8.952248904748815 -8.972304654644928 -8.981175554040417 -8.992610889029516 -8.99650538200411 -9.012120778311022 -9.027796139450237 -9.049364574206493 -9.06012446461404 -9.07455245097178 -9.094044261176192 -9.104069467016608 -9.115550346899113 -9.136086760037864 -9.143440106065048
100
 -2.9917077211109318 -3.8144824616744804 -4.330681143621984 -4.711612332015535 -5.044296139739708 -5.337929639132096 -5.6271779120651235 -5.886705765583231 -6.0688161530396165 -6.24294216042496 -6.387521808039832 -6.5181535678616225 -6.641365295158922 -6.730134680339377 -6.787966359874548 -6.857284898583262 -6.96661816094761 -7.064664268288933 -7.143762695226087 -7.190906825410714 -7.231104969820491 -7.286160003470364 -7.301830256311513 -7.346333387119606 -7.392513354238799 -7.436615902239011 -7.487698859480521 -7.534396549407503 -7.572563130111719 -7.625488958782749 -7.665263156915497 -7.709603729104395 -7.755593535693776 -7.799962022953855 -7.840134793517395 -7.854288788293568 -7.896340499521075 -7.924318805049144 -7.955636611678754 -7.990882910005595 -8.018078124801917 -8.036857485742681 -8.055154093457364 -8.087434842690383 -8.115091462787847 -8.143426979554311 -8.162880999514472 -8.195387883660274 -8.214583964743737 -8.228686925716122 -8.25070748312385 -8.27567178527201 -8.309525224492543 -8.336437366801512 -8.36235742060365 -8.396019979369475 -8.421921881410825 -8.451575414976496 -8.46754149424705 -8.489206077843418 -8.510856832464082 -8.531566622423085 -8.549366720855359 -8.569927953594167 -8.590674514559383 -8.62752278803785 -8.64475079032602 -8.663439851466158 -8.683435083393318 -8.710588448163243 -8.737168656275879 -8.758185959591106 -8.781660586284826 -8.806089256001982 -8.830328175262181 -8.85366239500816 -8.869743575420388 -8.878058540349347 -8.89694518261453 -8.908923035979733 -8.927829925215422 -8.944629872543526 -8.958107843837603 -8.97382975109596 -8.986092741787878 -8.997513735472786 -9.003899936196277 -9.011642875697662 -9.022076244731299 -9.03766483489517 -9.049838692903622 -9.064512848783398 -9.074891286593521 -9.088607688354735 -9.104113677170545 -9.11180105918407 -9.126539169689769 -9.137282126175105 -9.157569046107149 -9.169087612174156
100
 -3.0477733195381265 -3.8298147799422453 -4.343073604475877 -4.78137923590358 -5.146062131609303 -5.447559770093734 -5.674460757154133 -5.827229630468867 -6.056104896133259 -6.231832820298553 -6.3642143011404295 -6.462597782611855 -6.569729564616537 -6.6839879412882635 -6.798781908135577 -6.899312409367284 -7.019060361189028 -7.0776613899915075 -7.178062849504671 -7.24362695523318 -7.285920324359318 -7.340165625505626 -7.3904574205179845 -7.443144567589032 -7.497526869948141 -7.543632406645781 -7.56431859105873 -7.606956887057789 -7.639592876454744 -7.687702386536925 -7.728504934888379 -7.768302629610531 -7.814587970522817 -7.861924686255693 -7.901778260438629 -7.94628564464218 -7.982822829664165 -8.016431083864836 -8.038271813776781 -8.062765920586683 -8.101713123865208 -8.127050268682625 -8.163171334914079 -8.173828095005868 -8.196593263575407 -8.223144246433337 -8.251066680879841 -8.270850072495207 -8.305032467796817 -8.336233508913718 -8.365391744131244 -8.39582061443177 -8.419774074929805 -8.449704597700999 -8.46755695138277 -8.491756005679207 -8.510984157294546 -8.546326581269522 -8.572839067041665 -8.600646840587157 -8.615697111682586 -8.642688888034083 -8.661206855226085 -8.68152642926861 -8.708473926742887 -8.73307316337193 -8.764991728829965 -8.786288842167476 -8.797572277033295 -8.826498349062168 -8.845334635651136 -8.874484832030998 -8.891989599414048 -8.912254415523627 -8.92517372375913 -8.936906826453843 -8.955053062254496 -8.965146052938287 -8.980373921726576 -8.996206872021355 -9.005032746128277 -9.018170000564336 -9.030354784058883 -9.043291987761148 -9.054961833196497 -9.067218831733843 -9.075608954617097 -9.08810613846267 -9.106793649230381 -9.12109948743336 -9.134915818781849 -9.147292591988405 -9.160782967602499 -9.170283134013973 -9.18622440464988 -9.200280933748978 -9.21451680976953 -9.23565448340772 -9.247478207709817 -9.257017027255257
100
 -2.9812642982557374 -3.775162356869292 -4.343957420517136 -4.792968413712655 -5.2152419991322105 -5.485564255834195 -5.6880730576087 -5.905826359045145 -6.134061880454514 -6.283605077320146 -6.38819040843529 -6.504265969044654 -6.60458738986778 -6.701804554335132 -6.783785267199743 -6.873966754876654 -6.971759135754243 -7.047987732379722 -7.136832292385879 -7.181181024563411 -7.232166298821079 -7.264874238801366 -7.2973538371339925 -7.332845860126415 -7.373857714133307 -7.420656672315954 -7.464040707188648 -7.5040813193662315 -7.5438801619865945 -7.579400223714322 -7.62976428587926 -7.669526775458556 -7.71009422984651 -7.754960550409347 -7.7881434820508115 -7.831828534729318 -7.867278392597279 -7.913624405812321 -7.938410982181463 -7.966440187659079 -7.992145278813032 -8.016307588595183 -8.039844755094855 -8.06223026628161 -8.098389613838526 -8.123836340466008 -8.140076909240507 -8.17219357611808 -8.189884129636727 -8.20884154948546 -8.24049928296575 -8.2701773208672 -8.286531345854252 -8.319704978158102 -8.342904973089551 -8.369086271429213 -8.391646933059079 -8.422931152955181 -8.44766008193365 -8.481040936918143 -8.498503778221881 -8.522865252976736 -8.53951120485706 -8.556639652685645 -8.580541653063078 -8.60525084075593 -8.632400665316215 -8.662916725415801 -8.68999142323767 -8.712029819302499 -8.74186182638181 -8.762496277719404 -8.790034871604746 -8.809223064967433 -8.829310023605622 -8.851580292659587 -8.873343400245437 -8.88895584591122 -8.902653121478782 -8.912727455752355 -8.920661425888753 -8.93320128953558 -8.946705786942974 -8.965969397255655 -8.981121042597147 -8.996416865860704 -9.004986839939658 -9.016869220108417 -9.026806971600491 -9.040320135074229 -9.054992020915316 -9.068238403177448 -9.079436440320379 -9.091539241827457 -9.102101145384363 -9.117240400535078 -9.128317922794654 -9.136607284613525 -9.145121755264809 -9.161736143111549
100
 -3.011810004532273 -3.784022368736251 -4.309844909191696 -4.748800846735041 -5.104546691971754 -5.445945100005227 -5.681974005264726 -5.87894177641251 -6.037686670557587 -6.214180153313947 -6.355292564375259 -6.470128386934361 -6.603500438544053 -6.652116833528011 -6.76079209797138 -6.832413248878203 -6.945720388998511 -7.032700852843327 -7.115895724674146 -7.166482025403388 -7.210150929895729 -7.2605060901616305 -7.3136708468137055 -7.372395254681513 -7.416259477933815 -7.471617835226447 -7.5214405203475225 -7.552334780695698 -7.5886625322915835 -7.620111553040651 -7.6727820796364075 -7.72203249635668 -7.748012830818106 -7.791055354277589 -7.837378544045032 -7.8916550879377 -7.928848843428046 -7.989207235736901 -8.029270092291602 -8.055206650545829 -8.084431282354103 -8.123712634386228 -8.154083713122043 -8.185283087344077 -8.217657313479776 -8.251207235560658 -8.28140004040869 -8.307711216239522 -8.33277609306972 -8.366618204430633 -8.399026215832034 -8.431103852763115 -8.45800315101015 -8.491143350462758 -8.517686006495135 -8.542261585335737 -8.575803712417192 -8.589758865211007 -8.612019508520818 -8.637958029464437 -8.657396174339816 -8.672795369706808 -8.70249199278546 -8.728759425722304 -8.744746877399567 -8.763221752908983 -8.776505495458196 -8.801709921655434 -8.822798026218466 -8.849074119913448 -8.866681605880506 -8.887906317056116 -8.904642351348585 -8.92877091633221 -8.950687109054362 -8.975619275570253 -8.981797932449497 -9.00008857309552 -9.02034494445552 -9.030379712845146 -9.046063408697377 -9.058688962357534 -9.072651356545503 -9.084862475868967 -9.100250291680846 -9.115275435652013 -9.121873782169061 -9.132268230375972 -9.145622931937382 -9.158207242228862 -9.16408397795423 -9.178272864884793 -9.192610274510535 -9.203066112687901 -9.210312246606247 -9.217861168663925 -9.229137562584365 -9.239110249163012 -9.24845755380742 -9.252330256553522
100
 -2.920637583138693 -3.8360321155240316 -4.402023756095996 -4.781736206423143 -5.093989694082276 -5.408786122899007 -5.6308208560895885 -5.867058813836607 -6.046721719700839 -6.22568789584357 -6.357903823429013 -6.47899899467857 -6.548564327908736 -6.686060336520337 -6.806803595902988 -6.899189538476009 -6.9993690969097955 -7.07227215655907 -7.156343661658547 -7.214653977950961 -7.27559995449388 -7.324972301279118 -7.376040036921649 -7.412930162471089 -7.4623350865782525 -7.514756155652443 -7.551474227386694 -7.60197209399936 -7.633621694571088 -7.669056769684323 -7.696627066672609 -7.746445451877411 -7.776749867326207 -7.804294765984983 -7.836672409098284 -7.878914099302376 -7.917174294661754 -7.950595545875247 -7.9673232630792 -7.983214715335268 -7.993562698052321 -8.037834157792744 -8.06470831392487 -8.089596991810348 -8.11627348883236 -8.135187549211034 -8.150176786391782 -8.179938063578298 -8.1948439192618 -8.216284844697979 -8.235174293594419 -8.258749015823957 -8.288003717171017 -8.307600457160795 -8.332976684832104 -8.352768157868024 -8.371663159711744 -8.400742781519046 -8.412525446886868 -8.435573761500153 -8.451544787670684 -8.469986173772957 -8.488891684492689 -8.504483314016914 -8.519829786347705 -8.53886794543457 -8.575811303883446 -8.59613710607796 -8.61091323619609 -8.63250113727036 -8.651198167993364 -8.679049862180818 -8.700281269604792 -8.718549409799282 -8.737970684807046 -8.750915509422114 -8.765802996836735 -8.772005618964915 -8.793160143561423 -8.805625794528819 -8.81326861521291 -8.822757880383207 -8.831527076432273 -8.836577095384369 -8.852118394192951 -8.857909223975001 -8.869975513284004 -8.8740713700234 -8.878553608380624 -8.886581133812797 -8.89409407643639 -8.905497260022956 -8.932312869627944 -8.950811009176453 -8.96397299221793 -8.984463810883403 -8.997932088999145 -9.012414112111646 -9.019308108850245 -9.033566946489966
100
 -3.0493655449991377 -3.8757580220675667 -4.379916135932856 -4.819105100248278 -5.12273363777273 -5.4078754181104784 -5.651105313640964 -5.895654052756702 -6.160071921011023 -6.319487154489728 -6.410376558401598 -6.525529914088834 -6.587334980979164 -6.690630288291979 -6.803488561062345 -6.898938705594068 -6.9878706022308466 -7.08149610124686 -7.155153201609815 -7.20751975385135 -7.249304787690926 -7.301292306468484 -7.337053259733882 -7.379680332223122 -7.420439115582331 -7.468314667664552 -7.5236077196833016 -7.562196678490548 -7.595917181234151 -7.639149466488621 -7.698052771485875 -7.745227979160538 -7.787762614304135 -7.828433410535733 -7.868573788227764 -7.909660680765861 -7.940262727173489 -7.979181811100466 -8.0076747820067 -8.034742933362757 -8.0541986957808 -8.069731999689688 -8.090129737369391 -8.111413719413214 -8.13103680926365 -8.154410292961618 -8.178270781700578 -8.199461089537634 -8.221870879163626 -8.245893800844676 -8.265356825437859 -8.285171936879793 -8.317066654195823 -8.339218483674053 -8.35601737928644 -8.378642716365087 -8.39406461939938 -8.411891078239222 -8.437174439192306 -8.453182583531433 -8.486700567028818 -8.50629240902314 -8.531550273017347 -8.554844552675496 -8.583559202298224 -8.604196346856472 -8.638971526148508 -8.662095942645921 -8.691570395166986 -8.713253927141402 -8.737304783381287 -8.760194879541475 -8.782780540166168 -8.810832151485902 -8.82766863042326 -8.841807275027577 -8.859701478832964 -8.882105927031407 -8.895729873583358 -8.907988760217014 -8.93138492221604 -8.945589458565964 -8.958799555842418 -8.976844955663605 -8.986011998186427 -8.996884577417182 -9.015675592678383 -9.032424587988887 -9.043805875016481 -9.05295111699078 -9.066574102575146 -9.075253717642786 -9.085990828662121 -9.096288525779316 -9.10696958831528 -9.128572286291918 -9.137674049715358 -9.154994775739599 -9.16481769754759 -9.177043867914053
100
 -3.0685231192913354 -3.8851678821810984 -4.446159101550677 -4.844223210027958 -5.10775553894206 -5.383107887678835 -5.578352964421174 -5.801318249142458 -6.021224654552127 -6.177514112235522 -6.3386870526175825 -6.479402518466313 -6.5984262520520165 -6.718278735614296 -6.810868311442196 -6.898639968795925 -6.999173156640667 -7.066789950998736 -7.156052986986338 -7.217414060856201 -7.280725051132332 -7.33529718318627 -7.376072403466679 -7.411659368860151 -7.463420539905148 -7.501165474574503 -7.543070500341435 -7.592388295010162 -7.63978428429949 -7.679071973195728 -7.721430716969364 -7.765919581515838 -7.809884931254464 -7.85025477303464 -7.902201725726984 -7.949815823182766 -7.982220245771973 -8.019553610373155 -8.017648340511778 -8.056206002579502 -8.082728878005529 -8.113610645346466 -8.140996081658809 -8.171146688019386 -8.19836606588762 -8.222339321995104 -8.245404045262182 -8.272871673368648 -8.290015020735357 -8.322981847688345 -8.353571436022236 -8.368535477991971 -8.386487481867865 -8.407467930420717 -8.431502711902017 -8.443707006852355 -8.468446182220884 -8.485617895908524 -8.515567176107629 -8.541765183885358 -8.568488491440876 -8.593790613717024 -8.61987074896414 -8.643946870270936 -8.664447622732677 -8.69490231588603 -8.721372250713307 -8.74379810656548 -8.769412608661929 -8.789113585392421 -8.817183329395068 -8.827282773351197 -8.85612591219257 -8.880623614562266 -8.902635277894273 -8.92469989819586 -8.934576910413744 -8.944550431655012 -8.956744772386626 -8.963467423001784 -8.972569063753848 -8.998366134094486 -9.00696327587599 -9.028817128414786 -9.0428141602462 -9.058536889462484 -9.07302685951376 -9.09305847024101 -9.105057401416232 -9.11926732998859 -9.132964551078011 -9.143547406744977 -9.157577326178718 -9.171368950472853 -9.179473088480242 -9.197341598548418 -9.211847353432878 -9.228730115156184 -9.246051985569443 -9.255139107127345
steps
10
100
 500 1000 1500 2000 2500 3000 3500 4000 4500 5000 5500 6000 6500 7000 7500 8000 8500 9000 9500 10000 10500 11000 11500 12000 12500 13000 13500 14000 14500 15000 15500 16000 16500 17000 17500 18000 18500 19000 19500 20000 20500 21000 21500 22000 22500 23000 23500 24000 24500 25000 25500 26000 26500 27000 27500 28000 28500 29000 29500 30000 30500 31000 31500 32000 32500 33000 33500 34000 34500 35000 35500 36000 36500 37000 37500 38000 38500 39000 39500 40000 40500 41000 41500 42000 42500 43000 43500 44000 44500 45000 45500 46000 46500 47000 47500 48000 48500 49000 49500 50000
100
 500 1000 1500 2000 2500 3000 3500 4000 4500 5000 5500 6000 6500 7000 7500 8000 8500 9000 9500 10000 10500 11000 11500 12000 12500 13000 13500 14000 14500 15000 15500 16000 16500 17000 17500 18000 18500 19000 19500 20000 20500 21000 21500 22000 22500 23000 23500 24000 24500 25000 25500 26000 26500 27000 27500 28000 28500 29000 29500 30000 30500 31000 31500 32000 32500 33000 33500 34000 34500 35000 35500 36000 36500 37000 37500 38000 38500 39000 39500 40000 40500 41000 41500 42000 42500 43000 43500 44000 44500 45000 45500 46000 46500 47000 47500 48000 48500 49000 49500 50000
100
 500 1000 1500 2000 2500 3000 3500 4000 4500 5000 5500 6000 6500 7000 7500 8000 8500 9000 9500 10000 10500 11000 11500 12000 12500 13000 13500 14000 14500 15000 15500 16000 16500 17000 17500 18000 18500 19000 19500 20000 20500 21000 21500 22000 22500 23000 23500 24000 24500 25000 25500 26000 26500 27000 27500 28000 28500 29000 29500 30000 30500 31000 31500 32000 32500 33000 33500 34000 34500 35000 35500 36000 36500 37000 37500 38000 38500 39000 39500 40000 40500 41000 41500 42000 42500 43000 43500 44000 44500 45000 45500 46000 46500 47000 47500 48000 48500 49000 49500 50000
100
 500 1000 1500 2000 2500 3000 3500 4000 4500 5000 5500 6000 6500 7000 7500 8000 8500 9000 9500 10000 10500 11000 11500 12000 12500 13000 13500 14000 14500 15000 15500 16000 16500 17000 17500 18000 18500 19000 19500 20000 20500 21000 21500 22000 22500 23000 23500 24000 24500 25000 25500 26000 26500 27000 27500 28000 28500 29000 29500 30000 30500 31000 31500 32000 32500 33000 33500 34000 34500 35000 35500 36000 36500 37000 37500 38000 38500 39000 39500 40000 40500 41000 41500 42000 42500 43000 43500 44000 44500 45000 45500 46000 46500 47000 47500 48000 48500 49000 49500 50000
100
 500 1000 1500 2000 2500 3000 3500 4000 4500 5000 5500 6000 6500 7000 7500 8000 8500 9000 9500 10000 10500 11000 11500 12000 12500 13000 13500 14000 14500 15000 15500 16000 16500 17000 17500 18000 18500 19000 19500 20000 20500 21000 21500 22000 22500 23000 23500 24000 24500 25000 25500 26000 26500 27000 27500 28000 28500 29000 29500 30000 30500 31000 31500 32000 32500 33000 33500 34000 34500 35000 35500 36000 36500 37000 37500 38000 38500 39000 39500 40000 40500 41000 41500 42000 42500 43000 43500 44000 44500 45000 45500 46000 46500 47000 47500 48000 48500 49000 49500 50000
100
 500 1000 1500 2000 2500 3000 3500 4000 4500 5000 5500 6000 6500 7000 7500 8000 8500 9000 9500 10000 10500 11000 11500 12000 12500 13000 13500 14000 14500 15000 15500 16000 16500 17000 17500 18000 18500 19000 19500 20000 20500 21000 21500 22000 22500 23000 23500 24000 24500 25000 25500 26000 26500 27000 27500 28000 28500 29000 29500 30000 30500 31000 31500 32000 32500 33000 33500 34000 34500 35000 35500 36000 36500 37000 37500 38000 38500 39000 39500 40000 40500 41000 41500 42000 42500 43000 43500 44000 44500 45000 45500 46000 46500 47000 47500 48000 48500 49000 49500 50000
100
 500 1000 1500 2000 2500 3000 3500 4000 4500 5000 5500 6000 6500 7000 7500 8000 8500 9000 9500 10000 10500 11000 11500 12000 12500 13000 13500 14000 14500 15000 15500 16000 16500 17000 17500 18000 18500 19000 19500 20000 20500 21000 21500 22000 22500 23000 23500 24000 24500 25000 25500 26000 26500 27000 27500 28000 28500 29000 29500 30000 30500 31000 31500 32000 32500 33000 33500 34000 34500 35000 35500 36000 36500 37000 37500 38000 38500 39000 39500 40000 40500 41000 41500 42000 42500 43000 43500 44000 44500 45000 45500 46000 46500 47000 47500 48000 48500 49000 49500 50000
100
 500 1000 1500 2000 2500 3000 3500 4000 4500 5000 5500 6000 6500 7000 7500 8000 8500 9000 9500 10000 10500 11000 11500 12000 12500 13000 13500 14000 14500 15000 15500 16000 16500 17000 17500 18000 18500 19000 19500 20000 20500 21000 21500 22000 22500 23000 23500 24000 24500 25000 25500 26000 26500 27000 27500 28000 28500 29000 29500 30000 30500 31000 31500 32000 32500 33000 33500 34000 34500 35000 35500 36000 36500 37000 37500 38000 38500 39000 39500 40000 40500 41000 41500 42000 42500 43000 43500 44000 44500 45000 45500 46000 46500 47000 47500 48000 48500 49000 49500 50000
100
 500 1000 1500 2000 2500 3000 3500 4000 4500 5000 5500 6000 6500 7000 7500 8000 8500 9000 9500 10000 10500 11000 11500 12000 12500 13000 13500 14000 14500 15000 15500 16000 16500 17000 17500 18000 18500 19000 19500 20000 20500 21000 21500 22000 22500 23000 23500 24000 24500 25000 25500 26000 26500 27000 27500 28000 28500 29000 29500 30000 30500 31000 31500 32000 32500 33000 33500 34000 34500 35000 35500 36000 36500 37000 37500 38000 38500 39000 39500 40000 40500 41000 41500 42000 42500 43000 43500 44000 44500 45000 45500 46000 46500 47000 47500 48000 48500 49000 49500 50000
100
 500 1000 1500 2000 2500 3000 3500 4000 4500 5000 5500 6000 6500 7000 7500 8000 8500 9000 9500 10000 10500 11000 11500 12000 12500 13000 13500 14000 14500 15000 15500 16000 16500 17000 17500 18000 18500 19000 19500 20000 20500 21000 21500 22000 22500 23000 23500 24000 24500 25000 25500 26000 26500 27000 27500 28000 28500 29000 29500 30000 30500 31000 31500 32000 32500 33000 33500 34000 34500 35000 35500 36000 36500 37000 37500 38000 38500 39000 39500 40000 40500 41000 41500 42000 42500 43000 43500 44000 44500 45000 45500 46000 46500 47000 47500 48000 48500 49000 49500 50000
