3
StreamingSVRG
5
101
 -1.5760416413822427 -2.855128943391954 -3.6505878332629593 -4.380739989782902 -4.5140744682472205 -5.101905147999294 -5.308180068099734 -5.308180068099734 -5.437601185284041 -6.114693828041728 -6.4190201136387754 -6.437371520884915 -6.437371520884915 -6.437371520884915 -6.437371520884915 -6.437371520884915 -6.765143641427986 -6.93831188605083 -6.804047089760248 -6.37604834676091 -7.440813614035844 -7.429656400988049 -7.429656400988049 -7.429656400988049 -7.429656400988049 -7.429656400988049 -7.429656400988049 -7.429656400988049 -7.429656400988049 -7.429656400988049 -7.429656400988049 -7.429656400988049 -7.429656400988049 -7.429656400988049 -7.429656400988049 -7.145046751080504 -7.691984959233351 -7.7175212854268995 -7.151207879235447 -7.684315490898057 -7.49486484253361 -8.357490865913041 -7.9586551379750246 -7.605047297177682 -8.601642014910883 -8.60124427891632 -8.60124427891632 -8.60124427891632 -8.60124427891632 -8.60124427891632 -8.60124427891632 -8.60124427891632 -8.60124427891632 -8.60124427891632 -8.60124427891632 -8.60124427891632 -8.60124427891632 -8.60124427891632 -8.60124427891632 -8.60124427891632 -8.60124427891632 -8.60124427891632 -8.60124427891632 -8.60124427891632 -8.60124427891632 -8.60124427891632 -8.60124427891632 -8.60124427891632 -8.60124427891632 -8.60124427891632 -8.60124427891632 -8.60124427891632 -8.60124427891632 -8.60124427891632 -8.60124427891632 -8.60124427891632 -8.60124427891632 -8.60124427891632 -8.60124427891632 -8.60124427891632 -8.60124427891632 -8.60124427891632 -8.60124427891632 -8.60124427891632 -8.60124427891632 -8.60124427891632 -8.60124427891632 -8.60124427891632 -8.60124427891632 -8.517835144100372 -8.700190117864292 -8.877275260113763 -8.927998830516547 -8.778799104531684 -8.778799104531684 -8.778799104531684 -8.778799104531684 -8.778799104531684 -8.778799104531684 -8.778799104531684 -8.778799104531684
101
 -1.5760416413822427 -2.8680011488379593 -3.723714487331411 -4.454377201845901 -4.820023494117426 -5.19180484223159 -5.224660835796932 -5.465218413385355 -5.640622159023451 -6.127907449970711 -6.177338850502008 -5.858704158820568 -6.611449333941169 -7.021555226132674 -6.82639993478551 -7.133545840716922 -7.608854207188196 -6.968104964490978 -7.383247957406526 -7.996318327036205 -8.207353939239903 -8.197543170467833 -8.197543170467833 -8.197543170467833 -8.197543170467833 -8.197543170467833 -8.100988923026762 -8.159414304841816 -7.713356933124829 -8.221569023372977 -8.25539858401788 -7.792843566013237 -8.886486800107692 -8.886486800107692 -8.886486800107692 -8.886486800107692 -8.886486800107692 -8.886486800107692 -8.886486800107692 -8.886486800107692 -8.886486800107692 -8.886486800107692 -8.886486800107692 -8.886486800107692 -8.886486800107692 -8.886486800107692 -8.886486800107692 -8.739501292166848 -8.594340942265758 -9.164621432606655 -8.700818651338254 -9.337036789995103 -8.487623052886537 -8.909533230798537 -7.886742722399699 -9.049429449602782 -7.491637277766575 -7.745639559939734 -9.392325035558402 -9.318863674746671 -9.318863674746671 -9.318863674746671 -9.318863674746671 -9.318863674746671 -9.318863674746671 -9.318863674746671 -9.318863674746671 -9.318863674746671 -9.318863674746671 -9.318863674746671 -9.318863674746671 -9.318863674746671 -9.318863674746671 -9.318863674746671 -9.318863674746671 -9.318863674746671 -9.318863674746671 -9.318863674746671 -9.318863674746671 -9.318863674746671 -9.318863674746671 -9.318863674746671 -9.318863674746671 -9.318863674746671 -9.318863674746671 -9.318863674746671 -9.318863674746671 -9.318863674746671 -9.318863674746671 -9.318863674746671 -9.318863674746671 -9.318863674746671 -9.318863674746671 -9.318863674746671 -9.318863674746671 -9.318863674746671 -9.318863674746671 -9.318863674746671 -9.318863674746671 -9.318863674746671 -9.318863674746671
101
 -1.5760416413822427 -2.748272464108727 -3.639830840366962 -4.008734769768965 -4.008734769768965 -4.636735783883647 -4.987793432555691 -5.188554523702768 -5.6508310511921795 -5.910365261880158 -6.111328956845885 -6.111328956845885 -6.111328956845885 -6.111328956845885 -6.111328956845885 -5.938571122754455 -6.444078785877675 -6.821335886684455 -6.675994331064571 -7.219716976886223 -7.483649072383432 -7.504772973568501 -7.37370237755964 -7.222151982060594 -7.780879229785058 -8.045867321563009 -7.849207587903125 -8.025625420693478 -8.025625420693478 -8.025625420693478 -8.025625420693478 -8.025625420693478 -8.025625420693478 -8.025625420693478 -8.025625420693478 -8.025625420693478 -8.025625420693478 -8.025625420693478 -8.025625420693478 -8.025625420693478 -8.025625420693478 -8.025625420693478 -7.974655385110206 -8.27137506824935 -8.245155926269417 -8.369376478476811 -8.130906324209693 -7.7724476793392645 -8.481256643739686 -8.625528534726213 -8.61275281610091 -8.61275281610091 -8.61275281610091 -8.61275281610091 -8.61275281610091 -8.61275281610091 -8.61275281610091 -8.61275281610091 -8.61275281610091 -8.61275281610091 -8.61275281610091 -8.61275281610091 -8.61275281610091 -8.61275281610091 -8.61275281610091 -8.61275281610091 -8.61275281610091 -8.61275281610091 -8.61275281610091 -8.61275281610091 -8.61275281610091 -8.61275281610091 -8.61275281610091 -8.61275281610091 -8.61275281610091 -8.61275281610091 -8.61275281610091 -8.61275281610091 -8.61275281610091 -8.61275281610091 -8.61275281610091 -8.61275281610091 -8.61275281610091 -8.61275281610091 -8.61275281610091 -8.61275281610091 -8.61275281610091 -8.61275281610091 -8.61275281610091 -8.61275281610091 -8.61275281610091 -8.61275281610091 -8.61275281610091 -9.000452739128495 -8.960180836461385 -9.010025823838983 -8.72356222977187 -9.248246514907063 -8.764966356995885 -8.478689849266223 -8.862294332871262
101
 -1.5760416413822427 -2.766323783150671 -3.6742284743844933 -4.237691661815475 -4.752065585166724 -5.151999338070629 -5.151999338070629 -5.19314695699098 -5.542487570955316 -5.5789913098754464 -5.5789913098754464 -5.5789913098754464 -5.5789913098754464 -5.5789913098754464 -5.756650152056578 -5.946823497193374 -6.136916390293991 -6.327150152788571 -6.6044661371526905 -6.363604799848943 -7.1796315545306655 -7.0706533333372406 -7.568088646059274 -7.6028506391888815 -7.700402506022261 -7.8987072601099575 -7.653270471162626 -8.15389781260055 -8.2446586720125 -8.2446586720125 -8.2446586720125 -8.2446586720125 -8.2446586720125 -8.2446586720125 -8.2446586720125 -8.2446586720125 -8.2446586720125 -8.2446586720125 -8.2446586720125 -8.2446586720125 -8.2446586720125 -8.2446586720125 -8.2446586720125 -8.122602659998849 -7.827757673798658 -8.823302330984902 -7.750555062070872 -8.620061624571711 -8.88567021354184 -8.75376053339289 -8.99570775501003 -8.155815016053182 -8.858096825172185 -8.745651065161889 -8.249178271261002 -8.810088659605624 -8.810088659605624 -8.810088659605624 -8.810088659605624 -8.810088659605624 -8.810088659605624 -8.810088659605624 -8.810088659605624 -8.810088659605624 -8.810088659605624 -8.810088659605624 -8.810088659605624 -8.810088659605624 -8.810088659605624 -8.810088659605624 -8.810088659605624 -8.810088659605624 -8.810088659605624 -8.810088659605624 -8.810088659605624 -8.810088659605624 -8.810088659605624 -8.810088659605624 -8.810088659605624 -8.810088659605624 -8.810088659605624 -8.810088659605624 -8.810088659605624 -8.810088659605624 -8.810088659605624 -8.810088659605624 -8.810088659605624 -8.810088659605624 -8.810088659605624 -8.810088659605624 -8.810088659605624 -8.810088659605624 -8.810088659605624 -8.810088659605624 -8.810088659605624 -8.810088659605624 -8.810088659605624 -8.810088659605624 -8.810088659605624 -8.659409862875028 -9.034498764078473
101
 -1.5760416413822427 -2.7468415117630363 -3.763642370268094 -4.391268674976139 -4.60113804113922 -5.2303791104144945 -5.481723797878381 -5.7091989797283915 -6.174528345214773 -6.4322447933710345 -6.143819090121852 -6.721726794997617 -6.476061752896985 -6.9959222021385115 -6.9959222021385115 -5.866923706472812 -7.310501835320564 -7.433300754805859 -7.3296559165186945 -7.719070808154299 -7.149090620116857 -7.717990688299802 -7.007670950377098 -8.14855016281717 -8.14855016281717 -8.14855016281717 -8.14855016281717 -8.14855016281717 -8.128653481770904 -8.128653481770904 -8.128653481770904 -8.128653481770904 -8.128653481770904 -8.128653481770904 -8.128653481770904 -8.128653481770904 -8.128653481770904 -8.128653481770904 -8.128653481770904 -8.128653481770904 -8.128653481770904 -8.128653481770904 -8.128653481770904 -7.721869196657383 -6.776200633565027 -8.750547690468691 -7.772282878070747 -8.179071692424033 -8.775158169904666 -8.582424100920546 -8.834140011936185 -8.834140011936185 -8.834140011936185 -8.834140011936185 -8.834140011936185 -8.834140011936185 -8.834140011936185 -8.834140011936185 -8.834140011936185 -8.834140011936185 -8.834140011936185 -8.834140011936185 -8.834140011936185 -8.834140011936185 -8.834140011936185 -8.834140011936185 -8.834140011936185 -8.834140011936185 -8.834140011936185 -8.834140011936185 -8.834140011936185 -8.834140011936185 -8.834140011936185 -8.834140011936185 -8.834140011936185 -8.834140011936185 -8.834140011936185 -8.834140011936185 -8.834140011936185 -8.834140011936185 -8.834140011936185 -8.834140011936185 -8.834140011936185 -8.834140011936185 -8.834140011936185 -8.834140011936185 -8.834140011936185 -8.834140011936185 -8.834140011936185 -8.834140011936185 -8.834140011936185 -8.834140011936185 -8.834140011936185 -8.834140011936185 -8.5978288308732 -8.31915691798647 -9.061712296321703 -9.686206571752345 -9.290324553465322 -8.675060088328888 -9.192639104177301
MainSSVRG
5
101
 -1.5760416413822427 -2.903545437702731 -3.436573547225291 -3.436573547225291 -4.038306573155191 -4.535990323748988 -4.959669998262164 -5.2187484344782895 -5.416992844828307 -5.630373918998929 -5.920192651582712 -5.822076918734482 -5.822076918734482 -5.822076918734482 -5.822076918734482 -5.822076918734482 -6.228646408628124 -6.485961342031434 -6.688489893812459 -6.893552551646796 -6.9652055220503675 -6.9652055220503675 -6.9652055220503675 -6.9652055220503675 -6.9652055220503675 -6.9652055220503675 -6.9652055220503675 -6.9652055220503675 -6.9652055220503675 -6.9652055220503675 -6.9652055220503675 -6.9652055220503675 -6.9652055220503675 -6.9652055220503675 -6.966569089115448 -7.217474208542575 -7.431614843478855 -7.622694205901867 -7.787165391460018 -7.969773670403606 -8.138907557147858 -8.290148036223489 -8.413332754598267 -8.474549793673727 -8.474549793673727 -8.474549793673727 -8.474549793673727 -8.474549793673727 -8.474549793673727 -8.474549793673727 -8.474549793673727 -8.474549793673727 -8.474549793673727 -8.474549793673727 -8.474549793673727 -8.474549793673727 -8.474549793673727 -8.474549793673727 -8.474549793673727 -8.474549793673727 -8.474549793673727 -8.474549793673727 -8.474549793673727 -8.474549793673727 -8.474549793673727 -8.474549793673727 -8.474549793673727 -8.474549793673727 -8.474549793673727 -8.474549793673727 -8.474549793673727 -8.474549793673727 -8.474549793673727 -8.474549793673727 -8.474549793673727 -8.474549793673727 -8.474549793673727 -8.474549793673727 -8.474549793673727 -8.474549793673727 -8.474549793673727 -8.474549793673727 -8.474549793673727 -8.474549793673727 -8.474549793673727 -8.474549793673727 -8.474549793673727 -8.691442670345708 -8.922771328562163 -9.110645643628688 -9.312044510553381 -9.47959706145816 -9.630849377125887 -9.732412481030883 -9.882842487140199 -9.946763007667055 -10.078419711300729 -10.197450587759187 -10.197450587759187 -10.197450587759187 -10.197450587759187
101
 -1.5760416413822427 -2.782206890846457 -3.572061186967071 -4.1027175500613335 -4.4406203348087 -4.4000338178768335 -4.514214029321672 -4.942109545935094 -5.18618540645635 -5.429002430726832 -5.601042918302428 -5.729501609563233 -5.821971715853803 -5.8196921923822265 -5.870502502780927 -5.930787778710164 -5.941413966031965 -5.933663011581704 -5.921064322891272 -5.921064322891272 -5.921064322891272 -5.921064322891272 -5.921064322891272 -6.200716796955619 -6.506676567822109 -6.782274499967537 -7.037125118612876 -7.264891167651183 -7.462858275370779 -7.6703809128480565 -7.801651567185666 -7.944169127560534 -8.060435693027761 -8.146895168386141 -8.225370660738069 -8.249693791115947 -8.24948070619644 -8.24948070619644 -8.24948070619644 -8.24948070619644 -8.24948070619644 -8.24948070619644 -8.24948070619644 -8.24948070619644 -8.24948070619644 -8.24948070619644 -8.24948070619644 -8.24948070619644 -8.24948070619644 -8.24948070619644 -8.24948070619644 -8.38209722283548 -8.576205557967638 -8.738404362533794 -8.869683327665733 -8.969132221166484 -9.056447185214852 -9.084218504930778 -9.084218504930778 -9.084218504930778 -9.084218504930778 -9.084218504930778 -9.084218504930778 -9.084218504930778 -9.084218504930778 -9.084218504930778 -9.084218504930778 -9.084218504930778 -9.084218504930778 -9.084218504930778 -9.084218504930778 -9.084218504930778 -9.084218504930778 -9.084218504930778 -9.084218504930778 -9.084218504930778 -9.084218504930778 -9.084218504930778 -9.084218504930778 -9.084218504930778 -9.084218504930778 -9.084218504930778 -9.084218504930778 -9.084218504930778 -9.084218504930778 -9.084218504930778 -9.084218504930778 -9.084218504930778 -9.084218504930778 -9.084218504930778 -9.084218504930778 -9.084218504930778 -9.084218504930778 -9.084218504930778 -9.084218504930778 -9.084218504930778 -9.084218504930778 -9.084218504930778 -9.084218504930778 -9.084218504930778 -9.084218504930778
101
 -1.5760416413822427 -2.7936873384510177 -3.5548107089103493 -4.036254664397042 -4.299776970274863 -4.324301323230482 -4.324301323230482 -4.828395827594493 -5.247082242038688 -5.367629042057676 -5.367629042057676 -5.367629042057676 -5.367629042057676 -5.367629042057676 -5.600003095155345 -5.869719247442553 -6.088577764045124 -6.27843407201079 -6.456646517983729 -6.561207134233849 -6.561207134233849 -6.561207134233849 -6.561207134233849 -6.561207134233849 -6.561207134233849 -6.561207134233849 -6.561207134233849 -6.561207134233849 -6.561207134233849 -6.561207134233849 -6.561207134233849 -6.561207134233849 -6.561207134233849 -6.561207134233849 -6.742081773171597 -6.9948110311974325 -7.22273188379888 -7.435331894830526 -7.6313712793155 -7.775473671569709 -7.9755290151652325 -8.130360428502522 -8.25023494244659 -8.402860616761323 -8.492061810973395 -8.578639686811 -8.578639686811 -8.578639686811 -8.578639686811 -8.578639686811 -8.578639686811 -8.578639686811 -8.578639686811 -8.578639686811 -8.578639686811 -8.578639686811 -8.578639686811 -8.578639686811 -8.578639686811 -8.578639686811 -8.578639686811 -8.578639686811 -8.578639686811 -8.578639686811 -8.578639686811 -8.578639686811 -8.578639686811 -8.578639686811 -8.578639686811 -8.578639686811 -8.578639686811 -8.578639686811 -8.578639686811 -8.578639686811 -8.578639686811 -8.578639686811 -8.578639686811 -8.578639686811 -8.578639686811 -8.578639686811 -8.578639686811 -8.578639686811 -8.578639686811 -8.578639686811 -8.578639686811 -8.578639686811 -8.578639686811 -8.578639686811 -8.578639686811 -8.591679262499536 -8.591679262499536 -8.591679262499536 -8.591679262499536 -8.591679262499536 -8.591679262499536 -8.591679262499536 -8.591679262499536 -8.591679262499536 -8.591679262499536 -8.591679262499536 -8.591679262499536
101
 -1.5760416413822427 -2.8292617325355645 -3.628834206444046 -4.057301614691729 -4.057301614691729 -4.341469871675536 -4.684325085408266 -4.684325085408266 -4.684325085408266 -4.684325085408266 -4.684325085408266 -4.84480056288358 -5.196621662772808 -5.494867520200709 -5.724551263169468 -5.945544814413551 -6.072081454477726 -6.042986017190075 -6.042986017190075 -6.042986017190075 -6.042986017190075 -6.042986017190075 -6.042986017190075 -6.042986017190075 -6.042986017190075 -6.042986017190075 -6.042986017190075 -6.042986017190075 -6.042986017190075 -6.042986017190075 -6.042986017190075 -6.215297713925672 -6.470235790250068 -6.685628813834476 -6.877718567594332 -7.029674745430304 -7.224111442468196 -7.430276675110325 -7.574605532262161 -7.61644353847985 -7.61644353847985 -7.61644353847985 -7.61644353847985 -7.61644353847985 -7.61644353847985 -7.61644353847985 -7.61644353847985 -7.61644353847985 -7.61644353847985 -7.61644353847985 -7.61644353847985 -7.61644353847985 -7.61644353847985 -7.61644353847985 -7.61644353847985 -7.61644353847985 -7.61644353847985 -7.61644353847985 -7.61644353847985 -7.61644353847985 -7.61644353847985 -7.61644353847985 -7.61644353847985 -7.61644353847985 -7.61644353847985 -7.61644353847985 -7.61644353847985 -7.61644353847985 -7.61644353847985 -7.61644353847985 -7.61644353847985 -7.61644353847985 -7.61644353847985 -7.61644353847985 -7.61644353847985 -7.61644353847985 -7.61644353847985 -7.61644353847985 -7.61644353847985 -7.61644353847985 -7.61644353847985 -7.61644353847985 -7.62597767264675 -7.666472173494216 -7.666472173494216 -7.666472173494216 -7.666472173494216 -7.666472173494216 -7.666472173494216 -7.666472173494216 -7.666472173494216 -7.666472173494216 -7.666472173494216 -7.666472173494216 -7.666472173494216 -7.666472173494216 -7.666472173494216 -7.666472173494216 -7.666472173494216 -7.666472173494216 -7.666472173494216
101
 -1.5760416413822427 -2.849380333573056 -3.5987614931835825 -3.870367785499597 -3.870367785499597 -4.399423162138397 -4.656145380158777 -4.656145380158777 -4.656145380158777 -4.656145380158777 -4.656145380158777 -4.874533349947879 -5.3001250174846835 -5.632985616842166 -5.910853631824297 -6.141515429439761 -6.37487531142481 -6.614264710670206 -6.681902876219381 -6.681902876219381 -6.681902876219381 -6.681902876219381 -6.681902876219381 -6.681902876219381 -6.681902876219381 -6.681902876219381 -6.681902876219381 -6.681902876219381 -6.681902876219381 -6.681902876219381 -6.681902876219381 -6.681902876219381 -6.681902876219381 -6.866083172444515 -7.074750857935543 -7.266308499691918 -7.497984420779948 -7.619533248828381 -7.7588547299343 -7.7588547299343 -7.7588547299343 -7.7588547299343 -7.7588547299343 -7.7588547299343 -7.7588547299343 -7.7588547299343 -7.7588547299343 -7.7588547299343 -7.7588547299343 -7.7588547299343 -7.7588547299343 -7.7588547299343 -7.7588547299343 -7.7588547299343 -7.7588547299343 -7.7588547299343 -7.7588547299343 -7.7588547299343 -7.7588547299343 -7.7588547299343 -7.7588547299343 -7.7588547299343 -7.7588547299343 -7.7588547299343 -7.7588547299343 -7.7588547299343 -7.7588547299343 -7.7588547299343 -7.7588547299343 -7.7588547299343 -7.7588547299343 -7.7588547299343 -7.7588547299343 -7.7588547299343 -7.7588547299343 -7.7588547299343 -7.7588547299343 -7.7588547299343 -7.7588547299343 -7.7588547299343 -7.7588547299343 -7.7588547299343 -7.951805534182077 -8.120471877535826 -8.136788394695769 -8.136788394695769 -8.136788394695769 -8.136788394695769 -8.136788394695769 -8.136788394695769 -8.136788394695769 -8.136788394695769 -8.136788394695769 -8.136788394695769 -8.136788394695769 -8.136788394695769 -8.136788394695769 -8.136788394695769 -8.136788394695769 -8.136788394695769 -8.136788394695769
steps
5
101
 0 500 1000 1500 2000 2500 3000 3500 4000 4500 5000 5500 6000 6500 7000 7500 8000 8500 9000 9500 10000 10500 11000 11500 12000 12500 13000 13500 14000 14500 15000 15500 16000 16500 17000 17500 18000 18500 19000 19500 20000 20500 21000 21500 22000 22500 23000 23500 24000 24500 25000 25500 26000 26500 27000 27500 28000 28500 29000 29500 30000 30500 31000 31500 32000 32500 33000 33500 34000 34500 35000 35500 36000 36500 37000 37500 38000 38500 39000 39500 40000 40500 41000 41500 42000 42500 43000 43500 44000 44500 45000 45500 46000 46500 47000 47500 48000 48500 49000 49500 50000
101
 0 500 1000 1500 2000 2500 3000 3500 4000 4500 5000 5500 6000 6500 7000 7500 8000 8500 9000 9500 10000 10500 11000 11500 12000 12500 13000 13500 14000 14500 15000 15500 16000 16500 17000 17500 18000 18500 19000 19500 20000 20500 21000 21500 22000 22500 23000 23500 24000 24500 25000 25500 26000 26500 27000 27500 28000 28500 29000 29500 30000 30500 31000 31500 32000 32500 33000 33500 34000 34500 35000 35500 36000 36500 37000 37500 38000 38500 39000 39500 40000 40500 41000 41500 42000 42500 43000 43500 44000 44500 45000 45500 46000 46500 47000 47500 48000 48500 49000 49500 50000
101
 0 500 1000 1500 2000 2500 3000 3500 4000 4500 5000 5500 6000 6500 7000 7500 8000 8500 9000 9500 10000 10500 11000 11500 12000 12500 13000 13500 14000 14500 15000 15500 16000 16500 17000 17500 18000 18500 19000 19500 20000 20500 21000 21500 22000 22500 23000 23500 24000 24500 25000 25500 26000 26500 27000 27500 28000 28500 29000 29500 30000 30500 31000 31500 32000 32500 33000 33500 34000 34500 35000 35500 36000 36500 37000 37500 38000 38500 39000 39500 40000 40500 41000 41500 42000 42500 43000 43500 44000 44500 45000 45500 46000 46500 47000 47500 48000 48500 49000 49500 50000
101
 0 500 1000 1500 2000 2500 3000 3500 4000 4500 5000 5500 6000 6500 7000 7500 8000 8500 9000 9500 10000 10500 11000 11500 12000 12500 13000 13500 14000 14500 15000 15500 16000 16500 17000 17500 18000 18500 19000 19500 20000 20500 21000 21500 22000 22500 23000 23500 24000 24500 25000 25500 26000 26500 27000 27500 28000 28500 29000 29500 30000 30500 31000 31500 32000 32500 33000 33500 34000 34500 35000 35500 36000 36500 37000 37500 38000 38500 39000 39500 40000 40500 41000 41500 42000 42500 43000 43500 44000 44500 45000 45500 46000 46500 47000 47500 48000 48500 49000 49500 50000
101
 0 500 1000 1500 2000 2500 3000 3500 4000 4500 5000 5500 6000 6500 7000 7500 8000 8500 9000 9500 10000 10500 11000 11500 12000 12500 13000 13500 14000 14500 15000 15500 16000 16500 17000 17500 18000 18500 19000 19500 20000 20500 21000 21500 22000 22500 23000 23500 24000 24500 25000 25500 26000 26500 27000 27500 28000 28500 29000 29500 30000 30500 31000 31500 32000 32500 33000 33500 34000 34500 35000 35500 36000 36500 37000 37500 38000 38500 39000 39500 40000 40500 41000 41500 42000 42500 43000 43500 44000 44500 45000 45500 46000 46500 47000 47500 48000 48500 49000 49500 50000
