3
StreamingSVRG
5
101
 -1.576041641492212 -2.9190798668987936 -3.7442221948696712 -4.347707296402639 -4.860829210478677 -5.071668652720963 -5.5016843126517125 -5.5016843126517125 -5.712033532152858 -5.818681006532279 -6.269857105037542 -6.316495570277251 -6.572493206669191 -6.7405451243702945 -6.708246220293917 -7.012989154810984 -6.9783668374719126 -6.930187296162186 -7.3759660018268995 -7.316161030664458 -6.986083214398118 -7.126880471735648 -7.7143266976571585 -7.818016669055974 -8.08690353073013 -6.802399570563585 -7.7021621132829665 -8.739368692628238 -8.59356506114077 -7.98428942643534 -7.983492542761244 -8.295942201448998 -8.129705209217018 -8.769001500721334 -6.506185993736886 -8.043664005897122 -8.70804033741166 -8.86281675736618 -8.526645471718691 -8.89264158561573 -7.911629055744634 -8.581047758474542 -8.87047359866437 -8.514955584588018 -8.933862908343007 -8.896519428434644 -9.10360200495115 -7.531225390356857 -8.829727307111256 -9.380670713629575 -8.994553973730403 -8.000355219051048 -8.670431742634696 -8.329057529176925 -9.264948155535912 -9.677115938202967 -8.800991672448387 -9.32530163291727 -9.453420074987651 -8.977430759877626 -8.294772112272028 -9.125681398178703 -9.61240808407818 -9.131745288688 -9.44105893977995 -9.5779048487649 -8.971138921540629 -6.701259475735287 -8.98790001992286 -8.83785519550248 -8.734762706767432 -8.661809550841456 -9.915079809348445 -9.566276559355977 -8.734891017177073 -8.734891017177073 -8.734891017177073 -8.734891017177073 -8.734891017177073 -9.649717188643619 -9.614911901209469 -7.347496226083381 -8.89556923510488 -6.365786486225872 -9.311703192871681 -8.335451159692694 -8.616645337503238 -8.047952012602035 -6.483544028538701 -7.7533511835818345 -8.65717698646097 -8.29947005927579 -7.9805945355181045 -9.520458107905082 -7.7503592860729755 -8.5439024857525 -8.463667678210385 -8.496826247670953 -8.811052794888097 -9.326339436059161 -8.960669665073421
101
 -1.576041641492212 -2.810208893531453 -3.636917148017671 -4.1710653146568815 -4.778147675619479 -5.185950891341134 -5.452060736544908 -5.561889388055857 -6.014266356365262 -5.855653179550296 -6.539847295820165 -6.660188859333578 -6.413557747893743 -6.4036720693254665 -7.3066832807286035 -7.384116967918342 -7.469119569476196 -7.0902855417070505 -7.76304064528104 -7.64693730703237 -7.8583686047485175 -6.82674283012652 -7.5408847638172025 -7.69806969144506 -8.0934713942781 -7.099536202094039 -7.9203876781728315 -8.626557975396102 -7.9531408168064015 -8.682454529546405 -9.188956600753992 -9.10552883015078 -8.239989181695975 -8.72382593582959 -7.396209136313408 -7.770607039045055 -9.587410871320838 -9.462027980901984 -9.285610294505016 -7.148691784212291 -8.748360525861921 -7.835376369412918 -7.204250522906159 -8.591570432931961 -7.312674702823118 -8.530422241716556 -8.710899133494138 -8.808128054901804 -9.151151755981981 -7.378053848444173 -8.43698790431568 -8.405204374604487 -8.212359551262415 -9.61237104818149 -9.336772458058407 -8.41457787603302 -8.072125930521509 -9.246031534717702 -8.760953731915752 -8.920928261340805 -8.247831845740674 -8.562917035998229 -8.739895600010813 -7.31817305700362 -7.31817305700362 -7.31817305700362 -7.31817305700362 -7.31817305700362 -9.483846047741388 -8.816752730496077 -9.480127724342564 -9.48820702167476 -7.50287285812923 -9.096238093569582 -8.273410306090618 -9.16742105066905 -8.190855933679899 -9.678516921775053 -8.279534708410647 -8.344813466110075 -9.135507678994173 -9.918291721117932 -9.156046462467964 -7.7483123771850515 -8.973572955625038 -8.740409968739723 -8.046522946148055 -9.51989191506412 -9.422616235440161 -8.689410924080438 -9.361592734139325 -9.452179189818038 -9.169614227403994 -9.614715255477646 -9.37685128224258 -9.16430680408723 -9.69942163150125 -8.005594759612334 -8.831980912387777 -8.89361581290529 -9.28428628076586
101
 -1.576041641492212 -2.8759068554351965 -3.733933431641587 -4.34120939040919 -4.674336225786663 -5.1267213422990805 -5.574785347774455 -5.9048049369695015 -6.105307558913199 -6.126866720639998 -6.549917371611927 -6.712517063804331 -7.1053436220086725 -7.151276517287546 -7.306088290849107 -6.478032688494764 -7.703857416828546 -7.81131638431063 -7.401858761282099 -8.110093831732728 -7.648155739297674 -8.00219183302582 -8.041721343748723 -8.711428293072533 -8.56122715038799 -7.718942348733619 -8.424429352197343 -8.807664664361383 -7.506873672459431 -8.654959564831856 -8.089398754275809 -8.234377917825826 -5.696233198532607 -8.897157305819862 -8.83600132246736 -8.772895707282443 -8.905671914641442 -8.289761123815413 -8.64886745866489 -8.259353609934747 -9.056395544666401 -8.111134685881174 -8.610733677236665 -7.1609201063615044 -8.717891457153653 -8.651530225060949 -8.834513706359868 -8.476901047008676 -8.582976480847792 -9.342277822156435 -8.668101392975162 -8.892619180345529 -9.296560449259886 -8.890830721452646 -9.312007960617176 -8.622841078361043 -7.377038504828441 -8.767782687736966 -7.388213935325329 -8.896578309476121 -7.586259907773496 -7.756653336559481 -7.520317461764084 -9.293659505583184 -7.823382211394861 -7.823382211394861 -8.987080309218516 -8.579377152269906 -8.579377152269906 -8.579377152269906 -8.579377152269906 -8.579377152269906 -9.291864503578694 -9.272094131915228 -8.453514303136789 -8.186171290790998 -8.031802963905047 -9.057928807848452 -8.307165674967779 -8.274083050810225 -8.504772180512857 -8.631774271648043 -9.692180237420311 -7.529196038229503 -8.764958339114086 -8.302726421591357 -9.381390639679221 -8.56678990179756 -8.64871918959866 -9.680566387913116 -7.6826962850874025 -8.805676285922614 -8.805676285922614 -8.805676285922614 -8.805676285922614 -8.805676285922614 -8.805676285922614 -8.805676285922614 -8.805676285922614 -8.805676285922614 -8.805676285922614
101
 -1.576041641492212 -2.7881012443973856 -3.7260733242285946 -4.3133094373789325 -4.677130195799698 -5.11809669492549 -5.218534604701831 -5.7933795181039365 -6.047888591512341 -5.920768368426115 -6.460342379226523 -6.4412329621277715 -6.955844951823241 -6.849644172721574 -6.810450018524304 -7.108466106898613 -7.51547572017106 -6.970253646903521 -6.948744924838804 -8.083506541828577 -6.939669521728825 -8.185030064817754 -7.1176660318786835 -7.5108770673979555 -8.632630583596171 -7.4172014008718765 -8.705011683322592 -8.092469095999675 -8.490422579112979 -8.428365314161594 -8.623706436907103 -8.539126393443619 -7.821299417946126 -8.81564009260315 -8.892252749209913 -7.394963984825488 -8.740253151330663 -8.889361961143832 -9.076497575020545 -8.979909611587804 -7.9346885870383765 -9.44221997307046 -8.61018139372745 -8.933332517641867 -9.236878208858597 -7.76706389872993 -9.219599208059604 -9.43532015900398 -8.84952861802139 -8.794216187232978 -7.780768003020938 -8.094646733563039 -8.094646733563039 -8.094646733563039 -8.094646733563039 -8.094646733563039 -7.593566590434768 -8.336892439378586 -9.762702455720282 -9.74694935760656 -9.289582524329441 -7.885022759682106 -9.17980172805627 -9.054910323283991 -8.541932548887536 -7.966360042531534 -8.411729651995422 -7.65849344767051 -9.335147032664093 -9.062294707876658 -9.379882930010977 -8.630206992449041 -7.983075801665077 -7.663114249222116 -8.039129091784002 -7.8488944755894705 -8.145039021324632 -10.038452527365175 -7.1497974830119055 -8.829247998233557 -7.65814501860032 -8.09387389949735 -8.988606664565602 -6.936057802396278 -7.467297192223937 -9.69666684774465 -9.325723079464328 -9.49294677226025 -9.003257670136612 -9.315544700373383 -9.989620834840652 -8.303454583414625 -9.116974799654878 -8.466934139173345 -6.83333089196386 -7.512699054780866 -9.623940902468954 -9.321237386556326 -9.321237386556326 -9.321237386556326 -9.321237386556326
101
 -1.576041641492212 -2.7887578038459555 -3.4759832742948538 -4.380868597187247 -4.73132245264895 -5.245357985601809 -5.647655414969733 -5.703249443897216 -6.14271001541801 -5.620239166575662 -6.652245313671322 -6.788897360242697 -6.9122480937929245 -7.321055990436407 -7.6024972034187535 -7.681399530752244 -7.146056678660231 -6.439480213643152 -7.960327123112901 -8.122093876138864 -8.110140694109985 -8.44038123434633 -8.21233435621346 -8.918623132567998 -8.832157541494594 -8.718322276734888 -7.8195942083327115 -6.711190172353693 -8.859097887518962 -8.970890365779647 -7.340131618942834 -8.993512629671928 -9.107101944010243 -9.265517763096259 -9.055045720671128 -9.265606467975434 -9.34838017825643 -7.241162778604634 -7.70655337173874 -8.399302661060453 -9.198041377557423 -9.368049517563012 -9.877336775333651 -9.677250574128688 -8.841996452747619 -9.087535666847437 -9.903429685430524 -9.846563766040507 -8.3906896715031 -7.423928750147369 -9.19731936867526 -8.562958757126285 -9.39639876478041 -9.775998290659313 -8.913775910489615 -9.356016791895126 -9.12623712116344 -9.402123246974226 -7.67235082720471 -8.586474060935895 -8.329186482275128 -9.806976322902775 -8.669011161013357 -9.401637178715383 -7.913111842172664 -9.160702753828026 -7.832776449434821 -8.547112916695779 -8.33807210453437 -8.647530719882237 -9.266532411519028 -8.807240648285292 -8.03048834421588 -7.860763042301095 -9.255626097214472 -8.85722918000959 -9.923282843622168 -8.36513266678187 -8.16963883088771 -7.507211548269516 -9.104838090308142 -9.023327005632616 -9.00118880783096 -8.387023586923425 -8.425398440383747 -7.238972934634413 -8.092365185399517 -9.563093892557792 -9.806613989721894 -9.17928625652346 -8.627711146313594 -7.420436614225913 -7.886559360352835 -9.406212474058037 -7.150167531303069 -9.32683889907458 -8.171220098803015 -9.353744616566733 -7.17106977957204 -9.469958498144397 -9.852822196922514
MainSSVRG
5
101
 -1.576041641492212 -2.816127433218908 -3.673847734367328 -4.188356061510576 -4.52440092730752 -4.403383816794627 -4.728299577989553 -4.641262734402255 -4.556951300123911 -4.481545510713557 -4.409698758446988 -4.2607999740940565 -4.2174999035589105 -4.0701704138567285 -4.097764191650921 -3.9973753517281008 -3.9043201744212173 -3.8717086514738277 -3.73244642887619 -3.684386881017665 -3.69937854803123 -3.6453514629757127 -3.5964928699439667 -3.6029866421162295 -3.5368434600054557 -3.4895606234671743 -3.4448493367261843 -3.3579347222566143 -3.302435793126905 -3.285585908825544 -3.2632725631515576 -3.27310728838186 -3.205753551597783 -3.2012020837061965 -3.1051308072438752 -3.020831773986142 -3.0605739705867547 -3.074987817082037 -3.0223763090827442 -2.9803953275030097 -2.9310210007390114 -2.91887520826358 -2.9385228597654196 -2.906782119893251 -2.8918818959077424 -2.902409511557749 -2.856215741971057 -2.8518696639753207 -2.8740002146914785 -2.8348949708902333 -2.8630387332102045 -2.8891157800791367 -2.8848644978382167 -2.855155844643868 -2.8273333061891583 -2.8183041526201613 -2.792832671036819 -2.823896569155522 -2.8292409689214133 -2.812241523104751 -2.791581930353281 -2.791581930353281 -2.928829987452327 -3.1282553741305894 -3.311658950980204 -3.483324389010877 -3.645316229623966 -3.7988998217159256 -3.9408878041855844 -4.079317102328438 -4.199199785639863 -4.320701972968857 -4.419578877184943 -4.527790909286213 -4.6154099161544995 -4.709070302822812 -4.752549892782734 -4.8321656943048525 -4.919204498583981 -4.931093170516559 -4.9774359446290335 -5.08536250410106 -5.069743257867237 -5.006510320281082 -5.137527692359812 -5.189561402758106 -5.2176643714860385 -5.091300705668262 -5.239667427802806 -5.198242793158939 -5.15390845523077 -5.159147603511677 -5.173544132471705 -5.158415970691885 -5.220707479860551 -5.256936830684698 -5.266951477756724 -5.359710040956606 -5.3313304624050035 -5.3303397828209444 -5.3026971325622405
101
 -1.576041641492212 -2.85071854018033 -3.677302248556078 -4.25954643013745 -4.6782206249543 -4.8075596945426575 -4.835920882557274 -4.754527428231948 -4.639557993699373 -4.543139597412039 -4.470335132141442 -4.27467071244903 -4.09564803438335 -4.071146628436496 -4.020810594278555 -3.854334499397449 -3.735223897774805 -3.6378695544342063 -3.5428716530251805 -3.403629724890061 -3.3042080817083472 -3.1843158565258114 -3.244600667798031 -3.1773832191133513 -3.0575900405253345 -3.0351836902350726 -3.0241025429323916 -2.973092949106347 -2.952261298776169 -2.9222793232377535 -2.9064660357999963 -2.85741153977596 -2.8413421306272424 -2.8365951320907112 -2.80914260328732 -2.747019876893308 -2.7604812755817028 -2.734244931729163 -2.6939451421642198 -2.645307519721319 -2.672215735643221 -2.7398036123066554 -2.954304708675058 -3.1507959600901763 -3.3340425066674046 -3.4959056612821744 -3.655928914668375 -3.800370271784495 -3.9826891414603924 -4.11336794194042 -4.222686093840645 -4.379966762081513 -4.46791745661749 -4.525612809039476 -4.684542585976559 -4.776726132731801 -4.809259986316749 -4.900346767604925 -4.954840714954552 -5.059167327598336 -5.038768722682978 -5.164181800721571 -5.157233013340904 -5.162066836364859 -5.1662474901791775 -5.22128865327777 -5.2139295360795765 -5.225817750296599 -5.220673544479693 -5.287609660697487 -5.287609660697487 -5.287609660697487 -5.287609660697487 -5.287609660697487 -5.5214402451648565 -5.673897389847561 -5.82197484069168 -5.939501892768682 -6.041778868606547 -6.145086479893305 -6.230682499182975 -6.314099474891783 -6.373620991835426 -6.395643806852663 -6.449693622191045 -6.521592982104342 -6.58904608042763 -6.661742398296257 -6.682723054248693 -6.73872796889199 -6.766525888559869 -6.781132658367177 -6.741421257887308 -6.775913412210965 -6.786371859980162 -6.868704906718923 -6.8826876843750275 -6.920689875710538 -6.9454078757307185 -6.955776262063682 -6.9153133414856685
101
 -1.576041641492212 -2.8191850812319257 -3.54960386120896 -4.04129857402122 -4.347787219675271 -4.539405005460868 -4.459786355840401 -4.459675042997322 -4.530348029030258 -4.564509413035816 -4.603288137667744 -4.370605667885011 -4.329928688218641 -4.19009012711315 -4.223803753996201 -4.088074687754563 -3.997753147444166 -3.910452982223975 -3.912567513936549 -3.847487100877811 -3.7979339648335495 -3.8102033125075465 -3.739644893676115 -3.6959782900487688 -3.5918678034803873 -3.5469714055545687 -3.516056288544983 -3.5499228859341794 -3.501079541563816 -3.3954897361728467 -3.4519038082092144 -3.4211681576382476 -3.3278122673260833 -3.251203140661047 -3.240422090826203 -3.2866924505454516 -3.196095386589588 -3.115904447744987 -3.1519359834923972 -3.1627000849427067 -3.087699282214867 -3.0902963057000132 -3.077310773751334 -3.052105239167951 -3.05296556562863 -3.065048384090575 -3.058189486583709 -2.9770723426639067 -2.8571264920746073 -2.89459979558191 -2.914995719969588 -2.933809257677092 -2.8615843138878456 -2.894897043931928 -2.933170872204452 -2.9337408477173335 -2.9604661955911777 -2.9202534512009084 -2.876997766671123 -2.879192530023215 -2.8231171232285153 -2.835936387210404 -2.802415395199497 -2.774414771262872 -2.774414771262872 -2.9690901962936973 -3.1597514112726732 -3.322974384570592 -3.4727982262097092 -3.6005669264355515 -3.710215719957193 -3.810502226540637 -3.937706133334048 -4.0324579762942365 -4.113717497480279 -4.24049483424554 -4.315271598948387 -4.368203900185362 -4.396446186272006 -4.396446186272006 -4.396446186272006 -4.396446186272006 -4.396446186272006 -4.503520733681248 -4.6706765461652635 -4.810935920323275 -4.932065427519228 -5.041000061306447 -5.137589921964384 -5.231872786972685 -5.318163465003352 -5.402602107389214 -5.476789234203508 -5.5198019312317665 -5.614077957778624 -5.665284007601268 -5.665284007601268 -5.665284007601268 -5.665284007601268 -5.665284007601268 -5.665284007601268
101
 -1.576041641492212 -2.8308587168153436 -3.6879110598298386 -4.402391879918179 -4.7747287654938795 -5.004906443835682 -5.3327981374009585 -5.530890076624892 -5.488001769091025 -5.4067174325117575 -5.329603512593465 -5.219682135766281 -5.289316563078409 -5.233765367672078 -5.050789697785459 -4.8241577556302095 -4.7883425862027424 -4.71082051710314 -4.600471936127164 -4.425849967698125 -4.407931190246928 -4.296049322921172 -4.186635833729251 -4.141675773513721 -4.045377660716287 -4.052046097465731 -3.98570206724861 -3.9310683859821207 -3.9336517834241316 -3.827225896018589 -3.7822643082362983 -3.7681887175501148 -3.749253317195197 -3.768509017772067 -3.7165793340412616 -3.692834775937475 -3.6711573195919596 -3.629199539792204 -3.5797678576256224 -3.590896199580585 -3.5340896420105548 -3.514471264391666 -3.4495231997451623 -3.391042446871359 -3.3539457765990233 -3.3796402606558185 -3.356124653078401 -3.381302946536226 -3.325454330293282 -3.3297085477798616 -3.3157655510814603 -3.2780538674516717 -3.285425284942858 -3.2765566778266177 -3.2427312185065325 -3.204674231231367 -3.1772834078295826 -3.1856662172887384 -3.164821499503439 -3.194990575195212 -3.1669987089312555 -3.183211845815268 -3.1805235964931633 -3.215602409712989 -3.404911912562603 -3.578394380668897 -3.7444216846443004 -3.89616837232034 -4.047999661986474 -4.176773019994245 -4.294632603628926 -4.396213988188851 -4.472892390026966 -4.584603734348888 -4.652179305092586 -4.695319495330343 -4.795663981784625 -4.813421162075068 -4.833499086676174 -4.898012878771046 -4.922799204242846 -4.944037367035571 -4.939771907971885 -5.008683109442457 -5.010494866058273 -4.990221803190789 -4.9834623395762785 -5.083215445075505 -5.077507745831013 -5.096193415104025 -5.091774592261816 -5.065615782069697 -5.034470913271655 -5.047081101893672 -4.981538876756216 -5.044913900960897 -5.05034301682048 -5.089782153263984 -5.09612276545679 -5.083025856671689 -5.121478537654606
101
 -1.576041641492212 -2.9268058715946896 -3.7236510661015982 -4.259570406875649 -4.6912752525877455 -4.6843154076182865 -4.724553599777789 -4.672630833021268 -4.557391987883239 -4.415104820830659 -4.410544772659926 -4.3369275111993675 -4.306493761697609 -4.223279146280639 -4.147669498628108 -4.041063918423834 -3.986649562376235 -3.863304691181806 -3.7457654507762834 -3.7471414628747297 -3.6839394877162808 -3.582009855125216 -3.559506435486509 -3.510946724266009 -3.46558123722688 -3.4301306184221376 -3.422367158413692 -3.3688619478251116 -3.309332270167725 -3.2572731443911658 -3.3146943318588895 -3.2744665424102952 -3.1705728126453656 -3.161423757346085 -3.153645849453317 -3.0835531692273417 -3.0118703920865526 -3.0097197516869985 -2.8991444312604218 -2.829664892798067 -2.865268381292329 -2.836726298548292 -2.7852788403765927 -2.6721722984051546 -2.7428651060116103 -2.7505957917582164 -2.701281420044391 -2.653310257473635 -2.6376328096135992 -2.6376328096135992 -2.8278458726623668 -3.0051726273271835 -3.174875948610385 -3.329546672846958 -3.4780917474017423 -3.6268533340843927 -3.759477381202912 -3.8788876968881745 -3.983561988096914 -4.122749320363044 -4.22850046326131 -4.294597654566171 -4.416767387513791 -4.51064017289609 -4.581344208966757 -4.674086972648936 -4.73366528243268 -4.810210117810483 -4.844691114370361 -4.9340665569554245 -4.888754701947198 -5.011337556728413 -5.039758184972263 -5.031913276616416 -5.112377444056623 -5.037284808588901 -5.199731892526691 -5.1982397085168355 -5.273204878682908 -5.302811375694846 -5.272621471072485 -5.343158652241346 -5.379248705743216 -5.300678494490775 -5.443991177252047 -5.4759747182777705 -5.479346120207219 -5.479346120207219 -5.479346120207219 -5.479346120207219 -5.479346120207219 -5.567700869252894 -5.763380203102288 -5.928847980788083 -6.0847229029860195 -6.203675709537253 -6.309328885627391 -6.4413883265982435 -6.51212560904646 -6.618907610871992 -6.707248805565208
steps
5
101
 0 500 1000 1500 2000 2500 3000 3500 4000 4500 5000 5500 6000 6500 7000 7500 8000 8500 9000 9500 10000 10500 11000 11500 12000 12500 13000 13500 14000 14500 15000 15500 16000 16500 17000 17500 18000 18500 19000 19500 20000 20500 21000 21500 22000 22500 23000 23500 24000 24500 25000 25500 26000 26500 27000 27500 28000 28500 29000 29500 30000 30500 31000 31500 32000 32500 33000 33500 34000 34500 35000 35500 36000 36500 37000 37500 38000 38500 39000 39500 40000 40500 41000 41500 42000 42500 43000 43500 44000 44500 45000 45500 46000 46500 47000 47500 48000 48500 49000 49500 50000
101
 0 500 1000 1500 2000 2500 3000 3500 4000 4500 5000 5500 6000 6500 7000 7500 8000 8500 9000 9500 10000 10500 11000 11500 12000 12500 13000 13500 14000 14500 15000 15500 16000 16500 17000 17500 18000 18500 19000 19500 20000 20500 21000 21500 22000 22500 23000 23500 24000 24500 25000 25500 26000 26500 27000 27500 28000 28500 29000 29500 30000 30500 31000 31500 32000 32500 33000 33500 34000 34500 35000 35500 36000 36500 37000 37500 38000 38500 39000 39500 40000 40500 41000 41500 42000 42500 43000 43500 44000 44500 45000 45500 46000 46500 47000 47500 48000 48500 49000 49500 50000
101
 0 500 1000 1500 2000 2500 3000 3500 4000 4500 5000 5500 6000 6500 7000 7500 8000 8500 9000 9500 10000 10500 11000 11500 12000 12500 13000 13500 14000 14500 15000 15500 16000 16500 17000 17500 18000 18500 19000 19500 20000 20500 21000 21500 22000 22500 23000 23500 24000 24500 25000 25500 26000 26500 27000 27500 28000 28500 29000 29500 30000 30500 31000 31500 32000 32500 33000 33500 34000 34500 35000 35500 36000 36500 37000 37500 38000 38500 39000 39500 40000 40500 41000 41500 42000 42500 43000 43500 44000 44500 45000 45500 46000 46500 47000 47500 48000 48500 49000 49500 50000
101
 0 500 1000 1500 2000 2500 3000 3500 4000 4500 5000 5500 6000 6500 7000 7500 8000 8500 9000 9500 10000 10500 11000 11500 12000 12500 13000 13500 14000 14500 15000 15500 16000 16500 17000 17500 18000 18500 19000 19500 20000 20500 21000 21500 22000 22500 23000 23500 24000 24500 25000 25500 26000 26500 27000 27500 28000 28500 29000 29500 30000 30500 31000 31500 32000 32500 33000 33500 34000 34500 35000 35500 36000 36500 37000 37500 38000 38500 39000 39500 40000 40500 41000 41500 42000 42500 43000 43500 44000 44500 45000 45500 46000 46500 47000 47500 48000 48500 49000 49500 50000
101
 0 500 1000 1500 2000 2500 3000 3500 4000 4500 5000 5500 6000 6500 7000 7500 8000 8500 9000 9500 10000 10500 11000 11500 12000 12500 13000 13500 14000 14500 15000 15500 16000 16500 17000 17500 18000 18500 19000 19500 20000 20500 21000 21500 22000 22500 23000 23500 24000 24500 25000 25500 26000 26500 27000 27500 28000 28500 29000 29500 30000 30500 31000 31500 32000 32500 33000 33500 34000 34500 35000 35500 36000 36500 37000 37500 38000 38500 39000 39500 40000 40500 41000 41500 42000 42500 43000 43500 44000 44500 45000 45500 46000 46500 47000 47500 48000 48500 49000 49500 50000
