3
StreamingSVRG
10
60
 -3.0180802181848323 -4.079621707329241 -4.573890526005259 -5.167757433236848 -5.680695976443205 -5.874224478479323 -6.269798912967666 -6.394525151014219 -6.694911088912813 -6.989678613942701 -7.426534879969993 -7.6684155321574945 -7.876364744044696 -8.146531139694737 -8.146531139694737 -8.146531139694737 -8.11964844995946 -8.047059560699022 -8.047059560699022 -8.047059560699022 -8.047059560699022 -8.047059560699022 -8.047059560699022 -8.047059560699022 -8.047059560699022 -8.047059560699022 -8.297093604500756 -8.361133035844318 -8.74482664618251 -9.098618491197989 -9.140144216451203 -9.076825300063799 -8.224496005306902 -8.224496005306902 -8.224496005306902 -8.224496005306902 -8.224496005306902 -8.224496005306902 -8.224496005306902 -8.224496005306902 -8.224496005306902 -8.224496005306902 -8.224496005306902 -8.224496005306902 -8.224496005306902 -8.224496005306902 -8.224496005306902 -8.224496005306902 -8.224496005306902 -8.224496005306902 -8.224496005306902 -8.224496005306902 -8.224496005306902 -8.224496005306902 -8.224496005306902 -8.224496005306902 -8.224496005306902 -8.224496005306902 -8.224496005306902 -8.88559385438125
60
 -3.0180802181848323 -4.005916460017676 -4.703614435452819 -5.226627980996331 -5.757877736586711 -5.978023638764442 -6.405474262563095 -6.407211193503216 -6.737674471794812 -6.971884628061788 -7.10114914017361 -7.473257826162126 -8.004593863445574 -8.131963637744342 -8.131963637744342 -8.131963637744342 -8.055515787348423 -8.07976401824345 -8.181926429443655 -8.181926429443655 -8.181926429443655 -8.181926429443655 -8.181926429443655 -8.181926429443655 -8.181926429443655 -8.181926429443655 -8.181926429443655 -8.181926429443655 -8.80320861733467 -9.278536990216827 -8.783166914808902 -9.277474731709585 -9.277474731709585 -9.277474731709585 -9.277474731709585 -9.277474731709585 -9.277474731709585 -9.277474731709585 -9.277474731709585 -9.277474731709585 -9.277474731709585 -9.277474731709585 -9.277474731709585 -9.277474731709585 -9.277474731709585 -9.277474731709585 -9.277474731709585 -9.277474731709585 -9.277474731709585 -9.277474731709585 -9.277474731709585 -9.277474731709585 -9.277474731709585 -9.277474731709585 -9.277474731709585 -9.277474731709585 -9.277474731709585 -9.277474731709585 -9.277474731709585 -9.446163968837807
60
 -3.0180802181848323 -4.067643021669501 -4.750733074501561 -5.379880201696415 -5.76826147358415 -6.2056911315516246 -6.653509559124364 -6.853683933652894 -6.9796233239416505 -7.185402671545563 -7.52377484848351 -7.865667007682957 -7.798180064132247 -8.01451015375072 -8.01451015375072 -8.01451015375072 -8.036936928049547 -8.036936928049547 -8.036936928049547 -8.036936928049547 -8.036936928049547 -8.036936928049547 -8.036936928049547 -8.036936928049547 -8.036936928049547 -8.036936928049547 -8.081991238761553 -8.4590040187364 -8.490041074357261 -8.726583811668343 -8.726583811668343 -8.726583811668343 -8.726583811668343 -8.726583811668343 -8.726583811668343 -8.726583811668343 -8.726583811668343 -8.726583811668343 -8.726583811668343 -8.726583811668343 -8.726583811668343 -8.726583811668343 -8.726583811668343 -8.726583811668343 -8.726583811668343 -8.726583811668343 -8.726583811668343 -8.726583811668343 -8.726583811668343 -8.726583811668343 -8.726583811668343 -8.726583811668343 -8.726583811668343 -8.726583811668343 -8.726583811668343 -8.726583811668343 -8.726583811668343 -9.10667840712205 -9.149242300955192 -8.890618750305906
60
 -3.0180802181848323 -3.7341308243170688 -4.535774641189204 -5.0072932084602355 -5.155784879072722 -5.457565086086727 -6.044311440459995 -6.294096147776187 -6.294096147776187 -6.294096147776187 -6.35908905765497 -6.626016181490942 -6.713252445734164 -6.713252445734164 -6.713252445734164 -6.713252445734164 -6.713252445734164 -6.713252445734164 -6.713252445734164 -6.713252445734164 -6.713252445734164 -6.631449011620752 -7.006199368657268 -7.006199368657268 -7.006199368657268 -7.006199368657268 -7.006199368657268 -7.006199368657268 -7.006199368657268 -7.006199368657268 -7.006199368657268 -7.006199368657268 -7.006199368657268 -7.006199368657268 -7.006199368657268 -7.006199368657268 -7.006199368657268 -7.006199368657268 -7.006199368657268 -7.006199368657268 -7.006199368657268 -7.006199368657268 -7.006199368657268 -7.006199368657268 -7.006199368657268 -7.006199368657268 -7.006199368657268 -7.006199368657268 -7.006199368657268 -7.006199368657268 -7.1983618108770555 -7.707078793129325 -7.982621904963244 -8.020729620412974 -8.103758045508556 -8.103758045508556 -8.103758045508556 -8.103758045508556 -8.103758045508556 -8.103758045508556
60
 -3.0180802181848323 -4.059817345739683 -4.509266953524858 -5.082018128616209 -5.599133863797593 -5.898996596730317 -6.042924457698146 -6.286317453058409 -6.71662382594974 -6.970418194256744 -7.235024049252967 -7.485250540474498 -7.485250540474498 -7.485250540474498 -7.670295249836355 -7.433638062041485 -8.145944199838324 -8.12555222099808 -8.004835688647885 -8.761428983906699 -8.613305786331441 -8.613305786331441 -8.613305786331441 -8.613305786331441 -8.613305786331441 -8.613305786331441 -8.613305786331441 -8.613305786331441 -8.613305786331441 -9.074459094581934 -9.071961889969135 -9.350975936133336 -9.350975936133336 -9.350975936133336 -9.350975936133336 -9.350975936133336 -9.350975936133336 -9.350975936133336 -9.350975936133336 -9.350975936133336 -9.350975936133336 -9.350975936133336 -9.350975936133336 -9.350975936133336 -9.350975936133336 -9.350975936133336 -9.350975936133336 -9.350975936133336 -9.350975936133336 -9.350975936133336 -9.350975936133336 -9.350975936133336 -9.350975936133336 -9.350975936133336 -9.350975936133336 -9.350975936133336 -9.350975936133336 -9.350975936133336 -9.350975936133336 -9.316491472042237
60
 -3.0180802181848323 -4.065902831101848 -4.731928066963816 -5.1732322540745805 -5.630412492159924 -6.0940221970498545 -6.4367987330148 -6.4555884298783415 -6.747223545657729 -7.031172297101864 -7.366030087291739 -7.625184046334323 -7.789307407342355 -7.789307407342355 -7.789307407342355 -7.767497275104611 -7.767497275104611 -7.767497275104611 -7.767497275104611 -7.767497275104611 -7.767497275104611 -7.767497275104611 -7.767497275104611 -7.767497275104611 -7.767497275104611 -7.916761135850956 -8.364036124892715 -8.555677100368856 -8.724697155784739 -8.634146742948598 -9.326051086046112 -9.326051086046112 -9.326051086046112 -9.326051086046112 -9.326051086046112 -9.326051086046112 -9.326051086046112 -9.326051086046112 -9.326051086046112 -9.326051086046112 -9.326051086046112 -9.326051086046112 -9.326051086046112 -9.326051086046112 -9.326051086046112 -9.326051086046112 -9.326051086046112 -9.326051086046112 -9.326051086046112 -9.326051086046112 -9.326051086046112 -9.326051086046112 -9.326051086046112 -9.326051086046112 -9.326051086046112 -9.326051086046112 -9.326051086046112 -9.326051086046112 -9.44149626606133 -9.101407012061788
60
 -3.0180802181848323 -4.0542175015856134 -4.785173233873304 -5.305178122776889 -5.456641011493106 -6.069588658274108 -6.361859410645701 -6.710111315292724 -7.130706696190351 -7.1939454298113175 -6.647217540385616 -7.280696778154283 -7.684743313017208 -8.224095278656495 -8.332747974991289 -8.62114297467289 -8.834135472954285 -8.834135472954285 -8.834135472954285 -8.850895310411095 -8.366252799551374 -8.76133210605869 -8.76133210605869 -8.76133210605869 -8.76133210605869 -8.76133210605869 -8.76133210605869 -8.76133210605869 -8.76133210605869 -8.76133210605869 -8.76133210605869 -9.343028094773103 -8.067552728173954 -9.852333673352279 -9.935474405433625 -9.935474405433625 -9.935474405433625 -9.935474405433625 -9.935474405433625 -9.935474405433625 -9.935474405433625 -9.935474405433625 -9.935474405433625 -9.935474405433625 -9.935474405433625 -9.935474405433625 -9.935474405433625 -9.935474405433625 -9.935474405433625 -9.935474405433625 -9.935474405433625 -9.935474405433625 -9.935474405433625 -9.935474405433625 -9.935474405433625 -9.935474405433625 -9.935474405433625 -9.935474405433625 -9.935474405433625 -9.935474405433625
60
 -3.0180802181848323 -4.039594474335137 -4.780050467473292 -5.238972837848242 -5.6579385741733415 -6.0712178365819245 -6.38994467407409 -6.81413130527492 -7.063668834709251 -7.4120978437576195 -7.417110497646808 -7.534287207056216 -7.942742479999697 -8.186345769438613 -8.41564724903047 -8.535395007715652 -8.535395007715652 -8.535395007715652 -8.666382022310387 -8.869541182538565 -9.043583058833397 -9.043583058833397 -9.043583058833397 -9.043583058833397 -9.043583058833397 -9.043583058833397 -9.043583058833397 -9.043583058833397 -9.043583058833397 -8.263206705395046 -7.886630573568103 -9.590659029886046 -8.729170017631919 -8.729170017631919 -8.729170017631919 -8.729170017631919 -8.729170017631919 -8.729170017631919 -8.729170017631919 -8.729170017631919 -8.729170017631919 -8.729170017631919 -8.729170017631919 -8.729170017631919 -8.729170017631919 -8.729170017631919 -8.729170017631919 -8.729170017631919 -8.729170017631919 -8.729170017631919 -8.729170017631919 -8.729170017631919 -8.729170017631919 -8.729170017631919 -8.729170017631919 -8.729170017631919 -8.729170017631919 -8.729170017631919 -8.729170017631919 -9.090296200904769
60
 -3.0180802181848323 -4.075703887433797 -4.55464875825123 -5.134104106817872 -5.678531004654257 -6.061406615675471 -6.010989237080828 -6.452814920570582 -6.783782535364448 -7.11103194778486 -7.153361050232899 -7.425313143001208 -7.693323738479159 -7.693323738479159 -7.693323738479159 -7.7320293123502974 -8.14503954937342 -8.179684084605578 -8.179684084605578 -8.179684084605578 -8.179684084605578 -8.179684084605578 -8.179684084605578 -8.179684084605578 -8.179684084605578 -8.179684084605578 -8.365345393067427 -8.629213974696132 -8.81678438079999 -9.05011790085695 -9.166839730820001 -9.053439023221115 -9.053439023221115 -9.053439023221115 -9.053439023221115 -9.053439023221115 -9.053439023221115 -9.053439023221115 -9.053439023221115 -9.053439023221115 -9.053439023221115 -9.053439023221115 -9.053439023221115 -9.053439023221115 -9.053439023221115 -9.053439023221115 -9.053439023221115 -9.053439023221115 -9.053439023221115 -9.053439023221115 -9.053439023221115 -9.053439023221115 -9.053439023221115 -9.053439023221115 -9.053439023221115 -9.053439023221115 -9.053439023221115 -9.053439023221115 -9.36934530015828 -9.589681755550838
60
 -3.0180802181848323 -3.7447352679348826 -4.56243962878749 -5.188946029361453 -5.56201730426749 -6.065134485306308 -6.311308590617405 -6.545471827061735 -6.610765601886339 -7.097294225523568 -7.3960010794258295 -7.565933997371617 -7.7148681288706635 -7.7148681288706635 -7.7148681288706635 -6.856985657820605 -6.856985657820605 -6.856985657820605 -6.856985657820605 -6.856985657820605 -6.856985657820605 -6.856985657820605 -6.856985657820605 -6.856985657820605 -7.852740116726357 -7.999624944434318 -8.368821908494445 -8.108445186605195 -8.837241206313728 -8.929304149221597 -9.118990818012515 -9.118990818012515 -9.118990818012515 -9.118990818012515 -9.118990818012515 -9.118990818012515 -9.118990818012515 -9.118990818012515 -9.118990818012515 -9.118990818012515 -9.118990818012515 -9.118990818012515 -9.118990818012515 -9.118990818012515 -9.118990818012515 -9.118990818012515 -9.118990818012515 -9.118990818012515 -9.118990818012515 -9.118990818012515 -9.118990818012515 -9.118990818012515 -9.118990818012515 -9.118990818012515 -9.118990818012515 -9.118990818012515 -9.118990818012515 -9.118990818012515 -9.332205963630242 -8.894979448547238
MainSSVRG
10
60
 -3.0180802181848323 -3.988760154822826 -4.669675539499685 -5.075148535523521 -5.575489232895833 -5.996351982406859 -6.288650986867888 -6.5560005747369505 -6.571072826736523 -6.741154824043572 -6.741154824043572 -6.741154824043572 -6.934331533503708 -7.197743570562789 -7.197743570562789 -7.197743570562789 -7.197743570562789 -7.197743570562789 -7.197743570562789 -7.197743570562789 -7.197743570562789 -7.197743570562789 -7.197743570562789 -7.490607384487253 -7.776178972761428 -7.827437789013243 -7.827437789013243 -7.827437789013243 -7.827437789013243 -7.827437789013243 -7.827437789013243 -7.827437789013243 -7.827437789013243 -7.827437789013243 -7.827437789013243 -7.827437789013243 -7.827437789013243 -7.827437789013243 -7.827437789013243 -7.827437789013243 -7.827437789013243 -7.827437789013243 -7.827437789013243 -7.827437789013243 -7.827437789013243 -7.827437789013243 -7.827437789013243 -7.827437789013243 -7.827437789013243 -7.827437789013243 -7.827437789013243 -7.827437789013243 -7.839242897051373 -8.116531664385555 -8.270966331267354 -8.270966331267354 -8.270966331267354 -8.270966331267354 -8.270966331267354 -8.270966331267354
60
 -3.0180802181848323 -4.053229094127252 -4.7544394758843005 -5.227100003753981 -5.556039337580536 -5.752148012410252 -6.291165657389374 -6.65146879418158 -6.935721043432963 -7.117291488712471 -7.240520203910489 -7.598474095328712 -7.851093962774042 -7.851093962774042 -7.851093962774042 -7.91246798157001 -8.220705214100935 -8.484504081018652 -8.729192599024705 -8.953307362449548 -9.131949298245665 -9.131949298245665 -9.131949298245665 -9.131949298245665 -9.131949298245665 -9.131949298245665 -9.131949298245665 -9.131949298245665 -9.131949298245665 -9.142087468154998 -9.461869530848354 -9.702969615062226 -9.90466519832012 -10.117549318136845 -10.337888938801647 -10.485774675941025 -10.485774675941025 -10.485774675941025 -10.485774675941025 -10.485774675941025 -10.485774675941025 -10.485774675941025 -10.485774675941025 -10.485774675941025 -10.485774675941025 -10.485774675941025 -10.485774675941025 -10.485774675941025 -10.485774675941025 -10.485774675941025 -10.485774675941025 -10.485774675941025 -10.485774675941025 -10.485774675941025 -10.485774675941025 -10.485774675941025 -10.485774675941025 -10.485774675941025 -10.485774675941025 -10.485774675941025
60
 -3.0180802181848323 -3.9019763611253357 -4.502806379001633 -4.902980394603494 -5.188912696026305 -5.740591769676549 -6.326137247239761 -6.679782055480443 -6.930408054074382 -7.077118987501822 -7.224067755624662 -7.312193680271098 -7.575274611447536 -7.953994893756949 -8.211242276473671 -8.433684043922606 -8.654347898186462 -8.817462729825786 -8.817462729825786 -8.817462729825786 -8.817462729825786 -9.191523520888746 -9.469173390027965 -9.701086594161561 -9.911104085153967 -10.081062603241092 -10.081062603241092 -10.081062603241092 -10.081062603241092 -10.081062603241092 -10.081062603241092 -10.081062603241092 -10.081062603241092 -10.081062603241092 -10.081062603241092 -10.38666964774964 -10.504337419760464 -10.504337419760464 -10.504337419760464 -10.504337419760464 -10.504337419760464 -10.504337419760464 -10.504337419760464 -10.504337419760464 -10.504337419760464 -10.504337419760464 -10.504337419760464 -10.504337419760464 -10.504337419760464 -10.504337419760464 -10.504337419760464 -10.504337419760464 -10.504337419760464 -10.504337419760464 -10.504337419760464 -10.504337419760464 -10.504337419760464 -10.504337419760464 -10.504337419760464 -10.504337419760464
60
 -3.0180802181848323 -3.939654023728319 -4.507433700187904 -4.887844279256949 -5.167873269472921 -5.323299591355785 -5.867839823703486 -6.292240790390698 -6.637317781535972 -6.70860253106642 -7.14514210636991 -7.513125111233328 -7.805600150773742 -8.0487205048136 -8.278466821085159 -8.278466821085159 -8.278466821085159 -8.278466821085159 -8.615830464919588 -8.880583301156115 -9.09259049216404 -9.298444768390922 -9.48323300768563 -9.666903925969146 -9.653825120163168 -9.653825120163168 -9.653825120163168 -9.653825120163168 -9.653825120163168 -9.653825120163168 -9.653825120163168 -9.653825120163168 -9.653825120163168 -9.905793621962616 -10.129727392037823 -10.129727392037823 -10.129727392037823 -10.129727392037823 -10.129727392037823 -10.129727392037823 -10.129727392037823 -10.129727392037823 -10.129727392037823 -10.129727392037823 -10.129727392037823 -10.129727392037823 -10.129727392037823 -10.129727392037823 -10.129727392037823 -10.129727392037823 -10.129727392037823 -10.129727392037823 -10.129727392037823 -10.129727392037823 -10.129727392037823 -10.129727392037823 -10.129727392037823 -10.129727392037823 -10.129727392037823 -10.129727392037823
60
 -3.0180802181848323 -4.065834817502835 -4.711188353431689 -5.111301677625083 -5.461756149231853 -5.642602711709047 -6.100135307437942 -6.451582352738796 -6.721147413477599 -6.943090924877039 -7.0046681298945925 -7.389086003604418 -7.690546518539034 -7.944906131821939 -8.16887993558791 -8.377134858748105 -8.477932667226108 -8.477932667226108 -8.477932667226108 -8.628766544786856 -8.907075868446901 -9.13442520593232 -9.345335725965397 -9.53690573697665 -9.719120908543946 -9.846881225186756 -9.846881225186756 -9.846881225186756 -9.846881225186756 -9.846881225186756 -9.846881225186756 -9.846881225186756 -9.846881225186756 -9.846881225186756 -9.846881225186756 -10.215501471843902 -10.358158085229848 -10.358158085229848 -10.358158085229848 -10.358158085229848 -10.358158085229848 -10.358158085229848 -10.358158085229848 -10.358158085229848 -10.358158085229848 -10.358158085229848 -10.358158085229848 -10.358158085229848 -10.358158085229848 -10.358158085229848 -10.358158085229848 -10.358158085229848 -10.358158085229848 -10.358158085229848 -10.358158085229848 -10.358158085229848 -10.358158085229848 -10.358158085229848 -10.358158085229848 -10.358158085229848
60
 -3.0180802181848323 -3.9692848205673563 -4.578273279241905 -4.905301333951547 -5.194361389199211 -5.494658372668621 -5.77757760768621 -6.016212132378275 -6.460841902546168 -6.843528459726889 -7.179337343038868 -7.4875782522271646 -7.613864953742488 -7.613864953742488 -7.613864953742488 -7.788712953911208 -8.071672745859672 -8.315478165043407 -8.543607669001112 -8.57493023360504 -8.57493023360504 -8.57493023360504 -8.57493023360504 -8.57493023360504 -8.57493023360504 -8.57493023360504 -8.57493023360504 -8.57493023360504 -8.759640021749291 -9.022222690992836 -9.261523839163335 -9.488329071213652 -9.705626590255497 -9.92160962043689 -10.01482779385353 -10.01482779385353 -10.01482779385353 -10.01482779385353 -10.01482779385353 -10.01482779385353 -10.01482779385353 -10.01482779385353 -10.01482779385353 -10.01482779385353 -10.01482779385353 -10.01482779385353 -10.01482779385353 -10.01482779385353 -10.01482779385353 -10.01482779385353 -10.01482779385353 -10.01482779385353 -10.01482779385353 -10.01482779385353 -10.01482779385353 -10.01482779385353 -10.01482779385353 -10.01482779385353 -10.01482779385353 -10.01482779385353
60
 -3.0180802181848323 -3.7046168670262567 -4.492857801234094 -4.836674931271207 -5.047055435974064 -5.047055435974064 -5.047055435974064 -5.0815478135227385 -5.621609695226344 -6.060246869349472 -6.442256790484296 -6.792753717722095 -7.106896693594123 -7.402101485081137 -7.398326024535177 -7.398326024535177 -7.398326024535177 -7.398326024535177 -7.398326024535177 -7.398326024535177 -7.398326024535177 -7.398326024535177 -7.398326024535177 -7.634871078487999 -7.924495122008082 -8.003596356608277 -8.003596356608277 -8.003596356608277 -8.003596356608277 -8.003596356608277 -8.003596356608277 -8.003596356608277 -8.003596356608277 -8.003596356608277 -8.003596356608277 -8.003596356608277 -8.003596356608277 -8.003596356608277 -8.003596356608277 -8.003596356608277 -8.003596356608277 -8.003596356608277 -8.003596356608277 -8.003596356608277 -8.003596356608277 -8.003596356608277 -8.003596356608277 -8.003596356608277 -8.003596356608277 -8.003596356608277 -8.003596356608277 -8.003596356608277 -8.003596356608277 -8.197846290098216 -8.197846290098216 -8.197846290098216 -8.197846290098216 -8.197846290098216 -8.197846290098216 -8.197846290098216
60
 -3.0180802181848323 -4.128482712028424 -4.628012784864393 -5.1757667021529805 -5.539397791440009 -5.641164827320751 -6.108802188005727 -6.491431093592611 -6.829116164417183 -7.016234818728634 -7.016234818728634 -7.016234818728634 -7.136600698966749 -7.437512682379741 -7.712938489950507 -7.9740369220638705 -8.217805340784595 -8.287322912429365 -8.287322912429365 -8.287322912429365 -8.287322912429365 -8.287322912429365 -8.287322912429365 -8.287322912429365 -8.287322912429365 -8.287322912429365 -8.381045912767386 -8.381045912767386 -8.381045912767386 -8.381045912767386 -8.381045912767386 -8.381045912767386 -8.381045912767386 -8.381045912767386 -8.381045912767386 -8.381045912767386 -8.381045912767386 -8.381045912767386 -8.381045912767386 -8.381045912767386 -8.381045912767386 -8.381045912767386 -8.381045912767386 -8.381045912767386 -8.381045912767386 -8.381045912767386 -8.381045912767386 -8.381045912767386 -8.381045912767386 -8.381045912767386 -8.381045912767386 -8.381045912767386 -8.381045912767386 -8.381045912767386 -8.517140728373839 -8.795756301649885 -9.04445614990605 -9.28257141282322 -9.514371218311325 -9.743928978541014
60
 -3.0180802181848323 -3.735752633389541 -4.545424652344049 -5.058820348707424 -5.1257793973023364 -5.642014402523645 -6.063451296024492 -6.426172531986744 -6.746345601517178 -6.99380133949865 -6.99380133949865 -6.99380133949865 -7.023383738233896 -7.391906986466997 -7.687763677007105 -7.7214448970374026 -7.7214448970374026 -7.7214448970374026 -7.7214448970374026 -7.7214448970374026 -7.7214448970374026 -7.7214448970374026 -7.7214448970374026 -7.7214448970374026 -7.932354066424096 -8.22444579503015 -8.268487509297703 -8.268487509297703 -8.268487509297703 -8.268487509297703 -8.268487509297703 -8.268487509297703 -8.268487509297703 -8.268487509297703 -8.268487509297703 -8.268487509297703 -8.268487509297703 -8.268487509297703 -8.268487509297703 -8.268487509297703 -8.268487509297703 -8.268487509297703 -8.268487509297703 -8.268487509297703 -8.268487509297703 -8.268487509297703 -8.268487509297703 -8.268487509297703 -8.268487509297703 -8.268487509297703 -8.268487509297703 -8.268487509297703 -8.268487509297703 -8.290554255978508 -8.56600511324381 -8.82712132494632 -9.074015402117785 -9.309355227409457 -9.54868622501734 -9.692594997335426
60
 -3.0180802181848323 -4.026370948519638 -4.642917294660988 -5.0949024344466425 -5.42655597260673 -5.6810137321283545 -5.885460769886444 -6.260043583558994 -6.5543230419921645 -6.778404753875156 -6.8959629504488 -7.016215946036781 -7.072721319470047 -7.447360231478341 -7.804148234841214 -8.00967743871825 -8.010670831268072 -8.010670831268072 -8.010670831268072 -8.450343120117243 -8.715177884660957 -8.717797090236928 -8.717797090236928 -8.717797090236928 -8.717797090236928 -8.717797090236928 -8.717797090236928 -8.717797090236928 -8.717797090236928 -8.717797090236928 -8.94798891108855 -9.226043559042264 -9.386498846480315 -9.386498846480315 -9.386498846480315 -9.386498846480315 -9.386498846480315 -9.386498846480315 -9.386498846480315 -9.386498846480315 -9.386498846480315 -9.386498846480315 -9.386498846480315 -9.386498846480315 -9.386498846480315 -9.386498846480315 -9.386498846480315 -9.386498846480315 -9.386498846480315 -9.386498846480315 -9.386498846480315 -9.386498846480315 -9.386498846480315 -9.386498846480315 -9.386498846480315 -9.386498846480315 -9.386498846480315 -9.386498846480315 -9.386498846480315 -9.386498846480315
steps
10
60
 0 10000 20000 30000 40000 50000 60000 70000 80000 90000 100000 110000 120000 130000 140000 150000 160000 170000 180000 190000 200000 210000 220000 230000 240000 250000 260000 270000 280000 290000 300000 310000 320000 330000 340000 350000 360000 370000 380000 390000 400000 410000 420000 430000 440000 450000 460000 470000 480000 490000 500000 510000 520000 530000 540000 550000 560000 570000 580000 590000
60
 0 10000 20000 30000 40000 50000 60000 70000 80000 90000 100000 110000 120000 130000 140000 150000 160000 170000 180000 190000 200000 210000 220000 230000 240000 250000 260000 270000 280000 290000 300000 310000 320000 330000 340000 350000 360000 370000 380000 390000 400000 410000 420000 430000 440000 450000 460000 470000 480000 490000 500000 510000 520000 530000 540000 550000 560000 570000 580000 590000
60
 0 10000 20000 30000 40000 50000 60000 70000 80000 90000 100000 110000 120000 130000 140000 150000 160000 170000 180000 190000 200000 210000 220000 230000 240000 250000 260000 270000 280000 290000 300000 310000 320000 330000 340000 350000 360000 370000 380000 390000 400000 410000 420000 430000 440000 450000 460000 470000 480000 490000 500000 510000 520000 530000 540000 550000 560000 570000 580000 590000
60
 0 10000 20000 30000 40000 50000 60000 70000 80000 90000 100000 110000 120000 130000 140000 150000 160000 170000 180000 190000 200000 210000 220000 230000 240000 250000 260000 270000 280000 290000 300000 310000 320000 330000 340000 350000 360000 370000 380000 390000 400000 410000 420000 430000 440000 450000 460000 470000 480000 490000 500000 510000 520000 530000 540000 550000 560000 570000 580000 590000
60
 0 10000 20000 30000 40000 50000 60000 70000 80000 90000 100000 110000 120000 130000 140000 150000 160000 170000 180000 190000 200000 210000 220000 230000 240000 250000 260000 270000 280000 290000 300000 310000 320000 330000 340000 350000 360000 370000 380000 390000 400000 410000 420000 430000 440000 450000 460000 470000 480000 490000 500000 510000 520000 530000 540000 550000 560000 570000 580000 590000
60
 0 10000 20000 30000 40000 50000 60000 70000 80000 90000 100000 110000 120000 130000 140000 150000 160000 170000 180000 190000 200000 210000 220000 230000 240000 250000 260000 270000 280000 290000 300000 310000 320000 330000 340000 350000 360000 370000 380000 390000 400000 410000 420000 430000 440000 450000 460000 470000 480000 490000 500000 510000 520000 530000 540000 550000 560000 570000 580000 590000
60
 0 10000 20000 30000 40000 50000 60000 70000 80000 90000 100000 110000 120000 130000 140000 150000 160000 170000 180000 190000 200000 210000 220000 230000 240000 250000 260000 270000 280000 290000 300000 310000 320000 330000 340000 350000 360000 370000 380000 390000 400000 410000 420000 430000 440000 450000 460000 470000 480000 490000 500000 510000 520000 530000 540000 550000 560000 570000 580000 590000
60
 0 10000 20000 30000 40000 50000 60000 70000 80000 90000 100000 110000 120000 130000 140000 150000 160000 170000 180000 190000 200000 210000 220000 230000 240000 250000 260000 270000 280000 290000 300000 310000 320000 330000 340000 350000 360000 370000 380000 390000 400000 410000 420000 430000 440000 450000 460000 470000 480000 490000 500000 510000 520000 530000 540000 550000 560000 570000 580000 590000
60
 0 10000 20000 30000 40000 50000 60000 70000 80000 90000 100000 110000 120000 130000 140000 150000 160000 170000 180000 190000 200000 210000 220000 230000 240000 250000 260000 270000 280000 290000 300000 310000 320000 330000 340000 350000 360000 370000 380000 390000 400000 410000 420000 430000 440000 450000 460000 470000 480000 490000 500000 510000 520000 530000 540000 550000 560000 570000 580000 590000
60
 0 10000 20000 30000 40000 50000 60000 70000 80000 90000 100000 110000 120000 130000 140000 150000 160000 170000 180000 190000 200000 210000 220000 230000 240000 250000 260000 270000 280000 290000 300000 310000 320000 330000 340000 350000 360000 370000 380000 390000 400000 410000 420000 430000 440000 450000 460000 470000 480000 490000 500000 510000 520000 530000 540000 550000 560000 570000 580000 590000
