10
SGD
10
41
 -2.9362182730142337 -8.748244954552458 -8.120127374061054 -7.911992864115041 -7.888444590311302 -7.750168322407944 -7.685644598436226 -7.653736019855209 -7.615671192331855 -7.606128234984028 -7.57560898897886 -7.557500404566031 -7.549686127519079 -7.532626060553485 -7.518700674655849 -7.50947184201568 -7.5137332489343365 -7.490007910551767 -7.484549113480867 -7.4770135642678985 -7.472567496429411 -7.470853072963152 -7.4574566079143265 -7.4496150109332016 -7.461579140362417 -7.438908423261574 -7.449698253807146 -7.43823391203325 -7.433682383999086 -7.422627888574563 -7.418779598502622 -7.427008667603996 -7.413360213131807 -7.408312770727012 -7.4063740257934585 -7.402922184411544 -7.40283797464143 -7.397927044151904 -7.398939748820706 -7.395365171541982 -7.391367094329012
41
 -2.9362182730142337 -8.454618996024724 -8.063421472679572 -7.88317850658529 -7.767103774603008 -7.710182121346684 -7.712216760471777 -7.633274832608519 -7.6035840501886405 -7.580287861474682 -7.559496893933279 -7.566520262081146 -7.531572043747247 -7.516633670486523 -7.506094631187948 -7.5038367932018275 -7.493008476791286 -7.4839114413429835 -7.4702864544369705 -7.46778234852622 -7.457443705416361 -7.4768188905370865 -7.4441468775951005 -7.437714671133149 -7.43397826277277 -7.429561482783767 -7.4258898337596655 -7.421490629889485 -7.416452178305292 -7.416930904679725 -7.414368289627055 -7.406642973238825 -7.403557000383703 -7.404978905590512 -7.395530287750051 -7.39274312904582 -7.389680370785704 -7.386763292946535 -7.384112538243944 -7.388421188886895 -7.381480904745805
41
 -2.9362182730142337 -9.076800138626615 -8.245875364680517 -8.033501404200416 -7.92932621135349 -7.810744074383201 -7.7700712703648245 -7.72968055353546 -7.687296908154062 -7.6686268700576985 -7.633863605247037 -7.610951964865433 -7.59742744336578 -7.593279068771647 -7.579510355434297 -7.5684422261505615 -7.551610950025657 -7.537893579889091 -7.529813236024674 -7.519401672875448 -7.513538240310461 -7.52195470941479 -7.497582579453804 -7.500587061211732 -7.483240530045292 -7.485361830962584 -7.472540680094845 -7.472590164409846 -7.471258340327039 -7.4575053301716805 -7.454215144784906 -7.450864405737995 -7.446566864564161 -7.445213285739379 -7.4433807046680105 -7.434811859274797 -7.433985380659356 -7.432784005522072 -7.430462417267506 -7.42955633793893 -7.420171864217077
41
 -2.9362182730142337 -9.008781852106887 -8.318543801275839 -8.025782440952526 -7.901895056065568 -7.827393834164251 -7.7585562676226365 -7.716563206627809 -7.69983134984414 -7.65730976239481 -7.653357288121291 -7.6161662481446655 -7.599410245069068 -7.58055457823028 -7.5772595137902155 -7.553747239587667 -7.546617151243517 -7.5321600570922875 -7.523886018463769 -7.523449958159014 -7.508210943796956 -7.499016317212531 -7.506164803305335 -7.487705693672229 -7.480468335163792 -7.475284184639411 -7.4699388614396325 -7.464147519704104 -7.459911418893398 -7.456628022652726 -7.450769007443771 -7.450009109403426 -7.445114240047414 -7.43927446599074 -7.436413962426149 -7.432365929681266 -7.429464926604529 -7.4335642995892535 -7.424192858407083 -7.423389971520508 -7.417322396728099
41
 -2.9362182730142337 -8.64003117420859 -7.95542034045445 -7.7989123994816545 -7.739842240911932 -7.652209579885399 -7.613550443795989 -7.593311962380834 -7.555964063151771 -7.539518681925092 -7.527194169128744 -7.517691722602214 -7.516751005810077 -7.499333319558815 -7.472216686761979 -7.477920298817225 -7.453714957044866 -7.4573883928734555 -7.440945267488651 -7.435263595099143 -7.434203091433446 -7.4222609026910495 -7.419044189529554 -7.417239046170674 -7.416279412008477 -7.410912623287034 -7.4020688625487265 -7.398865047923044 -7.4023778389131465 -7.394973087546228 -7.388057342263739 -7.3839741212063155 -7.390664376047491 -7.384270389296187 -7.379285703661792 -7.3769312376710525 -7.3846683084073925 -7.367657620434221 -7.365931501312845 -7.364419366194435 -7.363662154095518
41
 -2.9362182730142337 -9.555629646046729 -8.314489611981083 -8.146931888407837 -7.961058220199102 -7.83555570076421 -7.7682905155540185 -7.725161189119478 -7.708171311725345 -7.6612559576339985 -7.642104531314598 -7.616901230016539 -7.617884071483765 -7.591792760395027 -7.587691179425852 -7.579562141468908 -7.543668481792584 -7.626116268809821 -7.5245578383236795 -7.526755270967912 -7.518473449538713 -7.509909985877862 -7.535157724658222 -7.493924385487118 -7.484049819685435 -7.477238012731577 -7.489197343853874 -7.47101290009093 -7.465804093859733 -7.45995476365918 -7.453437644100409 -7.449211591511731 -7.446371747647901 -7.442020045057697 -7.439422456859394 -7.435865861195766 -7.4339675570095975 -7.429021022475279 -7.428321272532561 -7.423766036466398 -7.420633279533399
41
 -2.9362182730142337 -8.962773462873672 -8.352945548921063 -8.119881263589459 -7.895081226806733 -7.886429433869803 -7.751986488418299 -7.705424450189871 -7.725346692135825 -7.653549732669505 -7.639492029024429 -7.6214820664649245 -7.590169629250162 -7.573828782054631 -7.598059952317935 -7.569922317987492 -7.531545492533992 -7.530634123160937 -7.531835347921659 -7.512781841469061 -7.502894453688843 -7.492191924374665 -7.485511063120537 -7.486201281868512 -7.468564506527928 -7.4626967993423765 -7.458736163413049 -7.45939622834388 -7.449449649506466 -7.447585126064949 -7.440991648530106 -7.438443162136078 -7.4365214148583885 -7.429890383946414 -7.428731793841186 -7.42626792157705 -7.419785578430183 -7.42157241843701 -7.415988634176541 -7.413620558576035 -7.40930496183534
41
 -2.9362182730142337 -8.742977624734507 -8.183270954829867 -8.013752785842787 -7.824519389732113 -7.768229586116131 -7.751337326923325 -7.689521133209481 -7.68154481256828 -7.649990014396906 -7.5991532063966405 -7.5896472476717385 -7.565233749701932 -7.555309129223462 -7.537695354860302 -7.527139470756801 -7.524689449910817 -7.51059209706682 -7.502723688662541 -7.498123957031026 -7.490354819994271 -7.4899421586749035 -7.488248593724487 -7.48609813519626 -7.463482416395279 -7.458895778358944 -7.4623668750458485 -7.450301406838404 -7.445141788139013 -7.458471740417488 -7.438578198362059 -7.438451713124674 -7.43021559735597 -7.426901558117192 -7.426870214867694 -7.420695611939224 -7.419374086338766 -7.415671382404794 -7.414172629094155 -7.410091452263631 -7.406656004723356
41
 -2.9362182730142337 -9.023587310536282 -8.30551019528934 -8.063431798887095 -7.987076980875661 -7.844706397463283 -7.790511744217636 -7.756142675935221 -7.715225302691848 -7.700777661091717 -7.675219810028103 -7.643840950242327 -7.633762843463094 -7.632375745110711 -7.59991381628003 -7.586853537947092 -7.57029739808802 -7.5624696807453375 -7.578385285963488 -7.542509463637638 -7.537180768830015 -7.527120398796017 -7.5200887446412095 -7.513679746082585 -7.506159396799024 -7.505108482273166 -7.497013765507947 -7.496344987183058 -7.497794799491831 -7.479761241059569 -7.476993793537562 -7.471260308695961 -7.467814216690105 -7.46314526425395 -7.460135602399674 -7.459587369548381 -7.454151630903099 -7.449896836272603 -7.44530206024698 -7.442012551778932 -7.46416706383731
41
 -2.9362182730142337 -8.505431452439364 -7.882102425940221 -7.7407184080249065 -7.683160761389763 -7.674950845131561 -7.615603488996213 -7.558767667941016 -7.548022114865234 -7.532590356007572 -7.4972355641841455 -7.516333153414414 -7.494413293892782 -7.4651239188777465 -7.48046372807869 -7.448933732144054 -7.437572692777974 -7.441626134990092 -7.424599744694413 -7.42029839970923 -7.42120850455754 -7.406361795548877 -7.4079773424817015 -7.40668199833052 -7.394477220078757 -7.3904193342499385 -7.385186117163041 -7.381893847304924 -7.378601944099188 -7.37637996164134 -7.373882513466322 -7.3697652835729075 -7.369521705368135 -7.365236412760414 -7.3613198989695965 -7.361377103024795 -7.355805844301001 -7.357430489582982 -7.357599208826939 -7.349272180584814 -7.347208615261659
SAGA
10
41
 -2.9362182730142337 -3.439122908687344 -3.8287547345201687 -4.16791199144775 -4.467355135037515 -4.733188317911929 -4.974972512205979 -5.208388997973647 -5.435774841544879 -5.645748541019443 -5.8458597720732906 -6.075109255823884 -6.290203395264607 -6.501171004195144 -6.710871998971619 -6.940264677810201 -7.163970553506406 -7.403443196670815 -7.6717564345594065 -7.963366232834065 -8.25335926961074 -8.624066606879245 -9.081655887886495 -9.691148490071102 -10.511400247759715 -12.851780492810871 -12.55516251360781 -10.370487198603865 -9.725393755654663 -9.335877880422586 -9.038048560975426 -8.809252680725594 -8.621084443381012 -8.481698442729014 -8.340785839773954 -8.229808248132843 -8.135076457712508 -8.050894249205612 -7.978772447796936 -7.911467053916968 -7.860785343323397
41
 -2.9362182730142337 -3.446346039696466 -3.834931691189895 -4.173621567463742 -4.469965177593874 -4.741612768153921 -4.9964124690021094 -5.226068757211442 -5.461302389142224 -5.669603738691865 -5.89242435945238 -6.084347064856702 -6.288078809793855 -6.5088171915391655 -6.74251449979836 -6.94897635676853 -7.186657469734594 -7.425978743556458 -7.708243426503161 -7.991266287162223 -8.301193678878661 -8.677363019615855 -9.138420174470372 -9.713926128820875 -10.620610288473317 -13.274378828518712 -11.439052208631452 -10.251189598165677 -9.683597114083092 -9.281053185643913 -9.002822224583097 -8.802824998120945 -8.606879931720178 -8.471992612055605 -8.345261390630403 -8.227649255710885 -8.13283930439534 -8.051411100455995 -7.973486676299365 -7.9110969386971925 -7.853908824185169
41
 -2.9362182730142337 -3.4475014890584705 -3.8355486082576578 -4.1671795790924975 -4.456226407369882 -4.736704459627692 -4.993100402461014 -5.224997853443996 -5.4576087651457525 -5.67256564676892 -5.883232040133327 -6.101440900888494 -6.312560772029336 -6.5255960926709315 -6.730669456295882 -6.954478907138106 -7.174240095343092 -7.428776868000599 -7.683464641744958 -7.968134150535109 -8.305748277962806 -8.666128511895426 -9.128946474543838 -9.749083076650317 -10.629480613198917 -13.190007612316304 -11.39586618256249 -10.251697335687052 -9.689152288665028 -9.294160501028575 -9.012552691399353 -8.809058631555146 -8.618223913479289 -8.473340518884601 -8.351780720625664 -8.238104677948535 -8.13977660045443 -8.056555930029178 -7.97668835959531 -7.911437947334514 -7.856133416054172
41
 -2.9362182730142337 -3.443368672994722 -3.8435319027176744 -4.173201171832944 -4.463139952375151 -4.729936930974809 -4.978191837663428 -5.219244880767626 -5.438554875590955 -5.650761244883082 -5.867473353086427 -6.077895553162751 -6.289477999572094 -6.502146283046139 -6.729335765761754 -6.949413240173763 -7.18414998836214 -7.439109855067991 -7.701033442719039 -8.00213922571059 -8.30089479021917 -8.732262627018736 -9.194176090824001 -9.832800011539296 -10.7317930400976 -13.292604696668933 -11.33953095960131 -10.198711714563741 -9.636623322975657 -9.25199956512257 -8.981669952779912 -8.76315115591375 -8.588031837007438 -8.442628774929839 -8.320583569575671 -8.21331802565709 -8.120895419953527 -8.040028232053404 -7.979205632871104 -7.90826270561084 -7.846481539510477
41
 -2.9362182730142337 -3.4407868256483876 -3.8433416216595835 -4.182286775374447 -4.472454378516747 -4.739382591474222 -4.985937553291334 -5.231737953536859 -5.458993788830926 -5.670576968436845 -5.887607002557465 -6.095391212804591 -6.3046863460806035 -6.512581315671786 -6.711368235473511 -6.946310509261249 -7.179476508536295 -7.41584821772139 -7.691011583988478 -7.959980654162352 -8.310078770283633 -8.671107801228231 -9.118294778075134 -9.754402268620524 -10.748589159391493 -13.478514047986126 -11.413218567274075 -10.240945338961405 -9.657668753337207 -9.291447419390272 -9.008401527721992 -8.822601387234409 -8.626473608261461 -8.4585102533032 -8.352850131594899 -8.22869071237974 -8.13103984645634 -8.048363277095635 -7.974880106990459 -7.920374312797495 -7.851688350142465
41
 -2.9362182730142337 -3.439090702970659 -3.838666182926521 -4.15968208238072 -4.46962797526122 -4.7349841625662705 -4.983591165625016 -5.22252453320833 -5.442289668006666 -5.661706670435161 -5.871862124292813 -6.081642735169238 -6.292858791636504 -6.509463203340799 -6.720057535653834 -6.94372302538472 -7.176074083973221 -7.427524661947276 -7.684368937699626 -7.961773780707257 -8.295759304164884 -8.671232237235984 -9.1310653348661 -9.619540241292686 -10.578808574754506 -13.613300962605011 -11.31087469859954 -10.221235767338555 -9.664572586165518 -9.28720719234301 -8.987848866572827 -8.864814321455244 -8.602583384733743 -8.477181845221995 -8.337508408740273 -8.225597574738003 -8.138549756964235 -8.053035103431261 -7.980181922311211 -7.913997444027911 -7.861815992898954
41
 -2.9362182730142337 -3.451379459356295 -3.8401908303272267 -4.163838830996339 -4.463474047476121 -4.737818604018702 -4.9879492917511445 -5.226682909891709 -5.443932401852492 -5.639888735532531 -5.882557206880304 -6.087798883415198 -6.303086509906032 -6.521538131897853 -6.731598685940697 -6.9751878301014365 -7.211867642065219 -7.439634746243967 -7.728948025087692 -8.001313837386935 -8.347634673749678 -8.710132844777325 -9.181978401872982 -9.777608272021688 -10.671434047497 -13.539743419504115 -11.357131961943253 -10.267824997439492 -9.701367378518016 -9.347380614592188 -9.026832922669051 -8.799739308977793 -8.61757352738166 -8.468713517522145 -8.341045601141692 -8.232604777769524 -8.137092756932983 -8.04951960221363 -7.977035149829306 -7.914122514925386 -7.8528576714388185
41
 -2.9362182730142337 -3.448091216304608 -3.835800128879156 -4.175701808521205 -4.472767535234165 -4.73222577851271 -4.973774816903324 -5.214297363769646 -5.443915808634496 -5.661464452735573 -5.87899196310417 -6.086741884208106 -6.290737349766985 -6.497697023601852 -6.709143436791922 -6.939260150013866 -7.166698019810564 -7.415499096195163 -7.687468081632586 -7.971690122470868 -8.27529854985791 -8.676183429874468 -9.102283946661677 -9.730112798812174 -10.646504415355809 -12.787895169565612 -11.526025852719732 -10.353772041500779 -9.721922099919468 -9.321322306270682 -9.02608534339741 -8.807219469881025 -8.625129200755136 -8.478635349873219 -8.354484843331072 -8.23760079325879 -8.141207055220537 -8.057898094734401 -7.9862909283001065 -7.916173979165995 -7.858974487253761
41
 -2.9362182730142337 -3.4507213688070233 -3.839222912275961 -4.176272699929167 -4.470116409043484 -4.743853315146927 -4.991675887308307 -5.230595339020277 -5.456277505580559 -5.674391570996994 -5.8880712621660525 -6.095992089569714 -6.297301321973272 -6.516806284961873 -6.751832580013907 -6.9715975970410975 -7.217446416896136 -7.464005417935528 -7.731867528742382 -8.018212278202492 -8.34463497252048 -8.738605244515336 -9.187182580077717 -9.863597572313447 -10.620287161359585 -14.228587006926027 -11.139288811089028 -10.144285743207693 -9.620759079319573 -9.230770180689595 -8.974586235760041 -8.757563463910817 -8.579871145203102 -8.441029964028694 -8.316776778858413 -8.207671263385706 -8.117680925355662 -8.037659968846997 -7.97220140258575 -7.902493826600278 -7.844122582055143
41
 -2.9362182730142337 -3.440360508461921 -3.8351229468639496 -4.168340308141032 -4.4708032874592485 -4.743905125257708 -4.989725026172762 -5.222309094990784 -5.441455515564262 -5.663123687532466 -5.8583555742868 -6.075939820408474 -6.288648703279466 -6.505525771772746 -6.700531133984653 -6.946112897089805 -7.178189302240686 -7.428107639290082 -7.694259578430284 -7.962992393071461 -8.305080086480947 -8.670855027786827 -9.12687767448401 -9.752794724949979 -10.682388327008924 -13.746958621140791 -11.280654753484338 -10.230232268727825 -9.642325844190339 -9.285572276034344 -9.002775597112697 -8.784239317385031 -8.645541759822619 -8.451539155008742 -8.32202837770137 -8.21579434846819 -8.123905933900625 -8.04618110707447 -7.972709096959254 -7.910876902204851 -7.848769668439148
ADAPTSAGA
10
41
 -2.9362182730142337 -7.76778050896279 -7.33910407883317 -7.537640521861085 -7.316959749571034 -7.166276944849754 -7.165875565567527 -7.149686150216842 -7.35517434068954 -7.151777544406875 -7.209395930756308 -7.151723186032218 -7.168502890970266 -7.245644918175322 -7.151795817869041 -7.138131018924258 -7.139546834875312 -7.1480490132932575 -7.1520163298459565 -7.139944682752523 -7.169699449948727 -7.154340787691359 -7.146089574698219 -7.154333737063037 -7.139252307344672 -7.151105853510113 -7.136091316239567 -7.134394635238538 -7.134130785446818 -7.139147536567986 -7.13789333047649 -7.136592966155349 -7.136120905834447 -7.138461251550882 -7.137824844456345 -7.135318689210044 -7.143484021857886 -7.131082949631695 -7.130832152953 -7.130681014634592 -7.130574683665611
41
 -2.9362182730142337 -7.785134997773759 -7.3331624342949295 -7.543692822062472 -7.292542436729583 -7.168303599552205 -7.1707408450984556 -7.1497049674849125 -7.34849408562012 -7.154154778383473 -7.212363112173476 -7.15197116664866 -7.170365679935197 -7.250571317128566 -7.150168849604815 -7.138365927985105 -7.139182350522738 -7.148329788456107 -7.152338434045414 -7.139570452053674 -7.168751113578173 -7.153178223420465 -7.145670311447505 -7.153422781656998 -7.139115143559026 -7.151659014721209 -7.136103325477948 -7.134286317284894 -7.134046672679782 -7.139280130465127 -7.137873505266106 -7.136386805893159 -7.13582397332327 -7.138711841829349 -7.138046870543257 -7.134887298868896 -7.142731751692942 -7.131039846832578 -7.130818678716579 -7.13065959089734 -7.130562957684027
41
 -2.9362182730142337 -7.708654213293272 -7.345732142850737 -7.472653523731359 -7.301781688789431 -7.170664855181994 -7.165786651249383 -7.149420957292623 -7.347513740569645 -7.151073118454945 -7.216534182213088 -7.1519517879729575 -7.170714022505493 -7.246700907647846 -7.151675913206843 -7.138903729686254 -7.139150877050885 -7.1468938109194795 -7.152568729432088 -7.139588711336421 -7.169928971335463 -7.152925206573289 -7.146173659535083 -7.153331630994895 -7.139325410523543 -7.151284474925841 -7.135931273222111 -7.134288743345794 -7.134033377084741 -7.139502260900945 -7.138058040255577 -7.136583474003927 -7.136254062191943 -7.138220416178377 -7.137720437382288 -7.134993682539856 -7.143516592757819 -7.1310818278294805 -7.130818479411386 -7.130656588231924 -7.130566003848251
41
 -2.9362182730142337 -7.729400133651952 -7.346630997592896 -7.54048247129305 -7.304635974218711 -7.165883888781502 -7.172305905131188 -7.150071805789791 -7.338949236802775 -7.153665488576585 -7.211847744215211 -7.151031580984927 -7.170626962610992 -7.2471056215773695 -7.148993923168332 -7.138068047787614 -7.139492125122825 -7.147215420734739 -7.1540537495691945 -7.1394653233131855 -7.169927093985681 -7.152282106950184 -7.1457209683914344 -7.152265683427816 -7.138971005445697 -7.150672597337146 -7.136192151890332 -7.134285642499329 -7.133992137947855 -7.139643759686831 -7.137980217788513 -7.136672938137354 -7.136094919755997 -7.138259401340471 -7.137911408124379 -7.135052294700142 -7.142525965219077 -7.131054083764602 -7.130812573491845 -7.130660928578613 -7.130555408110622
41
 -2.9362182730142337 -7.7365425431108035 -7.331649204436995 -7.493888982426352 -7.304596515520941 -7.167326133572208 -7.169371432151435 -7.151820651403324 -7.346026100564665 -7.152071692246273 -7.218468592782934 -7.152068423334156 -7.170040054217496 -7.246265230792707 -7.150193528291947 -7.1389459126693255 -7.139440652824405 -7.148697128398251 -7.153214464380661 -7.139632151660517 -7.169393256889289 -7.154432039061924 -7.145878951837076 -7.1532707636078525 -7.139457676304645 -7.150628778048349 -7.136007819343818 -7.134422683781781 -7.133996811688216 -7.139524742829085 -7.138292422875562 -7.136837356888077 -7.136188643253783 -7.138468870437615 -7.137906805751477 -7.135089190481267 -7.143163768603669 -7.131044833826037 -7.13082042168401 -7.130666990977311 -7.13056843288529
41
 -2.9362182730142337 -7.729802281906133 -7.324599926791649 -7.541714536300533 -7.291926813976389 -7.170128250128556 -7.170686486959509 -7.1496631826841694 -7.348595157859335 -7.152903232952542 -7.218382984039395 -7.15195932471827 -7.168558110307172 -7.250074448885818 -7.152859882690877 -7.138824617719063 -7.139486603150535 -7.14704591886881 -7.152998283896759 -7.139698255474288 -7.168922705721406 -7.15423595849321 -7.1459116858964595 -7.153693724799994 -7.1392383178343355 -7.150736907757443 -7.136091006629045 -7.134383655634417 -7.134118113701948 -7.13974587961911 -7.137739931575219 -7.136554267551243 -7.136066780369574 -7.138208348459879 -7.137719649304203 -7.135130313397947 -7.143811950905503 -7.131064021606905 -7.1308043940315065 -7.130652153929725 -7.130550038091326
41
 -2.9362182730142337 -7.697015315403287 -7.336258654279993 -7.517765305538283 -7.300645897310881 -7.167637862612076 -7.170126513565201 -7.150321101689778 -7.342030030749855 -7.154074497352211 -7.214047074239749 -7.151779062987086 -7.168862108861702 -7.249280470286869 -7.15220214389727 -7.13870326172132 -7.139572571513385 -7.1482252589048345 -7.152241006291174 -7.139521386426078 -7.168171446944428 -7.154687119080796 -7.145971765501613 -7.153020597115198 -7.139260340671416 -7.150924213663405 -7.136228763559401 -7.134401402218643 -7.134033495498775 -7.139497621370819 -7.137888170043964 -7.136838234026734 -7.135802442764395 -7.138715139510163 -7.137736281412096 -7.135432583799831 -7.143189167679649 -7.131045106340183 -7.130819858640176 -7.130654556142179 -7.130552050407679
41
 -2.9362182730142337 -7.757385100399369 -7.332704507645988 -7.5263161219296855 -7.314700002930792 -7.1651402440298 -7.167201479487297 -7.149226830597346 -7.3373816749499685 -7.152348082640624 -7.2133677514453005 -7.1514986448453595 -7.168950019126615 -7.245282671693821 -7.1513142937362 -7.138435439057892 -7.139355947993305 -7.148110704476603 -7.1523154073142186 -7.139551377801293 -7.168345695053537 -7.153250860724465 -7.145856728212338 -7.153559660724263 -7.139110262970105 -7.150444051054031 -7.136379901345044 -7.134517531355999 -7.1340241853364414 -7.1391917610524205 -7.1380006249397665 -7.136566237080828 -7.1360713815284695 -7.138562130404244 -7.1379798636734275 -7.13498059586406 -7.142983478490609 -7.1310690643650885 -7.130811221537774 -7.13065804677593 -7.130552086711
41
 -2.9362182730142337 -7.660866684674372 -7.334490968403742 -7.473246975204156 -7.311410002043838 -7.1658594363681924 -7.16594593529495 -7.150256400857717 -7.346390625912332 -7.151584241991147 -7.209543639573938 -7.15168251712994 -7.169552520605549 -7.249021379317721 -7.152039479600041 -7.138943729727704 -7.139526339287511 -7.147852268443048 -7.152488801830726 -7.1394969745480585 -7.168036337420478 -7.152915279975069 -7.145928070535552 -7.152549636430184 -7.139312511071137 -7.150727525215071 -7.1358676831937125 -7.134351145869418 -7.133944852975032 -7.139429132152275 -7.137752343903418 -7.136629978941851 -7.135804576255165 -7.1384123084030335 -7.138019017530981 -7.134805495279615 -7.143363724054866 -7.131030056500138 -7.1307912986329 -7.130643675461675 -7.130534499344629
41
 -2.9362182730142337 -7.709671399933455 -7.344379390929641 -7.5220036066168126 -7.288861593900866 -7.165500844889364 -7.170499314199571 -7.1496760137457445 -7.3470059731599004 -7.153285671264291 -7.21172798259792 -7.151613865238378 -7.169874343120851 -7.248224558370858 -7.150064566953417 -7.138246715054437 -7.139094789700298 -7.147048625733536 -7.152829536105952 -7.139448138589579 -7.16820459406257 -7.154324366438932 -7.146000568362303 -7.1532972554741505 -7.139406465891986 -7.151631255417451 -7.135702661763935 -7.134323605047978 -7.134052111847635 -7.139700819176536 -7.137950467519547 -7.136766271418788 -7.136301893637656 -7.138224005031644 -7.137827191178691 -7.134976001369172 -7.143341305672804 -7.13101007565047 -7.13077303747586 -7.130642229949695 -7.13053186967466
ADAPTDoubling
10
41
 -2.9362182730142337 -7.773484296085923 -7.643850454014548 -7.320648317051323 -7.326753199169405 -7.199936924645154 -7.1704724183840085 -7.1882413464322665 -7.182699775779452 -7.161842883112992 -7.163894517706709 -7.159068475657556 -7.188777245936935 -7.160351100581528 -7.169495467086486 -7.14684419675789 -7.153725757468576 -7.143747354477809 -7.1538523716690605 -7.179277740252651 -7.149621018585227 -7.13726165706875 -7.153398131125774 -7.137076964517369 -7.142861975656873 -7.137885187109562 -7.139393166299444 -7.139990394397327 -7.14280950385209 -7.154484446247701 -7.139602630007507 -7.135118508098761 -7.135649212285945 -7.152517298028476 -7.136030022093611 -7.136689224298552 -7.134978005123172 -7.1353459602803895 -7.139467384702364 -7.13432832747658 -7.135691829526955
41
 -2.9362182730142337 -7.480698357419465 -7.2863659895219195 -7.243314463802272 -7.379524945002673 -7.186421335971076 -7.182584075133659 -7.210445554097901 -7.219569582372033 -7.181449211691867 -7.155031248961002 -7.149092353298616 -7.160258725849581 -7.166121580374626 -7.144631754786898 -7.158281722609951 -7.140256477450104 -7.146008422988993 -7.141915831992686 -7.151990740210308 -7.138448459016735 -7.137343181730439 -7.141561553292325 -7.142169239656754 -7.135890187857726 -7.136383104048865 -7.153595547753919 -7.136070117183372 -7.134735057000897 -7.134921996033951 -7.137760001137528 -7.155509271799918 -7.134644469030467 -7.135492620333149 -7.135639841885679 -7.13468187356777 -7.135872143281622 -7.13361737205375 -7.133042455812394 -7.134692287144786 -7.1338622701276115
41
 -2.9362182730142337 -7.655821584873955 -7.2693375990372715 -7.2407860093964596 -7.237303256762586 -7.211600103051444 -7.167979395848263 -7.179282803927703 -7.160121626776887 -7.162248933817153 -7.1523184755208264 -7.21155070992396 -7.176063970155499 -7.159774279038084 -7.148856527625225 -7.142763204059701 -7.15293909116131 -7.142842005343606 -7.152260326207562 -7.139663839651188 -7.139600418745689 -7.1406387016704445 -7.1443565781088605 -7.142397752957507 -7.138146678937782 -7.17103921065969 -7.147942062531481 -7.140608393327323 -7.135277116712451 -7.139375333015261 -7.137206922424509 -7.13735374047092 -7.14061958070083 -7.137622230940048 -7.135657415993547 -7.133492591032926 -7.138295665412058 -7.145154217281955 -7.143890597684575 -7.1332264290086105 -7.135182177402921
41
 -2.9362182730142337 -7.585981589113472 -7.236917943676988 -7.248417531828223 -7.19867369309624 -7.205651808961121 -7.172944959781287 -7.216155383696023 -7.169078424043393 -7.173202696213878 -7.155531918786707 -7.169107188917066 -7.166144100882842 -7.149328200538058 -7.1458048926952955 -7.142903343259019 -7.141948367336989 -7.144460650445805 -7.14168732529035 -7.143470005122276 -7.141180939250547 -7.140842908091098 -7.154103760744496 -7.140168948991285 -7.1378385771568915 -7.174095566731367 -7.139384327719682 -7.140896583926157 -7.139851179602563 -7.164322150898873 -7.136101573546911 -7.1349107645049985 -7.138236660292962 -7.134116762991772 -7.1353892081455275 -7.137110766120886 -7.133524735479395 -7.135335495233568 -7.13410399175802 -7.135948260075902 -7.134251081975387
41
 -2.9362182730142337 -7.601690771742171 -7.2857412953142555 -7.537371798511648 -7.194114484911853 -7.19887515616677 -7.170721878298998 -7.171443987378378 -7.24450108306901 -7.215229107685851 -7.163589228506633 -7.150544287535359 -7.153033533340565 -7.171200536950844 -7.162782490573173 -7.152489092603054 -7.1641501717080835 -7.155433483916288 -7.144289169283715 -7.175503747057385 -7.150040775363064 -7.154490162931511 -7.159509662192892 -7.1435120152047125 -7.145217632063031 -7.136345064625455 -7.136081077448553 -7.136659924905536 -7.1392091069636106 -7.134831497604168 -7.136999016860647 -7.148717976769801 -7.138947050860074 -7.139054605143218 -7.174080555350075 -7.134887217635452 -7.1356098162957355 -7.136589650169625 -7.137638768954918 -7.141756352275487 -7.133217784626281
41
 -2.9362182730142337 -7.585761278891573 -7.649821696259671 -7.2524122099934845 -7.19180075897981 -7.183960506487148 -7.219936120625131 -7.170431430309491 -7.173296460663597 -7.16858677624049 -7.154629344340408 -7.1557216171769085 -7.155629525090882 -7.151381162598395 -7.1677498241105715 -7.140996588999162 -7.142618991358266 -7.1494979812299055 -7.147301240382372 -7.13980455685916 -7.139586269679728 -7.1398123770682655 -7.140981276108106 -7.139373851783587 -7.1388160039954975 -7.161330105905682 -7.137469903723015 -7.138468347561071 -7.147382803396198 -7.135543205044772 -7.136309555897202 -7.137233443830381 -7.137393652724522 -7.1353869274536255 -7.134315299487345 -7.134875034101405 -7.135341539204945 -7.135723299904728 -7.133834121812566 -7.1383945926679635 -7.133699006820117
41
 -2.9362182730142337 -7.59962133985033 -7.301454486973355 -7.245155192488496 -7.209956700627993 -7.212228865103583 -7.16994167074579 -7.182540586324966 -7.1643293941527135 -7.169797549583957 -7.205628761176805 -7.170002026064539 -7.150576632908239 -7.161065395783036 -7.170439037018189 -7.168643036607215 -7.143029585032761 -7.152546462361003 -7.153950486869877 -7.146395503734634 -7.150226829345335 -7.140645303703695 -7.138177397524813 -7.139728303779208 -7.1399814510214545 -7.148686092701203 -7.142864240520262 -7.140801607651138 -7.138079216333848 -7.143681719636125 -7.148538086936732 -7.1366158423168695 -7.135708611747312 -7.14492731276797 -7.134998621095282 -7.135986638574991 -7.134905452254034 -7.146917153951294 -7.135486548415782 -7.1362250750094685 -7.137955113158939
41
 -2.9362182730142337 -7.4939750447612195 -7.309119889459165 -7.225799380506494 -7.235421248061862 -7.234258903129685 -7.182285279749287 -7.207454681415683 -7.21143695695943 -7.164809794738596 -7.1758152991817825 -7.150836992306965 -7.149398359689685 -7.156246853235039 -7.14625997916154 -7.147092267993562 -7.147506141282896 -7.145469690787223 -7.140469783861738 -7.14144834535721 -7.161332779692834 -7.139452019019965 -7.138290153882822 -7.142208766169338 -7.134125070435564 -7.136732410834873 -7.138022743866579 -7.139745603227764 -7.138402292334985 -7.142164508021133 -7.1343592862105725 -7.13459949035522 -7.137222269168346 -7.134791807081093 -7.135687462720516 -7.132546219326921 -7.134219272364452 -7.134459075007507 -7.144376047367221 -7.1337681734075975 -7.132499954830304
41
 -2.9362182730142337 -7.489257973501335 -7.314226011627331 -7.233498363513405 -7.241649384792925 -7.248434610795117 -7.2488115648088 -7.1929464358544335 -7.205279532307012 -7.184405172691855 -7.155245966996545 -7.171798474581614 -7.18196988646727 -7.191353713055243 -7.153652465454378 -7.146589624627881 -7.143992998406332 -7.164719614568728 -7.161330201521523 -7.140926527087321 -7.177941013254751 -7.144067352530252 -7.138880336932276 -7.137363021601685 -7.139109066168389 -7.1386520526078705 -7.15852278450155 -7.139785947222296 -7.141969296028757 -7.138851699536027 -7.137543557608939 -7.1361374960870885 -7.135522960125973 -7.135186982090683 -7.134529269390313 -7.135702408907313 -7.13578631105368 -7.1399219287529725 -7.135335053010389 -7.13534641790436 -7.132873628099398
41
 -2.9362182730142337 -7.502055701456817 -7.3017984086273575 -7.256892265044289 -7.198994054346985 -7.192883071152785 -7.179832791028137 -7.211669756611389 -7.164322223772159 -7.169713079820125 -7.155908571450583 -7.163421448600542 -7.159978642878745 -7.162607714401503 -7.150994056515444 -7.156282104858402 -7.147840325231493 -7.146123323455172 -7.149603308902503 -7.147925364728189 -7.1494775069432315 -7.144841949297197 -7.140008970422857 -7.142203160950575 -7.137429954286414 -7.138680293816379 -7.136255776282891 -7.140155289628 -7.137371956867947 -7.137015600957074 -7.16280958264529 -7.1469150103028065 -7.137456305620916 -7.137496519568964 -7.13417085091195 -7.136730677278923 -7.136254295942694 -7.134299909830052 -7.136182360184723 -7.133621957014204 -7.1398962258224214
MainSSVRG
10
41
 -2.9362182730142337 -4.9866001788307495 -6.35312353107663 -8.083991914589168 -13.058228652132282 -8.84131092751102 -8.295280440196255 -8.09150293515082 -8.09150293515082 -8.09150293515082 -7.947983285112206 -7.947983285112206 -7.947983285112206 -7.947983285112206 -7.947983285112206 -7.947983285112206 -7.947983285112206 -7.947983285112206 -7.947983285112206 -7.947983285112206 -7.712687911014301 -7.46074555098808 -7.407970533234456 -7.407970533234456 -7.407970533234456 -7.407970533234456 -7.407970533234456 -7.407970533234456 -7.407970533234456 -7.407970533234456 -7.407970533234456 -7.407970533234456 -7.407970533234456 -7.407970533234456 -7.407970533234456 -7.407970533234456 -7.407970533234456 -7.407970533234456 -7.407970533234456 -7.407970533234456 -7.330130232365357
41
 -2.9362182730142337 -5.246896542969304 -6.665687217313727 -9.196614886943758 -10.23788549214726 -8.529227687550202 -8.379824849618725 -7.893580879007996 -7.893580879007996 -7.893580879007996 -7.792101309353615 -7.492565275977438 -7.415078523434052 -7.415078523434052 -7.415078523434052 -7.415078523434052 -7.415078523434052 -7.415078523434052 -7.415078523434052 -7.415078523434052 -7.415078523434052 -7.415078523434052 -7.320023999944174 -7.2781019818181605 -7.2781019818181605 -7.2781019818181605 -7.2781019818181605 -7.2781019818181605 -7.2781019818181605 -7.2781019818181605 -7.2781019818181605 -7.2781019818181605 -7.2781019818181605 -7.2781019818181605 -7.2781019818181605 -7.2781019818181605 -7.2781019818181605 -7.2781019818181605 -7.2781019818181605 -7.2781019818181605 -7.2781019818181605
41
 -2.9362182730142337 -5.090598542587293 -6.014465160333536 -7.9035115486861685 -12.172415903680623 -8.795148705496352 -8.613663385620766 -7.845188013131739 -7.845188013131739 -7.845188013131739 -7.845188013131739 -7.5454562782472765 -7.384938840836505 -7.369793067784591 -7.369793067784591 -7.369793067784591 -7.369793067784591 -7.369793067784591 -7.369793067784591 -7.369793067784591 -7.369793067784591 -7.369793067784591 -7.353492367383773 -7.262549570207023 -7.228879859077003 -7.228879859077003 -7.228879859077003 -7.228879859077003 -7.228879859077003 -7.228879859077003 -7.228879859077003 -7.228879859077003 -7.228879859077003 -7.228879859077003 -7.228879859077003 -7.228879859077003 -7.228879859077003 -7.228879859077003 -7.228879859077003 -7.228879859077003 -7.228879859077003
41
 -2.9362182730142337 -4.95441028665935 -6.474968972311006 -8.283197699047005 -11.79279195439861 -8.798474835489607 -8.43951515436485 -7.787940401545817 -7.7565984028231165 -7.7565984028231165 -7.7565984028231165 -7.541021455016682 -7.375321758125809 -7.3323958210768865 -7.3323958210768865 -7.3323958210768865 -7.3323958210768865 -7.3323958210768865 -7.3323958210768865 -7.3323958210768865 -7.3323958210768865 -7.3323958210768865 -7.3323958210768865 -7.291177099217369 -7.291177099217369 -7.291177099217369 -7.291177099217369 -7.291177099217369 -7.291177099217369 -7.291177099217369 -7.291177099217369 -7.291177099217369 -7.291177099217369 -7.291177099217369 -7.291177099217369 -7.291177099217369 -7.291177099217369 -7.291177099217369 -7.291177099217369 -7.291177099217369 -7.291177099217369
41
 -2.9362182730142337 -5.153591979050822 -6.2094351581517255 -8.209965851107695 -13.066742854125245 -10.05202982110596 -8.126346561916886 -8.031389980505498 -8.031389980505498 -8.031389980505498 -7.706311438342391 -7.566458251558294 -7.566458251558294 -7.566458251558294 -7.566458251558294 -7.566458251558294 -7.566458251558294 -7.566458251558294 -7.566458251558294 -7.566458251558294 -7.566458251558294 -7.54898553042263 -7.54898553042263 -7.54898553042263 -7.54898553042263 -7.54898553042263 -7.54898553042263 -7.54898553042263 -7.54898553042263 -7.54898553042263 -7.54898553042263 -7.54898553042263 -7.54898553042263 -7.54898553042263 -7.54898553042263 -7.54898553042263 -7.54898553042263 -7.54898553042263 -7.54898553042263 -7.5421779681403835 -7.5421779681403835
41
 -2.9362182730142337 -5.280407276597503 -6.354228130394277 -6.655213227267813 -8.246171175056237 -9.882697300647493 -9.882697300647493 -9.882697300647493 -9.882697300647493 -8.339756732334891 -8.323193639219452 -8.323193639219452 -8.323193639219452 -8.323193639219452 -8.323193639219452 -8.323193639219452 -8.323193639219452 -8.323193639219452 -8.323193639219452 -8.142628238599995 -7.656624817209377 -7.551589162049742 -7.551589162049742 -7.551589162049742 -7.551589162049742 -7.551589162049742 -7.551589162049742 -7.551589162049742 -7.551589162049742 -7.551589162049742 -7.551589162049742 -7.551589162049742 -7.551589162049742 -7.551589162049742 -7.551589162049742 -7.551589162049742 -7.551589162049742 -7.551589162049742 -7.551589162049742 -7.483243044292191 -7.483243044292191
41
 -2.9362182730142337 -5.444868261126969 -6.769685956316538 -8.439633229397744 -11.591946237566543 -12.689746068390205 -8.60823026599721 -8.180208402278137 -8.180208402278137 -8.180208402278137 -7.960120818693863 -7.675766952977764 -7.675766952977764 -7.675766952977764 -7.675766952977764 -7.675766952977764 -7.675766952977764 -7.675766952977764 -7.675766952977764 -7.675766952977764 -7.675766952977764 -7.517855594216392 -7.374805794923886 -7.374805794923886 -7.374805794923886 -7.374805794923886 -7.374805794923886 -7.374805794923886 -7.374805794923886 -7.374805794923886 -7.374805794923886 -7.374805794923886 -7.374805794923886 -7.374805794923886 -7.374805794923886 -7.374805794923886 -7.374805794923886 -7.374805794923886 -7.374805794923886 -7.374805794923886 -7.362230916264816
41
 -2.9362182730142337 -5.414119410110234 -6.57292836169579 -7.891253595587238 -11.25324083371835 -8.351349400787953 -8.264662712040082 -8.177472683552645 -8.177472683552645 -8.177472683552645 -7.826887285285049 -7.737823828689572 -7.737823828689572 -7.737823828689572 -7.737823828689572 -7.737823828689572 -7.737823828689572 -7.737823828689572 -7.737823828689572 -7.737823828689572 -7.730573075126857 -7.46928771047491 -7.46928771047491 -7.46928771047491 -7.46928771047491 -7.46928771047491 -7.46928771047491 -7.46928771047491 -7.46928771047491 -7.46928771047491 -7.46928771047491 -7.46928771047491 -7.46928771047491 -7.46928771047491 -7.46928771047491 -7.46928771047491 -7.46928771047491 -7.46928771047491 -7.46928771047491 -7.453642017131387 -7.319944370886979
41
 -2.9362182730142337 -5.163302964547462 -6.519025101094319 -8.240805788989835 -8.280151027840084 -9.506960881284131 -9.254594369304863 -9.254594369304863 -9.254594369304863 -8.162184207268636 -8.156654864053307 -8.156654864053307 -8.156654864053307 -8.156654864053307 -8.156654864053307 -8.156654864053307 -8.156654864053307 -8.156654864053307 -8.156654864053307 -8.119127492823798 -8.119127492823798 -8.119127492823798 -8.119127492823798 -8.119127492823798 -8.119127492823798 -8.119127492823798 -8.119127492823798 -8.119127492823798 -8.119127492823798 -8.119127492823798 -8.119127492823798 -8.119127492823798 -8.119127492823798 -8.119127492823798 -8.119127492823798 -8.119127492823798 -8.119127492823798 -7.99343357217402 -7.7879521224025305 -7.7879521224025305 -7.7879521224025305
41
 -2.9362182730142337 -5.218135951611703 -6.844510236167342 -8.199574293700563 -10.44206015956935 -8.937886392850855 -8.221966961036518 -7.6723796126797685 -7.529747241091122 -7.529747241091122 -7.529747241091122 -7.4822835460196835 -7.410792361267119 -7.410792361267119 -7.410792361267119 -7.410792361267119 -7.410792361267119 -7.410792361267119 -7.410792361267119 -7.410792361267119 -7.410792361267119 -7.410792361267119 -7.376703646101093 -7.376703646101093 -7.376703646101093 -7.376703646101093 -7.376703646101093 -7.376703646101093 -7.376703646101093 -7.376703646101093 -7.376703646101093 -7.376703646101093 -7.376703646101093 -7.376703646101093 -7.376703646101093 -7.376703646101093 -7.376703646101093 -7.376703646101093 -7.376703646101093 -7.376703646101093 -7.316611331270692
SGD:0.05
10
41
 -2.9362182730142337 -6.804438081747286 -5.307550763156631 -7.811882189672836 -7.9442300412583124 -7.914570903807725 -7.708567930457779 -8.596455291937284 -8.104325034777169 -6.1656256356656725 -13.38525514997887 -9.678301225213216 -6.35515974882422 -10.022886614328351 -6.895107422918352 -5.358172791536831 -7.196241582818358 -10.168718508170544 -8.796102396543445 -5.224233763873966 -5.9039900630042075 -8.053564105712988 -6.799350755768862 -7.715692851981638 -14.643994238279703 -6.21044849898969 -8.012655229424883 -8.005878557379196 -7.075562986346777 -7.739966764387636 -3.5814972815172856 -8.643349887935294 -5.035120495906977 -9.333040249998733 -6.735121678214693 -6.090976588889644 -10.997244213395566 -7.373980661442074 -7.925280459014834 -9.236556730235561 -8.115141264503025
41
 -2.9362182730142337 -10.1867902765773 -10.139826120289701 -5.721148250056591 -8.474805000107468 -9.3352840827732 -5.369372770540685 -6.173576566953285 -8.728483187442071 -8.902503888329813 -7.59898462731546 -7.507359334183105 -8.947927956256738 -8.423507170850096 -6.904068819641767 -7.879774588470676 -10.214172730516543 -4.792794185342938 -4.849596555771415 -5.697442637033235 -7.680608372474008 -8.410809781074837 -8.596150250003955 -4.527642334699794 -7.393717501578442 -5.448572727120457 -8.430614927964433 -7.658504893357477 -8.85016877829323 -8.864556936753447 -7.218552579514379 -4.243382875353213 -8.928961324434473 -7.966795536076497 -7.0055928188063925 -7.6545722364948015 -8.640797112313798 -10.722570099023175 -6.970556127843619 -11.153577890493283 -8.626942665629455
41
 -2.9362182730142337 -11.692311042764063 -9.899460613509563 -10.891500044499093 -13.220972802362711 -7.667555973535076 -6.136739138890772 -10.324934879612181 -6.034437964694955 -5.150224315974871 -9.796914920311654 -9.188623720450046 -7.695956538143247 -7.267240890102635 -7.846052574796217 -9.520602300831568 -9.726838912622082 -9.200085134213273 -5.655776344427223 -7.596216899223638 -8.301485089210054 -8.868144248348568 -7.702769705770379 -7.915084014864786 -9.584113880676629 -8.427563883485075 -6.262445674863991 -5.613746399251309 -10.242135956066795 -9.668308119137633 -9.504047596036775 -8.305168676778496 -5.652250192519839 -7.857350843288586 -8.116173746696496 -8.41863474174128 -13.41610876188005 -6.11635418210565 -8.554245766800415 -7.177975183296878 -7.657221451645497
41
 -2.9362182730142337 -9.880525218167854 -7.150449830839668 -7.852498480237795 -6.909025296397596 -10.542831893541518 -5.338542201942057 -7.554268812888804 -9.842734046825116 -9.918885414968798 -9.88501396967031 -6.875370075170415 -7.81965345039962 -9.91669319096511 -9.125989484063064 -8.602066501631274 -10.224300771078756 -6.439525929831184 -5.398727019313807 -7.251838387743461 -8.376633730207287 -10.056994633528307 -6.118289740180483 -8.169574729903673 -11.305198335352198 -11.800864774509325 -8.313236754677774 -7.74115820070521 -8.273458197849909 -10.049533418840968 -8.07276010671097 -7.769251250349622 -8.686881089127219 -7.008146219560121 -6.841503719053222 -12.061207237222746 -8.476610579339745 -8.814878902797394 -8.359409360167849 -8.213098623446193 -10.312454228638996
41
 -2.9362182730142337 -5.8972880829233745 -5.141970406210338 -5.5861564663624925 -8.361876330870764 -8.32811752107542 -10.50051573546337 -7.531781041324768 -7.601900319044255 -7.326081485131411 -7.740904218555215 -8.809008935351047 -8.529679042567535 -9.391870018723193 -5.399622594484399 -8.006760818623347 -7.647795601346773 -12.136507353195322 -6.059705667487405 -5.769948826134389 -12.632257933151758 -4.554114877456695 -8.750991874496933 -7.766853313241873 -11.865428188820383 -7.1816643654842105 -10.187963585785061 -7.794127867608384 -5.10338084354728 -5.161729499592816 -7.608872066932303 -5.804581410157322 -8.056265843662755 -8.035868698169027 -9.298154119395361 -6.061927153394121 -8.234600651974484 -5.698998911551736 -7.797085913315923 -4.017627117818884 -9.462421925027275
41
 -2.9362182730142337 -10.090761655654621 -7.689798316942546 -14.198939994291 -8.728565525439999 -4.868832639921571 -5.637022956540618 -7.001868296089132 -7.024085321407382 -8.166286034492451 -10.831951608844406 -6.073261292119462 -9.303062279678656 -5.587128438706351 -8.47072067405142 -7.904912601096948 -11.912367753578195 -8.352067987155205 -8.76919951054967 -4.8145010826241865 -8.252387189439167 -6.19385357477429 -8.893620919743798 -7.7582582144744165 -4.804151204376289 -9.614579834032586 -10.302725964694988 -5.603914651144305 -8.644463338475678 -8.193662621761913 -6.959474111150183 -8.242432306497761 -12.218696670612015 -9.895369600434712 -10.706592329579225 -9.106193094929127 -7.494054581616429 -7.715916627374882 -5.362333484924788 -10.236297005415388 -7.276612937511947
41
 -2.9362182730142337 -7.5688011164858775 -8.788352803336338 -5.8570977026278355 -7.065519868029377 -8.057855126571537 -7.255723533976127 -8.711929525867104 -7.581133879994246 -9.05186915892508 -7.74521964724484 -9.473833079836822 -11.001783989012047 -13.347517759813586 -9.30248974445771 -4.425277612490202 -12.24705540256874 -5.494345324836131 -9.163515058115715 -10.75303929058556 -8.142512589018395 -9.431578791620076 -10.53079377533107 -8.059418157762948 -7.63344344592351 -7.603863786333231 -9.842985052608796 -5.830768534234661 -11.097294323138474 -8.620784065980454 -8.267246408648301 -7.071511560496157 -6.169440882341655 -7.279621201158142 -5.567999417070231 -8.304002772864724 -10.820321073535045 -7.73839959651425 -7.258254880847096 -8.682213336950417 -12.305329398583153
41
 -2.9362182730142337 -7.172699148353391 -7.606904898482282 -9.428677558550106 -9.990146885627558 -5.592786227952766 -11.614423973598795 -9.704275095473468 -7.51509286509779 -6.433419087990395 -6.049348833003877 -9.703777523602025 -9.10229660519046 -12.985144784597198 -5.947587932384922 -8.295652633993127 -8.413043072415608 -9.750902013427893 -8.009579375539742 -6.030180572493161 -8.045232910461849 -8.305027906699642 -8.018812152202877 -8.96272626140912 -7.623656119304084 -8.62117215650114 -8.187922785694926 -10.486831014044807 -9.143277909165432 -9.565568525858694 -8.966122578581853 -8.464563134097528 -8.358223130750924 -9.015862692570552 -8.624347517914044 -10.758001640559211 -4.594927482219476 -8.215809847888922 -7.4064095877225515 -10.79423598865257 -9.477763636378272
41
 -2.9362182730142337 -7.156480551276757 -6.6444550140925065 -7.3493042549818615 -8.097934821988458 -8.02088403457194 -8.597986511848921 -8.52443377428189 -7.808078770280875 -8.511466960609527 -8.363144610049812 -8.637203619921664 -5.379603583822549 -10.047643561725383 -10.109914157352092 -9.48814163353487 -6.436009461787282 -9.415557445211679 -4.890256010888683 -9.108124877912092 -11.281098939840373 -7.306695925679337 -7.880848700996525 -5.436653929422282 -6.713038471198927 -9.734762020797048 -10.38214379757269 -7.635270142948196 -8.227601542951614 -7.736440423112372 -10.197719338932892 -8.647093462686579 -6.0709242577934095 -9.480464802194179 -8.163617795222198 -6.071004972271089 -6.135304096289007 -15.254046954498369 -8.771415699170227 -9.41748767658017 -5.726775263442871
41
 -2.9362182730142337 -7.685928884146871 -7.583820384597733 -8.27240606445657 -9.673203569681613 -12.026657344094815 -7.919294035181941 -8.291814913293724 -7.324585846615386 -9.11681449947733 -6.011676122329022 -10.680286760299953 -8.353519758579527 -11.66303902002126 -7.795061096510182 -6.250047937557314 -8.637827481036139 -9.108110813802561 -6.798988000816037 -8.220550110079158 -9.51865023773131 -7.483692830935449 -9.428308372144626 -9.69991530379087 -5.99366635277564 -7.774398048318124 -7.932821936422255 -6.626260079951866 -9.759583004750906 -8.25290190404285 -8.921563549919604 -8.586808190175702 -6.694024639954833 -10.399514057624883 -7.7642053867515886 -10.660714662449648 -5.450017859518121 -9.065471634533486 -8.320011173327245 -9.26670987894295 -9.370359226781137
SGD:0.005
10
41
 -2.9362182730142337 -5.993813726423325 -8.692883252345316 -8.908112855615443 -7.80112151346277 -7.492552455560717 -7.321797255982987 -7.324248874828886 -8.183732053427212 -7.38809212157847 -7.902311851129449 -7.207635196538335 -7.215660283063834 -7.299728561035019 -7.225263765977453 -7.185665572823153 -7.304941761232641 -7.179584389169458 -7.196002851501439 -7.297147374553624 -7.19537451673426 -7.212368390469616 -7.2276664757936935 -7.685177949655421 -7.4418688804554245 -7.202655436493114 -8.190438291210532 -7.3833104171262764 -7.222716922861977 -7.269236869382792 -7.1960329286992 -10.988697537920729 -7.214045164926047 -7.197934361811577 -7.529956921599028 -7.336624834235877 -7.278916662921777 -7.530391857813271 -7.427951092433333 -7.2227022749559 -7.670379345459079
41
 -2.9362182730142337 -6.052213076493224 -7.822858128862484 -8.588094345728223 -7.776409167536088 -7.446320887492764 -7.750890536557607 -7.284015440251059 -7.385256438231789 -7.266652486915401 -7.282696370302682 -7.252811695327155 -7.194944393590024 -7.245009586891827 -7.183089315069207 -7.209480309502032 -7.562968048898101 -7.292501952121921 -7.78593169448129 -7.261040928619108 -7.497700917904944 -7.329095838430757 -7.53764838898182 -7.340945137963708 -7.3043420109832455 -7.927595032516724 -7.888798850439203 -7.741359768320277 -7.198207609862084 -7.280811927634501 -7.21939327975174 -7.716355840831639 -7.3957682182396765 -8.385902243187632 -7.305734750753717 -7.2747154625046395 -7.58649569403042 -7.564704593388586 -7.611319272632329 -7.167826591547479 -7.188107130329678
41
 -2.9362182730142337 -6.052203811145319 -8.29826852441663 -9.44065340809106 -8.167776677039 -8.233162869468162 -7.374735784650521 -7.497211324218378 -7.502699455969978 -7.38307985067345 -7.412653426399415 -7.203174778956361 -7.27606712560559 -7.229790785477039 -7.403410147341123 -7.208213419937088 -7.246334045204454 -8.025273404232678 -7.707229688808058 -7.17431162756378 -8.326713906370697 -7.193973632073409 -7.1746529003597965 -7.255255717394957 -7.452660269299316 -7.194484821199066 -7.25397823117471 -7.30186364662689 -7.2768638418987726 -7.18388909624571 -7.23192221015986 -7.828847627343417 -7.413598492445817 -7.2540457086527566 -7.545729632500106 -7.2332955838360915 -7.474567342873357 -7.585120638998286 -7.184141571768983 -7.314630214775652 -7.1890155612195015
41
 -2.9362182730142337 -6.12115123468493 -9.176921643521673 -9.24637119453139 -7.922302847400032 -7.568774000760483 -7.568753167083156 -7.287480503941026 -7.258102866269369 -7.232318085723303 -7.345255883878905 -7.200122136812922 -7.243432712247358 -7.5222347534458525 -7.283355809215476 -7.4950293888180894 -7.429381967397943 -7.2318391465960135 -7.248095909243295 -7.292705971730779 -7.55573667315966 -7.246218610111622 -7.188748233463577 -7.18392220615887 -7.267021141681662 -7.640347388431945 -9.046120556408669 -7.163351056114605 -7.166277536058608 -7.194741526652216 -7.536279746432614 -7.454523888786807 -7.186682440211753 -7.175966084093451 -7.319779886511869 -7.248486773130636 -7.189199516610445 -7.243824756012033 -7.164796191255172 -7.5699143409804055 -7.262227722404093
41
 -2.9362182730142337 -5.971987361421051 -8.146721863090326 -9.228007702229192 -7.970534143721552 -7.488938982435893 -7.633035093843958 -7.293856640754808 -7.3833628642223035 -7.360716423338952 -7.435629764538527 -7.196503065750634 -7.2576575045557945 -7.695153049753675 -7.171442519869881 -7.252912583235501 -7.334903471197782 -7.38596477288734 -7.295642246653131 -7.184305319299136 -7.296017360575867 -7.2529372979220845 -7.281065007145603 -7.319961929407783 -7.270266095538039 -7.191831343350861 -7.630994504686377 -7.195581298679856 -7.651375056157092 -7.257925687173541 -7.201146930942557 -7.196248750489293 -7.2331372606685855 -7.1847324821766 -7.369352125435792 -7.175029131615151 -7.351441473454536 -7.244989112227681 -7.2434097613861566 -7.24440656806218 -7.450343224096748
41
 -2.9362182730142337 -6.0851863890906985 -9.092043588168112 -11.491192821328475 -7.702720307912273 -7.7818224757051775 -7.346455493093068 -7.388360430578629 -7.2448753387571685 -7.2392062141890134 -7.195967728013068 -7.208572456111712 -7.243915447606268 -7.215506051075053 -7.338505314533166 -7.267449905518128 -7.22937830974464 -7.661645608883548 -7.180802849159579 -7.196945018493385 -7.367305957710222 -7.356639937768764 -10.075023197873296 -7.2728811246643605 -7.192794970028058 -7.213048223644869 -7.45173528080337 -8.439261345444933 -7.282549125008944 -7.3620441729568045 -7.190048451186241 -7.223312756930915 -7.338946100175594 -7.275400983198572 -7.233672019933746 -7.2599665838158085 -7.645904863355032 -7.2202821407148665 -7.238882767043072 -7.211185736709131 -7.972645631017478
41
 -2.9362182730142337 -6.097792414015076 -9.188907793331149 -8.524209083405369 -7.889570979304986 -7.485630100811312 -7.352610686515828 -7.411255458249838 -7.521826857350983 -7.4312799817332165 -7.462228712412022 -7.849322700560121 -7.227547750483457 -7.2506950422568055 -7.792895146360964 -7.217261431997552 -7.312383678817016 -7.332767998003763 -7.408897550971621 -7.586289152350543 -7.6206687248793195 -7.203549502441072 -7.328349605295097 -7.362171301766964 -7.426563757023044 -7.254236017591577 -7.393582925839169 -7.836691785600084 -7.323218088093884 -7.924429602140449 -7.449464395062363 -7.168580626777951 -7.592801002818021 -7.192788801493125 -7.187309440982258 -7.6168820038616945 -7.170197321881457 -7.740487681632017 -7.208357406946244 -7.184679955671023 -7.2853323777237255
41
 -2.9362182730142337 -5.983430915180965 -8.64998278892131 -8.9373907771564 -7.933015669534246 -7.601754903298028 -7.315759231108404 -7.297484770646572 -7.66001069359624 -7.221174687424408 -8.040226373752024 -7.195167434054128 -7.242987636298262 -7.594496604249386 -7.233088271934795 -7.6504855736531985 -7.192891488326859 -7.366792675205911 -7.959612387736257 -7.208278116097921 -7.281393557945269 -7.246681135420435 -7.225791936305376 -7.471506773158378 -7.804038908505109 -7.382466288593276 -7.312041834167483 -7.196647901981752 -7.213553608557636 -7.29708678990833 -7.3377546045913995 -7.763876273647869 -7.188324773454176 -7.227243100853447 -7.729792276158628 -7.247226472982848 -7.246666844339288 -7.419440676285102 -7.565780345507302 -7.201866172354866 -7.841311572861955
41
 -2.9362182730142337 -6.0407365545582214 -8.574002676437605 -8.52201072606805 -7.800866741932571 -7.506384749090596 -7.360429162133762 -7.614461623039475 -7.334271320165334 -7.300066647099853 -7.361678750982872 -7.466547118522058 -7.4327232973374535 -7.1738850439244946 -7.180271253180473 -7.165829088580042 -7.198552346442595 -7.298017804445062 -7.345707926950811 -7.415227669326356 -7.683856192878651 -7.222902687917681 -7.243889420515414 -7.628446790283136 -8.358402525217075 -7.432116299746387 -7.800412957180209 -7.278244183425838 -7.312061710944271 -7.34444972213831 -7.171685262695051 -7.37981650096142 -8.07646415763276 -7.1979283247926755 -7.152506030043284 -7.272042219578887 -7.343181286909187 -7.271401851909212 -7.222256518610874 -7.179432456652744 -7.3537038314337755
41
 -2.9362182730142337 -6.155819826283856 -7.69168520350025 -9.230601106646489 -7.858403917350111 -8.397827607605088 -7.3619526994665385 -7.649652248896103 -7.399278756382225 -7.294861370781841 -7.241460659954959 -7.374872979671764 -7.215765149424242 -7.628002810574403 -7.418293520270601 -7.20936422519714 -7.219229333036883 -7.4191491049691365 -9.937771763985817 -7.407334374070374 -7.3033616522596025 -7.485273888802427 -7.235360726418278 -7.214318575360617 -7.3548410989835284 -7.194341367395507 -7.203054738054496 -7.243439751037667 -7.2622004280646335 -7.445309602250619 -7.497387996993009 -7.188158281611065 -7.202376537906129 -7.385774352199404 -7.1824220679175745 -7.320938073468887 -7.31321837942069 -7.285363923397836 -7.226461200820041 -7.2462051304921 -7.281525979073616
StreamingSVRG
10
41
 -2.9362182730142337 -5.427591743563858 -7.2012976156337185 -9.614316207339115 -8.753345194649391 -8.177451713206837 -7.714762958459899 -7.390160161791982 -7.534453042219064 -7.291516791524209 -7.240371849516076 -7.19987484507849 -7.352267970124028 -7.201286694641665 -7.329506607996108 -7.191620962000847 -7.195800304419176 -7.183614876678753 -7.259200200075613 -7.259200200075613 -7.259200200075613 -7.174486257685057 -7.39731088781237 -7.15855149443305 -7.198240303752572 -7.294214599464464 -7.21404703924738 -7.237736016297622 -7.2236394731077285 -7.304061820523308 -7.224894653308685 -7.224894653308685 -7.224894653308685 -7.224894653308685 -7.224894653308685 -7.224894653308685 -7.224894653308685 -7.224894653308685 -7.224894653308685 -7.28043621170541 -7.371014702524224
41
 -2.9362182730142337 -5.438637211091436 -7.083643153960986 -10.374264976451391 -9.074583056584112 -7.980452289207846 -8.039320780558738 -7.41938538901463 -7.5610888533841 -7.294879885180571 -7.526062911858196 -7.268985396597916 -7.456751571611291 -7.4831926211230035 -7.2332940943466895 -7.233826188587258 -7.512061244565314 -7.344598067397354 -7.283557005976726 -7.281032340576621 -7.246594961585733 -7.245746277025784 -7.207568886670878 -7.207568886670878 -7.293663253203222 -7.243016052106783 -7.8269352730792 -7.196829882217352 -7.244711364096833 -7.173437061239937 -7.173437061239937 -7.173437061239937 -7.201327825824951 -7.159047271279834 -7.256416476149162 -7.232258207708352 -7.299129145761377 -7.1844866574501065 -7.411504075430141 -7.597232011450308 -7.311708119289037
41
 -2.9362182730142337 -5.415894040448785 -6.962078479059304 -9.499040902767133 -9.809441616890757 -7.913773889040858 -7.66677849810759 -7.556032497043167 -7.360686951354198 -7.337641179724709 -7.286991662396709 -7.2414113430927705 -7.341149870899119 -7.212720643072024 -7.266846901540059 -7.334973151577029 -7.2041466140953005 -7.540861427243942 -7.233508815468086 -7.295881776933155 -7.295881776933155 -7.295881776933155 -7.317393106391973 -7.386778846405025 -7.1912709153344165 -7.206779983325305 -7.176243169067226 -7.237895187675968 -7.20113074415229 -7.240528030970765 -7.244569794881804 -7.426918135824243 -7.426918135824243 -7.426918135824243 -7.426918135824243 -7.426918135824243 -7.426918135824243 -7.426918135824243 -7.426918135824243 -7.426918135824243 -7.426918135824243
41
 -2.9362182730142337 -5.435828461687687 -7.077348465746424 -8.137099034809925 -9.33250422955149 -8.029748967731468 -7.68273414694073 -8.003928878474115 -7.576610270392814 -7.338357302859083 -7.785185263680353 -7.2975712696768165 -7.237704303217415 -7.283369075220796 -7.249945248729578 -7.244340533195475 -7.232209517425819 -7.2214563089904 -7.347416745434529 -7.237010380302764 -7.194087603887934 -7.2508316732858304 -7.177127189799958 -7.403965927564016 -7.256450362150867 -7.260845799244954 -7.188363333889382 -7.196288177968183 -7.642346069915055 -7.471500625575759 -7.236196346771487 -7.256296209748822 -7.244435747307819 -7.244435747307819 -7.244435747307819 -7.244435747307819 -7.2006532000195715 -7.37058617169516 -7.266993438145549 -7.446391895833225 -7.18987444236362
41
 -2.9362182730142337 -5.372084316501565 -7.216055447057926 -10.726397207176028 -9.485887515796753 -8.213042819855515 -7.9932446257223875 -7.488546302619485 -7.843365650996085 -7.3849999456672215 -7.2497237829483545 -7.242723405938282 -7.285502056087905 -7.234146668555566 -7.2531587795517245 -7.261987341178357 -7.429236940915955 -7.175976251306239 -7.432346456625618 -7.271222797204357 -7.215991606730136 -7.169728718461425 -7.1673720770446785 -7.18078842843666 -7.171046932235041 -7.280093989232056 -7.1763383685442514 -7.168611664316596 -7.168611664316596 -7.168611664316596 -7.184321712590434 -7.213110291173079 -7.3540832310872615 -7.217647952444133 -7.285569962322968 -7.197843048024906 -7.16310011652479 -7.229897448506499 -7.194190379098878 -7.18673032544806 -7.18673032544806
41
 -2.9362182730142337 -5.362399497585874 -7.059148184817557 -8.775943883366416 -8.821264326356845 -8.051090002937306 -7.778490522128295 -7.4219662885520865 -7.4527000420449125 -7.4297432537329815 -7.338562209321277 -7.523906294326603 -7.221804628605856 -7.291907901890606 -7.358995593274249 -7.179523324769734 -7.203167013328091 -7.65985248043994 -7.174431421012588 -7.282828625098707 -7.200757029984281 -7.187025229410946 -7.2924514580882835 -7.220441227700603 -7.2845978856960905 -7.180458130304643 -7.220391124618809 -8.121541696463458 -7.36479647951671 -7.203705055520986 -7.234695965739114 -7.655734871576958 -7.655734871576958 -7.655734871576958 -7.655734871576958 -7.337993534527872 -7.413128374767737 -7.502071290347974 -7.185088326420739 -7.354101386484674 -7.184481277186201
41
 -2.9362182730142337 -5.299895160066626 -7.141260371969973 -10.383018555169306 -9.007827309752773 -7.977490211295961 -7.58094715964528 -8.90178838941688 -7.580013057330945 -7.532040308849289 -7.307434204785481 -7.253362292341121 -7.275343749723246 -7.682282292073355 -7.482043800233584 -7.482043800233584 -7.482043800233584 -7.482043800233584 -7.237587405480386 -7.2394874246955805 -7.363680836408373 -7.363680836408373 -7.363680836408373 -7.363680836408373 -7.363680836408373 -7.363680836408373 -7.363680836408373 -7.363680836408373 -7.363680836408373 -7.363680836408373 -7.170834033998861 -7.388288348803198 -7.166334802793823 -7.177324179451523 -7.160311710471345 -7.160311710471345 -7.160311710471345 -7.160311710471345 -7.160311710471345 -7.160311710471345 -7.160311710471345
41
 -2.9362182730142337 -5.398426649253333 -7.189151458177538 -11.089650490631458 -8.525441393654107 -7.945154136519561 -7.570701659138832 -7.409332517888264 -7.307402137574796 -7.299381615846961 -7.3307300604521854 -7.279118751388997 -7.21613295870275 -7.178722327761752 -7.212029956161167 -7.234729943383214 -7.345278041442537 -7.4195473030903125 -7.2031266785595935 -7.2058996525324615 -7.280151974445857 -7.218312852501098 -7.339470831397601 -7.285623358906393 -7.285623358906393 -7.285623358906393 -7.221623261885712 -7.221623261885712 -7.221623261885712 -7.221623261885712 -7.221623261885712 -7.221623261885712 -7.221623261885712 -7.221623261885712 -7.221623261885712 -7.221623261885712 -7.1761296629299 -7.438590553470524 -7.209697155613715 -7.293938768816146 -7.330676047461607
41
 -2.9362182730142337 -5.417083461161844 -7.153271322114435 -8.604927497015252 -8.739634202899692 -7.960348285883382 -8.192686345390046 -7.577712854896546 -7.303397267321797 -7.405221649567198 -7.9268102610151425 -7.370254428053091 -7.200492775537784 -7.24925285994449 -7.4656944696889695 -7.363219994553775 -7.188768574778474 -7.219694791389991 -7.244831726525843 -7.220888884323308 -7.2689254891092405 -7.195496746117317 -7.303350719779147 -7.18793399134695 -7.1946843067409985 -7.729360740162902 -7.169420965085722 -7.388452093716261 -7.388452093716261 -7.388452093716261 -7.388452093716261 -7.159837091385989 -7.305002257776888 -7.295092302006474 -7.347608195818428 -8.084578350980623 -8.084578350980623 -8.084578350980623 -8.084578350980623 -8.084578350980623 -8.084578350980623
41
 -2.9362182730142337 -5.207374807825674 -7.0080378660378635 -9.024575727965642 -9.836042009618792 -8.230557916766662 -8.060083900118988 -7.6082714169594725 -7.669374054418849 -7.393426272493014 -7.363326862957442 -7.224995601942005 -7.478888772107768 -7.392853276318356 -7.2617557231570276 -7.225858918595768 -7.225858918595768 -7.225858918595768 -7.358059227665393 -7.291565378645101 -8.263531510799565 -7.169995713913792 -7.169995713913792 -7.169995713913792 -7.169995713913792 -7.169995713913792 -7.169995713913792 -7.169995713913792 -7.169995713913792 -7.169995713913792 -7.169995713913792 -7.215256018843472 -7.151715098692647 -7.233254949290023 -7.166583202062269 -7.1682862302349495 -7.285520387618784 -7.203828736118175 -7.440002922129457 -7.181527231316101 -7.19731305179123
ADAPTIID
10
41
 -2.9362182730142337 -9.242411785595301 -7.4199335309135215 -7.240240184036152 -7.250194855615431 -7.320981098718627 -7.330008292814992 -7.16536794093298 -7.195078698210256 -7.155801574030389 -7.155069140122056 -7.175198829217778 -7.196877990327062 -7.147846180432498 -7.144169450837772 -7.142458517221161 -7.141460893510814 -7.142308182411795 -7.143890023302603 -7.152795744987617 -7.139281588378313 -7.136770887527451 -7.13671376143753 -7.137414724322136 -7.148346559909335 -7.142897580668511 -7.139874109816271 -7.137254622211887 -7.137179603446984 -7.134709138506386 -7.140195119002132 -7.1354500743793885 -7.135175299674541 -7.137746466250557 -7.1508139461734155 -7.139507236750171 -7.133414695255404 -7.136070839542648 -7.134792375224296 -7.132500980630114 -7.139729141541924
41
 -2.9362182730142337 -7.485541416154755 -7.372164280445701 -7.292195306945043 -7.301117790673856 -7.200874278136975 -7.213441963048765 -7.1708487375236585 -7.1646741695521365 -7.1549409909666615 -7.154635520167902 -7.168872379900028 -7.148766097328684 -7.1951171795200315 -7.148431558853227 -7.160133998800796 -7.164911936957085 -7.1431200830433434 -7.14189406846324 -7.148667136811497 -7.141481045281572 -7.147079310482052 -7.204227659173071 -7.14143458955687 -7.153792645377965 -7.15343994478692 -7.138804085508023 -7.139662428141106 -7.139377239324351 -7.150378243487994 -7.140259127960918 -7.139781331243903 -7.151406078499617 -7.1393190406151215 -7.136140410590926 -7.133992497879114 -7.134752499934552 -7.147089537662749 -7.138174373093952 -7.132529136432542 -7.131878553628143
41
 -2.9362182730142337 -7.730138327515194 -7.321344318987971 -7.308590020705673 -7.183938709771561 -7.201570547988849 -7.207605002662771 -7.215170386971988 -7.178887604189974 -7.163423887860616 -7.202176998972281 -7.1445199237058885 -7.157571259097227 -7.166718499613917 -7.148801332127488 -7.180522396383047 -7.151050153249871 -7.151052058098478 -7.1386294673791255 -7.142154789947737 -7.137170870440593 -7.140424992197356 -7.151138867794005 -7.1356724967322265 -7.139180556396689 -7.1410282370819935 -7.140394518773527 -7.141528288093299 -7.159717802796249 -7.146618932534263 -7.137817661277761 -7.133773678509231 -7.133956351607642 -7.137676366877812 -7.137650879219346 -7.135164879766511 -7.134827272228064 -7.1350630537883735 -7.133800626119818 -7.133014223937733 -7.138008410443066
41
 -2.9362182730142337 -7.495289772503865 -7.339996529318787 -7.25865757852196 -7.219235030999394 -7.247385919408891 -7.192575483121414 -7.155891759822255 -7.154727626225027 -7.180444867985663 -7.158023631654507 -7.148313935467772 -7.148910417141851 -7.158434051782899 -7.141895656253687 -7.145050095421573 -7.150078492278758 -7.144412223730708 -7.147645495998441 -7.139562788535976 -7.152517022224551 -7.1399408064061385 -7.141760597253544 -7.13900579693706 -7.148804197303969 -7.143240354349986 -7.136366775791463 -7.1374160303959195 -7.137526647653658 -7.139057621102873 -7.143334358035034 -7.1473450244672465 -7.140930096107008 -7.133070927482824 -7.134649029505937 -7.132500674352172 -7.13453300107393 -7.133346307629168 -7.133988409143676 -7.1333990563846665 -7.134310810969074
41
 -2.9362182730142337 -7.571377228564627 -7.348037296115466 -7.393200327257328 -7.287221773625026 -7.197579964114177 -7.202531087687602 -7.192255900323376 -7.159823883557285 -7.16757986943077 -7.165729800728762 -7.149285431461081 -7.1700653579553615 -7.187210997639851 -7.151669272423116 -7.145616368665738 -7.144593642934277 -7.138164472831339 -7.149187481633926 -7.141132481353344 -7.137722460664164 -7.148461902012277 -7.135159026909555 -7.146659627589185 -7.137881616331597 -7.13982056071195 -7.146341062383462 -7.138828597709128 -7.149444948022665 -7.136512854190175 -7.1415186738715475 -7.143760354401182 -7.1380867446062615 -7.136836092474171 -7.133173883719364 -7.134544198070444 -7.135003684473746 -7.135974149119071 -7.142733961824752 -7.1333540196196 -7.1333484888762575
41
 -2.9362182730142337 -7.544322410583444 -7.398051232650806 -7.311115824186271 -7.220027427365751 -7.213014574678836 -7.221936301291682 -7.159409668280512 -7.183793133683911 -7.179161375841222 -7.1605700015119105 -7.153574487300557 -7.1523973443925986 -7.1636077458088465 -7.16120176178319 -7.139947108822166 -7.1551819587674546 -7.162143743996025 -7.144825712114185 -7.137850232368558 -7.140404063986721 -7.138172131825642 -7.1529555048965365 -7.141303703840126 -7.147813434198472 -7.141721564197408 -7.137595346398023 -7.146300239611251 -7.135987302875896 -7.135238276191412 -7.145102318650035 -7.1404352915721585 -7.1411434586477665 -7.138209677475985 -7.134350381150985 -7.135497077111103 -7.134296963689818 -7.134002793490688 -7.1393713951585385 -7.138795326782699 -7.142619319005198
41
 -2.9362182730142337 -7.706369110531485 -7.331249439668542 -7.264419552498424 -7.243380476088869 -7.253635957903811 -7.184815417525779 -7.173884235889261 -7.166295609663619 -7.170851540599897 -7.216438588608989 -7.188663006943276 -7.208738708574514 -7.191210173648343 -7.151918578990211 -7.1504038218865436 -7.1592620572960985 -7.17971881410563 -7.162121630112822 -7.149624201223632 -7.140495373997754 -7.145815433631369 -7.154101609142246 -7.146315696101315 -7.142507106301319 -7.148333007936217 -7.136907298964975 -7.154260631980388 -7.155804923968928 -7.148814388396271 -7.140104890547195 -7.1701782948125565 -7.1581669112450355 -7.13457186290607 -7.142116682696128 -7.145938170833386 -7.134671347320074 -7.138430571908079 -7.14139034811313 -7.133839119516281 -7.136075662888105
41
 -2.9362182730142337 -7.62378635012106 -7.34996165380757 -7.293195991965544 -7.222086078124977 -7.462412463040382 -7.194899496548194 -7.204671456102987 -7.182275251785136 -7.151192189678361 -7.171270726981971 -7.166799413500402 -7.150537958000252 -7.159969006225051 -7.145579957360744 -7.151986732710966 -7.144803193397358 -7.153457934001128 -7.144759283095708 -7.141428014096879 -7.1458233689103565 -7.138894970030718 -7.146173955051269 -7.14235810669514 -7.177556123854937 -7.166862522370087 -7.144022729396617 -7.1490131470704705 -7.138565128004143 -7.137772975133995 -7.14505830213426 -7.135552472336048 -7.143258229031228 -7.134534820649824 -7.135398951866968 -7.13724646227121 -7.136251551385999 -7.134781252284573 -7.135184030759952 -7.134712351081417 -7.134195013369934
41
 -2.9362182730142337 -7.411496101186017 -7.303412358836109 -7.285825217945282 -7.255207276051458 -7.195635912547555 -7.229011015247616 -7.380998810454826 -7.202719587518951 -7.167260804354844 -7.158271764814078 -7.152638417426737 -7.152900762582757 -7.169240190033269 -7.167564801748768 -7.170099758179809 -7.155190567049896 -7.1486850360235685 -7.1400773257620544 -7.140167202335458 -7.1416227692670615 -7.139585225394472 -7.137608320998288 -7.141072575563326 -7.141267822951247 -7.147982038269879 -7.1345892957978325 -7.13828519382941 -7.15320590719719 -7.1377105996836665 -7.1461238557306155 -7.138972412367449 -7.13723870048486 -7.136719496081808 -7.136013031047864 -7.136225459853494 -7.137361714655177 -7.135465509244453 -7.133537887535318 -7.134410107431475 -7.13658988660686
41
 -2.9362182730142337 -7.720632747517395 -7.400249633426689 -7.2637131329425 -7.217217298352159 -7.304102383561008 -7.190185825393883 -7.19689474774379 -7.202622581056157 -7.223415924900584 -7.168227023170431 -7.151947433132438 -7.183392321093908 -7.157874166710211 -7.1478421207071925 -7.145544603806811 -7.139881520589482 -7.1381056100502915 -7.1376908925215234 -7.1497571927288215 -7.13847782629029 -7.162789016762194 -7.135401758764862 -7.163161932271209 -7.135186749689233 -7.142619785115573 -7.135450211806963 -7.161892093860977 -7.141251687299972 -7.135508167354671 -7.135270351905397 -7.133636173056809 -7.160486705238738 -7.1403617980362775 -7.139188485648825 -7.134053976917162 -7.1379810728380955 -7.134934262574413 -7.143138623385468 -7.141615673375164 -7.132987454922725
steps
10
41
 0 25000 50000 75000 100000 125000 150000 175000 200000 225000 250000 275000 300000 325000 350000 375000 400000 425000 450000 475000 500000 525000 550000 575000 600000 625000 650000 675000 700000 725000 750000 775000 800000 825000 850000 875000 900000 925000 950000 975000 1000000
41
 0 25000 50000 75000 100000 125000 150000 175000 200000 225000 250000 275000 300000 325000 350000 375000 400000 425000 450000 475000 500000 525000 550000 575000 600000 625000 650000 675000 700000 725000 750000 775000 800000 825000 850000 875000 900000 925000 950000 975000 1000000
41
 0 25000 50000 75000 100000 125000 150000 175000 200000 225000 250000 275000 300000 325000 350000 375000 400000 425000 450000 475000 500000 525000 550000 575000 600000 625000 650000 675000 700000 725000 750000 775000 800000 825000 850000 875000 900000 925000 950000 975000 1000000
41
 0 25000 50000 75000 100000 125000 150000 175000 200000 225000 250000 275000 300000 325000 350000 375000 400000 425000 450000 475000 500000 525000 550000 575000 600000 625000 650000 675000 700000 725000 750000 775000 800000 825000 850000 875000 900000 925000 950000 975000 1000000
41
 0 25000 50000 75000 100000 125000 150000 175000 200000 225000 250000 275000 300000 325000 350000 375000 400000 425000 450000 475000 500000 525000 550000 575000 600000 625000 650000 675000 700000 725000 750000 775000 800000 825000 850000 875000 900000 925000 950000 975000 1000000
41
 0 25000 50000 75000 100000 125000 150000 175000 200000 225000 250000 275000 300000 325000 350000 375000 400000 425000 450000 475000 500000 525000 550000 575000 600000 625000 650000 675000 700000 725000 750000 775000 800000 825000 850000 875000 900000 925000 950000 975000 1000000
41
 0 25000 50000 75000 100000 125000 150000 175000 200000 225000 250000 275000 300000 325000 350000 375000 400000 425000 450000 475000 500000 525000 550000 575000 600000 625000 650000 675000 700000 725000 750000 775000 800000 825000 850000 875000 900000 925000 950000 975000 1000000
41
 0 25000 50000 75000 100000 125000 150000 175000 200000 225000 250000 275000 300000 325000 350000 375000 400000 425000 450000 475000 500000 525000 550000 575000 600000 625000 650000 675000 700000 725000 750000 775000 800000 825000 850000 875000 900000 925000 950000 975000 1000000
41
 0 25000 50000 75000 100000 125000 150000 175000 200000 225000 250000 275000 300000 325000 350000 375000 400000 425000 450000 475000 500000 525000 550000 575000 600000 625000 650000 675000 700000 725000 750000 775000 800000 825000 850000 875000 900000 925000 950000 975000 1000000
41
 0 25000 50000 75000 100000 125000 150000 175000 200000 225000 250000 275000 300000 325000 350000 375000 400000 425000 450000 475000 500000 525000 550000 575000 600000 625000 650000 675000 700000 725000 750000 775000 800000 825000 850000 875000 900000 925000 950000 975000 1000000
