10
SGD
10
41
 -2.9362182730142337 -4.470922540436802 -4.041774793923026 -3.9474215346142505 -3.949329878516503 -3.934448493461704 -3.8898359990420848 -3.886040738600575 -3.8861559296730426 -3.92106681981163 -3.878789795965246 -3.908965413793705 -3.888480244795182 -3.87817821421083 -3.937843354789148 -3.8838608840774103 -3.8999717790453388 -3.8800093932461848 -3.8950789941907136 -3.875040982547373 -3.8790176077117247 -3.8755584604884654 -3.8747912956000965 -3.887809403657341 -3.884204043878654 -3.8796913977874836 -3.8789567584224436 -3.8799387652604342 -3.884542537417654 -3.875687016146303 -3.8762811778550677 -3.8761598556988517 -3.878758850697671 -3.8725435652253086 -3.875217648266428 -3.8749352285545666 -3.8738082970415952 -3.8872804076551835 -3.8739053225521443 -3.883030419615606 -3.8728474659428316
41
 -2.9362182730142337 -4.004879723000431 -3.9108602805767125 -4.178938170777808 -3.9314550307924847 -3.9142086610163753 -3.880910809331398 -3.8920257343487186 -3.9045618014053813 -3.9072795519357104 -3.8786319156407085 -3.8796166505449103 -3.8800733586142377 -3.9181378284364534 -3.8748792208318967 -3.8888894931577527 -3.8761905060935042 -3.8748017576094504 -3.8768717005260807 -3.8773393146474713 -3.881214097366004 -3.878686779056499 -3.875173407117392 -3.87522706682417 -3.8812304091022343 -3.887317233760161 -3.8757289651633675 -3.878885962381845 -3.878346041502855 -3.9200446770540336 -3.8746522957413663 -3.887412641083631 -3.877087279639326 -3.882076991511274 -3.8730653184452395 -3.873062301003543 -3.874324710488762 -3.873858440768803 -3.8725938703560696 -3.875131965506255 -3.8722609982697866
41
 -2.9362182730142337 -4.076599437301071 -3.9405711836775064 -3.9094225367130826 -4.181998257357579 -3.8922747875851895 -3.888949212837515 -3.8828973205920994 -3.901801474334981 -3.9086408248506035 -3.9097425866530986 -3.879266859207948 -3.8974478041347753 -3.8909815065548736 -3.885510618587072 -3.8804964491658476 -3.875332567811808 -3.878573454530478 -3.8760563712331266 -3.9939884566112305 -3.872122171608529 -3.8876699807671504 -3.873472755619137 -3.87991028600926 -3.8798865976922223 -3.874157557989288 -3.898182639307813 -3.8728028995845434 -3.8738363869966412 -3.8733708917008056 -3.874457935863151 -3.872314785633787 -3.871473653298416 -3.8744584088204896 -3.902245556019123 -3.874091483856202 -3.8711923693503962 -3.8710187170668973 -3.8820344918587213 -3.8735708775824373 -3.8721696238855094
41
 -2.9362182730142337 -3.960729866872684 -4.001586485900063 -3.893536564598049 -4.010584733289955 -3.8850748775077584 -3.9125470803725193 -3.8966823460183773 -3.878010951096122 -3.9075424641861036 -3.8959799921301443 -3.8917943788584077 -3.899610473662382 -3.879905040076308 -3.8771421071260534 -3.877586650277371 -3.883733144561642 -3.8847081008026967 -3.8764989375938486 -3.8793664357304483 -3.896478552031005 -3.875665617228534 -3.8748515430413484 -3.8729418053185576 -3.901392128287067 -3.884282262831467 -3.877736046553282 -3.886518747624899 -3.872546417768937 -3.8732863368875035 -3.872016422397339 -3.8768982571834854 -3.8797896448774227 -3.875321622326037 -3.8733850983154037 -3.8827038905104048 -3.871497478471312 -3.880225362489183 -3.8723833251809814 -3.8721332562200392 -3.8774187959673814
41
 -2.9362182730142337 -4.084140969718485 -3.953747623604327 -3.901711293855016 -3.905460604163382 -4.076772255154105 -3.901397378431372 -3.8979638188057604 -3.889460115720113 -3.9043122248698556 -3.878195858041745 -3.8820511040158987 -3.8840481674945457 -3.889037459889787 -3.8795128004248696 -3.8858969479231376 -3.896329075210661 -3.884599832817819 -3.895323072704619 -3.8798019993405863 -3.878627514377038 -3.8832874228029937 -3.891378904691183 -3.8862789719873994 -3.8828070020190357 -3.9139135553909465 -3.886360144480421 -3.889335365017479 -3.8754717198565465 -3.873243964657143 -3.8730304746129973 -3.8780142387369123 -3.8728223419572507 -3.8839723032743643 -3.875561472216499 -3.87687683955011 -3.8730900764547975 -3.8782976663023 -3.8961575234497596 -3.8890961224451472 -3.8763482277735934
41
 -2.9362182730142337 -4.069876311411685 -4.08487768626842 -4.047032782271867 -4.065498514678412 -3.9061299241900858 -3.8958213217500357 -3.882353330541309 -3.885509684898024 -3.889542068514752 -3.8852346197484704 -3.882437411177412 -3.8774383069599594 -3.8972556731605303 -3.9047809355604564 -3.875627139060987 -3.939097679620607 -3.8829733770266404 -3.8817602979990915 -3.8819725564535235 -3.894183509436403 -3.8742145579972336 -3.8776138641900073 -3.8758865770436035 -3.893172971973537 -3.8894025083845962 -3.880731184230117 -3.872062251465918 -3.8729668648976108 -3.8870624996070298 -3.8733262913816024 -3.873671013758251 -3.8735919154395098 -3.8845442672958232 -3.874339338267366 -3.8766446977314883 -3.871712553152674 -3.891332816079122 -3.87379349554206 -3.871781338375362 -3.894356128426919
41
 -2.9362182730142337 -3.9375639717897926 -3.985524008707863 -3.924697459183824 -3.883705140339469 -3.8956638709991065 -3.8826601865075356 -4.17995674378268 -3.9894057075946066 -3.8882500299889915 -3.8966966483467376 -3.8887425676577814 -3.934006584443592 -3.9141226475471163 -3.874189583255291 -3.8762808831744704 -3.8795009103491815 -3.8758379042906546 -3.905912663678602 -3.8809884913908355 -3.8766919111973506 -3.8753136822606087 -3.8849991614351214 -3.899584003633953 -3.8751344659819793 -3.883643732481581 -3.885754970165143 -3.879866230963502 -3.872902082970106 -3.8725658006016754 -3.8902747394437824 -3.8733069182012376 -3.87788118223496 -3.8753554467341456 -3.8845449655509396 -3.910202428317026 -3.887336266914652 -3.875831082742491 -3.8877346588520063 -3.872409155896844 -3.8761431090868235
41
 -2.9362182730142337 -3.998023205763701 -4.38944229851363 -3.901836300532966 -3.9077653824643988 -3.8963876608446024 -3.892177853484795 -3.892760375432028 -3.885520479282568 -3.8960977870357962 -3.922339262798052 -3.8939397956842847 -3.8900694488738097 -3.8802144300591657 -3.8797278228285594 -3.8774391319001538 -3.8730968919778936 -3.9157263029208993 -3.878347455267376 -3.8852209193328866 -3.887184808017183 -3.8923558613301306 -3.8797005913070493 -3.9067542488400666 -3.877288772661037 -3.884403083864222 -3.8767051345361927 -3.8866530166645665 -3.876814241787968 -3.887876505989651 -3.8723609449292593 -3.9037358904042234 -3.876297338419425 -3.877164506920955 -3.8789106561224354 -3.88038070424286 -3.876383327646807 -3.8813189731992703 -3.8743468121113964 -3.871252691179959 -3.8724339964532883
41
 -2.9362182730142337 -3.973812954321026 -3.9471429373748723 -3.90986787357075 -3.9171902439141144 -4.063591200314146 -3.890587524698613 -3.91147294108326 -3.886429692316999 -3.9020610477049322 -3.911554719594639 -4.02249121864228 -3.924013365215704 -3.879834472945893 -3.8754387526402203 -3.87916193627996 -3.8931561475676935 -3.9221326121737734 -3.8758662323809014 -3.88632878669236 -3.8837335112053464 -3.878712238892433 -3.8859134431911726 -3.885302389842014 -3.890547189687379 -3.8735757473806673 -3.872991098150502 -3.878877307654736 -3.8780543891060884 -3.8869009393153324 -3.8810518452002234 -3.906097562612264 -3.871870394078552 -3.8724283916402555 -3.875646003219268 -3.8782218692028523 -3.8742070622538924 -3.881148642933606 -3.8728128618625695 -3.8728899140358837 -3.88338911573368
41
 -2.9362182730142337 -4.10033582442307 -3.9546621607860053 -3.917044263109634 -3.9265839801862055 -3.9264773584191253 -3.8828022404438114 -3.9697068690764237 -3.975990287445925 -3.8862853236975847 -3.920925173338009 -3.885836203837571 -3.8802424143512533 -3.904738294114075 -3.885903482311928 -3.9059043892301037 -3.8840202868846325 -3.8763305249352897 -3.915172514225768 -3.911698791727063 -3.882598056311215 -3.924371523824474 -3.8781555594346826 -3.8755030423858456 -3.874722941681976 -3.881963244929278 -3.8771541864562926 -3.8730759907660737 -3.8974635275308347 -3.8792426427121964 -3.876231725535983 -3.879663716152867 -3.8754025932678773 -3.874422937850356 -3.8750983457625074 -3.874368703530812 -3.878532644485582 -3.875362762547053 -3.887115430878625 -3.8869644725479873 -3.8750563427302573
SAGA
10
41
 -2.9362182730142337 -6.055603547406072 -4.621484235387005 -4.354192593737385 -4.164820845489816 -4.069098048171036 -4.04997361999798 -3.9749329196852754 -3.9541550786590545 -3.955449182834595 -3.9254380226558547 -3.9252743294087087 -3.903439977515022 -3.906973378947426 -3.899413983097299 -3.903264153185624 -3.9019591447315127 -3.890730217442414 -3.9081790696203127 -3.9031213261481064 -3.882009679642199 -3.896652168994516 -3.8916814427359685 -3.8804731145320597 -3.8990038059804144 -3.877305431063971 -3.875626877880413 -3.8748240346667395 -3.88789194805898 -3.8780483557511514 -3.905607204691315 -3.87389222610749 -3.8801466399201194 -3.874078173913216 -3.8728801318373822 -3.8847882573790447 -3.8730041555844843 -3.879313367943625 -3.899707260475224 -3.8723600461348577 -3.874982982543925
41
 -2.9362182730142337 -6.006784951457231 -4.601210087497536 -4.315059380456645 -4.176537798092992 -4.072923300484096 -4.013610184810994 -4.021511955341843 -3.9479255941847446 -3.94480265826386 -3.9411444143787273 -3.9229982773726486 -3.9018756826732717 -3.947610547697242 -3.8988055496023097 -3.894374908959885 -3.8925202412793007 -3.8946784721369845 -3.8892124320390864 -3.882902002726103 -3.8887175751373344 -3.8804896706922976 -3.880209893936345 -3.8772373632052113 -3.8855528662436667 -3.879428533286929 -3.8940182818662312 -3.87488843097182 -3.8772790791892415 -3.875184554955071 -3.8753994893697397 -3.874962734437811 -3.879956422837656 -3.8785398980649166 -3.873399241963357 -3.8744660909790953 -3.8858735770719264 -3.87311187639692 -3.8731986176547277 -3.8735186747021793 -3.882407370864544
41
 -2.9362182730142337 -5.491139509873173 -4.601524583266419 -4.3073261842458015 -4.239413742801522 -4.10022073232158 -4.012576977967787 -3.9698235687172345 -3.9630075701751344 -3.9761551564335895 -3.9262976457008416 -3.924493620948247 -3.9050258538513067 -3.8981486331299506 -3.8962161994675495 -3.8887696522933557 -3.89234508236585 -3.9145805586748734 -3.90169010622218 -3.8854496933200817 -3.888650843838129 -3.8875694911936582 -3.884264438125041 -3.883362774786046 -3.879930883673636 -3.878553459113079 -3.902596577075633 -3.895591549164459 -3.878300984906096 -3.8745973917191043 -3.874450798714345 -3.9412425914290683 -3.892291623449338 -3.873138804040499 -3.87603558611373 -3.8798162539126944 -3.875505561244731 -3.8710996740506824 -3.8799073842482987 -3.8722847300458376 -3.875119106816241
41
 -2.9362182730142337 -5.5187654276513465 -5.073278683296501 -4.32800055052365 -4.17189468724287 -4.1041005040544665 -4.176041805295623 -3.978150011679794 -3.954421866089554 -3.93448368122256 -3.9814362705303825 -3.9145081515627376 -3.9217401743992126 -3.903173766236671 -3.9522949581734883 -3.8911410809471 -3.900660598100887 -3.8869571378710774 -3.917297457580206 -3.9055619465315825 -3.8981332985901256 -3.8819000708090075 -3.8790795086126613 -3.8849329120589133 -3.877057456493269 -3.8835324472333057 -3.879267142425261 -3.874951621259442 -3.874997393509089 -3.8769677287756106 -3.873568245722163 -3.875639219599505 -3.872642175643524 -3.875053305831552 -3.8766225765573306 -3.8762986094225034 -3.8739554280752295 -3.878787086038853 -3.8732697484540153 -3.8732244502851327 -3.8740711343005487
41
 -2.9362182730142337 -5.548129025996984 -4.604239028984988 -4.38361845193634 -4.19161785569564 -4.050618258252798 -4.0525279358234 -3.975755306350782 -3.9787652608969286 -3.9514261088509053 -3.9188973338352984 -3.92407961002214 -3.9016165843924693 -3.907571012393508 -3.9113391954880288 -3.8929159516794445 -3.8845908550626906 -3.924176312049657 -3.882878208831828 -3.882651725389758 -3.8828185036759515 -3.93548006975029 -3.892947073213141 -3.8842559405858696 -3.877769283699255 -3.8803083017946807 -3.8743352225506955 -3.8777094068250646 -3.8759867425912393 -3.881314959493024 -3.876188800981834 -3.879291214746768 -3.8735609895723577 -3.8779948415170264 -3.883141125038815 -3.8744616896736708 -3.876542590702466 -3.876139771728336 -3.872449793684853 -3.876516701803041 -3.888321116963576
41
 -2.9362182730142337 -5.516383033111245 -4.6114153457897045 -4.308852282987621 -4.174800156380653 -4.083130889272868 -4.0468282848088615 -3.9758392136805663 -3.959383453780844 -3.9505222792333377 -3.9454218296358867 -3.911297338841338 -3.909376356215169 -3.915608889692609 -3.9081077858377613 -3.8897655861303777 -3.9034037758429996 -3.8904569651894088 -3.9040065963376596 -3.884971926185702 -3.886354052304446 -3.883550777308298 -3.879573202936478 -3.8894005597195282 -3.887680697455171 -3.8756697333511587 -3.8807134935161254 -3.8840124890210297 -3.880245801528128 -3.8756267563346967 -3.874850851662253 -3.8757493675120025 -3.87734509513557 -3.873536932767693 -3.877030548991805 -3.8734447489346797 -3.8737456818600196 -3.877563613382599 -3.8712091208748176 -3.8830685799375253 -3.880256102381273
41
 -2.9362182730142337 -5.534385418434362 -4.616359118311244 -4.532905073996266 -4.206343391751144 -4.079700731444691 -4.0318148899776265 -3.9897482557342787 -3.9702670602138697 -3.949161766395754 -3.92744220775654 -3.9143628327094433 -3.908655703876334 -3.9047048351096825 -3.9069074805604487 -3.9034213386889522 -3.89006409027529 -3.9008621826868737 -3.914644542451355 -3.8896404051862903 -3.8817172854121167 -3.8802850385319467 -3.8984433565403327 -3.8954029406950985 -3.880716999011152 -3.8765609751702375 -3.896422707489353 -3.8745980472520376 -3.8874779746578323 -3.879633042054768 -3.8748614629158844 -3.8767406548669445 -3.8735726442046388 -3.876976373646358 -3.87321918685378 -3.871850511141344 -3.8725023135503793 -3.8735723365628734 -3.879614380748971 -3.8724685164308434 -3.8708706413630614
41
 -2.9362182730142337 -5.756910573240742 -4.672440491045817 -4.372226100238292 -4.197246074685498 -4.063717504433942 -4.00551575511679 -4.062162142306493 -3.9847340975058545 -3.931196080438325 -3.93469569513671 -3.912663988252267 -4.020503720065679 -3.923231429361035 -3.9551868047204093 -3.910499821739473 -3.912085735666813 -3.8862228592194366 -3.8888690218062303 -3.8874388429762305 -3.881586375870219 -3.8937534937779392 -3.877623876039431 -3.8807859433010408 -3.884024492702294 -3.877940210524741 -3.911324916284821 -3.875806430891593 -3.8840143638675846 -3.8784702716433617 -3.877916293752041 -3.883996112428536 -3.8800914574965026 -3.876723444591278 -3.8732125040291887 -3.874809086266384 -3.872655796887796 -3.871867861025864 -3.8730006876549905 -3.8713286931304807 -3.870668352951258
41
 -2.9362182730142337 -5.687290144904878 -4.632407524914164 -4.401129797907489 -4.157045569138958 -4.101986968703498 -4.070076811159523 -3.996174681972929 -3.9696074340926453 -3.9604849059076845 -3.934444323582269 -3.920606457315032 -3.913256203815657 -3.9534400080812295 -3.896006160715612 -3.8984033309385517 -3.8972345294126227 -3.8986324203643883 -3.89498340290518 -3.883709305550729 -3.8818620358445273 -3.902088849573322 -3.903068528304104 -3.8816872420325645 -3.8980321801128817 -3.890675510108792 -3.8837327070331864 -3.8746259727206467 -3.874430618660672 -3.882674562072615 -3.8739121578393805 -3.879057160549224 -3.87286888841839 -3.8766816194985996 -3.8754301086687404 -3.8864063542099463 -3.8830514374752725 -3.871772997265914 -3.878548918284144 -3.871712121812048 -3.88155877320031
41
 -2.9362182730142337 -5.668464448202294 -4.623210439169335 -4.3157849765117025 -4.150978813271567 -4.076497746182139 -4.022557637203557 -3.994367653216414 -3.9819785754758272 -4.078248465994683 -3.980973055349259 -3.9452675888269675 -3.9411087150187423 -3.9533917392224853 -3.899639362055534 -3.8962297374196964 -3.8967325055714057 -3.903180227286463 -3.8861823909590765 -3.912867307871216 -3.8847705644851027 -3.884755274785154 -3.9177922418265254 -3.8782985145302673 -3.8786151444997246 -3.878698394634235 -3.897544230751541 -3.87778396206776 -3.8762022230873576 -3.875639007444124 -3.886018875619966 -3.8766569334757186 -3.8749648581375475 -3.900347753474436 -3.899645634255237 -3.8735212566826402 -3.872476228345045 -3.87202378585562 -3.873442480109979 -3.8736038505459662 -3.8768415334452104
ADAPTSAGA
10
41
 -2.9362182730142337 -4.070933758927442 -4.106008518287225 -3.994755304247019 -3.9183758141014473 -3.998084325509645 -3.9134063987179566 -4.0294781225464895 -3.910792955324605 -3.8854365914510187 -3.9008919359535827 -4.015872667752416 -3.8843257543585903 -3.92363103515324 -3.8821875029589576 -3.8894408469920294 -3.9292777559595553 -3.9300671360717234 -3.8824086769468793 -3.9077265836613724 -3.9177145371433872 -3.9286739656670835 -3.885760533869403 -3.8845067910583087 -3.9095334156758628 -3.885676385078402 -3.8793243277216503 -3.9014221881486146 -3.921207026949971 -3.878968967926978 -3.9019964386596153 -3.8795877389280102 -3.905208609105881 -3.8828481509899135 -3.8751568945457153 -3.871090907446435 -3.8817972985254277 -3.8688626751098996 -3.8685354777816334 -3.8684683425666244 -3.868610900356823
41
 -2.9362182730142337 -4.085418316101422 -3.903839352252233 -3.9419695301509297 -3.935441035899463 -3.9560162356266417 -3.9534757358215686 -3.9898070409370976 -3.928651832321668 -3.8920992614890877 -3.913827614238528 -3.9728199285100616 -3.8833659784377597 -3.932008414999518 -3.8816328830470583 -3.8832040074684 -3.92117281799306 -3.9405167123387685 -3.8813248562307234 -3.901266740461384 -3.9427710431106293 -3.9287371383523273 -3.8839076110532673 -3.8829614924186897 -3.9065832922758403 -3.8844945606450247 -3.8783643043022393 -3.897127337090813 -3.915304615012619 -3.8775555481250743 -3.9001703608089184 -3.879904856525199 -3.908741369485792 -3.8867811994172277 -3.8762765642656776 -3.8713585132107124 -3.885338210463587 -3.8693625298443735 -3.8685644457551334 -3.868558288412241 -3.8684472070993987
41
 -2.9362182730142337 -4.05372471652254 -3.9046709345556403 -4.009525665590687 -3.910763282254011 -3.9785374750083276 -3.964772784349624 -4.00684359274458 -3.9489658028818444 -3.8872772622539515 -3.8950414528823365 -3.9627390937724862 -3.8847947942086973 -3.949712434075893 -3.882023126468098 -3.8895565802161163 -3.949877132718264 -3.9439368538867465 -3.88285896863854 -3.8970520941892968 -3.9173266555337647 -3.932921996849303 -3.8797435550983703 -3.883640517394347 -3.9074908744148362 -3.8884913303558943 -3.880978977914786 -3.8960423152136747 -3.907469591651446 -3.8782471052823184 -3.8987216357329864 -3.8788503475188874 -3.9093869463955024 -3.8854342627058966 -3.8749955779380687 -3.8720227047112505 -3.8841985510269854 -3.868903445591739 -3.8685002595787457 -3.8684548091241497 -3.8684834915711095
41
 -2.9362182730142337 -4.0137051370515975 -3.9274407150210386 -3.9689499947219975 -3.9448708865804787 -3.954762832622089 -3.941455933624307 -3.991163394262474 -3.9273919100436254 -3.8883399434071846 -3.903313382170342 -3.9609042773524643 -3.887089258307231 -3.9444884190893146 -3.8808242935878536 -3.8867440181055697 -3.951632856276196 -3.941489025463511 -3.881926800973746 -3.9020903819991024 -3.920008727236617 -3.9208394045834707 -3.8841933737955823 -3.8854842037748316 -3.9091504942294013 -3.884427891815639 -3.878340796097952 -3.899317142360634 -3.9130434980339417 -3.878377695655381 -3.90739436617297 -3.8789511061440374 -3.911570021590773 -3.881806988813117 -3.875761649399456 -3.871849991920591 -3.8872349044909282 -3.868751246344396 -3.8686481691473307 -3.8685004309163693 -3.868584439801636
41
 -2.9362182730142337 -4.007131191084112 -3.9277466592804022 -3.986260864940496 -3.9361002577592945 -4.081801096674628 -3.956052804077401 -4.009080892509741 -3.9623822920812786 -3.886146919204258 -3.9051614765981335 -3.9811014739943236 -3.8831093034996287 -3.932928761257326 -3.8826475776136316 -3.8946341927353503 -3.9485854825608784 -3.9563733385413307 -3.8827680176786052 -3.9099061075992365 -3.9472711345252596 -3.938211446117115 -3.8806254580179456 -3.883230296212449 -3.9116857782507695 -3.886023883845657 -3.878767350913874 -3.8967575244250674 -3.9137863483855773 -3.8790043220042048 -3.9094051951178233 -3.8783592436307397 -3.9103330096696967 -3.8797256868248065 -3.8759874129356886 -3.871475131992829 -3.8864081763730853 -3.868745406271438 -3.8685015962946574 -3.8686154131943655 -3.8685928234591764
41
 -2.9362182730142337 -4.206036017311107 -3.9195103211613183 -4.006427440021263 -3.91618913745807 -4.008567803991867 -3.928433216440136 -3.994184023313134 -3.958442810295348 -3.888557863575523 -3.913269807041237 -3.971380679028175 -3.881326074985463 -3.936989945606882 -3.88318320606534 -3.892084700347434 -3.9275109123375946 -3.9572753582096394 -3.882946817761715 -3.907016308561531 -3.9275533263390425 -3.935691773484025 -3.8778195447932493 -3.8844171500593014 -3.9111536957083652 -3.886817310978016 -3.8786006172710756 -3.9134458928342046 -3.919400639769876 -3.8775029462970743 -3.903410340316958 -3.878692616743645 -3.910232153705618 -3.8852580058565653 -3.8749674515870995 -3.871196014102002 -3.8872035767074524 -3.868706509533841 -3.8685577848651795 -3.8687306347487462 -3.868594054857941
41
 -2.9362182730142337 -4.37229869768722 -3.920944409510088 -3.938735439872728 -3.99458477973932 -4.009451685887632 -3.9572935091131938 -3.991819855367617 -3.9760885067810046 -3.8894606891194146 -3.9123358785261906 -3.9468736379510894 -3.880545284677392 -3.921600707637609 -3.8852795635404287 -3.8883649603953883 -3.9268412439983833 -3.941032372890089 -3.8811475550488743 -3.900881400377512 -3.940072868582921 -3.925302044522286 -3.8778808155047213 -3.8812287092691613 -3.9079329851098796 -3.8868151053619533 -3.8787791058216756 -3.8991342160181106 -3.906256596464411 -3.8757900148368023 -3.9049867665694133 -3.8784112167263474 -3.9117123316273568 -3.8834768922041016 -3.8771732792311173 -3.8717311447177143 -3.8871530011662663 -3.8688666597572037 -3.8687328767809723 -3.8684902604069995 -3.8684271114602553
41
 -2.9362182730142337 -4.147992162943204 -3.982142203027599 -3.9416125880431157 -3.9427457539022193 -3.9904682911546523 -3.965009638717782 -4.029387000914546 -3.9621184844916786 -3.888486834300957 -3.8967974799290173 -3.9536451048556414 -3.883772456869061 -3.9026220506415625 -3.8830913375636262 -3.8905650552353457 -3.918651540969943 -3.9428600882776244 -3.8822921054146073 -3.906472087781532 -3.9295042572549157 -3.9435922318754297 -3.8786087550413204 -3.8841746152953918 -3.902322416896417 -3.889372139990893 -3.879438308729939 -3.906373775764884 -3.9109699216091456 -3.8773159459054196 -3.9028466901699796 -3.8781628063230547 -3.9135302167777324 -3.881593598106403 -3.8759176627139382 -3.871322197994112 -3.8829494218251286 -3.8688801400762998 -3.8685273949134245 -3.868502239017659 -3.868466503235931
41
 -2.9362182730142337 -4.15489417925866 -3.9795898819240434 -3.964239516854959 -3.9169888304380573 -4.00066400227034 -3.951259676391752 -3.966699744960533 -3.9456620547127033 -3.890555212868081 -3.8962680495617836 -3.9560434317239896 -3.8809180631786067 -3.925900621800174 -3.8903482356070866 -3.8847375831458018 -3.9323635275834685 -3.929085583050242 -3.8839507904938047 -3.897202562148192 -3.9220999474116143 -3.9311193842998393 -3.885954150231182 -3.8850606962187704 -3.907844553296537 -3.8854763185288457 -3.878569344085595 -3.901743237941829 -3.9165632406388062 -3.87755380660578 -3.9101578248824764 -3.8784128216062466 -3.909331494415801 -3.8831182893075735 -3.877660276791233 -3.871353746182689 -3.8848919822822334 -3.868903903850118 -3.8684984822331208 -3.8686414306813384 -3.8684509042463504
41
 -2.9362182730142337 -4.80887984374035 -3.9331108415269536 -3.947139850273119 -3.9254742529351505 -3.959846825425046 -3.9223508062765653 -3.983031680005402 -3.9347760872521285 -3.8889658931452744 -3.909749848224866 -3.968771901119315 -3.8825173547495906 -3.937486827705329 -3.882114081815412 -3.887502092861292 -3.9337713579187126 -3.9498913042084594 -3.881122592394816 -3.905226905424278 -3.9281258337983305 -3.9350664357605547 -3.884942974089082 -3.884356617245575 -3.9147622809306863 -3.8875819774851355 -3.878101835568819 -3.9061016923945533 -3.914620785232489 -3.8774960859996352 -3.9088575510618218 -3.8779712611469743 -3.905935860769547 -3.885650321294054 -3.8780840930203295 -3.871592479111878 -3.8845497858838853 -3.8687293574114556 -3.8686468294757765 -3.8685591401820756 -3.8685854047633748
ADAPTDoubling
10
41
 -2.9362182730142337 -4.254194261832081 -3.958264227588646 -3.9098940660151684 -3.9572138774461143 -4.082698425384282 -3.890513877250731 -3.9200076592655346 -3.926664934432642 -3.9971906521128195 -3.9346196819227193 -4.007076944631067 -3.881345866284537 -3.8837337055083667 -3.888356086376511 -3.9078941802764335 -3.877025664754344 -3.8775793748053813 -3.9390135313393912 -3.8784649013918076 -3.87682085221272 -3.8741115341132177 -3.8806341428942743 -3.8891344128335694 -3.879393823911094 -3.8721509989703162 -3.8924265434780994 -3.879893731684587 -3.9128915080878364 -3.884186256964002 -3.8750788728083587 -3.8710240971472705 -3.8835298314320887 -3.871457865822817 -3.8800338416681375 -3.873559841219661 -3.8707790775556763 -3.8742372656794695 -3.8727641686932346 -3.87946628327894 -3.8744339712891054
41
 -2.9362182730142337 -4.00991212285622 -3.950122448481084 -3.922393415781014 -3.9169420881631005 -3.9581157293899665 -3.901359224961375 -3.9223180627686447 -3.9125964849082897 -3.919406917309913 -3.9198580875029547 -3.8898848939530715 -3.88745824167137 -3.9026966132606336 -3.874500246333789 -3.9128377968362686 -3.8868527395554295 -3.8806067947647267 -3.87928871551287 -3.900981620398595 -3.873496619095688 -3.8742789887253624 -3.873759495770098 -3.8740877180131568 -3.878972520076731 -3.8770197826546577 -3.871703565594438 -3.874036329469079 -3.887952020790439 -3.8877294417607797 -3.875119725293244 -3.9063537454276895 -3.871618320376948 -3.8811165585147673 -3.8739717745922344 -3.9116310926404005 -3.8736221633630943 -3.8784084474121516 -3.873622965475647 -3.871875917787112 -3.8708738143623678
41
 -2.9362182730142337 -4.018506899556329 -3.923539809442554 -3.922570615368599 -4.281346256707696 -3.9408558329933334 -3.938282403998513 -4.029766988541766 -3.9242893382253654 -3.9356361192034712 -3.9372084606294013 -3.8821183536597226 -3.879741861523097 -3.8917406518463746 -3.8848106131023696 -3.8865220142718115 -3.8762404467939175 -3.8990443018721868 -3.877989207616375 -3.8775849000140648 -3.889697564155276 -3.8747621794950464 -3.877511134489777 -3.9331949162834774 -3.889261606563483 -3.8743516784319136 -3.875204521202059 -3.8740708391328122 -3.872190164824446 -3.883234393056455 -3.876542470649466 -3.87990962714836 -3.8700589350865133 -3.933122418265305 -3.876059539796964 -3.8761479060616577 -3.8701785357756036 -3.875494832342889 -3.892761976137245 -3.8842096681807567 -3.873769012640044
41
 -2.9362182730142337 -4.172781683230697 -3.918068802412067 -4.1270450528876985 -3.9468559728615187 -3.9081348964467137 -3.9108567472344187 -4.0594275665842545 -3.889246297505101 -3.8940795780925237 -3.9386192852960837 -3.8799755454317024 -3.898969491238754 -3.8859527677156427 -3.889903037676135 -3.8786001344324195 -3.88099148668056 -3.9127483622721293 -3.8742598314752663 -3.87759065190823 -3.907059165769159 -3.889454829289289 -3.8821186692368705 -3.8788386266705626 -3.9102814365823177 -3.885402987189331 -3.872485848981882 -3.896233048628599 -3.8862308386135833 -3.8726583249075603 -3.9526463532612146 -3.8763572334483394 -3.886260927406793 -3.873919897077467 -3.872110929945204 -3.8920423423703094 -3.8734315627883276 -3.877607766904837 -3.873862133677247 -3.8899617308387535 -3.872069212731753
41
 -2.9362182730142337 -4.068531043853514 -3.945250211384066 -3.9149022324614724 -3.9886403853202923 -4.463314116447507 -3.9036518992572016 -3.883452710452824 -3.9299543295058017 -4.066434930882701 -3.9541204660350937 -3.9277560768742568 -3.8913447835250095 -3.876008158834384 -3.9163860086092765 -3.9534428696751833 -3.8834016621262872 -3.8817494200600744 -3.8818978207484407 -3.8790530703212918 -3.874086282899939 -3.8756414444381395 -3.878115987407229 -3.891110895624368 -3.889253752438389 -3.9417515742479394 -3.88055880346909 -3.8791053119331522 -3.8747975534025874 -3.88279179511783 -3.8807407091870285 -3.873246526708882 -3.876381594692708 -3.87662726607716 -3.8760338748868866 -3.8774371616325687 -3.8755177779448013 -3.875170171898775 -3.874983698088594 -3.8997390616631806 -3.8825751162189985
41
 -2.9362182730142337 -4.06722628934755 -4.101439335272321 -3.916867308459136 -3.930230875556505 -3.9163738278500886 -3.9764570463145965 -3.9405781145454717 -3.896144495144036 -3.887370752929881 -3.9399505221069324 -3.9378535695837447 -3.9014623904076142 -3.8867140263833178 -3.8791315030266924 -3.8763899575327065 -3.8936814257425474 -3.936443497080557 -3.911003455313933 -3.8796813828665746 -3.88360211828017 -3.87548583868754 -3.883148038791424 -3.875656605158097 -3.883918881386924 -3.898320830682151 -3.8881864917507585 -3.874857610434782 -3.881112874436216 -3.8777066127848294 -3.8726693690348286 -3.8833024765793467 -3.8820679865168306 -3.871241314240541 -3.8743628060438007 -3.8714113067261278 -3.8757794723719545 -3.8712201780314293 -3.8803204844295927 -3.899540932036623 -3.8722079841879866
41
 -2.9362182730142337 -4.105942285087708 -3.9562806290803985 -4.012967644380511 -3.901402051593698 -3.9453009533254733 -3.9208697926330003 -3.917028259629136 -3.8926402358988814 -3.933914124833338 -3.8832633760957496 -3.9452748418578856 -3.878426630154507 -3.89000716056223 -3.8869924898676738 -3.875851358485434 -3.889115860704562 -3.8874593070036876 -3.879999836578565 -3.8904683468200245 -3.888065932157171 -3.880227128805344 -3.8804402324518215 -3.8908722111251377 -3.8812611710129254 -3.88372653748513 -3.875946756581186 -3.903965874507492 -3.9172692318405566 -3.8716894462376596 -3.870135433445394 -3.8839647772529844 -3.8735069432748097 -3.8704508947794007 -3.88461356061572 -3.873331588476237 -3.8749927642375903 -3.8708489078026593 -3.8878379845030966 -3.8719277158140595 -3.8725919379099
41
 -2.9362182730142337 -4.582087922123671 -3.9158079543038804 -3.944968798989478 -3.8962061139079083 -3.90041855919976 -3.897196989677445 -3.8924671303027845 -3.886373664773363 -3.9452270856884524 -3.9159948372121005 -4.010274009280841 -3.8887135700154487 -3.94198596804441 -3.881534008514676 -3.8738197118364814 -3.8797430731842515 -3.923071009168822 -3.882390342989763 -3.911236174377725 -3.899396601849291 -3.896988097959482 -3.8765613684981037 -3.882257366309605 -3.874678122940789 -3.874358280496911 -3.8770002413497533 -3.87508731375141 -3.884091520760064 -3.888122497971725 -3.882598722584991 -3.8972945597984032 -3.876227094371189 -3.8770517374002242 -3.883678099441186 -3.875807056694368 -3.8745671554336747 -3.885420189209203 -3.8761601217344475 -3.87114510922508 -3.8721079441674053
41
 -2.9362182730142337 -4.012177571181833 -3.9578866327370594 -3.9656826458356664 -4.0279459886899724 -4.09627766362164 -3.901585914864973 -3.889853547219571 -3.9251214299538533 -3.9082594432480713 -3.8856307818650793 -3.880870567042782 -3.890009359894362 -3.880099675779623 -3.9061255134216926 -3.8999520652864716 -3.8937481105968788 -3.8772299649604602 -3.8755013693360794 -3.9058906099739077 -3.898018858111178 -3.8805474733625336 -3.9254253505400785 -3.8920227624509565 -3.887428232742831 -3.9386433412736985 -3.9614598243753982 -3.8732009079427807 -3.8757554066492053 -3.875753907056839 -3.8740893604139233 -3.884839897752693 -3.875538910532658 -3.8729671758188933 -3.873960478393199 -3.900608361177732 -3.8723752954237183 -3.8732896437753523 -3.874833366203351 -3.8752556773499856 -3.8707419345887426
41
 -2.9362182730142337 -4.086678082372927 -3.9109399122401425 -3.9233358196734085 -4.045987347430519 -3.939484817934327 -3.881660039342361 -3.917092614839988 -3.888413314086124 -4.234852464999393 -3.8910550915160624 -3.907782401469651 -3.978348896241129 -3.9113336083584733 -4.0750470724681565 -3.8793935724109194 -3.886936583704165 -3.945672863901556 -3.8869839820906504 -4.121968413630575 -3.881185323231452 -3.878613519786026 -3.921533969567702 -3.8828679038803506 -3.8742451095681094 -3.8789946439317804 -3.896742490467846 -3.8772831498858427 -3.8814714675068256 -3.8963544204602387 -3.873093256355238 -3.872628163800228 -3.872599849390348 -3.8704797055101947 -3.871941474915207 -3.8792027559119284 -3.873582302406186 -3.8747049557059543 -3.873294631861282 -3.889441499458613 -3.8776813499919975
MainSSVRG
10
41
 -2.9362182730142337 -2.9362182730142337 -6.139186506244048 -6.641612460856937 -5.476726524060842 -5.026086391489681 -4.773021635402796 -4.595030262363634 -4.472060187806799 -4.385478010518481 -4.305531915215155 -4.268060243771707 -4.268060243771707 -4.268060243771707 -4.243927547325595 -4.190943570616684 -4.150200734862288 -4.140942568541757 -4.140942568541757 -4.140942568541757 -4.140942568541757 -4.140942568541757 -4.140942568541757 -4.140942568541757 -4.140942568541757 -4.140942568541757 -4.127425788287981 -4.0952702611971175 -4.068639509744867 -4.0462127633643865 -4.026870082812409 -4.010370725766203 -3.996143679987669 -3.983669072010675 -3.972933552413837 -3.963322480915099 -3.955115401800802 -3.9475018205847907 -3.941008042283784 -3.9364157091696663 -3.930020537829439
41
 -2.9362182730142337 -2.9362182730142337 -6.038527293052698 -6.692049410230224 -5.513954441311395 -5.019186056546524 -4.764993050985521 -4.6138182794313005 -4.473387674150531 -4.387460685211387 -4.302288604397665 -4.237927791560725 -4.188502517365682 -4.144167851997345 -4.113693119386239 -4.083412552541999 -4.064305361055025 -4.056480035321459 -4.031318125477821 -4.018285114845174 -4.002282470197663 -3.9929552454145045 -3.9854162573124396 -3.9766494298821686 -3.967491721399888 -3.9740549778809413 -3.970108912143231 -3.950122138984096 -3.9535372696554787 -3.9359681565968145 -3.9352712192880297 -3.931697373963821 -3.953829247571454 -3.927039225704808 -3.927539678222701 -3.927590262336756 -3.925257394389153 -3.929873736537449 -3.9250234483455855 -3.9215467299587035 -3.9207809523754387
41
 -2.9362182730142337 -2.9362182730142337 -5.930591569600045 -6.887358274410758 -5.595794894956682 -5.101565965677475 -4.82816077209275 -4.635395535417552 -4.523879693380009 -4.413168732825155 -4.336773138120877 -4.265864713106218 -4.221695533958398 -4.17245586664375 -4.139788783568993 -4.11720885961296 -4.119049763724672 -4.061093637416722 -4.044579696107016 -4.058443776280015 -4.021044445063253 -4.004714641577091 -4.006958667683997 -4.006958667683997 -4.006958667683997 -3.984902729283306 -3.9687394206674127 -3.9574031102032574 -3.9484406281570466 -3.9412312500868825 -3.935032785181767 -3.92925050094858 -3.9243390269809755 -3.9203731151720094 -3.9165021080270477 -3.9131539251547918 -3.9103897741638987 -3.9076180092431803 -3.905499259711496 -3.9032483183854474 -3.901191297129959
41
 -2.9362182730142337 -2.9362182730142337 -6.031113991082293 -6.842199489535933 -5.5212821616562735 -5.065315590570347 -4.81005592541455 -4.615583630015915 -4.4871856873887594 -4.391680446773711 -4.313970822208049 -4.252484962643693 -4.202629242136504 -4.16096568440054 -4.126020892540322 -4.099337549193834 -4.099043038692158 -4.0604624623905075 -4.037804881147778 -4.022258197218918 -4.013938989205323 -3.9947415336802443 -3.9948225580103354 -3.986983550445804 -3.9762300902389875 -3.9815606018883 -3.9572254819738073 -3.9598861750817926 -3.9598861750817926 -3.9598861750817926 -3.9482802676709823 -3.9380164865073333 -3.9317350239650732 -3.9266979942558713 -3.9225699740583133 -3.9188857133255435 -3.9155533124604496 -3.912500734556192 -3.910120519208277 -3.90752895690928 -3.9050835503310966
41
 -2.9362182730142337 -2.9362182730142337 -6.061365667594725 -6.832036736683788 -5.594816221916449 -5.113816736454364 -4.823550649321123 -4.665249348595609 -4.540636133465943 -4.4313505111897715 -4.346138177845264 -4.284559080513834 -4.225394771409788 -4.188970175484458 -4.153164427006238 -4.118404926489031 -4.106961963054736 -4.067130496558716 -4.051319144400101 -4.034615286247304 -4.020205441613843 -4.00680653659033 -4.001759657562133 -3.9993103947488837 -3.978454187930498 -3.9698041172343865 -3.9706642807170494 -3.966461602673769 -3.964385959226079 -3.9638546079998127 -3.9596226915741295 -3.9617097346668784 -3.9409877586692943 -3.9396923653236016 -3.9360544139171685 -3.9323974152119936 -3.9330094589132893 -3.9262190029436184 -3.9310827876067203 -3.9236804951529147 -3.9195877618254396
41
 -2.9362182730142337 -2.9362182730142337 -6.131349653205451 -6.621425332511583 -5.468063967145895 -5.022490024643089 -4.787146295691418 -4.604975652405602 -4.484371509066928 -4.390148117127382 -4.308359516158972 -4.256538516298653 -4.206734087624518 -4.163737654451568 -4.144649155186564 -4.0980286099005925 -4.082056203761146 -4.058196103205563 -4.078332048071931 -4.02729774429038 -4.004933866701104 -3.9949069315016152 -4.004226711082373 -3.9913225336140226 -3.980334476463133 -3.980334476463133 -3.980334476463133 -3.966104087671111 -3.9530518110269943 -3.9448069637228835 -3.9381501898722746 -3.9324409691632534 -3.927929663308293 -3.923362350993048 -3.91998363593183 -3.9168934151616828 -3.9133983106190198 -3.910771085194635 -3.9082555514044373 -3.9063335168244704 -3.904234146206471
41
 -2.9362182730142337 -2.9362182730142337 -6.164083705997926 -6.711751346233165 -5.523360254142706 -5.092836667904203 -4.80804625941481 -4.642491112512624 -4.535997117788794 -4.408389345934174 -4.331296236014054 -4.277785186184265 -4.2354160536586045 -4.2354160536586045 -4.2354160536586045 -4.220342778014817 -4.173004171239414 -4.136030210381785 -4.105372467452204 -4.079406689811721 -4.057235803351571 -4.038289531671038 -4.022477964995421 -4.008013234263245 -3.9958581828266007 -3.984921474170247 -3.9752057592606356 -3.96663981534322 -3.9588066628903853 -3.9520863339386554 -3.94616685529037 -3.9405952731895173 -3.9359708379563694 -3.9318450121803057 -3.9279426260853203 -3.9241572501203947 -3.921695992798144 -3.9181856106064 -3.9156730894471776 -3.913078067605659 -3.910453050195209
41
 -2.9362182730142337 -2.9362182730142337 -6.116223332300103 -6.791593055923852 -5.5567258383047875 -5.092059602276235 -4.869443040869352 -4.671934796983838 -4.515566463593256 -4.43832333785826 -4.350690501689939 -4.281916194071456 -4.225238432788128 -4.186635739496444 -4.165246299209061 -4.162528621577244 -4.162528621577244 -4.162528621577244 -4.1164762747206725 -4.081325893159985 -4.054778702883137 -4.033163738255422 -4.015146875603599 -3.999674521863777 -3.9864608060049185 -3.974858366548765 -3.9649009082904634 -3.9559499309580537 -3.9482750108964972 -3.941563312527881 -3.9354287487445068 -3.9300219773568488 -3.9255140564427484 -3.9210879054243324 -3.9171861884350863 -3.914279508799049 -3.911205806251495 -3.9083722326204775 -3.9057393424168945 -3.9031860775382134 -3.9011755482075565
41
 -2.9362182730142337 -2.9362182730142337 -5.97356066524117 -6.972963893930393 -5.6096322522273 -5.139597993446708 -4.86775954947586 -4.690396217887498 -4.539779640628249 -4.448018640966794 -4.357617055797165 -4.305539902956168 -4.247799190885016 -4.198524358559861 -4.1617659730491185 -4.127113121630269 -4.116211798627221 -4.084543058059508 -4.064165138027953 -4.066159296529306 -4.028765065572473 -4.0186317773444555 -4.01083796159464 -4.020311931840867 -3.987763585922836 -3.9803844490909084 -3.9733173626019567 -3.977384867271758 -3.9618757563827285 -3.951554779899848 -3.947152377317784 -3.9480064528942247 -3.949457223091125 -3.9422482296632135 -3.9431921363520948 -3.949579692680621 -3.9340283481801657 -3.9444909889554265 -3.930627752863152 -3.9339147676197337 -3.931768007109341
41
 -2.9362182730142337 -2.9362182730142337 -6.10373396336441 -6.720502639722176 -5.537659928430778 -5.138243630292048 -4.8255731703592515 -4.6340646872686575 -4.507361928229073 -4.417155084059289 -4.331781630312092 -4.2688959402753595 -4.214899290719538 -4.173308360784545 -4.149538667909683 -4.1141644229770575 -4.092312809521084 -4.070598652077607 -4.061661719912519 -4.035936681618521 -4.024034953157353 -4.031299689664001 -4.0002452362314065 -3.990169019915115 -3.984959911762424 -3.9800596667255155 -3.9758276196103086 -3.9645120728892356 -3.9735259531127873 -3.9627356004960648 -3.9627356004960648 -3.9627356004960648 -3.9612316378277397 -3.9464105373327216 -3.9390951369382425 -3.9336934401027848 -3.9288631493154327 -3.924531425406737 -3.9216969623269713 -3.91826035295259 -3.914976180845749
SGD:0.05
10
41
 -2.9362182730142337 -4.611565145312675 -3.9544982369314545 -4.67978405381675 -4.334522453277705 -4.000430923176357 -4.448390395083098 -3.9250198637635285 -4.227721773266999 -4.269762830838479 -4.120876438048839 -3.9788021030768266 -3.8934635106939712 -4.06120749065651 -4.063103972838932 -5.350932805122627 -3.9208357297067584 -4.010077659773262 -3.9796542627887335 -6.3021855649009915 -4.04538426601022 -3.9313619099724963 -3.9861925709003296 -3.9192754318414313 -4.043213237302798 -4.655972054144288 -4.2603310883862395 -3.9442536291865555 -3.988648285237787 -4.629558324698477 -4.135843961267836 -4.14548949946705 -5.067747133106258 -3.9438656718251255 -5.879864265455885 -5.061324856422753 -3.992077966896078 -3.9648039282598604 -4.030676169650886 -4.805231110177279 -4.11460822318083
41
 -2.9362182730142337 -4.156352244159135 -4.201702842089511 -3.965552676581857 -4.166999821132069 -4.837544326900512 -3.9401923725837693 -3.986235522725133 -3.9456708231248645 -3.9919073053555794 -4.024118644440618 -3.918572556309866 -3.945433051522598 -4.658856950786341 -4.120732280260473 -4.032238781341945 -3.971213717090134 -5.0916638902487295 -4.60078929203178 -3.9843048700565165 -3.971549046150707 -5.464086849810061 -4.0795105214236465 -4.022431744612419 -4.1992406498403225 -3.964498031906327 -4.075599346809537 -4.029338744549567 -4.0814504195700865 -4.120134087735879 -3.9533468692587097 -3.9177936750119344 -4.003678288138656 -5.243077073745927 -4.089833616533409 -4.490498321808612 -3.926951010640541 -4.314784002881617 -4.2202938507454215 -3.9626004744721914 -4.015828576300238
41
 -2.9362182730142337 -4.269940124626149 -5.7989284451166165 -4.003369825607668 -3.981339048741059 -3.947645197366614 -4.086449285788656 -3.9759817422840436 -3.910677981208397 -3.9821812064856106 -3.949459727027038 -3.9481058855776583 -3.9586001876037535 -4.314950144573368 -4.033774955605116 -3.954605255519534 -4.1344127086851685 -3.9312923471703596 -5.044525187225826 -4.018442816268435 -4.084295327514115 -3.948612254483407 -3.9180843639757303 -4.095348294770631 -3.917828391695654 -3.994561597003354 -3.948833816318841 -3.9622639108115294 -3.9334876252168316 -4.084610611546324 -4.224303368054299 -4.156861391547879 -3.902085850278765 -4.469090567467667 -3.938606131784704 -3.972839657939666 -4.057745350151787 -4.121487164485095 -3.924136260323024 -4.042911965742153 -4.066386834075257
41
 -2.9362182730142337 -4.14806021221589 -4.105661067712152 -3.989660143478098 -4.033308565762548 -4.060318175132567 -5.887815704102201 -4.2276541371390755 -3.953594197841626 -3.9479889640920973 -4.01506617600063 -3.928374320915716 -4.288004550044421 -4.1031389520173684 -3.9825118704449682 -3.976808066210444 -3.915343982898124 -3.909393055704895 -4.023146238257105 -4.0973091391226815 -4.077283564759373 -5.136318752748516 -4.007329009803615 -4.227524808604693 -3.9570837555086213 -4.076317290938952 -3.9657860720643034 -4.16698559569698 -4.760180315079906 -4.017518941416279 -4.216769413434942 -3.9241031965005733 -3.8985627191345644 -3.920675754863295 -4.013715565420545 -4.010567429857467 -3.925804537314967 -4.042019703513946 -4.6005187290405205 -3.9379190819703065 -3.966978057027195
41
 -2.9362182730142337 -4.319818812280447 -3.9643385787313083 -3.9529854862495015 -3.9474234186295503 -4.195707921736138 -3.9648270723954684 -4.63181750597872 -4.042155046414836 -4.646653849008317 -3.9180316103452957 -4.701057252931126 -4.230312039390506 -3.9603125152288157 -4.039833373081651 -4.324529030797962 -3.9485781047675346 -3.9612426345482072 -4.162455337165347 -4.226489436238123 -3.9328765793502103 -4.225887334599261 -4.684244007627245 -4.156950185533724 -4.168713959705822 -3.9055055640525063 -3.918652428019518 -4.0959683476861235 -4.367140379741324 -4.04445374373298 -3.94761505554556 -3.9118293033202978 -3.9799917992397083 -4.103837034538064 -3.959045374651923 -4.327003694410925 -4.088434751630271 -4.430776085711066 -4.1501342093939835 -3.974718733870278 -3.9906004258528016
41
 -2.9362182730142337 -4.74017855486388 -4.088942815866081 -3.9838533187347664 -4.001663033980338 -3.9763942224802156 -4.020553780528314 -4.3312226065783745 -4.343110786014545 -3.9299055614794476 -3.9481442163937825 -3.9397189052790695 -4.284085716682519 -3.9351561899512104 -3.987409273003927 -4.010712797849761 -4.333079277482626 -3.959984377784979 -3.979978152033502 -3.9059795761227902 -4.019887526912109 -4.149614395427248 -3.961520983794114 -4.156020867706154 -6.225340657969771 -4.518690340264698 -4.010735638272085 -3.9409010782066534 -4.083810125441589 -4.330965447277657 -3.913220364380531 -4.030551414687932 -4.008852722400517 -3.9262693265840536 -3.9791268435107874 -3.9082599563232274 -4.616102195726561 -3.9724564176909465 -4.0598333008445895 -4.103685868116482 -4.017102995651738
41
 -2.9362182730142337 -4.4715085935464 -4.144785927943273 -4.2192302791499925 -3.942925732315164 -4.326992285449123 -7.232943742787826 -3.9924384480463724 -4.154739078349442 -4.383884843931769 -3.948948560577846 -4.01554760424326 -4.146852335448832 -4.01791654880724 -4.482894997267365 -4.339091424289432 -3.9685851729585893 -3.989504488933453 -4.196217391014632 -4.256122172549941 -4.220679166224674 -4.30605292722272 -3.9289117715226394 -3.9312524924751275 -3.9856582484205574 -3.9546734615568093 -3.903167645642774 -3.9774575930465668 -4.465243414198027 -4.125771115986583 -3.9424505097625007 -4.144904472944353 -4.184504002361036 -3.9260043139862297 -4.293298986169701 -4.071400085345071 -3.9675902146147055 -3.9806221980430765 -4.054980676769899 -3.985174380062531 -4.094100433731215
41
 -2.9362182730142337 -4.497414293601381 -4.172070526659657 -4.113815481621156 -3.9744966720724144 -4.147847385127659 -3.9967300482740775 -3.941450918415963 -3.938071745156051 -4.039026144449487 -3.9316323185999758 -4.055025804136063 -4.230927585189557 -4.206118181746549 -4.055482311229462 -4.0291813077858185 -3.925351081566167 -3.970366974180471 -4.464180258941592 -4.7101941385427155 -3.985577569823353 -4.122049361479204 -4.286680022717038 -4.020897068183211 -3.943565629465732 -4.010579838643729 -3.9124569782629894 -4.062908522753853 -4.471093665433201 -3.9669536829000203 -3.8994511780296994 -4.190309179681441 -4.29001060685531 -4.124845164497074 -3.982079777499586 -3.9751737663600397 -4.002840708033531 -4.053125931273869 -3.9415971379461094 -3.9171281497394417 -4.046319170946817
41
 -2.9362182730142337 -4.276174797647061 -4.194871105643331 -4.331997904791308 -4.039042232883754 -4.13745063726651 -3.9599131182317824 -3.990697604455425 -3.990121272844276 -3.9436001044307236 -4.57357881279959 -3.958442017422917 -3.9521160559391673 -3.953602973832723 -4.493048523915925 -3.9354811431647256 -3.994378437126347 -3.9249390653744824 -4.0435434312869765 -4.088625016520493 -4.011929559688523 -3.9703624298260234 -6.5942968938446125 -3.908410099026466 -3.9398740796206964 -4.014456210576556 -4.876509695319719 -3.9563507242183373 -4.048424555064878 -3.906903022572584 -4.0769903882855605 -4.182735959018856 -4.07793902951732 -3.9595819337485794 -3.9941227313098713 -4.027907764443983 -3.94007029209392 -4.439530692888585 -3.9305663538397706 -4.0811710510907755 -4.378370395490359
41
 -2.9362182730142337 -4.364275353392476 -4.5897310928474795 -4.2235370484277786 -3.9377674025306497 -4.729672949087916 -3.969848736713488 -4.134995323939596 -4.010629815436638 -4.490890424240055 -4.058032287127594 -3.966091833283238 -3.9903761627626992 -3.958322301866489 -3.9353509652221295 -4.033604808741453 -3.908241125706965 -3.8995469043889965 -4.177305974535545 -3.942926309525401 -4.152453901862064 -4.3445158790318 -4.0113682359319345 -3.9425183224539784 -3.9814096327527757 -3.9106237155099857 -3.986567456226029 -3.9670808417670074 -5.0229482941921715 -4.045856112240895 -3.929282316146755 -4.005621476099703 -4.105576224964461 -4.028999817320339 -3.9886864213854243 -3.9157286863529124 -3.916136334186203 -3.946925068391846 -3.9282844365962255 -3.894697118935036 -4.522875320396287
SGD:0.005
10
41
 -2.9362182730142337 -7.9345412653990195 -5.687765386280253 -5.060114665728334 -4.73446966819627 -4.496600152811159 -4.358752757501045 -4.261811581328216 -4.203456297802754 -4.178524672196458 -4.13065784600607 -4.077574621184181 -4.048593217417108 -4.025945632248467 -4.0088174279278785 -4.001411743440821 -4.028020421444192 -3.9762493821144114 -3.9591286527067635 -3.944363671759471 -3.9318247185160122 -3.9448970807451835 -3.928602203421054 -3.916560146552155 -3.9313954410166314 -3.904346152695163 -3.905806438041913 -3.9573665077670346 -3.950784200826499 -3.917804738418553 -3.9177534860198366 -3.9002253635426216 -3.9210769029178922 -3.9442384441209586 -3.938774716986905 -3.9797770287623657 -3.8926581307351693 -3.8954373111530916 -3.894105771234801 -3.913178686651686 -3.8982296320380616
41
 -2.9362182730142337 -8.58354277693575 -5.688494047087517 -5.005824827231042 -4.7089311909643525 -4.48579399379634 -4.3528468533105285 -4.263959228478011 -4.19841680840214 -4.132137210216281 -4.100689148001344 -4.131461537043139 -4.034733604969327 -4.027952386986211 -4.00055820307507 -3.985219815555432 -3.967244723909666 -4.00924515691809 -3.942453366155988 -3.9427338905036255 -3.932641286368974 -3.938683780178825 -3.9479451671633448 -3.9506340353498945 -3.913751469869984 -3.914828557715476 -3.9129621424429004 -3.9019886177346637 -3.902564567011582 -3.8973854602376052 -4.127789639786386 -3.9188928200032493 -3.8972381329464714 -3.8941199697085978 -3.89017011918277 -3.8914949272106236 -3.8889488805508834 -3.893943294035335 -3.893215774568531 -3.9103297401115773 -3.9099299163123087
41
 -2.9362182730142337 -8.291948715604493 -5.774402071167596 -5.0231156841299525 -4.695950072275299 -4.494843808967379 -4.395447346143455 -4.265711675950524 -4.198924186574483 -4.1974875130710805 -4.1345747862821485 -4.067590663007109 -4.049925778491304 -4.0121060406710605 -3.997093377857263 -3.9807154058224663 -4.0004049050885655 -3.9784061977561698 -3.9450183727157917 -3.940196523364814 -3.9425710492838726 -3.941536452481165 -3.9266278762949587 -3.9157713768877263 -3.9240586044762398 -3.920461870872295 -3.930207103617041 -3.9098472210174298 -3.9006283421495613 -3.898585375227253 -3.927709844515538 -3.896519716198204 -3.9245318794816373 -3.8917385765235424 -3.8959387018501417 -3.893770618886771 -3.902172254691467 -3.9303289554458862 -3.894054500698013 -3.930562020508692 -3.9012383087751776
41
 -2.9362182730142337 -7.915415447692667 -5.654437246573271 -5.330621366798963 -4.7003385678348675 -4.506048245685743 -4.355629142352912 -4.296037184946336 -4.20848440117876 -4.147815611332754 -4.099423545912523 -4.085904912181767 -4.03591875094059 -4.020067330190484 -3.9959196470048552 -3.99952813296138 -3.9731675737125496 -3.962862096319081 -3.9446965916725354 -3.9373263831197254 -3.9330204919292444 -3.9610126441016735 -3.917554536842228 -3.9388641935201063 -3.912314604240267 -3.9175737853917574 -3.9164381029825766 -3.9082717505118607 -3.917115167874839 -3.9054741700018534 -3.9112089649352466 -3.9021008806735447 -3.9507266622869586 -3.8911524448728643 -3.8909669783328513 -3.8920505311080933 -3.8892104912283147 -3.9203831686153494 -3.888592783054649 -3.919252509567702 -3.900468966374571
41
 -2.9362182730142337 -7.898163159144244 -5.706790957458866 -5.018567295986988 -4.697984893370325 -4.5518377500933624 -4.369120350213132 -4.276921980950194 -4.192384641059004 -4.149524204853717 -4.129182372150682 -4.133548856897277 -4.032556531828888 -4.026665755331856 -4.0214962047631495 -3.97655414027829 -3.961111276082126 -3.9772010759772565 -3.942678591193017 -3.938348813799089 -3.9375440470835836 -3.9344654931736276 -3.9354671805229744 -3.914849602447596 -3.9282532759091997 -3.9102043037483885 -3.9291572139147064 -3.9021554067781765 -3.9101171912441837 -3.9089324140676935 -3.898970360542909 -3.902657120985506 -3.900065861605733 -3.8983813818899664 -3.9116712980655692 -3.9404892510337994 -3.8893708007884893 -3.9023375322133744 -3.8998253284336437 -3.9102669557752097 -3.899779342328502
41
 -2.9362182730142337 -8.927168810021541 -5.687980209418964 -5.002001064141238 -4.79200540461569 -4.493092516093222 -4.419407509510046 -4.3008639496170336 -4.1896381216615515 -4.141563659803793 -4.093826989807239 -4.067951706167283 -4.056270917351187 -4.007679548358362 -4.029413628968659 -4.040154616335993 -3.970097263192367 -3.9557145410163357 -3.955936226301517 -3.937707836564982 -3.9772984267163367 -3.9266511436595195 -3.9425501234205447 -3.923446890465291 -3.92385423433153 -3.972291009745323 -3.912129243434128 -3.905525810428638 -3.95435720406144 -3.8993816419441703 -3.9021686473640456 -3.9174735431520897 -3.8936639290209127 -3.8910235110009754 -3.8923183875375367 -3.9033124533795966 -3.88738837986525 -3.9130529178081868 -3.8862657082949528 -3.8926811791424147 -3.9260426789587823
41
 -2.9362182730142337 -8.594595862554966 -5.7650927521219755 -5.002337612640462 -4.6889725572436385 -4.490268205289515 -4.3554995821164635 -4.319405179879086 -4.308570651643784 -4.140371233560121 -4.095446183624734 -4.0602451623659706 -4.093162175201672 -4.012435190209713 -4.016952014407112 -3.982893265033498 -3.972535842950304 -3.9544462781584637 -3.9550141201540985 -3.9374673172270893 -3.9269760873028554 -3.927844399044505 -3.92948135376677 -3.984627197202947 -3.914842954357219 -4.030120043381942 -3.904612010827165 -3.9270975773622596 -3.9187876167437343 -3.8980083671883317 -3.8944742292615686 -3.983105183100436 -3.909805199650352 -3.895278501576844 -3.888072442350655 -3.886143805797122 -3.885799378531446 -3.8981474589731167 -3.9570482222714705 -3.9031277658197854 -3.960750533667409
41
 -2.9362182730142337 -8.593695780588602 -5.838855968594258 -5.010754080337406 -4.691180416054091 -4.498656917492268 -4.3629913594869345 -4.261322814043015 -4.201982127936817 -4.138279162809719 -4.1189861287535985 -4.07217133283175 -4.032436974540953 -4.019804563342687 -4.048759061738487 -4.116395819497683 -3.9677319922567844 -3.954368866099494 -4.012793469206505 -3.975716846677341 -3.933067322498386 -3.9341433516692024 -3.9252363415828997 -3.973117160557932 -3.9259577145947278 -3.9248321407918616 -3.939722355946621 -3.905552199228235 -3.903205478556381 -3.9008264861463418 -3.9331919891362466 -3.895301479671457 -3.917226938130552 -3.889221347476437 -3.9141778485580265 -3.8942538288671384 -3.910331703004335 -3.8906163033143013 -3.9277012632590105 -3.895118297192516 -3.923037479033542
41
 -2.9362182730142337 -8.861264923593707 -5.675960849894036 -5.000644835752754 -4.68397684183983 -4.498786414740289 -4.3726184116342415 -4.324206206690478 -4.23265721882804 -4.13497056484054 -4.088215543673642 -4.066482420195551 -4.033613618431935 -4.011045978185263 -4.009980801882355 -4.005080438745106 -4.010109600963893 -3.955138411789341 -3.9555332802222907 -3.946245818561683 -3.9369330044963373 -3.9250955250165362 -3.9303321372405384 -3.9127966517798334 -3.9238601980359222 -3.9068372123505797 -3.9030670778215586 -3.9060371786247035 -3.9417548694749858 -3.908464890087305 -3.9179440641565217 -3.943112383868527 -3.899201945111323 -3.988582215596072 -3.889440514474972 -3.957066944389803 -3.9022060462144226 -3.932660552176916 -3.8888203591461536 -3.890510292562848 -3.8872190921015175
41
 -2.9362182730142337 -8.245694367571831 -5.683485361467606 -5.005100174429989 -4.66994468876754 -4.489198572746093 -4.373796216436511 -4.273218772730792 -4.198534251435748 -4.153251065476795 -4.101638922642149 -4.0783716690437215 -4.116300652259154 -4.0158144378185225 -4.00530107083563 -3.9778414905193875 -3.981634291820847 -3.954627016626036 -3.9449902040099722 -3.9471500013117753 -3.934187625535424 -3.9305400507132595 -3.922077439045139 -3.957130796377034 -3.938920203746412 -3.912749444512498 -3.9685794239203194 -3.912744604624075 -3.9328366561081283 -3.9065795864091815 -3.9281455668162635 -3.895785652638094 -3.8929925531436904 -3.8910994444916964 -3.888824728352085 -3.897211396153158 -3.89120061615161 -3.890379002147402 -3.8891815930948654 -3.8929727145525663 -3.9152336487320416
StreamingSVRG
10
41
 -2.9362182730142337 -2.9362182730142337 -6.091970792032939 -6.771578403548077 -5.656390560733006 -5.089850473242138 -4.788981114087295 -4.616485207809724 -4.470213119584113 -4.370439163052221 -4.292132779447239 -4.251703188258539 -4.186011531418776 -4.160728209187208 -4.1158961989820355 -4.133229184922996 -4.066272944287971 -4.036161492029932 -4.017458911103207 -4.009411530496244 -3.989077530016645 -3.9800395049861743 -4.0079589118326915 -3.9977843199737597 -3.95471110532702 -3.9506373462237407 -3.964422753070069 -3.9356211968398243 -3.9668320932479686 -3.92465472418652 -3.9213490965493536 -3.9234597071286372 -3.965168569906021 -3.92981528045695 -3.914592499147682 -3.921077573919182 -3.905706006952131 -3.902957851098683 -3.902862956552449 -3.900016223142105 -3.897312302550762
41
 -2.9362182730142337 -2.9362182730142337 -6.057270632247271 -6.816659716624786 -5.539559595330102 -5.043444095871433 -4.792424327403394 -4.597492828404363 -4.5075278900691895 -4.377459528187224 -4.316332912611724 -4.240648902971809 -4.209511000091856 -4.145130805783337 -4.1123006944379625 -4.095484699276396 -4.058028115955924 -4.044345847064463 -4.021275822752844 -4.024527635731229 -3.9921473534664536 -3.9848756059136443 -3.989914576903949 -4.022785587619472 -3.9538090955634075 -3.954116510122866 -3.9416083976790426 -4.022203503373623 -3.9326623337888433 -3.9393642547618044 -3.9199954539852824 -3.9266851433021306 -3.919846629339615 -3.9150893144746197 -3.9113451143918687 -3.9313582043259316 -3.9112242269268975 -4.000248447121899 -3.906595204339296 -3.9227908042912083 -3.9134557082635113
41
 -2.9362182730142337 -2.9362182730142337 -6.063895772077334 -6.678995535649823 -5.490176887622513 -5.113765136261069 -4.76151953648996 -4.617042729260984 -4.466179096741815 -4.372124738419467 -4.303392871071408 -4.236806980105893 -4.220662297538146 -4.1610225427993255 -4.151584741708917 -4.094507909405558 -4.0597015633565245 -4.037401593924679 -4.050183741561728 -4.011015086073829 -4.023932975334913 -3.97777872737077 -3.971426743057791 -3.9658506166504206 -3.985888497283032 -3.9653756979506625 -3.9401693694536957 -3.963572153897516 -3.9432002547026355 -3.9275321775379415 -3.924318994201494 -3.9437027875441966 -3.918514561721009 -3.9168029844764196 -3.909776664761175 -3.926546179725351 -3.9165179691127756 -3.916935932872242 -3.903143136745282 -3.9041653433927315 -3.903387157714978
41
 -2.9362182730142337 -2.9362182730142337 -6.0215233928619485 -6.793175414994121 -5.522145396983282 -5.115519990235963 -4.767334845058161 -4.5880878469502635 -4.4753455453332665 -4.370975099567621 -4.349764754220506 -4.2339452226569145 -4.183732306473893 -4.16569031946083 -4.107635447603134 -4.081134156840092 -4.068028889700252 -4.0399973299673295 -4.024201997705798 -4.005892098699558 -3.9920150860401984 -3.978948337336325 -3.976003617850173 -3.960870352124687 -3.9524303908715046 -3.952248742666424 -3.940149365803867 -3.9382310271274297 -3.948763183283408 -3.928421902953987 -3.9347254222674706 -3.921281205130012 -3.9421865213340728 -3.9284849462387057 -3.9177010886236197 -3.9091353973871237 -3.9053831979021005 -3.9079036490969785 -3.9405723055073727 -3.9130021020990147 -3.8969321704627977
41
 -2.9362182730142337 -2.9362182730142337 -5.991223730138901 -6.718882502543165 -5.639123917823627 -5.068369717846133 -4.784532323998141 -4.627729478063355 -4.479526392403 -4.401257506460484 -4.312173695900817 -4.240927165797404 -4.228697982296822 -4.150239141459568 -4.136963774227927 -4.103647886647125 -4.064999646806056 -4.0684347004246995 -4.022130236972948 -4.004089106556077 -3.992607413545147 -3.990609267178714 -3.9703432596139434 -3.9594977337926496 -3.9541108238694105 -3.952958112628456 -3.9400986334916936 -3.959222841524356 -3.958204254619283 -3.938374193882089 -3.9231994320746284 -3.9258681280045975 -3.9149066953571556 -3.91386747925613 -3.9166860335340776 -3.959452265964009 -3.9117869264289027 -3.9013588696267187 -3.901870281040264 -3.938699924475758 -3.920113710413063
41
 -2.9362182730142337 -2.9362182730142337 -6.1305498933331055 -6.806159743421652 -5.506858178265916 -5.1041426099604355 -4.781068038097548 -4.6618673342681465 -4.474903116036427 -4.377855389032105 -4.295943898759265 -4.240473231801951 -4.2546615052698495 -4.165800783298552 -4.120689849990627 -4.094680663115254 -4.068317365632509 -4.047059566987932 -4.028379966527635 -4.020885155530422 -4.019690721722513 -3.9840894884778746 -3.9745684639125978 -3.967352879113678 -3.9562320625498915 -3.951967222317735 -3.9416288907894037 -3.9546823389862737 -3.947666996736753 -3.929643578725463 -3.9268928662305975 -3.9306809073465665 -3.923291915811246 -3.954598114399288 -3.9262972297297645 -3.917382577843978 -3.9273392954184576 -3.9276777421625524 -3.9305734298330615 -3.9325383200711035 -3.897826990410631
41
 -2.9362182730142337 -2.9362182730142337 -6.106964071794983 -6.754814839123008 -5.486417932930122 -5.047042102854857 -4.78588698841472 -4.624216051626428 -4.480142606285502 -4.376737863221494 -4.329923192742229 -4.248271862603056 -4.210854947678414 -4.153670173952478 -4.1276265110063015 -4.086613939189241 -4.0921444614821985 -4.040778438818398 -4.023932000209361 -4.016933535007535 -3.9937679460509754 -3.9937341084665166 -3.9715440822933457 -3.967255036746955 -3.9618633735647646 -3.950734077086801 -3.9440911985494673 -3.945161320744061 -3.941283679393867 -3.9344407468078253 -3.9341383955668694 -3.9392663424204466 -3.9250121741667194 -3.9135424071630824 -3.9296648938024203 -3.9222891273654428 -3.905594317172507 -3.901205640218186 -3.900158789947856 -3.90047650985335 -3.9241093843692476
41
 -2.9362182730142337 -2.9362182730142337 -5.915084996331133 -6.697562757433623 -5.530324753768648 -5.104451542416773 -4.793382285271734 -4.62420966955767 -4.466247609755732 -4.372957385780057 -4.297552489270751 -4.23729558430788 -4.204037138578678 -4.143007000303797 -4.118335991169939 -4.081902377294587 -4.07605081494405 -4.036522631696325 -4.020963411035277 -4.005322816708174 -3.996113357779464 -4.002857403922638 -3.987361234448809 -3.9676038098801256 -3.965834031814748 -3.94420118655778 -3.9399589110202395 -3.933871823652736 -3.936930191626694 -3.9329219838559797 -3.9457976786867364 -3.919090041004285 -3.9291936496733126 -3.920564283717994 -3.9175462174539533 -3.910249521680906 -3.9034671726587855 -3.921092678763256 -3.941458157393719 -3.9039163342481107 -3.903457337528067
41
 -2.9362182730142337 -2.9362182730142337 -6.08083300531277 -6.858335820718871 -5.536723420789757 -5.050359620636288 -4.769764602525199 -4.599580318839464 -4.4815640421609215 -4.37155255521038 -4.3102980766240195 -4.260388655942145 -4.205077277131542 -4.171138813361502 -4.158118892371731 -4.088036762806376 -4.115580943680074 -4.042436154022583 -4.036809963223799 -4.035109616807107 -3.9957207898154117 -3.982843092174937 -3.9958556919971895 -3.9677405073616483 -3.956768084313549 -3.994800073279216 -3.943544695405321 -3.9361204722366123 -3.9282716398697977 -3.9281014333392266 -3.920250523318659 -3.946843969631457 -3.9206762620244167 -3.9206762620244167 -3.9206762620244167 -3.917567540607266 -3.921853760977494 -3.9112662209724576 -3.9169805762166168 -3.9156818717709188 -3.910054252884506
41
 -2.9362182730142337 -2.9362182730142337 -6.139860319056983 -6.770186352604869 -5.529430644408402 -5.080360469501121 -4.795067604379648 -4.635950900583485 -4.515053213261448 -4.380945381968359 -4.314169726236802 -4.250518705419006 -4.272124453526363 -4.160005909977675 -4.129558918828723 -4.089388061909387 -4.099736223473453 -4.041876638034112 -4.0268921030516305 -4.009818372492831 -4.003856241693587 -3.981614310678586 -3.9776759563695347 -3.993755221086019 -3.958758146625529 -3.9554402566059177 -3.950536519948043 -3.9405759682230506 -3.93153684248367 -3.929091975065277 -3.92438784769515 -3.9382356443752684 -3.914381156801711 -3.941187473930195 -3.9059538652472003 -3.912469640654962 -3.919523690795192 -3.909975713750652 -3.897840223319065 -3.9077025492893376 -3.91549638443132
ADAPTIID
10
41
 -2.9362182730142337 -4.127157393006761 -3.9848998081290214 -3.949740021785433 -3.912178440057818 -3.927511020009094 -4.164394070440683 -3.883337231203392 -3.9512525665774767 -3.899093511593804 -3.8895254164262045 -3.8987611352626317 -3.9252494926139794 -3.90215973585854 -3.8835182795413825 -3.8814413111412382 -3.883138406768821 -3.8843688731668338 -3.8843547524731106 -3.877616737497975 -3.909815126651542 -3.875580619809067 -3.8797070717945545 -3.910763922214911 -3.876393208563632 -3.882350160064155 -3.8977813405986117 -3.875956543915375 -3.916004700998847 -3.8824217640499397 -3.875346644006096 -3.8909660082112594 -3.9053888723133943 -3.8911743199438606 -3.874549742263288 -3.8718027715669296 -3.8818013110453977 -3.878785928682621 -3.875532207033508 -3.893800777297523 -3.8782558185363825
41
 -2.9362182730142337 -4.049718030931045 -3.9348835201491106 -3.9576811767034434 -3.942887559849268 -3.956502556395051 -3.939274241282796 -3.9029756395704935 -4.019714780684898 -3.8944546713036785 -3.9083441336989506 -3.8864984603104062 -3.9168027670138135 -3.887908893511152 -3.9224850667420648 -3.8818273166067767 -3.8954155297865176 -3.875045886210696 -3.8830455796824412 -3.9132911142496813 -3.904033667178453 -3.8899011081156267 -3.882177111377396 -3.911479704727974 -3.879726798778961 -4.005431806285008 -3.8852608972571656 -3.876839431941074 -3.8953034039875654 -3.9396717108431334 -3.8897038613356614 -3.8866355833989017 -3.8746779537154428 -3.883780884880385 -3.8732529418499393 -3.8741746467212677 -3.8714413587644407 -3.8915784104348896 -3.8733293370260427 -3.9205939100077605 -3.9105165662029213
41
 -2.9362182730142337 -4.293854899188814 -3.9493048821702033 -3.92838694873091 -3.91779764619574 -3.9207252210145884 -3.9628896384183196 -3.905423311040145 -3.9318763092500886 -3.944608410433498 -3.8896029885286607 -3.89006134251875 -3.9324489791640103 -3.878804753291127 -3.9086601827504963 -3.893265971960152 -3.8774645103567993 -3.8737770100202815 -3.913965984875899 -3.8924681473781577 -3.8832728296254753 -3.8959286519391387 -3.8923246387039567 -3.898002256976471 -3.8750771682373997 -3.8807615258336603 -3.873818660978073 -3.921476117791904 -3.8868198970093824 -3.937033165155775 -3.8783037755969185 -3.9006324126496987 -3.874643224011535 -3.9034025051379175 -3.8795686344063207 -3.882067385303982 -3.873065607318547 -3.902404409618276 -3.878007542902655 -3.8791465789206576 -3.8889680100871655
41
 -2.9362182730142337 -4.051613607298198 -3.912952786999076 -3.916061575694336 -4.017766382649208 -4.125727182228659 -3.9338167351724946 -3.916991244519422 -3.8885700072216216 -3.8893124093535536 -3.8989219666405455 -3.896125127004054 -3.900774018855865 -3.9361803444140455 -3.928443613629542 -3.8880437226720272 -3.8955343502902395 -3.9289470741966324 -3.8798430054183957 -3.873581166353914 -3.8921080829812116 -3.8881662363033396 -3.936172134230068 -3.894982251621032 -3.9101204546392987 -3.874539452858575 -3.8832235659239527 -3.886956420728485 -3.8822918929709225 -3.8729467743620227 -3.8748067457675943 -3.876934798377252 -3.8710501505297588 -3.8833657239110084 -3.8779541904434223 -3.8791417389978493 -3.873844230825707 -3.8737265973267156 -3.875463267790008 -3.8825492791421863 -3.8980899010679253
41
 -2.9362182730142337 -4.0163908238992265 -3.9826706741049156 -3.984538521460543 -3.895624554267668 -4.169156046798072 -3.922680460219003 -4.028979974113245 -3.9684020649184504 -3.960667236769624 -4.04658106117935 -3.8878518080706606 -4.101392944977548 -3.886754894829189 -3.8985586534370427 -3.9551297815657205 -3.8817399453732637 -3.8831301628693082 -3.874716690067138 -3.8826882002430705 -3.8795618818291935 -3.8887931903839803 -3.8951495938414222 -3.8715878971576814 -3.8734686641686342 -3.8775516270327777 -3.885760612360359 -3.874405634377118 -3.872548550196814 -3.8747259642655307 -3.903621081366324 -3.8802843526964192 -3.881219268659335 -3.884839782845215 -3.9363938455691474 -3.8880841168347695 -3.874217302284325 -3.889022192184121 -3.872731127679492 -3.8758068885063572 -3.8801423572139733
41
 -2.9362182730142337 -4.021677168767722 -3.9024332460369107 -3.9135187901168464 -3.8956450240765936 -3.958664021644816 -3.949243189520354 -3.906714454845904 -3.953533288142445 -3.9816610131523236 -3.8851381020115 -3.8943223891785435 -4.060456860073578 -3.942281419065273 -3.8856860365924772 -3.8854971769492295 -3.905549435248732 -3.8794012095312977 -3.8953062160645384 -3.8836514104809465 -3.896627941502646 -3.902158691631862 -3.8787201775701843 -3.8802896358925465 -3.8797463563999095 -3.94544176497679 -3.8761645806456806 -3.924861656749781 -3.8852114535428584 -3.8787430842234367 -3.8764990525432417 -3.8794526102404627 -3.8739086152606923 -3.8813248318641396 -3.8764172412832325 -3.8751578265845046 -3.8949030254822294 -3.905092484528649 -3.9102716062428255 -3.878578268249417 -3.889366951631525
41
 -2.9362182730142337 -3.9843232757564273 -4.011390625693307 -3.9373408365008484 -4.277217031010426 -3.896713069069356 -3.8917430978847447 -3.946545679247908 -3.9096040413553745 -3.95869217881337 -3.879944448085326 -3.887060230654326 -3.8914374390329596 -3.8959739392636386 -3.8814341950296956 -3.880191714654773 -3.886344149206172 -3.8798555966290116 -3.872467702329212 -3.885808726564481 -3.8927638634487245 -3.8793473678464334 -3.8744001501420513 -3.8996426982166446 -3.878752747715747 -3.894625807099355 -3.918506064732223 -3.892424008377755 -3.888408009273966 -3.8732729298318542 -3.8760729196361474 -3.8845728344378077 -3.9001323792354476 -3.879788905650605 -3.876041902634988 -3.932752319512024 -3.903452494343865 -3.9075200597273914 -3.8740176810080347 -3.8835905080410678 -3.8748847927890315
41
 -2.9362182730142337 -4.029094622842351 -3.9823799283401335 -3.9570638005730014 -3.9349482115007195 -3.9128066638670917 -3.932013050687311 -3.887414557476421 -3.892373504454541 -4.084654604381417 -4.037818307433585 -3.9308446106352686 -3.8976567394399826 -3.8887774592561275 -3.9156299454990426 -3.985573164663873 -3.9245408257106376 -3.9194112183073617 -3.889938060762367 -3.879189989407222 -3.8981302521160903 -3.8958191429296334 -3.8771946156400974 -3.905730731396922 -3.8817479642215833 -3.873313232926778 -3.901759258578085 -3.875432467686001 -3.8888954474465107 -3.8776313294075164 -3.877991994912615 -3.886672189837153 -3.876893070722916 -3.874126495999323 -3.897972948432579 -3.8960988785942425 -3.873289270950437 -3.880802616126809 -3.872438195825497 -3.874396944978072 -3.9085616795160165
41
 -2.9362182730142337 -4.090840081844127 -3.974636457549254 -4.075076170128033 -3.889500527635262 -4.20712852805307 -3.897466826622059 -3.9032955543408954 -3.888014888726177 -3.8810241285050746 -3.905620486930088 -3.8815059096467683 -3.947963526479279 -3.8905410138636296 -3.8880037927737887 -3.912817959858802 -3.8782588853264923 -3.9046184709109903 -3.884246627731402 -3.921070924157922 -3.8837580235067537 -3.8929881585205934 -3.8750453471011426 -3.9051034820050385 -3.9026423179454377 -3.8797017707349464 -3.8860331733007234 -3.882212455153981 -3.908324521608016 -3.8897559843314506 -3.8764836879906204 -3.8744104714945595 -3.9153373866656667 -3.8877501722452923 -3.9529014548603514 -3.8719839444493984 -3.885962473895446 -3.877113318403909 -3.943320007701992 -3.8722119640202677 -3.882970135955457
41
 -2.9362182730142337 -4.114652133735419 -3.978692212052925 -3.9356428372160823 -3.924996865972064 -3.909762472945982 -3.9188352291336566 -3.893201296400565 -4.013665445046176 -3.9110733518295993 -3.889443040340717 -3.964342714111555 -3.8946313108997597 -3.8927980357746703 -3.8970292797279034 -3.9284625332925103 -3.942139777925922 -3.8915271922424255 -3.8939997402178985 -3.8898815580419956 -3.908375177718293 -3.8948182881745144 -3.8736440928010674 -3.8956514336646157 -3.9340619234147614 -3.880667726949881 -3.8756024795891326 -3.8839637804319955 -3.913249999771169 -3.8835702989430905 -3.8751209131624527 -3.87351389323276 -3.873549045175708 -3.8794015009489238 -3.8726019118495034 -3.8795298949010717 -3.875007160661321 -3.871704774209374 -3.871645144865219 -3.880843919745941 -3.9442781009818857
steps
10
41
 0 25000 50000 75000 100000 125000 150000 175000 200000 225000 250000 275000 300000 325000 350000 375000 400000 425000 450000 475000 500000 525000 550000 575000 600000 625000 650000 675000 700000 725000 750000 775000 800000 825000 850000 875000 900000 925000 950000 975000 1000000
41
 0 25000 50000 75000 100000 125000 150000 175000 200000 225000 250000 275000 300000 325000 350000 375000 400000 425000 450000 475000 500000 525000 550000 575000 600000 625000 650000 675000 700000 725000 750000 775000 800000 825000 850000 875000 900000 925000 950000 975000 1000000
41
 0 25000 50000 75000 100000 125000 150000 175000 200000 225000 250000 275000 300000 325000 350000 375000 400000 425000 450000 475000 500000 525000 550000 575000 600000 625000 650000 675000 700000 725000 750000 775000 800000 825000 850000 875000 900000 925000 950000 975000 1000000
41
 0 25000 50000 75000 100000 125000 150000 175000 200000 225000 250000 275000 300000 325000 350000 375000 400000 425000 450000 475000 500000 525000 550000 575000 600000 625000 650000 675000 700000 725000 750000 775000 800000 825000 850000 875000 900000 925000 950000 975000 1000000
41
 0 25000 50000 75000 100000 125000 150000 175000 200000 225000 250000 275000 300000 325000 350000 375000 400000 425000 450000 475000 500000 525000 550000 575000 600000 625000 650000 675000 700000 725000 750000 775000 800000 825000 850000 875000 900000 925000 950000 975000 1000000
41
 0 25000 50000 75000 100000 125000 150000 175000 200000 225000 250000 275000 300000 325000 350000 375000 400000 425000 450000 475000 500000 525000 550000 575000 600000 625000 650000 675000 700000 725000 750000 775000 800000 825000 850000 875000 900000 925000 950000 975000 1000000
41
 0 25000 50000 75000 100000 125000 150000 175000 200000 225000 250000 275000 300000 325000 350000 375000 400000 425000 450000 475000 500000 525000 550000 575000 600000 625000 650000 675000 700000 725000 750000 775000 800000 825000 850000 875000 900000 925000 950000 975000 1000000
41
 0 25000 50000 75000 100000 125000 150000 175000 200000 225000 250000 275000 300000 325000 350000 375000 400000 425000 450000 475000 500000 525000 550000 575000 600000 625000 650000 675000 700000 725000 750000 775000 800000 825000 850000 875000 900000 925000 950000 975000 1000000
41
 0 25000 50000 75000 100000 125000 150000 175000 200000 225000 250000 275000 300000 325000 350000 375000 400000 425000 450000 475000 500000 525000 550000 575000 600000 625000 650000 675000 700000 725000 750000 775000 800000 825000 850000 875000 900000 925000 950000 975000 1000000
41
 0 25000 50000 75000 100000 125000 150000 175000 200000 225000 250000 275000 300000 325000 350000 375000 400000 425000 450000 475000 500000 525000 550000 575000 600000 625000 650000 675000 700000 725000 750000 775000 800000 825000 850000 875000 900000 925000 950000 975000 1000000
