8
SGD
10
60
 -3.018080218187434 -6.894966268814699 -7.748234750474669 -7.912180145579141 -8.218783981561012 -8.285964378967499 -8.46877949751692 -8.581698187633064 -8.408295624729925 -8.742177577799751 -8.441699097141312 -8.798176147317761 -8.895242333920962 -8.96171692459904 -8.90455309667055 -9.029110387871139 -9.0582094012531 -9.009126790238856 -9.094900663311153 -9.151409639553119 -9.194728663325083 -9.213796748257948 -9.240478223443214 -9.27079116557661 -9.216097034246374 -9.33696251624138 -9.366127093579296 -9.287174403471932 -9.407073732158587 -9.427693078736214 -9.445750670926742 -9.415310824724596 -9.46739490764565 -9.492756889373576 -9.50411121412585 -9.499191884949004 -9.53665246447718 -9.537512427223776 -9.460509627512465 -9.58149951315616 -9.590496239336188 -9.595079390346996 -9.579017694599486 -9.623958462218354 -9.629922255221588 -9.648464717280746 -9.660334363685315 -9.652738170898122 -9.603429955666076 -9.694798422723686 -9.657557773069863 -9.710154190519871 -9.707391006490976 -9.713283643305873 -9.74022651371556 -9.741585759111253 -9.72058358381686 -9.732447277612692 -9.77946371489662 -9.687070020653328
60
 -3.018080218187434 -7.190778998690601 -7.767326103755136 -8.083321563856787 -8.280641262304467 -8.524402413672506 -8.673000309167472 -8.773582357642946 -8.851373101321204 -8.874494256711031 -8.873488236594751 -9.024834730507255 -8.943611416663991 -9.119547389942905 -9.01749578557729 -9.194465889499025 -9.174630727720524 -9.291620786299156 -9.337196119595603 -9.246179841229045 -9.43915898712371 -9.429865282564396 -9.453589313202993 -9.50812185362449 -9.329478293866401 -9.553390322853643 -9.486686820882092 -9.591443261651126 -9.598964605948726 -9.631853617539152 -9.644395101085028 -9.653613234728052 -9.626995574146608 -9.704396310881702 -9.727647786118673 -9.717642713277161 -9.738680302639093 -9.677842992245179 -9.72069702018867 -9.803503628542057 -9.7394973558452 -9.80675293411724 -9.839818008933069 -9.662412946353687 -9.851443662723604 -9.884064609134702 -9.905314305880198 -9.903755946080471 -9.839560282295517 -9.924253531085908 -9.941367238878675 -9.940614437722704 -9.81990462306561 -9.967406272447136 -9.862969898290737 -9.962407595240283 -10.002757618193199 -9.915242185627653 -10.026119342558426 -9.980194779644636
60
 -3.018080218187434 -7.718173492128263 -8.149114980866566 -7.86588670592302 -8.637362770460046 -8.741202733804366 -8.698658764309359 -8.913751495032692 -8.903245502076011 -8.996873482271335 -9.15857133601427 -9.139865995389934 -9.26682958930906 -9.280478320665244 -9.22108929167793 -9.286483264866037 -9.403581822705231 -9.34831513400479 -9.457386994048901 -9.41826045662899 -9.561367276760283 -9.592841327697325 -9.599033525356065 -9.599506691661956 -9.57012031145149 -9.356362803895836 -9.695286886199519 -9.707181385373271 -9.577733470756694 -9.71886376215932 -9.763228797774687 -9.63555561279852 -9.820940643679995 -9.839653837548765 -9.831661008012961 -9.800694548149297 -9.876035398532636 -9.888854604319361 -9.833152180793874 -9.889177732501174 -9.895642825652933 -9.92221126192187 -9.909292066231796 -9.95450422924983 -9.975298793354673 -9.98368573379429 -10.000603488113645 -10.015322049504675 -9.972192220580938 -9.982495996591284 -10.031918186759983 -10.037543814802527 -10.040927768741335 -10.070603525369966 -10.090100821769832 -10.100079430280784 -10.103267175413203 -10.089142947850045 -10.133427503048 -10.138693959737765
60
 -3.018080218187434 -7.354203457821594 -7.57707686882092 -7.727476716379651 -8.23907116404245 -8.262773377479197 -8.537495854802538 -8.589593185762784 -8.620411058557444 -8.750174014718992 -8.78848026902617 -8.83975261235954 -8.774926436101962 -8.92471749554171 -8.98400247082998 -8.970596546635816 -9.065050535195796 -9.031557801331658 -8.958760316989274 -9.019178583829568 -9.188912836769466 -9.036016581324068 -9.246667826578742 -9.206115302064589 -9.277507232076603 -9.266278643739932 -9.319431185721879 -9.275441443159519 -9.372671435067412 -9.35481614501067 -9.398197449436699 -9.421227034455834 -9.437097109812974 -9.420866116310169 -9.453579518873937 -9.446799755782227 -9.497127285350368 -9.50784376391735 -9.507916545978148 -9.527416080285459 -9.540539591599593 -9.485118593318761 -9.556072376071073 -9.491672327991262 -9.569733574786815 -9.571529960575889 -9.605246205578597 -9.615630638347236 -9.598577877184995 -9.638725764932722 -9.617477760193498 -9.653217764042262 -9.673109126941318 -9.656554203066639 -9.685776828597767 -9.704856965731283 -9.714531781615777 -9.72114301694482 -9.724801900149396 -9.715448219814332
60
 -3.018080218187434 -6.853917398325455 -7.754296921626847 -8.011103318544654 -8.173523208576267 -8.071656773190425 -7.988169963103841 -8.555667118968119 -8.591787284608518 -8.692578865552255 -8.648285007361618 -8.856886142629456 -8.888626588694512 -8.875512660601784 -8.977589659186464 -8.996775272725609 -9.011844909449554 -9.066051058150624 -9.099685242656042 -9.108768261014573 -9.134376699191389 -9.168354474129949 -9.161986588475244 -9.233959691243252 -9.253985661237614 -9.283001246173878 -9.281719480477472 -9.257030952392238 -9.309381249383685 -9.290268720496199 -9.34233168954453 -9.350160168534865 -9.262878678224356 -9.410988616387387 -9.415549972674459 -9.421795849014059 -9.395200024976365 -9.446973945500003 -9.466337374108289 -9.509373619344965 -9.472363051909722 -9.531952564055947 -9.493791626645422 -9.518701096592176 -9.534561985747018 -9.570768956224711 -9.578125395694768 -9.588972547366371 -9.601177194936927 -9.60051438015231 -9.611984540617293 -9.613896693832263 -9.59916890731493 -9.492565381468003 -9.558268129802714 -9.656198287011456 -9.649235576956158 -9.662097024473738 -9.666393988605638 -9.653311720531883
60
 -3.018080218187434 -6.614214986706596 -7.8799009828584 -7.9432108111607045 -8.276450286939584 -8.345011770309588 -8.482952846185594 -8.581924997415227 -8.65721174740606 -8.708888570718857 -8.760843057890586 -8.8590035931866 -8.893688136526686 -8.591194860746075 -8.95757343761552 -8.949794013722757 -9.020230556497465 -8.944762222932296 -9.033523991741713 -9.078933132631114 -9.031650311272157 -8.913107995078889 -9.106454571739913 -9.19317779884173 -9.17361773268478 -9.04523133895483 -9.245028232933272 -9.295752906380828 -9.282950986412288 -9.315305603374247 -9.331253212168631 -9.350915459497617 -9.33286249017283 -9.335558101068383 -9.402413151266991 -9.330714085346123 -9.430666660760847 -9.431554525190132 -9.438466244003484 -9.438193405237124 -9.410744463080892 -9.458606891566161 -9.453267388299066 -9.497684737087997 -9.541306076337895 -9.512732664393349 -9.542795919051176 -9.531076374351851 -9.573889023482371 -9.584762115205937 -9.54567954579027 -9.595226691141654 -9.5877405863451 -9.596573981093256 -9.612083359469977 -9.638809870849624 -9.651603760120913 -9.658900002159278 -9.66862112042503 -9.669326924743523
60
 -3.018080218187434 -6.895835789221755 -7.5246180546170125 -7.906476603667308 -7.822122829066227 -8.288498280954633 -8.340063157166096 -8.496152775680802 -8.601148479518876 -8.674298445796309 -8.69130439536955 -8.578231019254638 -8.843125716467714 -8.860972850387498 -8.936177248168843 -8.975784753344701 -9.01992396773716 -9.026934685952398 -9.045968441206998 -9.099451966238792 -8.894523715191067 -9.18404739713129 -9.17878376048795 -9.237979999809477 -9.22106523179336 -9.27171163930596 -9.185894477473957 -9.28318854358546 -9.270342502367207 -9.324544956298052 -9.225488694021825 -9.351070841473097 -9.339448865370294 -9.405594797994393 -9.398130254880947 -9.411905790041782 -9.449909685429528 -9.467157957305611 -9.491106087066596 -9.496707369542118 -9.516732095163109 -9.412920920332898 -9.547022967697274 -9.553334474021401 -9.565630692419703 -9.482820940445704 -9.57604061315688 -9.609287171355174 -9.596930758054295 -9.578754893435836 -9.597375261297692 -9.577894143859051 -9.655820872753734 -9.659218690482776 -9.662138636040194 -9.692620974564111 -9.690344896970013 -9.709666140037859 -9.70742403419101 -9.724022072423798
60
 -3.018080218187434 -6.703441674290084 -7.5292694826194895 -8.13080582081568 -8.374487414893917 -8.553040202537408 -8.636104282246055 -8.722956009449916 -8.773522159000054 -8.522203571918343 -8.945236621632827 -9.024891033451977 -9.022901244104732 -9.037484875100295 -8.90860802223887 -9.061391574961814 -8.989450596759296 -9.255260163243445 -9.253297801976501 -9.297944906518456 -9.325282031096542 -9.360535636911248 -9.384111531702404 -9.412019830490006 -9.423088724579586 -9.267546375272046 -9.447779187223649 -9.483788245118149 -9.472993953078355 -9.540705650613946 -9.550466953440583 -9.576762801157576 -9.594392872221613 -9.54310633632907 -9.583218191550706 -9.563552420630199 -9.634906407538534 -9.599720088939607 -9.63054850946934 -9.620520719394303 -9.704702593292673 -9.724795990217684 -9.695894756139813 -9.72749233503213 -9.739692134948012 -9.75041526557897 -9.75820054897887 -9.78080225343647 -9.749131703569498 -9.80719395037169 -9.802255390239042 -9.82913949711545 -9.789287107692367 -9.824485831007431 -9.834933089404805 -9.789034577044132 -9.7945227847668 -9.883854680865694 -9.854168646255443 -9.86950191630457
60
 -3.018080218187434 -7.376251220213944 -7.744602328413732 -7.831061481460691 -7.944267725955679 -8.16300193979412 -8.342462331961098 -8.462211778053128 -8.550883029264464 -8.431395370787099 -8.551086811212391 -8.706761943307386 -8.775577145360465 -8.757635078326809 -8.869399557587538 -8.851535112919855 -8.883971877572247 -8.962707823981026 -8.95987531450747 -8.955597967774633 -9.04891868006461 -8.968570534211356 -9.093361579492177 -9.14749589325501 -9.169066363673625 -9.176724285974087 -9.187001087167959 -9.177208762504318 -9.235427203634117 -9.255805708703008 -9.246748622975478 -9.264349403501887 -9.305768978447405 -9.307676831377778 -9.295553690207763 -9.24823422940631 -9.359976202034288 -9.386727978751392 -9.37400905147369 -9.411955344685994 -9.319814927936887 -9.43256076096795 -9.454366907789415 -9.45295710998041 -9.459317489643968 -9.461427822564207 -9.499974488213219 -9.512730535586474 -9.521934122200097 -9.535938702266078 -9.54549810243787 -9.539506955892795 -9.559301036222248 -9.550253761789664 -9.570301585059672 -9.578145793405277 -9.561490001701996 -9.585732495513305 -9.594323154289583 -9.614429550268689
60
 -3.018080218187434 -7.1662324016554635 -8.00303844866015 -8.102312071310152 -8.420030425715277 -8.027833676608015 -8.746141534813699 -8.69360450760329 -8.885345251944349 -8.631947529350073 -8.954069874780503 -9.015549641189025 -9.117193349196816 -8.971639877324916 -9.207638476097214 -9.143200945652827 -9.253273493787034 -9.26505346485134 -9.323717293966123 -9.371305644935717 -9.400796979839502 -9.42498177565625 -9.452427410384782 -9.497937628958857 -9.487701518486066 -9.540989507796677 -9.497705348958823 -9.466920802344054 -9.273378179685759 -9.55252681743442 -9.62251886767419 -9.648400583709707 -9.662188170687363 -9.65813327341412 -9.692843309220072 -9.582624031167528 -9.721819238474101 -9.559119958296936 -9.738842192754351 -9.752584390979205 -9.703774412264563 -9.795350937621166 -9.767452931463723 -9.813530226616743 -9.821862113845627 -9.747345887067596 -9.654881375097045 -9.742593474133905 -9.772972297935183 -9.697458747957015 -9.901455414104417 -9.886946596664348 -9.86967605607934 -9.923340498224436 -9.904165346089336 -9.918123024242606 -9.873255193558501 -9.946995761767873 -9.961145611241554 -9.96495187502423
SAGA
10
60
 -3.018080218187434 -3.1889624598659716 -3.3497936268015795 -3.4794282560195744 -3.6029585341521524 -3.7091302304344924 -3.8229484406299927 -3.928937000768678 -4.030299571758663 -4.127624222624011 -4.2119667119323045 -4.294985194589163 -4.375824828552584 -4.4599188060705695 -4.537962796018402 -4.606356272403635 -4.678035087127736 -4.745494855765265 -4.812941270899842 -4.874105050698278 -4.941068118348871 -5.003632685720829 -5.065809528406897 -5.125618555177567 -5.185203727945645 -5.242261134916692 -5.297515885527043 -5.3550355746837806 -5.404308691912186 -5.4534677127055975 -5.5124856054292435 -5.552408729899381 -5.611626038552565 -5.662797349206325 -5.713188546237391 -5.7397941892728825 -5.814828462308455 -5.863897505268377 -5.9044159160751 -5.951625284316106 -5.99770974869578 -6.039529514329418 -6.084023042886971 -6.130261704553068 -6.171578017225582 -6.210921100642649 -6.251268727084953 -6.2877129873203925 -6.335834419588459 -6.374740475879593 -6.413588875992441 -6.454247920714551 -6.495382762400944 -6.534438219460976 -6.573028715371371 -6.611878070612922 -6.625883633474468 -6.689937681725893 -6.720509739250544 -6.760189110683815
60
 -3.018080218187434 -3.1989578285453666 -3.3462112849256673 -3.4766367119672275 -3.6012502209638257 -3.7198543384395544 -3.8214109977536808 -3.9302207560069333 -4.014008178604795 -4.115192023656484 -4.207335365729489 -4.294615391122079 -4.378335439086038 -4.458244576819062 -4.533761762033543 -4.6076338939409665 -4.677492555368498 -4.722905330715198 -4.811225793213988 -4.878486302149303 -4.936856657882872 -5.006848596227364 -5.067005369847022 -5.1261211651775245 -5.185890448785505 -5.244486033862378 -5.293137487969162 -5.353286971007476 -5.4101001542865195 -5.463086723196982 -5.5122699202443375 -5.569382226066931 -5.618182065527381 -5.667041888774715 -5.71368985740755 -5.771019972262192 -5.8200051510088375 -5.870106808829859 -5.915085573422074 -5.959652485885705 -6.001342240000624 -6.045440553938298 -6.089349173682379 -6.132561013035509 -6.178776465578624 -6.219631198301085 -6.258573022533903 -6.301981504276073 -6.342107525121022 -6.37559235047148 -6.419530174467371 -6.461344574852455 -6.498744522199018 -6.543114155527364 -6.5779351111859095 -6.619918342418533 -6.653431744433678 -6.6958451410353685 -6.733029120181602 -6.768281880270168
60
 -3.018080218187434 -3.197504020931417 -3.3561679305989904 -3.492488211767072 -3.613187821168242 -3.7288411571404305 -3.8358305863302364 -3.943623459202342 -4.037002649070749 -4.128540547297313 -4.216599839916952 -4.303924213210096 -4.390085465631301 -4.466021667700683 -4.540683878447352 -4.605805554944733 -4.685153699542348 -4.755393880093627 -4.820491193344366 -4.891494521800962 -4.9560805072959315 -5.017937078832906 -5.081465592539184 -5.13431107491776 -5.1921100100353454 -5.253508201127973 -5.308306924216048 -5.363769978814329 -5.418013581720695 -5.4675636483531385 -5.51779283639696 -5.56711872913214 -5.620592673293851 -5.667591076493369 -5.7157816411941615 -5.76794240758753 -5.813136253772823 -5.859038470389582 -5.90471738827329 -5.95059183470597 -5.995816396224126 -6.036417700637203 -6.082067793198159 -6.1299877055842975 -6.174155930048005 -6.216223610715257 -6.251133979728839 -6.286934803585455 -6.332139179806717 -6.371822009960194 -6.411231042129171 -6.4419999278296185 -6.485493252484101 -6.526309600323084 -6.564526159413087 -6.604803565925011 -6.640517322029546 -6.671532969798568 -6.692382690652322 -6.752895673641704
60
 -3.018080218187434 -3.1956178455734623 -3.349234260920186 -3.486046459588792 -3.606623628427704 -3.719692628504503 -3.828523325999865 -3.930585312596139 -4.024787482849014 -4.118312856556734 -4.210193468746875 -4.2975243341388225 -4.380525016768808 -4.456640898510625 -4.537140814847254 -4.609758426327912 -4.677949723193315 -4.747113734605276 -4.816491313980998 -4.877588674385548 -4.94010076132362 -5.00156877920389 -5.063003531340695 -5.120378807782347 -5.181292966470635 -5.238897309144004 -5.2910121261537455 -5.350163386706191 -5.4054673056438585 -5.459375770862759 -5.511610413397785 -5.564061126842295 -5.617082015694101 -5.663500494180673 -5.700513451623768 -5.763604046512032 -5.807576924364034 -5.859352435893999 -5.902214879204837 -5.947752476505899 -5.995003165585602 -6.039992827345036 -6.078277772445023 -6.1256790625968325 -6.170430692650909 -6.21279468729862 -6.256050544859715 -6.294311299114154 -6.33321143060823 -6.378020362395375 -6.417473753458246 -6.45853014837756 -6.492643077133027 -6.536763471133345 -6.581016389966845 -6.623511224358931 -6.6592484554023965 -6.698844516251291 -6.732187921976651 -6.754931015820945
60
 -3.018080218187434 -3.1983559097972347 -3.3572344925261848 -3.490527220061351 -3.6166235601706624 -3.7340944297482803 -3.8426521568317 -3.9466372765329494 -4.046262969798909 -4.134501918384287 -4.222952440144266 -4.307715510890748 -4.390481423643793 -4.459189363399887 -4.538945079681794 -4.614129348494379 -4.683682698940434 -4.7567640722289095 -4.821808035299151 -4.887960870356726 -4.954395679078098 -5.01507752928353 -5.078378887625586 -5.136664113691995 -5.191660663020817 -5.249857112500828 -5.307047243887721 -5.355917802664829 -5.418456723888732 -5.471591267144659 -5.518825515449409 -5.572362785829708 -5.625220605588874 -5.67422563803159 -5.724095742689343 -5.770100464210526 -5.8203655005696 -5.86337276028139 -5.909034613330661 -5.946089413504843 -5.995908142686015 -6.046163386356995 -6.081843074316402 -6.123800302884014 -6.1726128218336545 -6.214532509303715 -6.254389393656452 -6.2959589155361355 -6.335813746736306 -6.375854359796315 -6.414556924700564 -6.447560005773052 -6.492010845351015 -6.53102333061493 -6.571423581655356 -6.609822996868343 -6.6436988628530065 -6.680326810251154 -6.717978397262855 -6.7486976443579465
60
 -3.018080218187434 -3.192640249703544 -3.34497023835252 -3.486281119375995 -3.6124116311467707 -3.7264502202971492 -3.838437001246927 -3.947657385724459 -4.043637337297556 -4.136973959822866 -4.228152628010065 -4.310816162012304 -4.392213875388961 -4.471899467230583 -4.546465844891793 -4.619707957746741 -4.6901526035711 -4.7577054587208645 -4.823616611346809 -4.887705704451645 -4.953273617503936 -5.01568509538155 -5.0814289370371615 -5.136736216153327 -5.199584652738175 -5.254631119505892 -5.31107179135346 -5.368846125136033 -5.421772324288603 -5.472617201554674 -5.527637893609584 -5.559136502342017 -5.626097097585589 -5.6741380936655235 -5.719129663842605 -5.768367310573966 -5.811449412630474 -5.859201033342179 -5.905415323425081 -5.952732459124268 -5.998448413412805 -6.041721816078646 -6.077821095171426 -6.125863965772091 -6.174990714202093 -6.210218617822801 -6.253723341622371 -6.297243009010472 -6.337647222632064 -6.377336697589458 -6.41517796094899 -6.454559949879766 -6.491951931477409 -6.528421684383211 -6.56489869755374 -6.607128143215474 -6.647965326893298 -6.681571560169119 -6.718510445794726 -6.753191427673285
60
 -3.018080218187434 -3.1850191253545326 -3.3406629891343993 -3.480893244869153 -3.602796875754498 -3.7181796966703176 -3.8356981697942385 -3.9386750448296546 -4.0383699636715 -4.130699767892521 -4.219486314212357 -4.309198245630303 -4.391015622021959 -4.46701569002559 -4.539279259526669 -4.61706548654115 -4.688438418576263 -4.757889424630886 -4.827300248331347 -4.889195320551769 -4.952781300869024 -5.016616081874767 -5.079753571146577 -5.138647292416325 -5.197143151634632 -5.255013765425272 -5.309659442465635 -5.363175461207616 -5.414912667851918 -5.454206320097234 -5.5136656499587176 -5.5629323433898925 -5.611865848853804 -5.661412874120378 -5.709038649226131 -5.758833072613297 -5.800857920062314 -5.837492433550934 -5.890073007281689 -5.933739057410224 -5.983033132954342 -6.018131719725365 -6.073144794612335 -6.116674130108397 -6.1572634527489125 -6.201030882804779 -6.24106880184188 -6.277784744523583 -6.3130720742149675 -6.362599362616696 -6.406792816572187 -6.440162735609898 -6.4785047077513545 -6.516636801229761 -6.558934341290819 -6.596946360192119 -6.632557611204538 -6.663654038512081 -6.70802831653818 -6.743322954193691
60
 -3.018080218187434 -3.196773503625254 -3.342089521115866 -3.4754758208336796 -3.606966140651012 -3.7199638104240256 -3.8254210250588505 -3.925851070829668 -4.031107027258652 -4.1191283934327645 -4.210752833506191 -4.292336802749011 -4.376695573624957 -4.446072639027311 -4.534380906999813 -4.60624860229524 -4.677029350912068 -4.750245100504476 -4.8150498595623406 -4.881102585790452 -4.946316473278032 -5.006476673335187 -5.0695671071991155 -5.132786980521353 -5.185990225408628 -5.244435124011939 -5.300980049348458 -5.358497408763764 -5.413457837039801 -5.460212783731067 -5.514702753590276 -5.562862033402914 -5.619168576655464 -5.666673937364135 -5.714321839370702 -5.770126682023927 -5.816593402015508 -5.862868439950005 -5.908607299718356 -5.951552654942366 -5.992173742924561 -6.041561411815693 -6.07375291102331 -6.110025419970983 -6.165515612610197 -6.208597804687465 -6.253998787959328 -6.290004192951506 -6.334709071800741 -6.374292517162092 -6.415743083665632 -6.4577071542170685 -6.485082356900433 -6.518751054128658 -6.572347433003712 -6.608199143817807 -6.64281520508685 -6.66939362599995 -6.722858731220655 -6.7551452346692304
60
 -3.018080218187434 -3.1967648180260886 -3.3452761649229212 -3.476323616252801 -3.6062499863396056 -3.718912952507542 -3.8282360111102407 -3.929125460998899 -4.027870450781882 -4.124601202954621 -4.214811230860802 -4.301078848098172 -4.381830987664339 -4.459596987598899 -4.539225715640056 -4.612153548564489 -4.68289566678784 -4.754399484024183 -4.8234663007415755 -4.884248126395301 -4.952151728156789 -5.015254037044782 -5.075305715133512 -5.138733521090154 -5.197328942124536 -5.250617980146767 -5.307990656667933 -5.357985118043138 -5.411853457098718 -5.462762677236948 -5.516206398153485 -5.567398500199111 -5.616989059786704 -5.658780610483875 -5.71332694291324 -5.763837181363796 -5.810193809135055 -5.85690870878059 -5.90022358931984 -5.947744674622741 -5.996943695269444 -6.040756705342288 -6.084295823046654 -6.1155135119437904 -6.161367565815863 -6.20317460213272 -6.2480018945265705 -6.2890641389694855 -6.329725118613978 -6.368045785723014 -6.4055840060653155 -6.435589451637973 -6.483687210399059 -6.52734277097843 -6.566384082753411 -6.597020637317547 -6.63243342107319 -6.679122305202446 -6.718836395643896 -6.7474571799517555
60
 -3.018080218187434 -3.1937692120014556 -3.344559590106844 -3.4839779758299945 -3.6121323086666663 -3.7298807312864457 -3.840001240409591 -3.9419660602751594 -4.037993368223171 -4.126872758264589 -4.2152161818221545 -4.288207328780786 -4.379782895379771 -4.456955334538862 -4.528232897837526 -4.602581297570686 -4.67273251002544 -4.7448921342766885 -4.8157438020214585 -4.8828856815558295 -4.94469092716311 -5.002606555583179 -5.063210963577173 -5.12333878030701 -5.183610200254732 -5.24270131511045 -5.299180248026834 -5.3515563090163525 -5.4071680381160725 -5.459626776418175 -5.50904566476992 -5.5563879288800795 -5.60788537115374 -5.660861914922727 -5.705918787268714 -5.757276089701826 -5.804409365677201 -5.849059103638524 -5.895694691899999 -5.944640477251699 -5.983533394565289 -6.0347615035554485 -6.077313852608246 -6.123742844242097 -6.153968876047927 -6.208661331784805 -6.2400674949684465 -6.289804998411481 -6.332365284733747 -6.37360153844668 -6.412819035816724 -6.440716598855751 -6.483733775286181 -6.521723565294604 -6.562884577911591 -6.6009047243362495 -6.639149683932768 -6.666109976715995 -6.714915969344971 -6.749282557447307
ADAPTSAGA
10
60
 -3.018080218187434 -6.001688431683924 -8.146344025754125 -7.886939684172723 -9.506447380082315 -10.479947025570342 -9.409681592420185 -9.210155524085055 -11.137301566349429 -11.131455468237053 -11.468986547315732 -10.793687137516226 -11.299658875581589 -12.06617223619249 -9.517509955425949 -10.624304445979929 -12.080319591904951 -12.074418487026449 -12.525649239958865 -12.517713624936937 -12.145092299475895 -11.998098053615202 -12.266512587800426 -12.582421080455697 -11.302325337512542 -12.725515495856191 -12.985801333613171 -12.224416656429456 -12.88686056072326 -10.833491940748992 -12.282103732100376 -11.397684629937189 -12.05990625499713 -11.194782549145502 -12.229005495872261 -13.200209616858277 -10.846671317578275 -13.306638083856608 -11.702623282631746 -12.889318141208332 -13.498500179799024 -12.598210775219682 -12.817658521554623 -14.11702490950182 -13.355843294177092 -13.030534336632057 -11.708342869553329 -13.409252532155472 -13.745631451622017 -13.955931233354848 -13.81600769071965 -13.969017754421696 -11.37937905456434 -12.939923090128602 -12.889915623465816 -13.82508670965989 -12.819444538421916 -14.397547054342828 -14.408413071568397 -15.173945616108583
60
 -3.018080218187434 -6.3009190807086854 -8.200560817028846 -8.027405878897335 -9.478727822912695 -10.082930097983118 -9.313737706152548 -9.190943602857251 -11.026156269337584 -10.961886854453777 -11.405262900558244 -10.790435184073779 -11.34570724828613 -12.079841041703455 -9.538556443789142 -10.53349691617974 -12.04818323991646 -12.073322105099312 -12.62482421089276 -12.548278420916368 -12.219447355513616 -11.906383289844278 -12.35558099190433 -12.690925499742823 -11.519556352075762 -12.737788938444616 -13.030897104429709 -12.24098763150565 -12.915805163253816 -10.835002381020344 -12.283890351134282 -11.296833908448665 -12.013416656773703 -11.12528105970868 -12.253465207029759 -13.223918985347472 -10.874679027321674 -13.376667856118452 -11.705338108600118 -12.848608159833741 -13.54789808737374 -12.547755131142416 -12.797420242998614 -14.096378223984757 -13.301497923437443 -12.987033124052507 -11.69376328455931 -13.443482706040465 -13.803860391320042 -13.863628456766294 -13.788460206863594 -13.900254637106496 -11.400561658672673 -13.001652829305376 -12.959643854718252 -13.860278555792405 -12.763436681468992 -14.463487560432897 -14.39349300859283 -15.19252216852358
60
 -3.018080218187434 -6.163997899909021 -8.361024109318182 -8.08627391909009 -9.498374455132462 -10.407935901685859 -9.337682856375624 -9.294790372954454 -11.154328162667689 -11.031985442557716 -11.498559181799623 -10.863891202580007 -11.30010598129383 -12.13680717927611 -9.549228128887744 -10.642518646485906 -12.079164749861908 -11.98813436264488 -12.565585638332486 -12.57913874135793 -12.231518297246238 -11.939739355838324 -12.255363096866335 -12.609153755476791 -11.39263835766741 -12.737950220077307 -12.952269013006577 -12.142658865959659 -12.88886252402391 -10.76423006863127 -12.25080129357266 -11.390643134639229 -12.075213086224398 -11.086714348578193 -12.155935311362844 -13.186033466313791 -10.890506576557744 -13.374849643477438 -11.717427044204976 -12.909890657352934 -13.588001898044695 -12.717602157975213 -12.825283352461646 -14.12059975951947 -13.409821755909553 -13.051374509845166 -11.696972008241902 -13.364964985678926 -13.709462684627574 -13.95966954402992 -13.854628778391175 -13.94727955057647 -11.46436927121354 -12.951370193274276 -12.884385097355267 -13.809909081609051 -12.823457796437166 -14.527785509776878 -14.422346828930236 -15.205873183909537
60
 -3.018080218187434 -6.174228570112974 -8.308993761825482 -8.158433840946334 -9.68374423760769 -10.478173201607595 -9.261359869985144 -9.115683273043803 -11.209256997440184 -10.981171284581169 -11.482632491325685 -10.806931214950625 -11.343812190340763 -12.055615441184035 -9.631191016893341 -10.579877592974604 -12.09947451391812 -11.931213058408307 -12.532092935209027 -12.584192209481484 -12.173219209711219 -11.93528045772628 -12.327187041802869 -12.660471140357233 -11.441307530150167 -12.73991643256962 -13.01755189899409 -12.171865459341824 -12.928248844697668 -10.85249683794555 -12.274434658393414 -11.43044368239442 -12.047920881628238 -11.174422536183053 -12.17630053830313 -13.21686838546116 -10.8284730546143 -13.300086733691073 -11.74115094211572 -12.785326303138135 -13.55016965653586 -12.592137615722088 -12.773664423915275 -14.102857341721856 -13.289800524839618 -13.029207806595531 -11.649305473864615 -13.384358540461713 -13.707215004946029 -13.900139223103645 -13.827160205020027 -13.974332545202364 -11.388909836353669 -12.988426657127775 -12.879011388278007 -13.828750050464492 -12.777051065713794 -14.518445099504884 -14.374470802073368 -15.158559130400553
60
 -3.018080218187434 -6.032059571439498 -8.263021436857155 -8.242177697934796 -9.464181007920956 -10.49255465431555 -9.475900171189059 -9.191793117344984 -11.130510144100528 -11.011249809584283 -11.378281619896892 -10.806710805985347 -11.31294249916356 -12.127791933379452 -9.57944247156169 -10.555800483056666 -12.086339869648542 -11.938021449606218 -12.553729726634936 -12.614105913082012 -12.149376081024153 -11.884900499434154 -12.400470318430743 -12.652252222805535 -11.429562968794508 -12.723220409690281 -12.971707035940936 -12.208772438173316 -12.911393624783546 -10.822612227428394 -12.263522223337512 -11.381260579294468 -11.969023012522383 -11.173613257419202 -12.157775791806426 -13.21390760995073 -10.861619076067717 -13.377283722836834 -11.695869805903419 -12.8837480148434 -13.547513564386227 -12.70669419776799 -12.837161039582094 -14.105234708077306 -13.333791740410865 -13.033240041281372 -11.70624353039456 -13.374317920218408 -13.759345186063578 -13.950787053502278 -13.840273861367947 -13.957670052631697 -11.374312748163822 -12.953994728849429 -12.977514640135364 -13.844890376065232 -12.786960949411005 -14.449039467661347 -14.38294894116594 -15.194818026928017
60
 -3.018080218187434 -6.215803989083276 -8.28314595724831 -7.8909136169901535 -9.531477440479296 -10.51022037993376 -9.234557241208707 -9.076361243936566 -11.154691975759828 -11.001029635082729 -11.4059811480276 -10.792803397803874 -11.327452294526267 -12.103449762368097 -9.561251079338403 -10.390053270037745 -12.060713218744924 -12.016099765171107 -12.604131053637618 -12.543487483357183 -12.174600391293213 -11.867249151146472 -12.419929554728864 -12.611693152155954 -11.443684891254913 -12.721635850474614 -12.986173289413832 -12.140564080328241 -12.89143153227777 -10.808649094275149 -12.312904727158875 -11.425457601010898 -11.9984971265966 -11.091061697036741 -12.323148506638137 -13.194871988734986 -10.881870169176887 -13.283440480137969 -11.674372915830842 -12.844757538882803 -13.435425261736638 -12.617700938196185 -12.791745360422926 -14.11615924977003 -13.34455685652799 -12.984907311521471 -11.703233392846327 -13.394709523015663 -13.724505423703809 -13.94392971574259 -13.815115437026362 -13.969301579886972 -11.358772664062577 -12.938183710597537 -12.90619496156185 -13.864389097847452 -12.832423994089263 -14.479344453823023 -14.4007305147694 -15.137578121135794
60
 -3.018080218187434 -6.145203728030244 -8.371411303127747 -8.005642821515298 -9.604328230481483 -10.506396858864761 -9.341513271123587 -9.216398239658306 -11.114626049537161 -11.113099051433643 -11.434350712134561 -10.703958114313942 -11.253318943039782 -12.142786417020117 -9.516582923146425 -10.494985478587157 -12.079865281037474 -12.03901909888652 -12.593033335063794 -12.623468892190184 -12.182439304773066 -11.88302517864863 -12.340027740233765 -12.664970544031922 -11.417621378539415 -12.725222850697705 -12.982312190476643 -12.225186503687539 -12.916664325255374 -10.83560278139524 -12.263241121724874 -11.447274356425384 -12.030105879212877 -11.178232752400424 -12.135044866426087 -13.180079121818542 -10.874565789613413 -13.362155412910639 -11.68920197166838 -12.898779924497708 -13.501755581739017 -12.642844421464938 -12.753758782616627 -14.101850257216274 -13.252932813675441 -13.027067101041995 -11.71342459482665 -13.336460920725164 -13.656575425250745 -13.871233620736323 -13.901457247899218 -13.96150614189014 -11.363943486378883 -12.995313504948468 -12.889882708508186 -13.941359545025657 -12.802316057213597 -14.442638475428227 -14.354526366253449 -15.16393368973487
60
 -3.018080218187434 -6.388359466328201 -8.473667769708928 -8.081042131971133 -9.641480918027629 -10.57543077383775 -9.409433946297616 -9.218699999237385 -11.222389550570824 -11.104550833144458 -11.280025628993881 -10.839431484539167 -11.353722095957503 -12.087219027985485 -9.50962063484752 -10.572121133162218 -12.11513458004329 -12.007604953452578 -12.548074487245708 -12.587527676140757 -12.250086441616698 -12.051410235750913 -12.272466519141368 -12.620109173357674 -11.544329460933184 -12.719137236430878 -12.945321648177087 -12.265734210915737 -12.937266692416223 -10.788013110798774 -12.283875433455032 -11.390351363981464 -12.089330807002204 -11.21251362066856 -12.18665397402936 -13.221560228768368 -10.861065159258766 -13.39654068425288 -11.696807324862332 -12.881596697112082 -13.502392919057618 -12.65956843722235 -12.723607624413958 -14.135656873317764 -13.372669279654806 -13.00779744184268 -11.651932374011446 -13.33821199609451 -13.861635898689354 -13.95670429669888 -13.845240691746316 -13.970775591139727 -11.392366262790514 -13.014339087055331 -13.03387032637748 -13.849845493967129 -12.714999446089745 -14.498750506825393 -14.438004980420553 -15.201795889922662
60
 -3.018080218187434 -6.027680115290122 -8.476297554170193 -7.847187194208253 -9.59850959357492 -10.46823812174147 -9.236379981037071 -9.11565490887348 -11.16848221599146 -11.11565627652352 -11.394745493532339 -10.783476070134771 -11.33300486966519 -12.074746173893042 -9.53526837673075 -10.544730600036637 -12.121633071587135 -11.996845499995617 -12.57746102556276 -12.5669850556336 -12.170846324941133 -11.98887018002847 -12.415708880077652 -12.674040137631664 -11.49231360039754 -12.739653876649529 -13.022084017974606 -12.303782990778963 -12.975561353269097 -10.83440021766572 -12.264843207010747 -11.415168407764211 -12.017375945740582 -11.199112815315186 -12.206445105379636 -13.210819809655526 -10.832934326859336 -13.372509246087365 -11.692437783374581 -12.948538754009087 -13.513582947740005 -12.667305372734443 -12.849457863804703 -14.1269278046799 -13.292410487853656 -13.012924331766175 -11.656888748982094 -13.320498297860789 -13.848520541995601 -13.913765496161005 -13.794324322370874 -13.983379695149056 -11.40183984065249 -13.018413001538743 -12.935563658463261 -13.841864439721613 -12.781056706443243 -14.408892534287872 -14.281887378898086 -15.1933872427555
60
 -3.018080218187434 -6.057987049993187 -8.146436416900945 -7.9664207142211225 -9.570057142504648 -10.398800238363787 -9.29962216515029 -9.126317688425791 -11.16035175034809 -11.025004558881966 -11.411633474099608 -10.717182209466962 -11.309471267641278 -12.094936560924298 -9.507027763272974 -10.52112207860612 -12.093394202962836 -12.088952474375946 -12.633852764871278 -12.5629486847786 -12.192820180584391 -11.929956924711485 -12.342444056507475 -12.618584346663418 -11.4788449016874 -12.724089082815965 -13.00447256736933 -12.205074530930366 -12.933760890928385 -10.796416528116486 -12.213038343329375 -11.441003023651946 -12.017439100571695 -11.165344295595679 -12.224442095036261 -13.174101590661001 -10.867909101711628 -13.362470611238944 -11.648253905044252 -12.933909394630414 -13.51890317010821 -12.64748528538237 -12.715897176839043 -14.119976383507012 -13.323525789743321 -12.996367005494529 -11.752229081212596 -13.377089906095593 -13.784581410192231 -13.922076640850111 -13.790508583665948 -13.957635762333402 -11.385471429407511 -13.029718266397303 -12.923923747273808 -13.850490755410968 -12.706778795036673 -14.444018840633712 -14.41087357640737 -15.20581049085193
ADAPTDoubling
10
60
 -3.018080218187434 -8.34763752786576 -8.877542850615747 -8.99200361104368 -8.455362605854242 -10.288055729599922 -10.642754878057724 -10.999145014655104 -11.31208435184117 -10.979075149612331 -10.910055726264765 -10.526311740299962 -11.290898020640013 -11.19853710050016 -11.644298701676425 -10.872919912495238 -11.996175198589066 -11.302414168120567 -11.837118722717856 -12.070868353828688 -12.265931341671457 -11.795433747114087 -12.759241054150378 -11.888550058234983 -12.738097665272319 -11.672395207008956 -11.964197550572246 -13.023999827952329 -12.639009102819562 -13.230033303897475 -13.039219352921766 -11.87776032990141 -13.353425544107656 -11.521087744064625 -13.13318462254707 -12.970285405143509 -12.862436166699608 -12.74611318621256 -13.075187315275832 -12.847188375645276 -13.353042111844184 -13.354119782475582 -13.629831940364795 -12.392050017316429 -12.834040281716195 -13.58425665523199 -13.272119042247008 -12.963723074396876 -12.195622879926626 -12.583749802775891 -13.670091750560509 -13.789213783366092 -13.178993181296152 -13.101165721585334 -13.300867279695833 -13.750613331758434 -14.104790760607692 -12.285436997931596 -14.11530369189876 -13.239095951553491
60
 -3.018080218187434 -8.168975767430148 -7.868267985074094 -9.31778174325241 -10.37481550831661 -10.281771065773492 -10.152020003467769 -10.63358869077277 -9.927821144493615 -11.120437265348567 -11.364820385135138 -11.796268612879977 -11.543276609648782 -12.052572260011713 -11.413860708494036 -10.779683924019789 -12.235114254843037 -11.49444093083051 -12.205019728850994 -11.868004335758771 -10.269471294069596 -11.245979360131626 -11.686692307871937 -10.32870405679232 -11.90360794913479 -12.048470400218395 -12.829396880762767 -13.091742717471792 -13.50723563554035 -13.506083905913599 -12.79520928994825 -11.873077128768434 -13.285962948093166 -11.46154505798468 -13.203740940606128 -13.479649080334283 -13.627914114622948 -13.288862993674583 -13.742802195767235 -13.76793900084162 -13.707616599640568 -13.58370414669125 -13.859353317630328 -13.648018031898234 -14.117552542981807 -12.65473448803997 -11.870770858517101 -14.425261964866104 -13.326029781908733 -13.563197815383587 -13.412119296701169 -13.371055162718378 -14.397209464280984 -14.373095087187082 -14.335214809618094 -13.622434072281019 -14.166510869764682 -14.34878912705102 -14.44374586379935 -13.758290248195786
60
 -3.018080218187434 -6.862553437806775 -8.845538225001409 -9.861359023951257 -9.513224055105145 -10.118347754101991 -10.811603893583056 -10.902697223971922 -10.90024812217195 -11.582807811566095 -11.029164973708491 -11.057409252153196 -11.1076410701144 -11.691252291997378 -11.96677783936223 -12.134556739546271 -11.99559821191984 -11.83874194131032 -11.46938888067068 -12.446419459887464 -12.199722533747083 -12.288263087157553 -11.723309179238344 -12.354877653088181 -12.452752867684945 -12.451890051568968 -12.49185924916365 -12.47206508258628 -12.604320486294498 -12.580168527229894 -12.616029179474058 -12.072510565098257 -12.352898951488044 -12.182170576906532 -12.990056197390212 -12.887256524526334 -13.599104651484865 -12.410701627938552 -12.894133513528201 -12.380065010471926 -13.915548231725845 -13.782381693378484 -11.719385195514983 -13.487490690267236 -13.78918800912752 -13.609062514896504 -12.06014044971404 -13.791414896791709 -14.041466621811537 -13.771242224655659 -13.210283756005213 -12.83916048971034 -11.893419334494261 -13.419074186100834 -13.871187035018623 -13.897387375598624 -14.191649691998249 -14.17296674695715 -14.111156583495086 -14.48731966055579
60
 -3.018080218187434 -6.452112624571253 -7.226356260819985 -9.477195817294918 -10.370202109513576 -10.330979435974278 -10.091539724654732 -10.67446796887141 -9.721116649556459 -11.323868053572994 -10.713738905932882 -11.341200765041568 -11.228723925949094 -11.774395188697191 -9.445345698810385 -11.954328884947811 -11.989141562600695 -12.031530465071366 -11.673349211429667 -11.150023938160606 -12.196268553913479 -12.58353090658715 -11.942530331730516 -10.6995947348736 -12.235897560930459 -12.242700993973433 -12.503306204512478 -12.650306405129317 -12.39492898258474 -11.81416455475777 -12.758339673216728 -12.099758244112564 -12.25707946602712 -12.816138522014919 -12.636368441944812 -12.060538758000789 -12.486926634420348 -12.753291076892006 -12.963028495339795 -13.183013312940464 -12.800345354114793 -12.733634089637041 -13.008442335900032 -13.105184653243965 -12.658745669476714 -11.54328798442434 -13.69397306167209 -13.89127391972633 -11.56078407272373 -13.58087298790717 -13.913258249291856 -12.9084333844573 -13.98822433074618 -13.211710965296675 -13.583911281029819 -13.802560694462935 -14.116811989143832 -14.016655540834803 -13.832334998754794 -13.831121507514029
60
 -3.018080218187434 -7.577519775108231 -9.19290321769607 -9.540474336047652 -9.561522315965963 -9.134958651811752 -11.114017377202 -10.634525477732906 -10.987263558650994 -11.008793258425126 -10.70257728490679 -10.694449404195044 -11.7767045336949 -11.746044079328748 -11.426416021976646 -12.19396670562404 -12.25984265165376 -12.559416642067802 -11.792888135837337 -11.440782983588853 -12.209838837729615 -11.791557641880104 -11.891797671001191 -12.532698130694106 -12.390982294394693 -13.102726871519174 -11.68544201651179 -12.609473429498731 -12.265408782189988 -12.880828858158644 -13.069163932026342 -11.621863429274775 -11.021284614905834 -13.13191026654457 -13.070007417534397 -12.825687884183463 -12.875350280260458 -12.499564398378437 -12.97584432310226 -13.465476206791488 -12.748434235665055 -12.872630670975111 -12.654411841573136 -12.839183885241201 -13.251082575383307 -12.541372045158928 -12.171077192725296 -13.823295267194336 -13.779673667089336 -13.252483294986165 -13.957525608345636 -13.71600705809041 -13.862183108989429 -13.724171264650202 -13.516496742361817 -13.659433029447028 -13.743651087942228 -14.053417976965221 -13.879340086660575 -13.467934614353432
60
 -3.018080218187434 -7.996955831952667 -9.058636745705451 -8.723083858087508 -8.837289853851514 -9.609368507058164 -10.680741946105446 -11.242981622242473 -10.913164671594688 -11.685074800773274 -11.956214852033213 -11.619575244377565 -11.057244559282614 -11.155964318427785 -10.87170617053801 -11.843911035384778 -12.320982064401129 -11.388719951347179 -12.001869147435505 -12.75088862524439 -12.319557352140816 -12.01509110129278 -12.859095222570302 -12.635346750384628 -13.111731504873129 -13.167230307614478 -12.921458370351449 -11.174866939638077 -12.537901607763779 -12.85822938944205 -13.12900217104752 -13.462942147131693 -12.730345313495581 -13.129753827659451 -13.683946003551535 -13.682685294579496 -11.653922505601358 -13.261096559319721 -12.409383030029492 -12.772705264268584 -12.918004522734318 -13.617283817669511 -13.467674765605107 -13.793952260902625 -12.576508673375411 -14.212410139671004 -14.298528875764427 -13.591980386042396 -13.886082279796236 -12.75771911113166 -12.893970631707537 -13.547238324221885 -12.696571104118334 -13.95946253088943 -13.0693818822927 -14.102758680215112 -14.128904367823884 -13.915340109461614 -14.161531921248912 -13.047186884000475
60
 -3.018080218187434 -6.599642669614459 -9.397208563349968 -9.983876017642672 -9.353487557136862 -10.608472956965826 -10.065571495617565 -10.852686467757348 -9.787936184182351 -10.357716908019096 -11.477756828137185 -9.88248594118096 -12.173235287132432 -12.172003637778557 -11.862769414918533 -11.200324602646615 -11.814374282913995 -11.837403962654257 -12.134851793854423 -10.475807389623116 -12.319066360059427 -12.174470371377444 -12.248273150797946 -12.02098561814639 -11.86022906201228 -12.087933894831792 -12.901362699374706 -11.967675001468304 -12.790567844180249 -12.984898308553197 -12.844278166150099 -12.8636011995017 -13.282268609589803 -11.897161042150175 -13.332328506554138 -13.401873560316693 -12.90855633186507 -13.484803866476959 -12.662195260910527 -13.688338589618837 -13.337197870726914 -13.568368181917316 -13.60047156010314 -13.26603702656969 -13.580495821762606 -13.483296582705865 -12.084768732617938 -13.825334465051707 -12.77740490887816 -14.268299688430297 -14.168062023035166 -14.270583663894486 -12.746246733368318 -14.017750716955724 -13.398565957467554 -14.224680180240089 -12.398270222261047 -14.527946498287271 -13.917519219771727 -12.753496037051168
60
 -3.018080218187434 -7.221489414783592 -8.738615877273128 -9.823561900999184 -8.525937463947752 -10.678162232424707 -9.839829752466901 -11.087357856987884 -11.15208242829156 -9.732792680323222 -10.686629385267711 -11.359916644351594 -11.984381680460197 -11.864581674375717 -12.263611972701115 -11.465864839537991 -11.432416267537647 -11.843825001240555 -12.683687520395164 -12.975631235926882 -12.270933149595393 -12.108225849241732 -11.342589528685469 -13.367695432586164 -13.411574217359902 -13.000482036331539 -13.36034369945276 -13.004036869071703 -13.231794263806952 -13.388174235472578 -11.49893481376556 -12.24224745015624 -13.024230668708231 -12.88227682058675 -12.756426659722406 -13.280607981853551 -13.449533407812623 -14.170077319933917 -12.366503764471524 -13.523936574793106 -13.926575298278745 -13.123856869658741 -12.593260928216507 -13.914648008523297 -12.352667179718892 -14.334844746558678 -14.000306905513916 -14.324114306822883 -14.123056454294183 -14.296071236581806 -12.701674293052267 -13.71173505114001 -13.653398484538906 -12.908029619488708 -13.050985348432897 -13.690938373404782 -13.970308108150217 -13.738215620486377 -13.180015455546346 -14.281130577686628
60
 -3.018080218187434 -7.433859107567301 -8.706164294838416 -9.188485242792671 -10.109738401698026 -10.182874986712081 -9.379783624070763 -10.264731739190054 -11.357482332626814 -10.520908578516025 -11.585456709091112 -10.971042726522194 -11.566459741643328 -11.698928549584686 -11.242266318337121 -9.53570749436962 -12.398454932177557 -11.911287475712095 -12.208905579526286 -12.111247177169698 -12.269699381727802 -12.370676457598 -11.055178248402816 -12.617832932690225 -12.526965642956783 -12.619019159563296 -12.836158912023132 -12.836542538472823 -12.87840120569324 -12.292656318535519 -13.001138881944769 -13.00818487964883 -13.313182009502057 -12.567486977189391 -10.974889920204365 -11.966639906209831 -13.165982719522056 -11.86461523385996 -12.898568486992598 -13.489451590226365 -13.419311796631057 -13.602644746163637 -13.748780746819575 -13.480063773908103 -12.748608105226182 -13.836501336169107 -12.989340266455931 -14.080145924448292 -14.075954077452314 -12.873584167094972 -13.663645527626647 -13.034783234560853 -13.812119119405425 -13.29727302025436 -14.26822100135262 -11.634652259086787 -14.34759070356642 -13.592675884440485 -14.097743182784638 -14.265101411862005
60
 -3.018080218187434 -7.838118091777406 -8.464643537953155 -8.857017930944814 -8.204992362918457 -9.880033048585771 -11.124247138012453 -10.564065051503297 -10.41298503908081 -10.216399578717118 -10.969812670699293 -11.467256437193464 -11.934232012990607 -11.806887009087188 -10.272502967393129 -12.280122180003206 -11.660306661171063 -12.384442987177675 -12.15139693616061 -12.447053940043379 -12.78794942220289 -12.441536040787883 -12.451746109491035 -11.916534751352067 -12.573065899800364 -12.566433113750179 -11.507501722801152 -12.549070377462096 -12.681936022519173 -12.670584803166037 -11.983811696360394 -12.919218008208597 -12.543140299042413 -11.73759072138361 -13.141405811060201 -12.265388677545817 -13.175895795638564 -12.585496882847043 -13.557512662849568 -13.479148558181414 -13.523248429761107 -12.365543443446699 -11.803937889689552 -13.37223149966226 -12.259639396439308 -12.531563165973264 -13.336037577823081 -13.230399918029814 -13.107130175743958 -13.679112235857321 -14.182496553678071 -14.059523950799502 -13.503857451146603 -13.398756515748396 -13.36618330030209 -14.426697174291366 -14.181920038262739 -13.556311504655001 -14.308304557558879 -13.895615631525684
StreamingSVRG
10
60
 -3.018080218187434 -4.040653734578071 -4.595477477410116 -5.336131687520119 -5.78554504545223 -6.1852072166264245 -6.607269674579975 -6.843096705481182 -6.521605405549612 -7.508413276189256 -7.712546705273208 -7.386742269486553 -8.320329773564435 -7.924716844692973 -8.721206964327907 -8.55019569379085 -8.96783624084136 -9.35631940454401 -9.43880547223075 -9.125625486401454 -9.363498042476657 -10.060312390468482 -8.446822852390953 -8.39961621919113 -10.36379314563403 -10.502831516929655 -11.237675724428884 -9.702918713254167 -9.58123191059505 -10.635054052885437 -9.677532855995251 -11.617276699408182 -9.34781291871897 -9.617388833315278 -7.978274566652286 -11.362842888978575 -11.877115317679188 -9.521671479850918 -9.32416648783138 -11.49374379996599 -11.015383957409911 -11.161503038078365 -11.05605495229513 -11.006845056046423 -10.02350946687537 -11.31252690289466 -11.305222730909588 -10.65361417089014 -11.624384189044529 -12.438070196435032 -13.240648947311367 -8.954681231297451 -8.732891049828698 -8.292061018568752 -9.6419247576139 -8.706984827682978 -11.592095453756862 -9.278421839650514 -8.353973569598685 -8.85509401068091
60
 -3.018080218187434 -4.048837949759407 -4.7906817074078525 -5.339535127414094 -5.82719821948032 -6.180872667795706 -6.445065408087601 -6.968023895392979 -7.138553166705676 -7.364088234252894 -7.516159811967893 -8.057988146692775 -8.07554542061085 -8.575007629304121 -8.580209326816476 -8.643360041551864 -8.763537179694262 -8.683690746186194 -9.049189109297712 -9.734136347280463 -8.820793284716443 -9.12875599967035 -9.596489053591803 -9.609509717788523 -9.10732082481737 -9.261747107542751 -10.91479827384233 -9.790450171932111 -10.854796877195213 -11.203012081358155 -10.07908001563383 -9.12223837752672 -9.571034857185326 -10.996817896929054 -10.965345211016272 -9.967145776385765 -10.63365102854024 -9.477330726454502 -9.474860488263179 -10.77467871985535 -10.215204370931831 -10.263512051390471 -12.245430952319941 -10.555492258838353 -10.724358420744476 -8.589892431478193 -11.273571003525474 -10.13383625732472 -11.144680902566462 -8.59489616750199 -11.141505855121299 -9.944862434035237 -8.800761418769705 -12.098469309021526 -12.55638033611867 -11.696694338763361 -9.862032049599172 -11.435077298568338 -11.265156751941827 -11.56662350702524
60
 -3.018080218187434 -4.0162910431289145 -4.722521669889049 -5.219521882084915 -5.711873182982438 -6.252685284037536 -6.517072952655004 -6.903270529890304 -7.245646359977577 -7.480453027345043 -7.721076091086786 -7.7842825563522124 -7.603234014908083 -8.352835739306629 -8.463596525203982 -8.893289263817982 -9.082719924787307 -8.994040813281291 -9.657900732854083 -9.8469081718056 -9.987427994774423 -9.350385651488214 -10.349942219054572 -9.353706637748266 -9.883260560254454 -9.376070062826654 -9.319142700995076 -10.243111505827253 -9.418836507263705 -9.048608015656718 -11.866391987474543 -11.02883630943056 -8.587674561850577 -9.522724996938733 -9.923414173677507 -11.701608979775857 -11.01539737689606 -11.361654825694828 -8.636516395675256 -11.320672668464612 -9.933974492982367 -10.9950409291459 -10.12995910872732 -10.67893332888072 -9.644119568801393 -11.733272322671866 -10.455591679404765 -9.725209682695997 -9.725209682695997 -9.725209682695997 -10.282068512134847 -8.076724433369677 -10.96742147551019 -11.120615215924374 -9.094388833253237 -9.665241335090615 -11.699836474215257 -11.762952634024849 -10.966643934069658 -12.51855552072075
60
 -3.018080218187434 -4.050764486395985 -4.797770013178152 -5.381857756827844 -5.726041606594978 -6.263845740103161 -6.5038828598972644 -6.743725464388459 -7.241100666599424 -7.557738649120186 -7.635911796484151 -8.135896968950423 -8.16688599562659 -8.348260587105269 -8.60668840367263 -8.256760666445649 -8.677281146038274 -9.208924422149304 -8.924933930348335 -9.372173830746098 -9.386607936514581 -9.935234889442343 -9.398075319585779 -10.211195537057739 -8.439181226341546 -9.957340514056904 -10.105468897335133 -10.241867727377196 -11.363981996251418 -11.139279394737464 -10.421359517670524 -9.493453293826377 -9.869343718380044 -10.674731496961291 -10.862172461726004 -8.287117832894593 -8.287117832894593 -8.287117832894593 -10.275866945127417 -8.524220900059522 -12.22093367454185 -12.4111810578499 -11.592264939299072 -8.886740853059752 -10.487241156368436 -8.655009342329281 -10.346232201754491 -9.085329642295962 -12.289288566530992 -11.897004428506863 -11.359924534599347 -9.990088411541365 -11.326663540480782 -9.116982454724218 -9.890306320705411 -10.158616224916054 -11.652116539814088 -9.833407065558115 -10.945563042280614 -10.382450531858613
60
 -3.018080218187434 -4.0312064521451925 -4.748568070219752 -5.351156182967011 -5.828552785476302 -6.067197886023862 -6.2055704398303755 -6.754481078997036 -6.976465634417466 -7.187508259639587 -7.696481110354275 -7.689619544074548 -8.012238562043468 -8.411285604017042 -8.371974843225324 -8.521441651705288 -9.083481772678676 -9.0275292934003 -9.613860390090041 -8.085899956271074 -9.645612919891706 -9.95618341006668 -10.063884311995718 -10.236104785831783 -10.179273314195092 -10.842707996285805 -9.864261553704926 -10.66062239736175 -8.833302637436192 -10.653195161171201 -10.40629902012021 -11.195118438139476 -10.315460871971894 -11.154889544649574 -10.012188441809494 -11.13216556518638 -11.201492978373725 -11.580615283647385 -10.216589090812239 -11.53061673261005 -8.751159959161509 -12.31083490290589 -7.8967429173558 -8.144013279644545 -10.595278731415181 -11.827554791675862 -8.99289604623941 -8.34905372487243 -10.808866725726247 -11.057140247538472 -10.714352896705263 -10.714352896705263 -10.714352896705263 -11.947545826668545 -8.78386659387501 -10.436361745221266 -9.793379773816993 -11.061712059651335 -11.356487304633935 -9.479931370763177
60
 -3.018080218187434 -4.04340530987044 -4.778285332191642 -5.372080450157757 -5.752995077368642 -6.151904978751396 -6.445201407182846 -6.929634070751353 -7.219453536208532 -7.338387734464464 -7.6915221658734465 -7.962555814512772 -7.754530414802911 -8.221052486759028 -8.751643124089222 -8.762162613832468 -9.06155319233221 -8.30706623187082 -9.571145783368584 -9.386610154356251 -9.914032005355878 -7.8906442315500405 -10.22461195970853 -10.165820365680085 -9.330634791724897 -10.939737423372737 -10.781159876444766 -11.145599387755684 -10.74979748329707 -10.380289270240525 -9.62420119046363 -11.43096761148843 -11.010144689948978 -11.496944819927899 -9.274874069663726 -7.873290155392106 -10.275207803957894 -11.700321270198947 -11.950747071588244 -10.626919574668236 -10.988751210031573 -9.941705513943008 -10.357786025474637 -9.919941686035221 -11.908822252046425 -10.496811365733743 -10.832041777981788 -9.476252896212563 -10.311118886892771 -9.759309363207162 -9.759309363207162 -9.759309363207162 -9.902453936010065 -8.902557012063859 -9.681294458685931 -10.02390588247576 -9.842766965584026 -10.798012875795981 -8.856982276388461 -11.289795462959908
60
 -3.018080218187434 -4.067657069767694 -4.762002230749829 -5.323605903485104 -5.800808016122072 -6.194237141586697 -6.275333956808637 -6.943494710281698 -6.555302926827442 -7.171793479240005 -7.685666891213555 -7.86138523274028 -8.229049356886268 -7.963360240822033 -8.861954642154096 -8.689307824404247 -8.85214178349763 -8.95321357427772 -8.908543226594592 -9.213040315484804 -9.821227208280417 -9.493631653836733 -10.017282316302639 -10.039738757229419 -10.554135485467272 -10.078547670194316 -9.98813451894877 -9.197824579857397 -9.699080348642433 -9.712271436111552 -10.799905264221245 -10.411615334063082 -11.092835153565657 -11.41121358904495 -10.590204424496518 -10.158371048599701 -9.599021986533662 -10.209841704864752 -10.743130280006167 -9.178335113506172 -11.409893778172966 -10.494460640512566 -8.162177966198934 -11.496006224257647 -11.129805978014016 -10.636229599892495 -10.92214232606124 -10.92214232606124 -10.92214232606124 -11.236769558283173 -9.276028643499005 -8.913481139893765 -10.591479478975275 -10.354336042700936 -9.790656001580423 -12.131743338371553 -11.637254007751567 -9.890762300194666 -8.414012941347517 -10.899522473439426
60
 -3.018080218187434 -4.054016746480248 -4.791659154901873 -5.3700115507496085 -5.76787765335823 -6.127050671533341 -6.589707082720401 -6.85909027791298 -7.1707885646152 -7.453357660833938 -6.8268723674891545 -8.053772094182195 -8.367243847582698 -8.505977169777504 -8.87592634313095 -8.901633690010456 -9.046656132545724 -9.308248690360593 -9.218418900952214 -9.628710103612814 -9.594061132203763 -9.988248564432277 -10.300823635712108 -9.449398133083767 -10.12215409195369 -10.63348133576181 -9.936169816062408 -10.759184586062856 -9.532119747295853 -10.947422343720142 -10.989273394377857 -10.064965943912949 -10.905221042757747 -11.534582552923357 -10.706256915226275 -11.44546893367597 -10.197236508653496 -9.433914392024136 -8.92561860935794 -9.638003567930147 -10.573948078527524 -10.778985681934579 -10.416379504688843 -11.222068265231666 -10.637617950030567 -9.114020862502889 -9.959372314780959 -12.057119170470267 -11.052404862386298 -10.826069825775086 -10.599825750931577 -9.476582791306063 -12.231082234949982 -12.727719304871261 -12.727719304871261 -12.727719304871261 -10.909302240995896 -12.139345876185988 -8.97144914289712 -12.119381046330739
60
 -3.018080218187434 -4.0767503393788935 -4.38993408069641 -4.52264563748434 -5.137391867265462 -5.627144363945231 -6.084885569259511 -6.422732669635736 -6.505163719173075 -6.809950007810479 -7.35010548062954 -7.71158981043309 -7.77983577814069 -8.023679488649751 -8.450569758339443 -8.05859600954032 -8.700332004698376 -7.956343455135377 -9.307706573535526 -9.19816999553293 -9.318904534672573 -7.272174158527943 -7.272174158527943 -7.272174158527943 -7.272174158527943 -9.838608248885949 -9.845642447667833 -9.673057191223865 -10.259399743357466 -10.380580315171732 -9.31946063471823 -8.944377216710736 -9.331316625975646 -7.612673773768103 -9.305767439654309 -8.00994674516134 -9.975923789064979 -10.686754616065782 -10.686754616065782 -10.686754616065782 -10.686754616065782 -10.686754616065782 -10.686754616065782 -10.686754616065782 -10.686754616065782 -10.686754616065782 -10.686754616065782 -11.436457926015606 -10.2134026451786 -10.2134026451786 -10.2134026451786 -10.2134026451786 -10.2134026451786 -10.2134026451786 -10.2134026451786 -10.2134026451786 -10.2134026451786 -10.2134026451786 -10.2134026451786 -10.2134026451786
60
 -3.018080218187434 -4.096558592808444 -4.72980163323675 -5.187766084704839 -5.69078549937694 -5.976552614274895 -6.104776250375963 -6.402680020793406 -6.710917828315888 -7.097737722479409 -7.212447375362689 -7.531479108007188 -7.858955392737141 -8.217996190220997 -8.256755817092456 -8.557845955124415 -8.933609392715129 -8.482160424732756 -8.558189274410053 -8.868808930831037 -9.558213993800672 -8.675187821135108 -8.675187821135108 -8.675187821135108 -9.358347853242849 -9.68411252281047 -10.063866650399678 -10.110323786313579 -9.991559235372694 -10.495144640186076 -10.890770542087823 -10.399217526804405 -8.754858114270503 -9.190144531500785 -10.9550618448146 -9.558238437784247 -11.7415470204302 -11.7415470204302 -11.7415470204302 -11.7415470204302 -11.7415470204302 -11.7415470204302 -11.7415470204302 -11.7415470204302 -11.7415470204302 -11.7415470204302 -11.47221079896248 -10.901965328668146 -8.981186711003687 -11.484281672418263 -9.394183881177486 -10.256063060942319 -10.90763557539616 -11.122868598718027 -10.154554656025935 -10.811732690723202 -12.001807443079413 -10.97094286471934 -11.167096833703342 -11.479548397531426
SGD:0.05
10
60
 -3.018080218187434 -5.482374116483181 -6.321741491078505 -7.981033178275927 -7.7543163203467795 -6.5008095109533395 -5.638657905672646 -7.462007730397742 -6.362731453679475 -6.5378155887218075 -8.111111008937694 -6.461747551653031 -7.682694285622738 -7.742130718018083 -8.01120443171871 -7.520549214749063 -8.381559603746293 -8.796259452142673 -7.956896007901909 -7.470852171013674 -8.634268228237335 -5.78358073463271 -5.855619234578379 -6.121427009528141 -5.903750452317689 -6.215115181528997 -6.739164528523366 -6.68794817544037 -7.3121041783780125 -5.573930293893578 -7.965765033136732 -7.669189727996894 -6.297035082846345 -5.384859796420229 -6.101488939672193 -7.889317033694443 -7.7780763407663205 -8.257978521677972 -8.089801021572054 -8.436642624905401 -8.19983775369626 -6.0893641205821885 -5.651985749978441 -7.976770362176899 -5.075146573987884 -6.666205257772354 -6.70849833444937 -6.983700139919969 -8.3355080587034 -8.072588976097165 -5.374780850170649 -7.8541764542186865 -8.000598591741289 -5.450006652220878 -6.028260402592482 -5.205808232588876 -4.932203238369072 -7.15174763395039 -7.326221181413969 -6.6251728156116885
60
 -3.018080218187434 -6.316229132625051 -5.961413243700673 -6.7672825372515835 -7.654963935920646 -5.288581941004887 -4.827212065570819 -8.266381413729139 -8.946374283987296 -8.378145142603172 -8.12588836941139 -7.259619999955576 -8.124174783337338 -8.794050068950702 -6.203498599413081 -5.052266139503157 -7.532691705821143 -8.430698954844239 -6.094558095903681 -6.160445980124704 -3.5734994109929166 -5.799242238718903 -6.957824975403856 -7.05178566712635 -7.22343143653509 -7.95877864863658 -8.161050280835635 -7.656277660965016 -6.617721163496671 -7.175376200921871 -5.574479085253897 -8.635635335517291 -6.797317033593186 -7.455433174721774 -4.364059115844616 -7.776885602801544 -5.559391626976238 -7.388412706646839 -8.096025594979517 -6.557992281490996 -6.253396576890163 -7.984357912278305 -6.364623038282974 -5.553186924075971 -7.560677173805386 -8.026020899541653 -6.05750809365671 -7.14501459348479 -5.202954634690872 -7.543034305525113 -6.331419085857934 -7.10505867042555 -8.108692183527648 -8.40433298303555 -7.254992618957379 -7.091694841835352 -8.315544513751865 -6.620034273292941 -6.975771888824668 -8.214873265479543
60
 -3.018080218187434 -6.3263375479921855 -5.876678145399304 -6.1883600571162996 -7.695137734763363 -7.650146968111999 -7.029912578205981 -7.653593544836451 -7.563481147694179 -6.853333775354272 -7.192924211741232 -7.048194815080694 -6.340671637416755 -4.847597834560484 -8.485730497589348 -6.315829615319884 -6.475710484549525 -5.347743994848365 -7.536444937495802 -7.324675323621711 -6.861618470698241 -7.967161488100462 -7.132249999014198 -7.655379628099851 -6.80374923015898 -6.974107436797274 -9.261136073220896 -5.333901888884382 -6.09771973113954 -4.938680375207364 -6.284065901490928 -8.84650765797401 -7.82446431048588 -6.671137182316867 -6.633065059289441 -5.813755241823716 -8.975013998364341 -7.956765241335644 -7.766342660308746 -5.42627076809519 -7.305296285413355 -6.553992900526805 -5.24130815032511 -7.6457487284736745 -5.719256734301284 -6.828067538494433 -8.325399819143529 -8.42520440102264 -3.4663056714713862 -7.184389662014608 -5.461977352834323 -8.874160236189168 -7.376700461089982 -5.476961139405331 -7.729954947087784 -5.9462429163250885 -8.08658738427207 -7.396027603088925 -9.055565370731966 -7.286572454143982
60
 -3.018080218187434 -5.182246697044175 -7.979102332247065 -5.065095164730607 -5.890132502443556 -7.44566610389737 -6.8555742134508915 -6.989263068800475 -5.4746919055016265 -5.426073317468406 -8.851001367933153 -8.305670471485415 -7.846681540915544 -7.20341181978727 -8.265258118903267 -6.218921282970451 -8.148202122939718 -5.802240374203341 -5.96715815348424 -5.061523286179495 -5.38039101553956 -6.801497411809101 -6.9401986489706236 -5.538298976798543 -5.1488626993143 -7.433987056542741 -6.10032022993696 -6.312785555796878 -7.891888631548533 -6.894174283760185 -5.356943642372607 -7.752665729816063 -5.3743032960442045 -7.1109557690899425 -5.2214694138807 -7.6349566047022766 -7.73325730559467 -6.48704273228879 -4.938615824723252 -7.751422164445867 -7.971035708744822 -5.766306904713741 -7.733423634841133 -7.949912719306423 -6.956998318628153 -8.043761132098169 -7.784988084382152 -6.792223932011056 -6.399852408706755 -7.604913406080753 -7.406196853410114 -5.046673530224793 -8.398212139377861 -5.8919427114944005 -7.619548748744078 -7.683175877872235 -7.853967543489862 -6.636384631208628 -6.180156545481783 -7.063640469352394
60
 -3.018080218187434 -4.467605819936501 -6.73565365451288 -6.1064972828525255 -5.2969408064746695 -7.812361876725183 -7.099460101878716 -5.691573216459981 -4.322658669308488 -7.613983623581407 -7.068085941018394 -7.11593337823006 -6.617763764209701 -8.761655636249339 -6.441844375006948 -4.928139776666519 -5.902141929257081 -7.891983602561961 -7.287116881777529 -6.433938079993451 -7.860794410552128 -7.1895766938504435 -8.596095586370774 -7.663597885801072 -5.861023139071554 -6.65542189416458 -5.267387664562916 -6.614895279689064 -6.783810943245772 -6.00233083967807 -5.29331176473224 -7.999152115111014 -6.692440706706694 -7.93518670514113 -4.7686249265533975 -7.898044625860088 -7.90363478187308 -8.30207313051104 -4.351477209302406 -6.530921001073405 -4.902186304469577 -8.72446197280876 -8.465556983498768 -7.039421819977869 -6.787010979041949 -5.531729573174594 -6.297248712460398 -7.759047389239497 -5.6041311918836065 -7.3070758130434585 -6.667503773424032 -6.491358158186167 -6.729327448615706 -7.386876333471776 -6.140534156767344 -7.913335061328622 -8.056832767701493 -7.279904061946731 -5.613351007325052 -7.295511266400987
60
 -3.018080218187434 -7.388613298428105 -6.507194536030358 -7.331128574783805 -5.823169767898032 -5.568112644715137 -8.47278570794639 -5.741054701163677 -5.981282524963809 -6.30879944090246 -5.470641286535288 -5.3828983494872675 -6.188336685762424 -7.791786996332028 -7.453135614867633 -6.594181812228592 -6.449481603833695 -5.3624266110208625 -7.307464394913644 -6.054019195201731 -7.503201983485522 -7.60449411385147 -5.808267576656076 -7.535615451393715 -6.637044341398848 -6.750856921596802 -4.612531276036764 -5.992050705920957 -6.145060493162276 -6.41945723300172 -6.523964272742872 -8.255786586318118 -5.937265075709683 -8.368059579876467 -6.662159152269196 -8.143178588085938 -8.116191124771072 -6.720829246938936 -5.085876621991669 -5.629166059112867 -6.561476457462629 -7.772747259796734 -4.634401448546947 -5.787599389164881 -7.771028272261301 -7.942098738428287 -6.594103769037099 -6.940763298240153 -5.101416044652043 -7.765553828302772 -6.168957700777685 -7.543908847354767 -7.108456467168944 -5.828216332699366 -4.755863922722191 -7.439195096197731 -7.068949127011615 -6.379974697710408 -6.746685133508967 -7.622106766752607
60
 -3.018080218187434 -5.088523297173168 -7.695793151954551 -6.803290575750687 -6.745780273908815 -7.791425073499478 -5.89859346277517 -7.5453867552527605 -7.919938412317369 -6.699097696530979 -7.337671197582882 -5.868196706088979 -5.241827867323522 -7.802626410565106 -8.362639054386813 -6.460542783793256 -5.273730200354035 -6.094032876109083 -7.600283579329826 -3.740136836978032 -5.2850447132901435 -7.1001987233011175 -4.883728803270747 -7.523484213185105 -4.804415249869319 -7.0133315810402035 -5.274475226335221 -6.840155190935065 -6.531452009044717 -7.006366741378322 -6.469073867786818 -7.917542922315405 -7.532297357219998 -6.24864981975468 -7.878997460684753 -7.7625524869781986 -6.198545399668291 -6.606370189573422 -7.087699394057427 -4.935968308848774 -7.011763938077628 -7.953104716409532 -6.6361832006791595 -8.352958577201974 -8.533867156791919 -5.29632810679844 -7.7329105508036085 -5.496890093885981 -7.268935973013014 -5.898435252577577 -5.33141053443128 -7.189972345500815 -5.8611106502520505 -8.3751295727054 -8.432597284004698 -6.546757128291897 -5.840007920545195 -6.505088007699011 -6.592461074746938 -6.102927532407417
60
 -3.018080218187434 -7.313262834179479 -7.791530447911595 -6.202300297321256 -5.993863001460378 -7.533946339112325 -4.209918227023516 -5.8424947046491305 -6.938003027614699 -7.960255324197766 -7.332142293503338 -6.496622784583092 -4.89740307906106 -5.595931045478976 -5.930052332548083 -6.102303979502963 -6.15523256085171 -5.394799219811333 -6.713586195702788 -7.378797328645081 -8.352001358836663 -6.546945461711121 -6.862349938674911 -5.115119377640139 -6.851034274929393 -8.144177056697977 -5.847893164724812 -6.749164945330415 -5.116734139779861 -8.077918456370902 -7.7993929600916285 -6.086914916077005 -7.695190432211938 -6.4934419097815885 -6.010946572511249 -4.5240047121533005 -8.221088437162978 -8.182907096760992 -5.7773786364414415 -6.780778409360384 -5.945999265298794 -6.4976151581117385 -4.817405093557593 -4.4253435851160425 -7.562934990859512 -5.953794837599936 -4.0759196885684785 -7.371957966216293 -7.862585804033175 -8.393178549044695 -6.492585151923518 -8.166462927731162 -7.125440383627674 -8.126922649543706 -6.894519021717659 -8.704369448039337 -6.836060046777041 -7.340643369794286 -4.083463137302134 -5.558981948724762
60
 -3.018080218187434 -6.813462385848449 -8.382176537373752 -7.070683755496669 -5.996082401984246 -7.949233190591483 -8.07902903149637 -7.684157675697205 -8.260662221100981 -8.025538511829417 -6.9341920978184195 -8.451549711754469 -5.524707523682069 -8.584919940016622 -7.451648908685485 -5.194207171403465 -6.031210135022827 -8.563164813895408 -6.618653472061075 -6.722065876347169 -8.398637918214805 -6.708187741821278 -7.925059808373567 -7.151302311904632 -7.59627543021419 -8.140644045848058 -6.551755778096934 -6.856217223116708 -7.600595176037203 -5.6511142015137334 -8.687672625135697 -6.992573755023531 -8.472312797877022 -7.5709441976650895 -7.535091819654338 -7.65080362716085 -7.484207110252499 -6.937057379636855 -8.872795109324377 -7.38926289838094 -6.440937226951963 -4.703275809348218 -5.679666532006758 -9.397822479008296 -6.416661827140537 -7.827260702061377 -4.038423486732774 -7.043233867538995 -8.290997337194064 -8.005875969309729 -4.6703688983339795 -5.914269052159999 -4.955443013105704 -7.795230698048949 -7.587409067904511 -6.1523611833402 -6.433962188740876 -6.829287084236378 -6.057699964932171 -7.501195176834178
60
 -3.018080218187434 -5.983770684701906 -7.336780515032318 -4.173772372294083 -7.888451292875911 -8.432612099735657 -6.770161375440809 -4.498845517153442 -7.235655604009797 -4.855106695719405 -6.992150343188161 -6.138886095302589 -6.29831200445909 -5.246794534465008 -8.591783598467288 -6.084308188380053 -6.648147951828135 -8.136590157204413 -4.180852124354329 -8.478675691701257 -7.081989298267599 -7.689074166996481 -7.812541278123 -7.653596507004744 -8.06670725952457 -3.964024569489692 -6.732010673702212 -8.33613460652599 -6.34018738327344 -6.394293180193812 -3.949488874800757 -7.660523956929177 -8.087038626726633 -4.862827214436114 -8.080525043681202 -8.21875650270327 -5.0610514810661495 -8.37604650703658 -6.926746353517894 -7.5399162321114215 -4.859824841960669 -6.900826872921844 -6.217641760529482 -7.142686141045345 -7.127917546873523 -7.796062115529565 -5.674348216706032 -6.244545005466621 -6.993975698585458 -5.5944826688278635 -6.989444966570781 -8.099471729573242 -6.290667384181559 -6.555026381009455 -7.097709643985507 -7.764484271515962 -8.894206581287124 -6.3954045644988335 -5.226447785095857 -8.110379100836898
SGD:0.005
10
60
 -3.018080218187434 -4.424861343108341 -5.237525235583164 -5.8890988524703545 -6.394575887865298 -6.75391344527424 -6.724924649075423 -7.248411238247261 -7.739790258635055 -7.753257218476894 -8.235550353236391 -8.668432250224885 -9.19943896965433 -9.266387469243629 -10.033850964265081 -8.144652451992686 -9.535505735072022 -9.802704743549356 -8.072575572475836 -8.99618506390567 -9.716796008734962 -7.19322217803026 -10.464686264306113 -11.279754227100534 -11.006400989882994 -9.067548813476673 -10.012140797921399 -10.151823704114928 -10.406685453744656 -10.542367399194635 -10.892430827609541 -9.179431559778697 -9.909045823214749 -10.177772818660069 -9.306593954624121 -9.42296559779315 -11.918701924040263 -6.465153423335501 -7.785589060980167 -8.755779998913992 -9.141229380175472 -11.788774917831192 -11.081973141517565 -10.474482725286641 -10.962395648546455 -9.22496496795497 -9.867842828345008 -11.21048802039173 -10.886754429912047 -11.587541465988098 -11.442859029667689 -10.790715150558897 -10.696550938313443 -10.268568635200658 -11.831396130537044 -9.948923783768047 -11.05008910345787 -10.534330727550692 -9.284877409042412 -9.412148475010687
60
 -3.018080218187434 -4.419604891206887 -5.193210539679334 -5.8089932474791395 -6.423515167853716 -6.8273801122655255 -7.1481587464158425 -6.927860445453502 -7.702494793224983 -8.160118955310288 -7.833639938432589 -8.717382977994475 -7.137653461591965 -8.400323944448074 -9.601303147852494 -9.490228022756217 -10.147002603917427 -10.15430882297812 -9.971389269979376 -8.688155917611509 -9.597285363717813 -10.681811117578661 -9.620581105085156 -9.673172131875436 -9.228761142813338 -9.520855413356728 -8.098716102422834 -10.897297457990389 -9.760771457488984 -11.50513210075428 -8.40806341013488 -8.789099798939649 -9.423277384504603 -11.710186008215448 -8.757282795426141 -10.806931600526239 -10.803594695230204 -9.144834943076399 -10.405960691418969 -10.740536890915964 -10.727837512514139 -12.123649730438535 -8.171985976121658 -11.141459572744008 -9.730558691257661 -10.474755463015354 -8.869471341184076 -8.642455291482843 -9.443545893682336 -11.020068040022469 -10.922391584344448 -11.279915149425815 -8.28857400061631 -10.686213678875893 -8.017118804470387 -9.70860274094075 -11.764473508207695 -7.321642478388176 -9.935364373510446 -9.165791925949511
60
 -3.018080218187434 -4.4350088606690585 -5.184945364271467 -5.87157105555726 -6.338552643662393 -6.9145275840517 -7.290727674143745 -7.556442277453064 -7.5125012178751085 -8.297161024577289 -8.083978894702431 -8.918591549955485 -9.311453936097577 -9.20128209919137 -9.53242608825219 -9.54540562364018 -9.275209169212891 -9.036541019034498 -10.074839720856186 -8.705550278377256 -11.144001495993102 -10.271887156877526 -10.019184763584533 -11.344791797599164 -9.806555287612904 -9.606165118085228 -10.772988776310548 -8.06459092767483 -10.26789486541569 -11.269196175620802 -9.722730475381958 -10.068444775792223 -11.702689404661966 -11.319263086691342 -9.424063870743943 -10.401574540339123 -10.264753013770056 -11.588826899942903 -10.767304055342429 -10.58256967272169 -9.690291309311158 -8.854961784553721 -11.30986761682607 -10.38373791273207 -10.779154980430093 -11.386509506247764 -12.117921347075887 -9.774678854636779 -9.417671131575803 -9.028832649176072 -12.09019089565263 -10.100878208901007 -12.53936712036253 -10.262105582675636 -9.637193800819746 -7.929008642253951 -9.373731140121155 -10.585006755345752 -12.003664074871566 -8.914857970535259
60
 -3.018080218187434 -4.365193391035143 -5.225175586350251 -5.672171539790017 -6.359195454955295 -6.764022866700679 -7.3306615809163045 -7.619593493944948 -7.3093077398917545 -8.306175122373014 -8.305933191085803 -8.314660674509872 -9.149065306922415 -9.190396041349771 -8.081540501432412 -10.320777075008435 -9.8068221459175 -9.116507009334892 -9.800653625718414 -10.549125847889071 -9.610465641773086 -9.576008980996319 -10.369166124508073 -10.649872250324549 -9.919510194340631 -8.352528229958088 -11.39969036771076 -11.843486216027582 -9.643045893529793 -10.937523452880844 -11.354718263918821 -11.030025668759233 -10.123645442458644 -9.046400321957671 -11.20331334833788 -10.995846530285492 -10.42699027058076 -10.951105679276198 -11.545218468835039 -11.22496522963865 -9.523069415805947 -9.306815594517452 -9.78146074483555 -8.739637423772974 -9.088263351444398 -11.067144585878705 -7.913315483978317 -10.895319093538147 -11.967960003891404 -10.042671563895896 -10.70702736749384 -8.843371915569387 -11.03981693475309 -12.12692136071494 -9.56744943592835 -12.525297285985193 -11.806291950983953 -11.807862915556873 -12.098583661876605 -11.57257443599473
60
 -3.018080218187434 -4.445593158112544 -5.2731610809217635 -5.882614642467279 -6.329017899265807 -6.880494848487664 -6.989547668388238 -6.801677760331665 -7.773028430690984 -8.253041141397626 -8.228483665148486 -8.91924841565667 -9.154340715117353 -8.49535383704759 -8.330824565867214 -9.137458896727528 -9.762493615692577 -8.019409206507541 -8.349261456393611 -9.596398968909945 -9.699083280341183 -10.529190942498975 -9.113168211117015 -9.352172490537772 -10.984265207135502 -10.771030704347666 -11.054883403912424 -9.069908669131006 -10.925362975972972 -10.412930679481608 -10.460593112449928 -9.726413161318378 -9.712036264198394 -9.83215820020035 -9.45518195558431 -10.551782419861958 -10.801929728613725 -9.968724796943073 -10.539255425701265 -11.168171162301263 -11.341167388470277 -9.875041851286875 -10.173487079949043 -9.86868992482913 -9.365873808668832 -11.040924974657571 -9.31210692214336 -9.768445305181803 -9.967638187324503 -10.839789926877856 -10.28247013393485 -11.19481231829266 -10.919598470377112 -9.936573260971738 -10.509446416792835 -9.557941195980755 -11.611289909480437 -9.940347511441622 -11.070373193052234 -11.540494474847156
60
 -3.018080218187434 -4.399462964070986 -5.162924910114894 -5.669156383213832 -6.2684313722900225 -6.509823560306199 -7.273219984764978 -7.36301638992966 -7.670410838936165 -8.253575180540606 -8.614291857042732 -8.409810364384954 -9.00971746756811 -9.284839862996046 -9.079159387121404 -9.070191995959616 -9.96381730957655 -10.08863486164014 -9.491657862760423 -8.433967632562565 -10.579090388245268 -9.04068449298029 -8.208053420936345 -10.118300585764207 -11.258771035531387 -9.612093580522854 -10.436442756892832 -7.547038875983504 -8.04514105807424 -10.082223543459683 -10.332588193991109 -9.746160649427127 -11.331905913267477 -9.0781150319033 -10.745688874295508 -8.061014320464984 -9.501864470298573 -10.635212963986492 -11.454954185154135 -11.117001773325079 -11.531499356019275 -10.327906286270087 -9.376830647990932 -9.317960581245318 -11.189028532700773 -8.85958350081591 -10.443971858986762 -10.060010696203944 -10.131945153280821 -11.089357554561634 -11.828748047904247 -11.098714354425478 -12.61134566528001 -9.278693331649347 -8.044531872434396 -11.920159980616242 -9.199501833257532 -9.1058748582138 -9.804023407614368 -10.472814704288977
60
 -3.018080218187434 -4.382042934196466 -5.168239843951282 -5.699212534043164 -6.369478513952362 -6.817329316087839 -7.310858865780079 -7.5193867165341 -8.042822028143261 -8.16272799181366 -8.475343492406493 -8.939266253012763 -8.62239909343509 -8.430247150140724 -9.511335184224071 -9.67200397863766 -9.873285899206156 -8.505598178186732 -8.897587406892763 -10.36054301404656 -8.82892259415755 -9.147254051959798 -9.794999237430929 -8.797017500024333 -11.003051392879888 -11.284959179880248 -10.9841944425544 -11.142145496411011 -9.26754235320645 -10.196848503695962 -8.840673717290526 -10.62259041562611 -8.93778596037829 -9.55625200241694 -10.134891004193143 -9.141969688067078 -8.97381354183827 -11.047882299605233 -9.439834813183376 -7.8620667841165375 -11.358193718378354 -11.081892526788533 -9.26798028857761 -9.858625048490683 -8.610409395590125 -10.738863520211693 -9.494622775418396 -10.095187718532081 -8.916845846289414 -11.057913801811843 -9.331132594112988 -11.74902207009269 -9.378270915664407 -10.207350435382628 -11.222308758514538 -8.971831128632985 -9.65153908851419 -10.37380359177495 -9.858176486839595 -9.735373015507996
60
 -3.018080218187434 -4.3509074259822755 -5.256658700240425 -5.581086955325065 -6.159041285166638 -6.725370251064041 -6.942176483221373 -7.481376682600298 -8.000243118098789 -8.229556727197204 -8.65472719124861 -8.936416714632161 -8.969265096459125 -8.955991615558695 -9.117918825214606 -7.969381497840631 -8.88526336187519 -10.190974869830113 -8.301868270287148 -8.415787592799294 -11.191821508745162 -9.872225383906242 -9.745433271675935 -9.542611072951704 -9.494265939830745 -11.145994963507217 -10.807492325973113 -10.885042883523237 -9.589420314958655 -10.7881321045073 -11.434382426088575 -8.828890199205112 -11.56680916813583 -10.721953083188692 -10.254732191117157 -11.101056243724813 -10.554821078293555 -10.977191917564776 -10.870388474010918 -11.385294047059212 -9.41455811924151 -8.931856824391405 -11.066479505081766 -11.233885755676408 -9.283266083546653 -8.652854460129497 -10.07292161997129 -9.800700986927104 -10.309022162796179 -9.73511334282746 -9.869147240636103 -7.963005628053244 -9.618488984223164 -11.297311766169791 -9.68593272259745 -9.120621436120336 -9.03562971995863 -11.808613297483019 -9.487258031539453 -10.73269824214632
60
 -3.018080218187434 -4.391836423999745 -5.245773580912916 -5.873500152244677 -6.408588882413501 -6.756439713294956 -6.780078670004747 -7.445549589748555 -7.8615293701754405 -7.5506208599765365 -8.315946670332421 -8.228780608463735 -9.22837771206395 -8.666043510327967 -9.438994484481036 -8.903717126907216 -8.182463237292167 -9.094114548675327 -10.425070633593322 -10.149769989329691 -10.419236785410375 -8.466975135035662 -10.62335606707061 -9.724367864134832 -9.172708229045067 -11.971747476822397 -8.635608557225526 -8.113672327526753 -9.002557128395104 -9.831691812280763 -10.147423504202813 -10.251997648367801 -10.012044621713098 -12.348470797100967 -10.82931613391651 -10.458614562177384 -9.556163445025776 -9.728609806621888 -9.801412302720289 -11.511707275161736 -11.623092958998111 -10.48492150416921 -10.98207922707677 -8.122970958557138 -9.887603084832785 -10.58127546264963 -9.829356408484694 -9.582468982501192 -8.879183302776035 -9.704009204166953 -8.259970954826429 -9.517899440896507 -7.701747003641189 -9.397511466959998 -11.54355216456407 -11.483230083588186 -11.016436124735963 -8.433662495319588 -12.050003379528961 -10.672465543070377
60
 -3.018080218187434 -4.3909740925679195 -5.2179549797037765 -5.715569516115978 -6.292128585883433 -6.8245623474444175 -7.319925215388415 -7.527177134575459 -7.559303399420755 -7.535490908196234 -8.32313631769336 -8.689847888217809 -8.689852064482835 -8.626793328098762 -8.47726836756427 -8.59143124141702 -8.441680049366306 -10.014982528371782 -10.607092801172545 -9.848898169386894 -9.074466259395113 -9.20642248641744 -8.643295174438814 -10.325569079806268 -10.742934536127699 -10.281072064237478 -8.742768071020937 -8.518865426866533 -9.815659157109131 -9.669589760988364 -8.504960399401218 -8.24456651527159 -10.705217015440319 -9.403290363236664 -10.356002279436161 -10.982088737546746 -11.016528732341584 -11.051064007744028 -10.905069744742509 -10.876685129761064 -9.503001108533288 -11.232808312449109 -11.445694739657267 -11.585144519796202 -9.606313747342101 -9.270330744193306 -11.279969072206738 -11.209582041490044 -10.90920543037002 -9.769810579727663 -10.1528106624387 -10.698195124126936 -12.133889323574204 -10.883183747546779 -11.166985880443878 -8.928404473045143 -11.688534850084418 -10.734690453474494 -10.48180500531128 -8.59179851144416
steps
10
60
 0 10000 20000 30000 40000 50000 60000 70000 80000 90000 100000 110000 120000 130000 140000 150000 160000 170000 180000 190000 200000 210000 220000 230000 240000 250000 260000 270000 280000 290000 300000 310000 320000 330000 340000 350000 360000 370000 380000 390000 400000 410000 420000 430000 440000 450000 460000 470000 480000 490000 500000 510000 520000 530000 540000 550000 560000 570000 580000 590000
60
 0 10000 20000 30000 40000 50000 60000 70000 80000 90000 100000 110000 120000 130000 140000 150000 160000 170000 180000 190000 200000 210000 220000 230000 240000 250000 260000 270000 280000 290000 300000 310000 320000 330000 340000 350000 360000 370000 380000 390000 400000 410000 420000 430000 440000 450000 460000 470000 480000 490000 500000 510000 520000 530000 540000 550000 560000 570000 580000 590000
60
 0 10000 20000 30000 40000 50000 60000 70000 80000 90000 100000 110000 120000 130000 140000 150000 160000 170000 180000 190000 200000 210000 220000 230000 240000 250000 260000 270000 280000 290000 300000 310000 320000 330000 340000 350000 360000 370000 380000 390000 400000 410000 420000 430000 440000 450000 460000 470000 480000 490000 500000 510000 520000 530000 540000 550000 560000 570000 580000 590000
60
 0 10000 20000 30000 40000 50000 60000 70000 80000 90000 100000 110000 120000 130000 140000 150000 160000 170000 180000 190000 200000 210000 220000 230000 240000 250000 260000 270000 280000 290000 300000 310000 320000 330000 340000 350000 360000 370000 380000 390000 400000 410000 420000 430000 440000 450000 460000 470000 480000 490000 500000 510000 520000 530000 540000 550000 560000 570000 580000 590000
60
 0 10000 20000 30000 40000 50000 60000 70000 80000 90000 100000 110000 120000 130000 140000 150000 160000 170000 180000 190000 200000 210000 220000 230000 240000 250000 260000 270000 280000 290000 300000 310000 320000 330000 340000 350000 360000 370000 380000 390000 400000 410000 420000 430000 440000 450000 460000 470000 480000 490000 500000 510000 520000 530000 540000 550000 560000 570000 580000 590000
60
 0 10000 20000 30000 40000 50000 60000 70000 80000 90000 100000 110000 120000 130000 140000 150000 160000 170000 180000 190000 200000 210000 220000 230000 240000 250000 260000 270000 280000 290000 300000 310000 320000 330000 340000 350000 360000 370000 380000 390000 400000 410000 420000 430000 440000 450000 460000 470000 480000 490000 500000 510000 520000 530000 540000 550000 560000 570000 580000 590000
60
 0 10000 20000 30000 40000 50000 60000 70000 80000 90000 100000 110000 120000 130000 140000 150000 160000 170000 180000 190000 200000 210000 220000 230000 240000 250000 260000 270000 280000 290000 300000 310000 320000 330000 340000 350000 360000 370000 380000 390000 400000 410000 420000 430000 440000 450000 460000 470000 480000 490000 500000 510000 520000 530000 540000 550000 560000 570000 580000 590000
60
 0 10000 20000 30000 40000 50000 60000 70000 80000 90000 100000 110000 120000 130000 140000 150000 160000 170000 180000 190000 200000 210000 220000 230000 240000 250000 260000 270000 280000 290000 300000 310000 320000 330000 340000 350000 360000 370000 380000 390000 400000 410000 420000 430000 440000 450000 460000 470000 480000 490000 500000 510000 520000 530000 540000 550000 560000 570000 580000 590000
60
 0 10000 20000 30000 40000 50000 60000 70000 80000 90000 100000 110000 120000 130000 140000 150000 160000 170000 180000 190000 200000 210000 220000 230000 240000 250000 260000 270000 280000 290000 300000 310000 320000 330000 340000 350000 360000 370000 380000 390000 400000 410000 420000 430000 440000 450000 460000 470000 480000 490000 500000 510000 520000 530000 540000 550000 560000 570000 580000 590000
60
 0 10000 20000 30000 40000 50000 60000 70000 80000 90000 100000 110000 120000 130000 140000 150000 160000 170000 180000 190000 200000 210000 220000 230000 240000 250000 260000 270000 280000 290000 300000 310000 320000 330000 340000 350000 360000 370000 380000 390000 400000 410000 420000 430000 440000 450000 460000 470000 480000 490000 500000 510000 520000 530000 540000 550000 560000 570000 580000 590000
