10
SGD
10
41
 -2.9362182730142337 -4.3329839327370765 -4.200124487246023 -4.183890976561212 -4.161651754321021 -4.168635258664933 -4.146702602737981 -4.1409941023301355 -4.148502024517052 -4.150134458922522 -4.144499237173406 -4.1429089782893795 -4.145859342214225 -4.147519316850724 -4.1377980349580605 -4.137053571434885 -4.141911943119513 -4.135672410784279 -4.137399591051397 -4.146220858848171 -4.141830172613349 -4.133471019408057 -4.134436540904716 -4.134952143495732 -4.134242412613283 -4.133503249325363 -4.133686645361679 -4.14782199722598 -4.134871164335246 -4.133987706155002 -4.136057292514896 -4.137759537760302 -4.14059052850799 -4.138378751392906 -4.13313351176601 -4.13323139973527 -4.135008116463451 -4.1330877771324674 -4.14147691860368 -4.133955289075925 -4.1393983092966335
41
 -2.9362182730142337 -4.35421902093447 -4.1927724264829305 -4.161750916890666 -4.153978191245268 -4.159328961014053 -4.147801787672547 -4.158317643912243 -4.204905293885288 -4.13851204036268 -4.189737000422944 -4.146526121939498 -4.147510974065634 -4.142699879650375 -4.1407610525866385 -4.138694100877652 -4.139694097237007 -4.138642425203797 -4.136436942835713 -4.142862213078956 -4.141709400705762 -4.1463191810806626 -4.136371451032052 -4.139701631052707 -4.136057934286988 -4.135629126549609 -4.138492478423287 -4.133964939740844 -4.146878638251872 -4.135280901948658 -4.133879196874782 -4.134907368453909 -4.135228366204003 -4.133924703950755 -4.138043424451897 -4.133568853921484 -4.138901653334387 -4.133183484868792 -4.135049820719363 -4.132997656243239 -4.137700691920334
41
 -2.9362182730142337 -4.196980637446978 -4.214792247180195 -4.231102288754692 -4.14948752770613 -4.14880080999453 -4.1441068325303645 -4.193205393129207 -4.155091907356843 -4.141100771776148 -4.141300594804517 -4.14370990712141 -4.142471113211567 -4.139456081947818 -4.1379900853941844 -4.137202068171464 -4.137099266032937 -4.143333563329764 -4.137863118673665 -4.139767178238314 -4.140274998036539 -4.138476270967026 -4.135664716162546 -4.136531052109191 -4.136359645797194 -4.1345994619996915 -4.1351381337080655 -4.1341860745204055 -4.134065017070143 -4.135098143037413 -4.136044787879853 -4.1373319989439885 -4.134266326009307 -4.133571350815768 -4.13501289842817 -4.1333892471706815 -4.136760577671928 -4.134927988872696 -4.133495723498363 -4.133201255043778 -4.13403374209394
41
 -2.9362182730142337 -4.73521158739099 -4.231445563324703 -4.205868579738976 -4.165178155594762 -4.1504600518686585 -4.145543670368562 -4.141858501712759 -4.148990469738378 -4.154201512662231 -4.148163724070146 -4.1418939760646225 -4.1378873706330195 -4.138380935374238 -4.140567464527852 -4.13694706734659 -4.146165176446751 -4.141178429823168 -4.138806014030727 -4.141110206412966 -4.154492973097546 -4.141083179591367 -4.1382662867372 -4.136059689036315 -4.136869501496198 -4.1346764889368 -4.135547511757153 -4.135006339907173 -4.135952621901274 -4.134119949872155 -4.1336033792347795 -4.138443064709582 -4.141173884950841 -4.133277756549577 -4.133906702426408 -4.134091043515878 -4.132862053149257 -4.133865970773398 -4.134510507036419 -4.1368566931726205 -4.1327263113754995
41
 -2.9362182730142337 -4.3459243268998815 -4.174774192262578 -4.190294672276525 -4.151221862706776 -4.168379265449476 -4.1693401694406615 -4.145872507765504 -4.148843138521991 -4.180111532375774 -4.145172935417387 -4.144500159174668 -4.146130011429796 -4.135608259413238 -4.1414992292356265 -4.1356112371681455 -4.13530294356502 -4.136209970034294 -4.135208649873279 -4.1357168905151775 -4.145320538513606 -4.173980346627529 -4.1372579485990935 -4.135149323512946 -4.134884113997987 -4.134773557512389 -4.133496216846226 -4.135785683785585 -4.138305598628207 -4.1390077074198635 -4.134878599789969 -4.134711313839968 -4.141660716579535 -4.134346400561153 -4.136398144394884 -4.134190725616776 -4.136770834416769 -4.134209529346175 -4.140187758522882 -4.133935307013512 -4.1351888234572804
41
 -2.9362182730142337 -4.258657487004702 -4.204196885026834 -4.216937463609907 -4.173552531999386 -4.297553279159268 -4.155185568215865 -4.166744615991775 -4.148671749486271 -4.163027841621875 -4.159525137274632 -4.144997020197699 -4.142786408339064 -4.143408810353696 -4.1504451371373525 -4.141696008069137 -4.138175742395472 -4.1440584218339795 -4.1398210356802 -4.138800805208604 -4.139026691799646 -4.159825627642927 -4.135561106758419 -4.135751905919295 -4.136213928605351 -4.143426686731758 -4.137972513513213 -4.1367601400144665 -4.1358841881625406 -4.135718042691428 -4.136599306822873 -4.136127817290086 -4.13722488413733 -4.135394473842467 -4.13601849377353 -4.136807675034368 -4.136566855552011 -4.135060970610727 -4.136366964574454 -4.13403557879419 -4.135590176435381
41
 -2.9362182730142337 -4.270085644940468 -4.171297195749222 -4.186378512732243 -4.154566828611504 -4.160852428139106 -4.142762211271262 -4.1462384785577955 -4.143762316060259 -4.155245487122678 -4.147800212524911 -4.142290660547526 -4.1409758988361745 -4.14520551389717 -4.1504301132407875 -4.137899642648472 -4.148755393165379 -4.144191170647105 -4.139278431103332 -4.1376722042086636 -4.135391878201527 -4.139803843874182 -4.138478533750362 -4.136530560343164 -4.143124195654656 -4.142593792286794 -4.1440036797333795 -4.135373328823636 -4.135911142629831 -4.134961649337926 -4.134999177025841 -4.137009367018498 -4.136203542695728 -4.136584803320931 -4.13481074661403 -4.133554447703484 -4.133461493775011 -4.1350249979627804 -4.1329542529095455 -4.132906433751954 -4.133558377751523
41
 -2.9362182730142337 -4.286151750367333 -4.382556293734722 -4.165570104757058 -4.15823421179098 -4.160893493182683 -4.154383959833238 -4.141332936856803 -4.145538523145346 -4.141227406112258 -4.150196608249576 -4.140675972730813 -4.139124819888148 -4.135806947252909 -4.138667621365006 -4.141244359197318 -4.140089149428339 -4.137419897374716 -4.139657974642504 -4.144280302848372 -4.143091555399164 -4.138522438088801 -4.138346909659789 -4.1420639557021754 -4.135809792660886 -4.135326309286606 -4.13631000801159 -4.133781806333301 -4.138867673403652 -4.135718756852917 -4.133332832766104 -4.134435950712043 -4.136934674401087 -4.13616564777114 -4.133329717671703 -4.133983039269105 -4.141015396207691 -4.1354618698742485 -4.133035510621492 -4.134295909613263 -4.132410205713295
41
 -2.9362182730142337 -4.217979536730848 -4.2138327605363495 -4.185012628742325 -4.158246136332571 -4.155191679226278 -4.149244238753591 -4.149540479197755 -4.149443329172238 -4.1531731619834185 -4.145551535176932 -4.143020531550322 -4.157912329075612 -4.153270168156965 -4.152007356296721 -4.142379681122722 -4.152412645491565 -4.139822489751035 -4.136697595106308 -4.13696482856006 -4.1397035794430606 -4.144583930021026 -4.138235364218841 -4.146335375331739 -4.139515323219741 -4.13618312325203 -4.153243374920261 -4.135440305320745 -4.1398898148661285 -4.13539060254526 -4.1379727088257034 -4.135966203963149 -4.136130630061977 -4.136368608362313 -4.134559454764525 -4.135036292774776 -4.137963977789079 -4.135045768553376 -4.136220733958831 -4.134531467203679 -4.138713713005643
41
 -2.9362182730142337 -4.234446548876797 -4.1827015737969395 -4.17452347662923 -4.168251070037292 -4.144992950174876 -4.1471039589515915 -4.142486263145711 -4.141903490642258 -4.143260775767514 -4.140170274685685 -4.13861913846253 -4.140435218263425 -4.149273086468756 -4.145690750373196 -4.140022189690487 -4.136075128593087 -4.143004005189507 -4.139340961144455 -4.136663352909335 -4.135835490692592 -4.134327423921674 -4.1455722455142165 -4.1519567319423 -4.135457892349695 -4.134327341052158 -4.135970958182714 -4.138460479268697 -4.14213067865698 -4.1351218259603995 -4.135408344026799 -4.133499184103307 -4.135406757301762 -4.134544956718163 -4.133666136521174 -4.136428546045875 -4.133713548590807 -4.135946247554486 -4.1327164530206515 -4.132634001628335 -4.132585334759721
SAGA
10
41
 -2.9362182730142337 -6.366488555281637 -6.716544140887052 -5.573156228439672 -5.162918479733373 -4.903128131938949 -4.757006809489308 -4.6299649591392775 -4.50707271946062 -4.47656677429742 -4.401275114898809 -4.3476931622271895 -4.309266174434758 -4.281733947632806 -4.260425319624486 -4.243118024583073 -4.239207841452789 -4.21567832543362 -4.205617599425515 -4.217020359635707 -4.1978059649718915 -4.180791147072353 -4.173402355269856 -4.168192307747463 -4.1634565486664386 -4.160860762629222 -4.160732835988195 -4.1543536253333615 -4.1518257135950165 -4.15114921419998 -4.148299387632925 -4.174249547131277 -4.145332997089146 -4.141776988155913 -4.1411266637021855 -4.142236738118871 -4.140116525458069 -4.143368506891165 -4.137609657982692 -4.136443187166233 -4.13795032134641
41
 -2.9362182730142337 -5.607485795762411 -6.6638974639004855 -5.54012395041146 -5.12301747309943 -4.878406729957021 -4.704305324905412 -4.576489472566377 -4.507057331307674 -4.4270183901625915 -4.389507599457834 -4.348917802569065 -4.3076842964467845 -4.301372620872438 -4.260380687811646 -4.256319106608793 -4.252008833020779 -4.212248339438192 -4.203544529502372 -4.196206249392528 -4.187460627663043 -4.178001670987927 -4.173090463053733 -4.1702039320627655 -4.164539394206086 -4.1775311063814025 -4.156187724171768 -4.153824511282894 -4.149899484998543 -4.148038146640481 -4.146390064989425 -4.143778652346697 -4.143016438230521 -4.141099028966583 -4.140859738012076 -4.146048514032293 -4.137608018910664 -4.13683426427737 -4.136186698928265 -4.135507035575718 -4.1360484047620245
41
 -2.9362182730142337 -6.303285514009321 -6.678704270762837 -5.571539654758744 -5.116076952380137 -4.895655027258121 -4.721952808589291 -4.598109978557247 -4.5385051721976 -4.440377725121626 -4.383032398050681 -4.34022040645667 -4.3326154459899575 -4.292731865011493 -4.262287579175862 -4.251692798933858 -4.233216407972214 -4.219606597091422 -4.202608956073977 -4.210395248364472 -4.1888196399026105 -4.175513548637985 -4.177324389911209 -4.1753633511729 -4.164718281864518 -4.173901410896767 -4.155442803365125 -4.157567692444271 -4.153444396905044 -4.149050130581331 -4.145184969940401 -4.144138564008254 -4.14345362974924 -4.143229719943505 -4.139583426869554 -4.1450330583864945 -4.138378736033837 -4.137044495992472 -4.135740347918206 -4.135084930854092 -4.138761809096471
41
 -2.9362182730142337 -6.263086617235856 -7.155717188467497 -5.5657630960016355 -5.233221281679126 -4.8702169767419425 -4.705581892134873 -4.601939190154355 -4.508345603154801 -4.452408504663217 -4.398600325334792 -4.381254620592342 -4.316100270410378 -4.308205356937891 -4.263451984090399 -4.243712348568439 -4.229100396014573 -4.214438673178492 -4.201857134722566 -4.193798544588993 -4.187325385404419 -4.184704747104396 -4.169984138738202 -4.170187292407396 -4.165209283810369 -4.1609326613587445 -4.155526571828785 -4.1593021702893775 -4.149889651608121 -4.1466867776108645 -4.144588150909564 -4.146790206914262 -4.145127743571242 -4.142055831648687 -4.1403813722062335 -4.14317736734393 -4.1398446560452635 -4.139488913273944 -4.137685401714343 -4.1360599628524355 -4.137405685840124
41
 -2.9362182730142337 -6.3011751452870275 -6.746378624409015 -5.593151056392269 -5.1875175507900195 -4.884683246886329 -4.740545769823806 -4.587247097776105 -4.5235060532317934 -4.484851073978177 -4.385233420019496 -4.360723042865234 -4.313185579081529 -4.286230586815228 -4.2610978161749 -4.249794357816103 -4.235039965886405 -4.2139183286952555 -4.2020668587383785 -4.194971290437288 -4.209097807250947 -4.200578209194748 -4.175956908194954 -4.165741865532275 -4.163317519881383 -4.167820183712184 -4.164898577247161 -4.151585776524229 -4.149459919023022 -4.149512957047472 -4.144684159117851 -4.146787650041309 -4.142506434846507 -4.143757466702587 -4.141744864439574 -4.140621437284158 -4.137852404391099 -4.13778082615414 -4.138326923554517 -4.1377600438355255 -4.136201170897741
41
 -2.9362182730142337 -6.299690599932117 -6.685861651080967 -5.578017565677145 -5.113171633058094 -4.900724961658883 -4.704146728410548 -4.610822072935048 -4.51842378106809 -4.441710019721012 -4.383781421109052 -4.343419204223256 -4.3066356721514945 -4.315615273850991 -4.29451707256442 -4.244352028768462 -4.234590985472791 -4.223672854689037 -4.205249123772624 -4.23368204850785 -4.201295488705841 -4.1788071933989315 -4.173226247425793 -4.167141711519231 -4.164716537356409 -4.159177087775249 -4.160456658759423 -4.153785962581844 -4.15176435259807 -4.1542848714275316 -4.145327517130361 -4.144769617253888 -4.147742566600771 -4.141892785244522 -4.140486874904508 -4.140200861989753 -4.137667507014004 -4.1363754043402645 -4.136147107755781 -4.136613976247861 -4.134968820920994
41
 -2.9362182730142337 -6.336636285979055 -6.652096994656075 -5.583285340746416 -5.130205726274643 -4.868885863207721 -4.731553057385603 -4.594541054969649 -4.555779680438338 -4.436959922993804 -4.383795253335894 -4.350160493073575 -4.312813380129902 -4.281260555185486 -4.272454598476469 -4.244697518604705 -4.244776664143267 -4.21474451012369 -4.202392642044394 -4.198163288470873 -4.184907413683648 -4.177319199229051 -4.172010277967772 -4.171472534618391 -4.164381124556824 -4.159820420254166 -4.15756383056694 -4.151364923362367 -4.151034030609758 -4.14846172083247 -4.145555380895692 -4.145317366447191 -4.143046576893134 -4.14271659535884 -4.147514389858451 -4.138655113816297 -4.138500777435156 -4.141931718320569 -4.137544918967539 -4.136162505829048 -4.136521676558935
41
 -2.9362182730142337 -6.298862156477797 -6.682673575548689 -5.567526931284638 -5.201407767680446 -4.878430693281119 -4.7017892273856585 -4.582165504128556 -4.515047570159017 -4.434163599168717 -4.393631791869828 -4.3721378967232205 -4.317318228369168 -4.280940644278802 -4.268081622336027 -4.254250869073881 -4.224541154732295 -4.2235758476325005 -4.2181216588627475 -4.202592392123672 -4.184254898080712 -4.177548290158652 -4.174551508711377 -4.166655514854687 -4.161138906526462 -4.158940711477416 -4.155640970938435 -4.154824485595789 -4.149840645114044 -4.149375349474299 -4.14502177569975 -4.1437033512458 -4.1450802257504975 -4.141265886619713 -4.1395677917748355 -4.1402857443715 -4.138991740536251 -4.136714168155929 -4.136627682159153 -4.136558447448341 -4.137147886679945
41
 -2.9362182730142337 -6.0944293629788895 -6.78227594021511 -5.590827776058112 -5.1421670064605784 -4.925270646836624 -4.737990593225645 -4.593494542664486 -4.49860394307508 -4.438270752412119 -4.383533875601181 -4.341998288938028 -4.307662328350173 -4.29617532258772 -4.259057824769576 -4.241109259788479 -4.224215882872111 -4.2159564568973655 -4.207214845037778 -4.192235123751414 -4.188224435118236 -4.190603423538069 -4.177139708462483 -4.166812453234062 -4.164524424857296 -4.160112435074921 -4.173533763561664 -4.153876739214307 -4.149707079338069 -4.146689700338081 -4.147629378015274 -4.145866006803071 -4.146294770145174 -4.14118787627099 -4.139347989192304 -4.138671181380822 -4.13898259326577 -4.139802269950883 -4.135506569698013 -4.135355491135186 -4.139361856916974
41
 -2.9362182730142337 -6.210677741828156 -6.722603230958219 -5.579661381372279 -5.128876043063652 -4.89570512178657 -4.706515166649853 -4.616538392103612 -4.510289559534042 -4.432414775092721 -4.42305423073052 -4.345915066657305 -4.320082905445906 -4.291789969666177 -4.273701558604923 -4.244080957221162 -4.225974900969008 -4.214512304373364 -4.203250341029482 -4.213075673829852 -4.186079777081654 -4.17700069998847 -4.180302937604878 -4.171689960688056 -4.163473537011447 -4.16177678857027 -4.157030522852011 -4.152894516747862 -4.152336429678967 -4.1470613851684535 -4.161792401798515 -4.145034484239453 -4.143340339677943 -4.14218385105975 -4.141447015280963 -4.143678124178116 -4.137449609151333 -4.137344444016644 -4.1390391067115795 -4.139203169415025 -4.138901893225193
ADAPTSAGA
10
41
 -2.9362182730142337 -4.390485436627281 -4.274413796887245 -4.27643371405687 -4.156712549295948 -4.196154578972527 -4.139154141350999 -4.195351857713359 -4.180589353282955 -4.155579715597337 -4.138722961370483 -4.1332951202732335 -4.136587479237302 -4.135634821875261 -4.140750300119529 -4.142288001208997 -4.175454164610654 -4.158807352986147 -4.1373999728745225 -4.136187608569116 -4.142027198540074 -4.13598858356464 -4.132485094009621 -4.139707249026377 -4.139393710839195 -4.140716598954965 -4.13328069467067 -4.132652537481716 -4.154579071999005 -4.132281339508863 -4.142114275915296 -4.140778827453703 -4.130055045133163 -4.130395601843763 -4.137846097872118 -4.131352686295233 -4.131890060455821 -4.127832690231211 -4.1276937560838585 -4.1276148020494245 -4.127630709480827
41
 -2.9362182730142337 -4.2939108144099265 -4.277570181025891 -4.284488975748009 -4.157577686632246 -4.224372087020621 -4.1386507754149715 -4.213341849167772 -4.162895119133172 -4.154644371566293 -4.13993729898098 -4.133509444919361 -4.138675207081714 -4.132250671375255 -4.14154043577405 -4.140248543445063 -4.173539238425656 -4.158560768786658 -4.136439085823729 -4.134725269229886 -4.143359947606467 -4.13523165537598 -4.133041489572561 -4.141070407804846 -4.139645916016211 -4.138295161089736 -4.133281973146839 -4.131886456129928 -4.154017896825752 -4.132185959461472 -4.1411472672857546 -4.140118719324505 -4.130206672533563 -4.130362718285051 -4.13907464091162 -4.131664646601884 -4.132856900430967 -4.127822830126671 -4.127700211259662 -4.127629230498798 -4.127606916091602
41
 -2.9362182730142337 -4.3484485274494595 -4.241836958301423 -4.3175819683834815 -4.153258762577223 -4.215810397354967 -4.138688783857607 -4.209673240638853 -4.160015475844083 -4.15265061682001 -4.138760874017431 -4.133735585226182 -4.13867404309448 -4.134030697059628 -4.139443362887693 -4.143327105609192 -4.17238637832853 -4.156670590625289 -4.137056882290158 -4.133771904396925 -4.144319190305173 -4.135368087374172 -4.1334538629932664 -4.137730006359424 -4.140730430838606 -4.139342255561186 -4.133342917305998 -4.131882794570985 -4.155373554868939 -4.132511483465626 -4.141350413594268 -4.139219314132779 -4.130423435308772 -4.130554906240563 -4.139674732690076 -4.131024350395601 -4.13335722486618 -4.127790520555742 -4.127663406532602 -4.127618685195055 -4.127607610362701
41
 -2.9362182730142337 -4.537131223783063 -4.278952864966128 -4.282744010431141 -4.1562289834175825 -4.220368472228201 -4.13889590108971 -4.197937787756918 -4.17186314206449 -4.154626206226469 -4.138565535553669 -4.133477756326637 -4.137489920577472 -4.1339098346623135 -4.143295343719268 -4.142898310811756 -4.178067184786834 -4.156388560835712 -4.136339321595093 -4.135840937253589 -4.143798510323004 -4.135390078693144 -4.134016710759377 -4.137056632634246 -4.139802115159717 -4.141561445738633 -4.133053116561407 -4.132833772957449 -4.153775902981135 -4.13224727760204 -4.142621620564644 -4.140217690862406 -4.130152902388022 -4.130227397692969 -4.137464269713468 -4.130957093209476 -4.1328762787944155 -4.127833624840875 -4.127796527788418 -4.127651114826482 -4.127646562871525
41
 -2.9362182730142337 -4.4528385110158055 -4.267625070304204 -4.283811139755114 -4.158553564465782 -4.212111834655446 -4.139821643872835 -4.210424349223485 -4.162462359102252 -4.15746492768334 -4.139041717199602 -4.134001695198187 -4.138658839105992 -4.133809012352727 -4.138663285542111 -4.141066491313026 -4.175349651692057 -4.154281846333232 -4.137435578265333 -4.136165880490858 -4.140522509630565 -4.1349045146503745 -4.133181984335507 -4.139303283839396 -4.1404173852078525 -4.138944012283375 -4.13303333949743 -4.132124776620912 -4.1561144533067 -4.132611294206898 -4.141607483999671 -4.137987292037124 -4.129977716574871 -4.130594196844393 -4.137924751080146 -4.1311770137106825 -4.133024166676082 -4.127832233159781 -4.1276728606866255 -4.127691945236182 -4.127611715463611
41
 -2.9362182730142337 -4.224004010899726 -4.279188694724023 -4.351867658876253 -4.156708863987211 -4.201272184751167 -4.140638935523276 -4.2126098525953655 -4.177011154988214 -4.154395003624782 -4.137548301637044 -4.133449312898331 -4.137754335373085 -4.134781869137902 -4.139220671486121 -4.141490494489165 -4.181487784664174 -4.154544580115404 -4.135480801775152 -4.1350055429082095 -4.143970776879434 -4.135170037099758 -4.134461284138987 -4.137499483378112 -4.13825664463337 -4.140770804990695 -4.132653227960324 -4.1324524181051965 -4.153731651136745 -4.132574800481443 -4.141905909319999 -4.13979598446097 -4.130200826217931 -4.13033772709918 -4.138649226040106 -4.130994867020909 -4.132593758047415 -4.127816813712916 -4.127666219315215 -4.127732980823186 -4.127771164960446
41
 -2.9362182730142337 -4.384247970789392 -4.258836566786691 -4.277198046248682 -4.150947642378349 -4.211312811090586 -4.13892609510906 -4.1972569397843476 -4.1660844215041335 -4.152119369251955 -4.138693650623918 -4.1328919588482025 -4.13717637851693 -4.133375406511344 -4.141005850363218 -4.142177805510326 -4.1696726856753115 -4.156754960682227 -4.1381926582873065 -4.137810151646194 -4.143495446753329 -4.136239408862039 -4.133941444384764 -4.137085296484505 -4.140815312476495 -4.139777975187959 -4.13227110347168 -4.132600914813872 -4.152401227992893 -4.131842124585188 -4.1444174986755025 -4.14061305847478 -4.13032635310225 -4.130540050605115 -4.13733454938602 -4.131272463197846 -4.132739964798151 -4.127805033803158 -4.127667403662019 -4.127632434131966 -4.12766409664641
41
 -2.9362182730142337 -4.283247725495448 -4.27401703214865 -4.280639407775671 -4.155008142806041 -4.1939348740439835 -4.139826150619116 -4.2026860009700675 -4.1645810053886105 -4.152192434559091 -4.140440714126573 -4.133488709331603 -4.140959170587527 -4.134016636512793 -4.14017046073267 -4.138810125401253 -4.170285918096276 -4.1566601562422685 -4.13546723934645 -4.135782156731703 -4.145477878655272 -4.135696172608579 -4.134064974853356 -4.139693402170779 -4.139493993969801 -4.1393551874133045 -4.133058907885698 -4.1324548063029845 -4.1515629993601175 -4.13231960217878 -4.141346302674096 -4.140847444960945 -4.130163020501916 -4.130464008139046 -4.13933519965031 -4.131338764263575 -4.133271563585467 -4.127819845702291 -4.127693231158788 -4.127689721410836 -4.1276280633514775
41
 -2.9362182730142337 -4.2778970207977425 -4.240954118378122 -4.276531919864843 -4.157470053219032 -4.200000776470538 -4.139180612636404 -4.208808655779205 -4.158116558346769 -4.152062414852696 -4.139456259216681 -4.132736833160137 -4.139390372562769 -4.134534068414344 -4.1403471542862 -4.139591906772552 -4.177240965220226 -4.157578730908247 -4.135767597961207 -4.135100096957241 -4.143236970620735 -4.136330151140258 -4.134189138404884 -4.13760147969067 -4.139572439199041 -4.141536196066415 -4.132760648487914 -4.132723064111667 -4.151355553706629 -4.132824867914647 -4.143103942097609 -4.140150893774844 -4.130200572047835 -4.130527426017523 -4.138100199365873 -4.130743419822353 -4.132723645942639 -4.127855208823326 -4.127736137801555 -4.1276304156670065 -4.127666022353745
41
 -2.9362182730142337 -4.262384291899067 -4.316949141643078 -4.286039775695288 -4.150967308344818 -4.2056384275378464 -4.13979925277671 -4.199155465703201 -4.173686115644991 -4.1540700058650994 -4.139051745522609 -4.133273159703674 -4.1383341399571965 -4.133255549054063 -4.141135401623982 -4.139953759969213 -4.1730316772067 -4.149534461719618 -4.138673223462517 -4.135211444495142 -4.145664873673069 -4.135095825596891 -4.13437400255802 -4.141172342098411 -4.139565751790972 -4.138826986833741 -4.132293916467015 -4.13267393142931 -4.152709432662443 -4.13150501204037 -4.141780307252669 -4.139502840225746 -4.129916663192833 -4.1303862832116165 -4.138135892866115 -4.131502972348919 -4.1325389348130175 -4.127966695310195 -4.127687759829315 -4.127621235794198 -4.127604182271149
ADAPTDoubling
10
41
 -2.9362182730142337 -4.482084201455006 -4.15746467148682 -4.146819897841621 -4.161130986267215 -4.138468138960666 -4.179161860048776 -4.146123404910644 -4.147262232322139 -4.156482590458474 -4.1353460111929214 -4.150911319343757 -4.236166450739942 -4.148492273022202 -4.141829235197994 -4.1505767793204775 -4.131306126208192 -4.142635042438067 -4.132931003514045 -4.139316651483871 -4.1334614660624975 -4.1321676078142415 -4.13589387605948 -4.130999055866746 -4.130038286289391 -4.13114805854899 -4.130914640204611 -4.1413986287016105 -4.1304771864163365 -4.131198827950431 -4.129858991107373 -4.129727095209931 -4.136136818762513 -4.13926275474399 -4.133285641587589 -4.136262212541406 -4.12971788854698 -4.129652899040531 -4.1339238633818 -4.128891529015263 -4.130118076752343
41
 -2.9362182730142337 -4.27691271467964 -4.1861758980065025 -4.171809947655689 -4.298082100709105 -4.166584663907151 -4.149410741894843 -4.156372406980258 -4.168109336471601 -4.16486019835177 -4.152878888864048 -4.144546649206509 -4.140092533630396 -4.131176702636955 -4.1323954409511 -4.137300902752026 -4.131479888573264 -4.1492701671076535 -4.139770214430523 -4.135857630524068 -4.154949093124532 -4.130695481689951 -4.130790800854613 -4.132595733986262 -4.132522926218708 -4.13282180112263 -4.132847905848528 -4.134492210568671 -4.145926075723264 -4.154690305202953 -4.1297258833184465 -4.129786614069665 -4.132697531045598 -4.128382407235341 -4.131989725198367 -4.132526891452756 -4.129879381135788 -4.13329557940241 -4.132135320797223 -4.128745846707195 -4.1313743197483825
41
 -2.9362182730142337 -4.450450648797544 -4.1718663645663066 -4.186740489289655 -4.244190992356383 -4.169191440666934 -4.150993826304122 -4.178825210783773 -4.137340928890607 -4.183649112991815 -4.268888285588133 -4.1393844785752325 -4.140383995520459 -4.150989325052484 -4.1333131412157975 -4.160034196959507 -4.1349374542997275 -4.131600259904891 -4.1306752613761555 -4.135883853254049 -4.1356757437752805 -4.1355250773298655 -4.148278272248151 -4.136657695092878 -4.136806294471489 -4.130406776942286 -4.134085009041647 -4.130808808209657 -4.137679138464518 -4.133636768899413 -4.134909342786395 -4.1298412517210235 -4.129634734879237 -4.1365745637782005 -4.128754726976937 -4.135111332855317 -4.1417778870253645 -4.1290846166246835 -4.129895364674429 -4.158300015569684 -4.133604152969204
41
 -2.9362182730142337 -4.530358515617264 -4.16568185681493 -4.1549705163041315 -4.155399512239819 -4.178931133580462 -4.187218938153152 -4.144260076523336 -4.135149617447116 -4.144543159006452 -4.134246288375269 -4.131306913589246 -4.200938600392924 -4.152255310507717 -4.157974638041252 -4.133903559825871 -4.132675857869205 -4.1446480704449975 -4.1305656408291345 -4.139876121685357 -4.130695810572821 -4.130855905330175 -4.132086696136597 -4.134127974911093 -4.141746007336871 -4.140101407890123 -4.13005628755489 -4.130226790193673 -4.129788549669731 -4.134140020051188 -4.129814983139164 -4.13184967876515 -4.129006830694481 -4.1307105257249646 -4.130910464419782 -4.132783056272952 -4.13683229304955 -4.132365459598525 -4.131839416410663 -4.130032424601025 -4.131024756132912
41
 -2.9362182730142337 -4.454738075791941 -4.1693005349110726 -4.160065657062276 -4.159851195974406 -4.211635873360067 -4.145658382861211 -4.14898754626142 -4.150629980175897 -4.1585691060184145 -4.136240329315795 -4.141242209289352 -4.194121870677202 -4.142118742281187 -4.135204090349845 -4.15642790487147 -4.170028750450897 -4.132795342590903 -4.132964561549166 -4.13466944619713 -4.132329497294764 -4.133115459817931 -4.144056778601778 -4.130268428372351 -4.135670841505263 -4.131160249374369 -4.134170848416751 -4.130880310910351 -4.1308838419416265 -4.134998798139872 -4.129904593901745 -4.144571001899693 -4.131087231003557 -4.136199114631957 -4.132598683126619 -4.129704920186645 -4.131145312727382 -4.136634588374158 -4.137455984651695 -4.130584224444156 -4.13520191201586
41
 -2.9362182730142337 -4.335695536794801 -4.319940267617958 -4.146120039719948 -4.208597963386459 -4.146798489657373 -4.155567551331672 -4.153654449502551 -4.139438913296154 -4.140684189081489 -4.140486197109779 -4.1401450552698424 -4.13763119633064 -4.157221143655063 -4.132577662734431 -4.14905321447855 -4.132101477326397 -4.132431566930516 -4.134139029682299 -4.144908255940904 -4.134156011493519 -4.132055540033982 -4.135228417773858 -4.137013511888894 -4.134211944077134 -4.14398555361435 -4.1305458629187894 -4.1306962071015425 -4.130580961395803 -4.140030297602849 -4.136078688043605 -4.132420237587923 -4.129529316634439 -4.130108157596508 -4.13381439162577 -4.142136124002203 -4.1306145590526855 -4.136798904634254 -4.129550097370067 -4.130990340126218 -4.132954016813732
41
 -2.9362182730142337 -4.484056282872884 -4.185903405697263 -4.151646319015942 -4.216196792040609 -4.140588513464418 -4.146674607729285 -4.137556076768624 -4.171267144186336 -4.159004378458634 -4.136824311265144 -4.133561709388833 -4.135618176206637 -4.1362972118729235 -4.132472756339542 -4.152279029863716 -4.158646892549533 -4.142438886792028 -4.133303376082602 -4.132571446145411 -4.139340624104963 -4.1464984298973215 -4.13466637636672 -4.136954260470719 -4.131895561295667 -4.138383469127824 -4.1321531302366905 -4.133141209788615 -4.137595586077295 -4.141303528761831 -4.140366737740676 -4.133879574728563 -4.138361654873027 -4.13137958195705 -4.130077690454782 -4.132946839616793 -4.129308091076158 -4.134910180010265 -4.132796482535434 -4.1286107338241615 -4.130092184507964
41
 -2.9362182730142337 -4.594433058293618 -4.155666865853052 -4.168984598809264 -4.181307757416251 -4.160757035233507 -4.139848613935815 -4.146757102335964 -4.1388830534233385 -4.136814737280068 -4.141489127244281 -4.135104642461317 -4.13596769545541 -4.16416092635657 -4.151970491204369 -4.131521246876452 -4.133139563523816 -4.1330662708979355 -4.14837111645807 -4.140188348560712 -4.134454609311904 -4.135121365595332 -4.12983534795634 -4.132229971636698 -4.129783013338456 -4.136140217878606 -4.141449596139447 -4.135105802738582 -4.130525109553632 -4.1317419796466375 -4.129853453903754 -4.131707469379294 -4.134892179689045 -4.130233553907184 -4.129610928071831 -4.132473069074683 -4.13069252872735 -4.131144567521909 -4.128686028763016 -4.142069018082464 -4.129552069460196
41
 -2.9362182730142337 -4.198343600229525 -4.241850699678278 -4.158902288867549 -4.179150544427628 -4.163959295141824 -4.171482013720046 -4.155212991185466 -4.142299002840263 -4.140203796341904 -4.1435136927827 -4.146896630927155 -4.136496126574447 -4.134993268076894 -4.134033433093236 -4.136275847704264 -4.131035181641403 -4.146030389042596 -4.136221330656313 -4.132647524342212 -4.130449502321492 -4.135052222087909 -4.133774829947054 -4.138259381102861 -4.14008477645718 -4.1357581868059485 -4.136236702668813 -4.14902617637158 -4.129977171493823 -4.131137938519216 -4.129069911973256 -4.137136961171401 -4.12992151966772 -4.142591266658417 -4.133660144480334 -4.131349668125854 -4.131203842672584 -4.128786417373384 -4.137191649398733 -4.134674131707196 -4.137297983277648
41
 -2.9362182730142337 -4.372622616546899 -4.6192487679182594 -4.22435006189563 -4.185054528749488 -4.245710031709281 -4.150373413243298 -4.137857130690102 -4.142380477904034 -4.1498287164819425 -4.146564080355769 -4.142957938420319 -4.134275551164668 -4.14033127927316 -4.133553444076447 -4.138251126534268 -4.133509091945081 -4.136188158923126 -4.155396458043847 -4.1451318195750435 -4.135091718893405 -4.1319662984409655 -4.135830300300163 -4.137852976083107 -4.152821672497821 -4.14431238126999 -4.158223417054121 -4.132834927250109 -4.1299809303925565 -4.1416399867238525 -4.129415132523764 -4.128923094464011 -4.129567072521807 -4.129964315046871 -4.131087765041962 -4.131513043168353 -4.133368854343741 -4.131398307662139 -4.132499886262103 -4.129578857520421 -4.130193550826866
MainSSVRG
10
41
 -2.9362182730142337 -5.071833890234249 -8.256852378500207 -5.908205817730159 -5.345112155676886 -5.054210648577908 -4.93144006543854 -4.834853148969143 -4.668019459859333 -4.565544439303453 -4.492088052910144 -4.434541347351665 -4.389372507645136 -4.352779783445038 -4.323339126374125 -4.2982982942247565 -4.278149915261644 -4.261467981250513 -4.2473323122947075 -4.2329589413794375 -4.223785576840704 -4.223080858496229 -4.223080858496229 -4.223080858496229 -4.202847383015824 -4.191613059950874 -4.183504944599798 -4.177264821064969 -4.172056800827477 -4.167009535164133 -4.163054501638993 -4.159649538166618 -4.156715650562075 -4.15374874412166 -4.15305748077914 -4.15305748077914 -4.15305748077914 -4.15305748077914 -4.15305748077914 -4.15305748077914 -4.15305748077914
41
 -2.9362182730142337 -5.039280880503495 -8.659901724922024 -5.921078239951379 -5.3014400377694715 -4.98777413698591 -4.810776278057733 -4.671847424115888 -4.5753588552525715 -4.511310885806151 -4.443676899470284 -4.3967242856878235 -4.3664453826129215 -4.345993726097633 -4.312601548839184 -4.293007083672708 -4.2911967629187515 -4.278490848878543 -4.267733541971527 -4.251803809921739 -4.230910595116213 -4.217833271875355 -4.207372756678379 -4.198891898332336 -4.19207950490918 -4.185986938551329 -4.180777814264382 -4.176262145566729 -4.172395454037389 -4.168894622583738 -4.166063302055194 -4.163061263420685 -4.160918743937253 -4.158412432671402 -4.156720324222495 -4.154949575570728 -4.153403021307999 -4.152214629594516 -4.152083121487551 -4.152083121487551 -4.152083121487551
41
 -2.9362182730142337 -5.080770605603412 -9.417074801310735 -6.073545868579995 -5.4450670376321195 -5.092566757639636 -4.912523002064979 -4.7937785476294055 -4.6548734466566914 -4.572216301303332 -4.519157433673025 -4.480159994479226 -4.435439775206554 -4.3975421119476525 -4.387667795830945 -4.358923012489187 -4.293497494160769 -4.266296385166077 -4.246844053850452 -4.232312523644995 -4.218889434284089 -4.209795273325103 -4.201712148202848 -4.193724514119653 -4.187279438711025 -4.18320075788809 -4.178102432313185 -4.173236457967085 -4.170165846062778 -4.168527811731887 -4.168527811731887 -4.168527811731887 -4.161628128243187 -4.157942093620649 -4.155386330216568 -4.1548111452580105 -4.1548111452580105 -4.1548111452580105 -4.1548111452580105 -4.1548111452580105 -4.1548111452580105
41
 -2.9362182730142337 -4.236261126177122 -4.862327714391922 -9.3124630721854 -5.948224202486829 -5.312003143149511 -4.989460964674424 -4.7952554230827005 -4.669496155618822 -4.669496155618822 -4.669496155618822 -4.669496155618822 -4.561650745879038 -4.481221395427365 -4.42019555891198 -4.3723831770401205 -4.346946832992058 -4.346946832992058 -4.346946832992058 -4.346946832992058 -4.346946832992058 -4.346946832992058 -4.346946832992058 -4.346946832992058 -4.346946832992058 -4.346946832992058 -4.315634432700625 -4.287199435682756 -4.2639111262963505 -4.244606166678944 -4.228525135804708 -4.2149402914354255 -4.203673893703654 -4.194036079676839 -4.185732840043375 -4.178741130528354 -4.172812812575345 -4.167482930846964 -4.1632115217853345 -4.159243217307264 -4.155911524344333
41
 -2.9362182730142337 -5.116890817175416 -8.557490555058159 -5.929650954677174 -5.346270193647616 -5.030995769777818 -4.858627390118186 -4.703408449768224 -4.652627768830077 -4.602329920080091 -4.516193204000393 -4.454589059476653 -4.4061226761085805 -4.368167794485506 -4.335486238158247 -4.3093642782779265 -4.287096064800015 -4.280856102626716 -4.280856102626716 -4.280856102626716 -4.266179253286079 -4.244657724868238 -4.228912513200562 -4.215948106912247 -4.205227758982332 -4.196291206098528 -4.188400548559606 -4.181835560740963 -4.176222321598315 -4.171416561602086 -4.1671561808304 -4.16380110755131 -4.160029949757593 -4.157369640668048 -4.1541983379965695 -4.1521180595456855 -4.150574870177739 -4.150158982968631 -4.150158982968631 -4.150158982968631 -4.150158982968631
41
 -2.9362182730142337 -5.100182103120627 -8.821646268958602 -5.834254259718026 -5.275900029183625 -4.969574024241693 -4.78590856058325 -4.754792952321664 -4.642067004349638 -4.537429103570456 -4.464075208056568 -4.409854250622596 -4.364989036349681 -4.329103814821158 -4.300288264979496 -4.277852943218423 -4.257024803646987 -4.240541396708152 -4.227921130358192 -4.216369514622971 -4.2076498380953655 -4.200141265664259 -4.1924129159072265 -4.18835318811123 -4.182908919122314 -4.1820210043033645 -4.1820210043033645 -4.1820210043033645 -4.170846095807462 -4.165048953296186 -4.161362128659438 -4.158337174777775 -4.155645990066796 -4.153422039705578 -4.151501473911484 -4.1499403797827705 -4.148205684003256 -4.14700791135639 -4.145577224231901 -4.144669967222666 -4.143293498688411
41
 -2.9362182730142337 -4.3460717522421115 -4.9262780315338395 -9.342715675546758 -5.982350803477952 -5.358977926934568 -5.029328667457369 -4.835636565993268 -4.684337068103841 -4.588072727158045 -4.5080439367797105 -4.4463353733042545 -4.394570011081327 -4.3560109125183 -4.326147102838952 -4.302553131989791 -4.283282776057089 -4.283282776057089 -4.283282776057089 -4.280018636925294 -4.254608561822276 -4.235572573853864 -4.220416888393987 -4.207987735148425 -4.197660626928411 -4.188945642461494 -4.181484700377203 -4.175136717114681 -4.1699441265731485 -4.16527841606974 -4.1616679036158715 -4.158138115318474 -4.155429609638843 -4.155429609638843 -4.155429609638843 -4.155429609638843 -4.155429609638843 -4.155429609638843 -4.155429609638843 -4.155429609638843 -4.155429609638843
41
 -2.9362182730142337 -5.150754595674163 -8.068359820791036 -5.870179465536273 -5.295235939475577 -4.989023380509366 -4.8176981322760115 -4.668155472510126 -4.5885551462613545 -4.506228960157555 -4.473610095457788 -4.449079421827747 -4.389855447996626 -4.346931042643623 -4.313837316023151 -4.287053323811282 -4.265543547592973 -4.247869269604883 -4.232589753591786 -4.219928218060603 -4.20914692517586 -4.20073964595866 -4.192710334265396 -4.186789303861811 -4.180783130034376 -4.176638325040129 -4.172277928488978 -4.168856391445687 -4.166008831497256 -4.166008831497256 -4.166008831497256 -4.163813192431332 -4.159397089517409 -4.159397089517409 -4.159397089517409 -4.159397089517409 -4.159397089517409 -4.159397089517409 -4.159397089517409 -4.159397089517409 -4.159397089517409
41
 -2.9362182730142337 -5.087460952048313 -8.222160858866548 -5.843096501314952 -5.277339699226394 -4.98036747021904 -4.806431117200422 -4.670736095158156 -4.572917744276589 -4.510320748809322 -4.4559821676433415 -4.412233481025046 -4.376753925564341 -4.376753925564341 -4.325992859079321 -4.294821346630407 -4.271212853834809 -4.268121929579647 -4.268121929579647 -4.268121929579647 -4.251937041533121 -4.234600930674306 -4.220694489698143 -4.209114438348416 -4.200099047585376 -4.191492325513843 -4.185188395996045 -4.181443335954698 -4.181443335954698 -4.181443335954698 -4.181443335954698 -4.181443335954698 -4.181443335954698 -4.181443335954698 -4.181443335954698 -4.181443335954698 -4.180439585971514 -4.172987076489225 -4.167441717609047 -4.162802585332371 -4.158817666894699
41
 -2.9362182730142337 -4.95857237626957 -9.58101266271631 -6.031076021077623 -5.402784819880567 -5.0524026587728805 -4.8669624770268 -4.726402650553096 -4.652146793052718 -4.5391121610956 -4.48543507416914 -4.442384766343271 -4.435126901004902 -4.369326679387929 -4.379422888662496 -4.310716336451443 -4.281362227920729 -4.259653051349514 -4.2437331497402 -4.23021712148726 -4.2188351886832836 -4.209291599524453 -4.20115986851431 -4.200757987146101 -4.200757987146101 -4.200757987146101 -4.18874503203744 -4.180285043192794 -4.1737949298752905 -4.168615890477037 -4.163966422479133 -4.160530212587465 -4.15711304488825 -4.154298264298119 -4.154119654408605 -4.154119654408605 -4.154119654408605 -4.154119654408605 -4.154119654408605 -4.154119654408605 -4.154119654408605
SGD:0.05
10
41
 -2.9362182730142337 -4.3521628345503265 -4.258751871564334 -4.355904745552888 -4.397746331430457 -4.216523716598224 -4.391620024879876 -4.263279329900187 -4.2077804023917205 -4.165573436038823 -4.256365174947225 -5.79420926270174 -4.231779111688845 -4.234149956449809 -4.241921667027844 -4.658787122825696 -4.232908827314227 -4.34435997795571 -4.500769777950347 -4.816297142412352 -4.2256343822568425 -4.749441206803027 -6.9941105414446785 -4.442558700507732 -4.560957969467255 -4.313886997264521 -4.850177428689839 -4.1860088475120625 -4.532035264236878 -4.1753526564679255 -4.2918449097088 -4.195155061998233 -4.333996152952788 -4.209489505915531 -4.472189539947683 -4.614501755593714 -4.336011448604148 -4.271983213850927 -6.511505721017018 -4.35674702506597 -4.6245233506667445
41
 -2.9362182730142337 -5.404246778146222 -4.2788308834212705 -4.648299454392999 -4.410421644644807 -4.234703948055253 -4.323347754482521 -4.697698360777768 -4.452468456906104 -4.312079864014571 -5.341446411243394 -4.290650776580224 -4.2488493451991864 -4.193269788344996 -4.218606037399754 -4.713795034932246 -4.742499328501817 -4.245971266568784 -4.924742302943774 -4.404182686405134 -4.482183975562873 -4.283362105112283 -4.265815084183928 -4.286420104742569 -4.1872706193458615 -4.452652997734134 -4.209250701068367 -4.1935111389075255 -4.222672471493097 -4.2110880755291475 -4.401041314642245 -4.183921213861647 -4.30921301019666 -4.69880788158616 -4.983297582738448 -4.281475101233017 -4.23853029570472 -4.8037881903917725 -4.557643220431231 -4.4693062637517595 -7.444871885719704
41
 -2.9362182730142337 -4.454832387683899 -4.616643707874655 -9.375755363033129 -4.343215614461675 -4.226874891612876 -11.240783520936377 -4.682762192867907 -4.247308036755992 -4.522147597662865 -4.318866484230385 -4.22161087705082 -5.730254836129118 -4.5753439721989 -4.274097270413527 -4.201519270679674 -4.452891760549863 -4.3645951461998695 -4.628751108082919 -4.191685719332482 -4.291114129809386 -4.471429001397685 -4.200409435344975 -4.401808448140352 -4.465903229722252 -4.202752079751256 -4.498814565640856 -4.186199265034815 -4.222969616153167 -4.27835945421803 -6.51413086130314 -4.347295534683463 -4.16136103563028 -4.715680376220283 -4.1976430927958575 -4.490400976643036 -5.172722015832957 -4.198946877097421 -4.364009535826641 -4.227152913780217 -4.331326556299868
41
 -2.9362182730142337 -7.901982588603407 -4.529881966585382 -4.701493467810877 -4.224252569481363 -4.223611596477306 -4.593778253434068 -4.194573036539658 -4.810561120941297 -4.676208955850959 -4.438867203383629 -4.218727221700207 -4.676559923875423 -4.668132581998978 -4.173778607018712 -4.261265066171256 -4.190280270512998 -4.317763112702503 -4.423672449210055 -4.201064745505593 -4.175967001586361 -4.646312907443999 -4.310467299263523 -4.286482948679941 -4.8008032594112775 -4.193977287783222 -4.326029211945197 -4.979070524792931 -4.388636120828161 -4.324357180897573 -4.212221213210612 -4.786241145466654 -4.251389865550878 -4.444210721791203 -4.775287849624304 -4.272319246742587 -4.298949589720042 -4.75998903285246 -4.406904000342131 -4.638485497273479 -4.269174184640068
41
 -2.9362182730142337 -4.533365015465363 -5.780638695315779 -5.517358278113082 -4.511293440479251 -4.748085240396078 -4.525839067440795 -4.321731381129177 -4.304470688422721 -5.449623769561324 -4.3060350036257375 -4.2061396391771435 -4.388787054853227 -4.176287657114118 -4.272395879013159 -4.256815283382261 -4.184937895734487 -4.484534803600929 -4.237650479687275 -4.764580064880843 -4.198092995119959 -4.637365380432076 -4.257715999585506 -4.204743890405048 -4.198407595253606 -5.176016684419624 -4.224987372267744 -5.032090280849485 -4.256936890771128 -4.273959725120008 -4.946620605884421 -4.304050349938903 -4.543658553486523 -4.244761955294941 -4.792749289727853 -4.538365964957526 -4.20423946537442 -4.343524838611156 -4.230044119689402 -4.2240111603890265 -4.293151125396536
41
 -2.9362182730142337 -4.360606150945018 -5.398397741933183 -4.3446752175204555 -5.82034979479398 -4.229118544500463 -4.204726925443935 -4.359475413064174 -4.244737804188404 -4.360844725317242 -4.34178340396085 -4.891707183059345 -4.206873144137936 -4.441826074382006 -4.160562130751048 -4.209964936485342 -4.254648359526539 -4.540977701166825 -4.372765163757107 -4.252249604804957 -4.235447659013724 -4.25395976609201 -4.1821628382692175 -4.217798171863651 -4.442792111603612 -4.210099757994072 -4.308886349404566 -4.251930064107762 -4.200107024087624 -4.601826816608695 -4.219512712565711 -4.2599617304659425 -4.232993233344298 -4.241145404430254 -4.675619807493981 -5.145624616556509 -4.365438508961326 -4.267442301291621 -4.20769068650505 -4.203695864194967 -4.250208494932495
41
 -2.9362182730142337 -4.646313347493322 -4.359388226631087 -4.339626665087833 -4.203168754482719 -4.415510199255359 -4.205001445219068 -4.205468787101099 -4.557292766507854 -4.29517577902814 -4.2008230916371385 -4.257469787419913 -4.248494813837666 -4.301634551873602 -4.167709262310538 -4.186506096368838 -4.483454699234956 -5.422355271201119 -4.182186366496874 -4.2083830792335535 -5.821746233422117 -4.2149917932409835 -4.24497067861313 -4.415204476606343 -4.563990063932563 -4.19113016995223 -4.251954380839334 -4.208468004305716 -4.227088319839825 -4.267592918995611 -4.167096142004735 -4.283945686228354 -4.3076463337557405 -4.276161631609331 -4.200743751808879 -4.199917487459466 -4.277186439610333 -4.37765880306216 -4.219871385200034 -4.301873162534351 -4.298016207921915
41
 -2.9362182730142337 -4.376723429383719 -4.3865695554990225 -4.273093167400428 -4.2114288623370175 -4.223698808006122 -4.705216835948391 -4.174173344308702 -4.187086480480841 -4.225432811036501 -4.236177032200806 -4.443413797967178 -4.265430399314422 -4.545951041990098 -4.9674898097876845 -4.311651577378295 -4.2613562466069785 -5.185123739011688 -4.262167164672994 -4.743136999348067 -4.315087049844862 -4.258321279402466 -5.636969684791842 -4.255824590071531 -4.191415734300001 -4.210557058970498 -4.274221478230699 -4.232175118276027 -4.422940897151811 -4.224139319729786 -4.348313223650242 -4.336328792085952 -4.329285201941721 -4.216948255396193 -4.3211942660678515 -4.209108200865329 -5.07347803368946 -4.4434164699166985 -4.246795420851183 -4.222809711819784 -4.260809779908843
41
 -2.9362182730142337 -5.1570484715047185 -4.535208915541533 -4.446158157455444 -4.25181861731438 -4.182888214339921 -5.179876928261007 -4.223276037476881 -4.210353831107844 -4.4297677873287515 -4.744979201486812 -4.219937294096263 -4.201666452110053 -4.332515750100652 -4.17755601336183 -4.397325752397385 -4.613509907996713 -4.814177252532605 -4.219079424791893 -4.442395902852136 -4.256676107879197 -4.298855626289702 -4.307422506252313 -4.5210581117238595 -4.257600753741853 -4.4258409588851055 -4.203954316627923 -4.238142133559808 -4.202106126404614 -4.240840719267473 -5.791357938561323 -4.241958663055932 -4.69427622500455 -5.304438323893926 -4.379913178386691 -4.2786712637554345 -4.209611716949798 -4.49815229509532 -4.857073721274675 -4.351230054110101 -4.296465514260582
41
 -2.9362182730142337 -5.1483715764513445 -4.311012191283369 -4.675996900941041 -4.494765101878212 -4.38559360200505 -4.369657674101235 -4.22766417564032 -4.230820096873856 -4.356825896505397 -4.588450133206909 -4.316832143970608 -4.333201497863619 -4.316548810971815 -4.4372955942997425 -4.362654875242645 -4.210382185960702 -4.951210991716963 -4.275591934550453 -4.414241725400623 -4.186140230210867 -4.827472246311864 -4.257434944814751 -4.352024769240876 -4.199419887994124 -4.235709334828779 -4.673787665395411 -4.560525167399704 -4.232700627155516 -5.642057373724229 -4.363966817617899 -4.24885200888231 -4.314573346501656 -4.2249525562032755 -4.37117506775864 -4.246264721166312 -4.388029560683908 -4.432141948880128 -4.291142781192364 -4.257729272352414 -4.443808350938273
SGD:0.005
10
41
 -2.9362182730142337 -7.933425749728582 -5.831067131704214 -5.140831255767262 -4.82713553274767 -4.712882205344978 -4.5143430854220075 -4.423057326956497 -4.392914733407763 -4.32764370376669 -4.296689832114841 -4.25787708081191 -4.2443040331502235 -4.223672673522235 -4.288740961730746 -4.202809386522102 -4.2341929934444 -4.184279751929634 -4.17295373069275 -4.220693292390597 -4.161848756215093 -4.180491325446325 -4.156054103705103 -4.157334441123351 -4.174920260135448 -4.169623082971675 -4.147976776078423 -4.146095521091588 -4.177467326465846 -4.141062102510081 -4.264745415548287 -4.140453034789416 -4.159100835553857 -4.212965045751733 -4.151590247955323 -4.141163979002556 -4.143428758617147 -4.1822960697792 -4.13697695863982 -4.215945685931601 -4.138996332679771
41
 -2.9362182730142337 -8.281940318666665 -5.880508167613848 -5.208163753000216 -4.815642378097485 -4.763293301825131 -4.528222290004102 -4.422508169841399 -4.368536016963424 -4.364932128885833 -4.281603751134869 -4.254316265256621 -4.237888077423315 -4.229238562532861 -4.204763144051093 -4.199590741828017 -4.2112874749913995 -4.188510828591365 -4.18920759242576 -4.167413922142143 -4.162071525820801 -4.199384120282185 -4.15975318285724 -4.208402258210699 -4.160799358848321 -4.217479280272957 -4.156421136884943 -4.152255740865909 -4.14518524481488 -4.148485762114738 -4.145562485189611 -4.143977387441777 -4.147922305021689 -4.157785269457013 -4.155850732155068 -4.1422893162022625 -4.141517299125267 -4.136562438583571 -4.154178707519121 -4.149130354601952 -4.178619349869751
41
 -2.9362182730142337 -7.884423415538897 -5.932256792751649 -5.281650993712876 -4.915408074523797 -4.673104872185662 -4.525242846092099 -4.457265991664328 -4.371452296530549 -4.339924302775679 -4.281510228649171 -4.256191740118815 -4.2800240199759125 -4.231296429661878 -4.205113118984719 -4.205589868966743 -4.201339343480072 -4.2030150900489325 -4.173600613573011 -4.163211202316648 -4.169998649426399 -4.166603589538566 -4.1977052615034385 -4.155789007839497 -4.148010026436182 -4.151535053514828 -4.157680641341366 -4.197047482928429 -4.178648182609634 -4.141961672693225 -4.149882799151426 -4.142282361537996 -4.1484327048778 -4.1617961610057295 -4.144874305579681 -4.139631996850053 -4.138960608274854 -4.138026303699703 -4.139165788645888 -4.1469507708357085 -4.148292939490722
41
 -2.9362182730142337 -7.449137343784953 -5.8526592605748595 -5.179888422567711 -4.909894244349878 -4.742629870759154 -4.518196794889675 -4.430324477747922 -4.472586746251479 -4.343144400394817 -4.31514632897801 -4.261264565938985 -4.250554174916272 -4.239256527133492 -4.214401544960634 -4.200163491824117 -4.218485774601517 -4.2088793246368255 -4.1895688415796855 -4.169175058509509 -4.165425581442029 -4.163503251645203 -4.158747471050846 -4.1711346586705815 -4.180502595849154 -4.158416809060198 -4.143267268795704 -4.148766501280446 -4.145345947491769 -4.229560218642975 -4.156089970295608 -4.147177415871056 -4.144531170184108 -4.178895647613721 -4.136204102931243 -4.143196645552611 -4.156367762599368 -4.142328469631312 -4.145195060776956 -4.135802625561967 -4.14267374270408
41
 -2.9362182730142337 -8.037185829198032 -5.803793318386959 -5.115677198094419 -4.831033367274527 -4.666046681288935 -4.513285193977416 -4.427558284236441 -4.37743436547979 -4.313817516337964 -4.28281595312335 -4.286100803080659 -4.260480313589138 -4.219398919409131 -4.212082316335952 -4.201428300499863 -4.225224797910371 -4.181034159228088 -4.179567464977577 -4.176074089770932 -4.161511459807939 -4.155420105952537 -4.151865467527247 -4.150737049768072 -4.1625498218913215 -4.1478703201339915 -4.152753083986527 -4.150780704651 -4.154939778767797 -4.143555409088248 -4.148946526252842 -4.140191873434793 -4.167919509031132 -4.138627743719905 -4.183547273851473 -4.184066056007395 -4.1421828165016334 -4.140403341480466 -4.153281922830917 -4.151349100437906 -4.1751685959621225
41
 -2.9362182730142337 -7.99884232437421 -5.852724322027008 -5.236257298532355 -4.832050074772151 -4.868521184871555 -4.560235811164433 -4.499960092207495 -4.363665620765728 -4.319276230874451 -4.297045297524858 -4.263219138529864 -4.238842071757602 -4.228029285113825 -4.20729921049752 -4.259128186090641 -4.186851089097668 -4.186057914031135 -4.172290157046354 -4.186291535741313 -4.162246097263107 -4.1635240459159 -4.163998054889053 -4.170124147997175 -4.154452172019178 -4.152879652614625 -4.162303690325579 -4.171381306995818 -4.147545217796269 -4.144215296328204 -4.163023918697476 -4.210677444895846 -4.141485662536386 -4.296793613252839 -4.146673220896932 -4.186527592479052 -4.149794310298032 -4.148553850849611 -4.138534229263999 -4.182159944385384 -4.133772920087825
41
 -2.9362182730142337 -7.736747275885775 -5.828519707552262 -5.197252594823009 -4.823052671037577 -4.637706986109827 -4.5281023190065905 -4.440140922148804 -4.396683032034447 -4.318906482635644 -4.346894370397935 -4.254427811131959 -4.278542686126722 -4.214633323390607 -4.213902638963461 -4.199509636029764 -4.179395071607461 -4.192723348242506 -4.1697787986170445 -4.19432605006346 -4.1694639863456135 -4.168536920859812 -4.163490200984169 -4.218456928373502 -4.149948218153154 -4.1629715975217465 -4.172416398799168 -4.148436338988942 -4.159426687902816 -4.183468316342624 -4.268794575548155 -4.163066680520426 -4.147197595005934 -4.156923490978732 -4.1483872117246 -4.155184683584362 -4.167688135223159 -4.143123148742327 -4.138130481296808 -4.156680688495479 -4.1514522436540044
41
 -2.9362182730142337 -8.44422288848207 -6.093028556360911 -5.15460646955745 -4.843403629670329 -4.661179060243612 -4.542145144271505 -4.456792954380483 -4.376196208026209 -4.349265652371894 -4.2807525544829 -4.28547914407232 -4.269697346846272 -4.28715897346952 -4.20263454440812 -4.18767944051946 -4.252822467100566 -4.195882300982747 -4.192163107398167 -4.1791935118383945 -4.183155497187483 -4.192766840976118 -4.153941342167678 -4.151862804834619 -4.1532150631675195 -4.146485400548498 -4.1520232675801845 -4.161323671350881 -4.1439763630351 -4.143362428907183 -4.169129462427764 -4.141729687735432 -4.161743845750714 -4.148118545990724 -4.154068872819622 -4.136802591299786 -4.156998626497745 -4.136542891462919 -4.137016815410251 -4.135533193279809 -4.141696155724123
41
 -2.9362182730142337 -7.4637438785650145 -5.887237271985018 -5.160714896837527 -4.932972305669598 -4.643645453740283 -4.534483295879982 -4.43143312289719 -4.363354648916891 -4.32775520723643 -4.311370094663694 -4.263668280682878 -4.2519144673153635 -4.3467848383235745 -4.215134948617848 -4.1962909398809085 -4.192282080790719 -4.186182341190698 -4.176924098792215 -4.207987196635362 -4.171097071787517 -4.180308894911424 -4.203748672626438 -4.180933795927824 -4.14804127695514 -4.145082846104565 -4.2077367952328295 -4.157710557250925 -4.149217308166662 -4.187840878478269 -4.1729571710076 -4.223427030070241 -4.142502282695205 -4.13941077186844 -4.167671365962768 -4.307100453775192 -4.199649356266061 -4.171135635576875 -4.162959352879075 -4.144012335153187 -4.169826746855796
41
 -2.9362182730142337 -7.374531158319443 -5.9287769548924425 -5.164741304123181 -4.859951127801661 -4.6436779098892655 -4.523237788524705 -4.473322768897836 -4.373298570100204 -4.333359770664208 -4.288656421299864 -4.266440021585864 -4.240459718039029 -4.219213882031565 -4.2108772023207015 -4.258108058239634 -4.234752586626956 -4.202799798040099 -4.177486918558417 -4.206476071670183 -4.166890363292114 -4.1663333279470125 -4.173165252358273 -4.169027627777812 -4.147484002058956 -4.149412230218709 -4.154014689071368 -4.143664423521974 -4.144922705942155 -4.153312479880702 -4.203714583348715 -4.1656025207597835 -4.156616445486202 -4.142509225987679 -4.140947303527881 -4.181026185858758 -4.146549656597879 -4.144250443162543 -4.202651480418705 -4.134263767552436 -4.1544050560042916
StreamingSVRG
10
41
 -2.9362182730142337 -5.089590846858654 -8.86015790682239 -6.354692727223868 -5.929870097743034 -5.316741634000086 -5.043925893043074 -4.793405731379259 -4.685930727214434 -4.5877626262229345 -4.493334523585587 -4.420205448386815 -4.389862928381322 -4.336016871474873 -4.3210503844629615 -4.356318647469349 -4.2657872199952065 -4.257082990637393 -4.233298249722668 -4.220042365883907 -4.205768522282508 -4.200059110291344 -4.197284413379688 -4.1872251701914305 -4.187502929101767 -4.173889689872063 -4.193099716435824 -4.189973009426962 -4.160126728492377 -4.1563992647416494 -4.1663508408302 -4.1616769081203175 -4.198381908736896 -4.167186337212727 -4.155673635636351 -4.165115681344028 -4.146150972351329 -4.161025628638181 -4.154109329982313 -4.171397646184497 -4.139891992603255
41
 -2.9362182730142337 -5.0608007314397 -8.161385800960442 -5.859821172196321 -5.353305112878372 -4.970960150530035 -4.787495582859411 -4.68219067278386 -4.553458834468449 -4.470204829640871 -4.432974694392834 -4.376326995367323 -4.3380470478892 -4.329989823727128 -4.278160693631065 -4.255092253380329 -4.248414697367596 -4.233335650545793 -4.219430105489056 -4.2154466687476795 -4.204017615739924 -4.211093134738145 -4.180229870566693 -4.184594505467854 -4.1913991724226705 -4.168912555557796 -4.1914402245774625 -4.193563458608356 -4.159141077940488 -4.186610602076713 -4.19010795283677 -4.171091463315112 -4.201097515571377 -4.155795135841221 -4.1484511183981585 -4.165278812717219 -4.147077751208577 -4.143928482796423 -4.139590786745669 -4.159865212730363 -4.145232596181262
41
 -2.9362182730142337 -4.905850157940227 -9.574424398866148 -5.835045321703166 -5.269481964112133 -4.964462333808303 -4.809870247107203 -4.656876935277691 -4.555991576231987 -4.488511252344481 -4.552929981039956 -4.391733256340391 -4.3627959311233955 -4.326741313076378 -4.293586223633241 -4.25728570184536 -4.243730622764748 -4.254781890387228 -4.253453944763135 -4.243184174967323 -4.210849606338792 -4.2395918086525874 -4.18874681032729 -4.175607323175918 -4.174341146506561 -4.178188300644142 -4.171875598510644 -4.1710737492221135 -4.157383851379292 -4.1835531711751495 -4.157935663906228 -4.161860023718697 -4.153981586298399 -4.1526230377159585 -4.165526025718528 -4.211671394655059 -4.181145975363753 -4.150787914777487 -4.189597283377806 -4.140742079303105 -4.143445280754396
41
 -2.9362182730142337 -5.003904277497209 -9.05604458482171 -5.953768664043685 -5.292058266044581 -4.9896430803141785 -4.8100622001861755 -4.656023477459085 -4.564512769010725 -4.4800308553257056 -4.417768379118252 -4.382771264918472 -4.335801053326428 -4.319373334271982 -4.276053545258738 -4.260171046543669 -4.254873778687373 -4.274218209755224 -4.220390783955687 -4.219526795519268 -4.197134960333979 -4.215012828006638 -4.182567497481877 -4.180936592542169 -4.169288682356198 -4.211422079859317 -4.1793553880835805 -4.164695672050253 -4.159911535608856 -4.157544144280952 -4.190218485456771 -4.157539934514909 -4.167638218213452 -4.153814307460204 -4.157317838535029 -4.168537325329177 -4.164804063807569 -4.148966047746862 -4.143886852384785 -4.146603426423088 -4.20410402816422
41
 -2.9362182730142337 -5.025890348310056 -9.728126418560473 -5.899940684610386 -5.299001202924836 -4.973987439738906 -4.784342752841289 -4.681774874484951 -4.547591232608184 -4.471964629335775 -4.421200947502451 -4.3752159472876055 -4.3381225484099275 -4.3042203234280585 -4.288477955869015 -4.26144467980909 -4.246977516317151 -4.235902331295541 -4.289519613227049 -4.206865156767146 -4.205505474825651 -4.209675690366647 -4.178979125721822 -4.201429605708837 -4.192154805269584 -4.171930859873731 -4.21211361183784 -4.17657131379462 -4.2693643095833735 -4.155867790366629 -4.167688539933281 -4.237836468002602 -4.146522835783102 -4.161679767506237 -4.148846952745484 -4.14817742886881 -4.146621600610378 -4.162153779710903 -4.178633110751833 -4.137652626487386 -4.153522423238316
41
 -2.9362182730142337 -5.046618698924252 -8.869658352757803 -5.894988273170672 -5.280939180558944 -5.0155214382833035 -4.8156316491462965 -4.669250945873855 -4.556068062901889 -4.486233074767721 -4.422351778448276 -4.374103273842517 -4.337434049204716 -4.3062310289777885 -4.28925796910873 -4.260282111211548 -4.247305719683541 -4.22497541631462 -4.227663773365725 -4.245993053901115 -4.199404186515879 -4.1896035725585286 -4.18264216882633 -4.1827388217615455 -4.1742776255770515 -4.167122919914431 -4.172152925894332 -4.172950098541421 -4.1550300520641255 -4.17313759487218 -4.150399497028206 -4.1548763699294975 -4.153382550729837 -4.147406463823004 -4.1606348233097785 -4.149370689715244 -4.1470307281305265 -4.14224019056011 -4.140847642376185 -4.155682138802352 -4.140945769962668
41
 -2.9362182730142337 -5.003986097024125 -8.614545794896644 -6.001067592497158 -5.281544162374042 -5.019309292655429 -4.830181182770021 -4.659446610595835 -4.603086131890488 -4.501378003628453 -4.422948971512539 -4.3797225468048095 -4.3630144052584905 -4.32384325908533 -4.381008873661389 -4.262184861488423 -4.288922910555206 -4.2366641176779325 -4.220960517265938 -4.244093377302854 -4.203283819197549 -4.193179240943585 -4.196642248023286 -4.199705765569443 -4.182161261985985 -4.17292916297221 -4.238777877083618 -4.178840819924187 -4.175996808361806 -4.17063519936869 -4.152693018901772 -4.157015186193814 -4.1593969172893015 -4.164290644672089 -4.188949395704925 -4.184744557685258 -4.143534012488008 -4.180819873466112 -4.15038981211814 -4.140771277549378 -4.138895912255217
41
 -2.9362182730142337 -5.006611631428754 -8.68141480777551 -5.946129466528558 -5.335409597847079 -4.992456280167406 -4.8404314455023725 -4.698760535330725 -4.5655851823981175 -4.505321986086788 -4.431022146223379 -4.39854783993035 -4.348927721785037 -4.309244616147235 -4.290028283654788 -4.2753304783223305 -4.247048686652054 -4.233568392737959 -4.219163206976044 -4.212019041651102 -4.204074986617257 -4.195431894579668 -4.205630958655437 -4.176954921496613 -4.1997694817324005 -4.190311525988497 -4.1852881267317565 -4.161094623896798 -4.16470795517303 -4.179677259865456 -4.163304573605094 -4.166607128041364 -4.148540716996753 -4.181523334019614 -4.15614643350887 -4.1655810159036895 -4.166429921487816 -4.145679520907329 -4.144459397545043 -4.171987893243866 -4.158780596216572
41
 -2.9362182730142337 -4.99245860440168 -8.59965056212149 -5.950794223952507 -5.303409068490175 -4.987708079480235 -4.794764574962851 -4.700572253487562 -4.594931697588475 -4.55502080510477 -4.42691732280427 -4.384317983414287 -4.335506426179297 -4.3698992236273755 -4.279412595446845 -4.270891045048345 -4.264058332891551 -4.2467737988386025 -4.2146455367900755 -4.21881639007358 -4.216362197327004 -4.1846198237995536 -4.19088648967178 -4.206590019843033 -4.185268385200916 -4.1766357803325915 -4.192898958000167 -4.1568433056808995 -4.161308984176664 -4.1619880983103785 -4.1794651353303065 -4.154548396947422 -4.148572814120692 -4.19517922260407 -4.145392334477627 -4.15741278119524 -4.158861437122008 -4.143645503176608 -4.142747661386578 -4.146372102575474 -4.141643238909484
41
 -2.9362182730142337 -5.036754372908992 -9.666860964609407 -5.956516074517602 -5.38159277688629 -4.976176197998835 -4.77796357480988 -4.667089901190921 -4.551510943697335 -4.482503097425377 -4.438808529973113 -4.379741879860631 -4.334103395857077 -4.301093004080447 -4.310322900443584 -4.261785717504958 -4.2439269997755575 -4.234191038545945 -4.223940347459048 -4.204539940928032 -4.192189175306062 -4.186466155977965 -4.179651747021515 -4.198745071908699 -4.169411861274011 -4.167243751493536 -4.164182715569677 -4.161907982821998 -4.176012067040366 -4.152743675469392 -4.1645297319074785 -4.169573234159242 -4.152355758003225 -4.149902494667262 -4.147000953131705 -4.1560532155376615 -4.141060193645325 -4.152168607281326 -4.148436620615322 -4.149347900736358 -4.162560320676559
ADAPTIID
10
41
 -2.9362182730142337 -4.220317907652109 -4.356276436847851 -4.179043944849368 -4.166352164754771 -4.146486022599152 -4.151282514224198 -4.175087036508829 -4.145971757952428 -4.17993232697218 -4.17358110793792 -4.145703121475894 -4.136421550721889 -4.153310388243451 -4.136890768610673 -4.1409136692711925 -4.129431550680781 -4.171762729069641 -4.150854212264147 -4.131337021108552 -4.139089878185358 -4.13317558679239 -4.141526972258835 -4.136964580649471 -4.135149694572514 -4.164043399438165 -4.133627747131514 -4.139737008624864 -4.144422409590288 -4.130234806460947 -4.132911475435649 -4.151875384655798 -4.13089605832632 -4.132501778495558 -4.135586835055105 -4.135688858405544 -4.129272129336537 -4.129906406412319 -4.138690844816918 -4.133204725637712 -4.138553659699394
41
 -2.9362182730142337 -4.2366828277277 -4.196057246464088 -4.26553558823261 -4.193191868456286 -4.2221952875047375 -4.208461211577377 -4.148984361380324 -4.156470916716739 -4.167974019963515 -4.147809030771296 -4.139239961107457 -4.1441305282590255 -4.20171212939272 -4.140060008946324 -4.134564448342679 -4.137795046842281 -4.133862225632186 -4.131814247016812 -4.162535183626908 -4.159366009037284 -4.138110506181376 -4.133903026414265 -4.131149835060412 -4.132320146488026 -4.132697083680089 -4.157657999464597 -4.144573470282692 -4.135747474361078 -4.130360823473166 -4.130952051504726 -4.13194645468407 -4.166040936636897 -4.1395379066852245 -4.136414780650385 -4.1413121828126105 -4.139971814686728 -4.12930143894841 -4.13679375797646 -4.1319467862184736 -4.129474488034779
41
 -2.9362182730142337 -4.218811177066673 -4.398226308758256 -4.220815641567664 -4.35899729165291 -4.164134548173431 -4.181299736684086 -4.144460118029425 -4.191275373372055 -4.1784437553774305 -4.157553337840821 -4.136576053722198 -4.134793666951811 -4.135844932734795 -4.132068633695545 -4.182058436114426 -4.13802459148066 -4.148662824599135 -4.131820848234238 -4.185003703636961 -4.131703113186776 -4.134604437044076 -4.145460351723309 -4.135533000083618 -4.147799134472039 -4.130503007027931 -4.132239077846455 -4.133056066227218 -4.132022766475562 -4.159968544835814 -4.133017514324765 -4.133023107991083 -4.129815387922909 -4.133788250830933 -4.13893352277794 -4.129542915655042 -4.128243217706458 -4.1327037488897025 -4.130618318390951 -4.140057693688864 -4.131975564705297
41
 -2.9362182730142337 -4.704041303982879 -4.2504539097918 -4.182221460736316 -4.207246036338765 -4.215140199978085 -4.195311489825363 -4.151286699223134 -4.152543020708288 -4.148698785933148 -4.13612504710359 -4.176621034334553 -4.213815519682192 -4.139137913031577 -4.1362256378550875 -4.1608926077495045 -4.130849925816806 -4.146445618078808 -4.166566027404367 -4.1332595745231 -4.13271499165544 -4.132963311567376 -4.134696662947154 -4.140394966258805 -4.130242860783739 -4.132821779677821 -4.136897735480782 -4.133618578009865 -4.131737074482925 -4.132547897427258 -4.131318530337047 -4.132037735513585 -4.13047378124135 -4.13869401574555 -4.134312718517678 -4.170991659603984 -4.135509150020086 -4.131185233199934 -4.129136998183852 -4.129704459002554 -4.134854110069663
41
 -2.9362182730142337 -4.342046154526978 -4.185828033169574 -4.1684162060149195 -4.157203516518281 -4.180757267165998 -4.228612505164909 -4.144305919594477 -4.14956297668599 -4.153205829639236 -4.133218166254254 -4.145736763490076 -4.153266983501285 -4.146831302435547 -4.149666393513657 -4.133128255402478 -4.181249081599284 -4.142417141591498 -4.165220400580835 -4.132908045274273 -4.13332286433216 -4.136461551774782 -4.130918470754424 -4.151181779552219 -4.141149624306314 -4.142255829383939 -4.137772781045232 -4.131919780380632 -4.131992653645208 -4.134727277795615 -4.129486276198981 -4.132272605281602 -4.130210179663169 -4.1312372913673405 -4.134492373351817 -4.142648859264984 -4.142081581518555 -4.13305213692961 -4.1299364869675275 -4.1373642062254605 -4.130905658425617
41
 -2.9362182730142337 -4.371303852468089 -4.1674699588542055 -4.1998985908719115 -4.271350417951341 -4.1921283481547285 -4.142417160129142 -4.177280793510172 -4.143485202543009 -4.1529521851127615 -4.139549819414634 -4.1514730270818605 -4.138160386017898 -4.141627195583587 -4.171204624014305 -4.152451842489635 -4.141567362156528 -4.146270411197761 -4.1344558474074296 -4.1309147570166775 -4.138284936207945 -4.136074827648519 -4.1552882660017305 -4.132593667859273 -4.131493776236322 -4.158360818209357 -4.141919593562648 -4.134687169767659 -4.137333483175753 -4.140474159356996 -4.132478203782422 -4.130680686479223 -4.130996872922006 -4.130844468745321 -4.128585782546896 -4.130211652791298 -4.132708737856298 -4.131944920779868 -4.133168252666463 -4.1303733462981524 -4.142601312746219
41
 -2.9362182730142337 -4.42267247669778 -4.155393835234722 -4.163571307495576 -4.32371050683146 -4.178305675865748 -4.151864563526272 -4.194184026554781 -4.137816604604261 -4.1511620654561945 -4.1393304987910104 -4.182177278984801 -4.137189199761832 -4.139592292378503 -4.137436065643513 -4.1360427718977455 -4.1373329911667085 -4.1333845830933145 -4.1340755011761585 -4.131527319778297 -4.146741585866016 -4.130612939572533 -4.146789980994089 -4.1778756799356636 -4.13953691766669 -4.137819848121113 -4.130114106595048 -4.130660592599084 -4.1527068677561845 -4.133744126498805 -4.131210231151547 -4.132438740336076 -4.13328043441531 -4.1291655602473005 -4.137939816050158 -4.138997466968075 -4.141428069141443 -4.129824928376829 -4.131095830628752 -4.13069021557424 -4.129296876016028
41
 -2.9362182730142337 -4.194544885930898 -4.264849695017585 -4.205926197137071 -4.235946997994103 -4.189940529338024 -4.149322745212432 -4.157461091635678 -4.138150890864381 -4.14659939497762 -4.171248185179433 -4.140535410168537 -4.147672935715289 -4.1355116928635 -4.149312911512918 -4.1328410816978955 -4.133436737353076 -4.146893941754589 -4.131435780440012 -4.138985809081238 -4.1324995374895375 -4.138309944584747 -4.130433633633915 -4.1441787870927955 -4.131304670178364 -4.151350182601391 -4.1305852763542035 -4.15464596239227 -4.142272889986311 -4.136458637560996 -4.135093188031929 -4.129338304580808 -4.1303372131248945 -4.141101570788716 -4.131066279850617 -4.132088817028055 -4.130775090623052 -4.134974650105083 -4.142954052655586 -4.1365919735423935 -4.13163137762367
41
 -2.9362182730142337 -4.242074130756402 -4.293782239035461 -4.153605456148541 -4.350166018948743 -4.174562132785238 -4.176777630783864 -4.137579407746105 -4.158927322884906 -4.145633038255248 -4.162865859567555 -4.161969235453092 -4.139120048141684 -4.137946394360453 -4.13451334217652 -4.15321916538991 -4.131550717664895 -4.130125891765343 -4.147290664579167 -4.134708387336393 -4.153937409170403 -4.141305775469602 -4.134831732155738 -4.1334137992203255 -4.131986728703122 -4.131135235295677 -4.13237073765478 -4.152505513034901 -4.130149588914151 -4.129346971828157 -4.129439859698226 -4.13112364590714 -4.141350842521503 -4.131835153566203 -4.130045075148208 -4.132227132707325 -4.132836590519066 -4.16605751081524 -4.1307106976311045 -4.130207341736366 -4.134599377343594
41
 -2.9362182730142337 -4.22990529035773 -4.212009969601234 -4.165067440049658 -4.1927685243975805 -4.212099383998674 -4.187870778793411 -4.142512607211585 -4.145605633971154 -4.144880976306858 -4.1377726322579385 -4.149803700707764 -4.133473556741307 -4.134977761166337 -4.139147297922412 -4.155078359403687 -4.171760203947126 -4.13163467515619 -4.197603357703439 -4.166123107916372 -4.137404885247144 -4.151939967779077 -4.159941329723735 -4.132693888061587 -4.158163279597027 -4.1539278247310545 -4.140213073068861 -4.129312780406811 -4.129736994762245 -4.133058874013584 -4.137356545247345 -4.150770389531047 -4.12963689858301 -4.1407832541952905 -4.130109856905601 -4.13208974267244 -4.1351392111039535 -4.130516241121373 -4.129611375762944 -4.128290679550458 -4.131791864781864
steps
10
41
 0 25000 50000 75000 100000 125000 150000 175000 200000 225000 250000 275000 300000 325000 350000 375000 400000 425000 450000 475000 500000 525000 550000 575000 600000 625000 650000 675000 700000 725000 750000 775000 800000 825000 850000 875000 900000 925000 950000 975000 1000000
41
 0 25000 50000 75000 100000 125000 150000 175000 200000 225000 250000 275000 300000 325000 350000 375000 400000 425000 450000 475000 500000 525000 550000 575000 600000 625000 650000 675000 700000 725000 750000 775000 800000 825000 850000 875000 900000 925000 950000 975000 1000000
41
 0 25000 50000 75000 100000 125000 150000 175000 200000 225000 250000 275000 300000 325000 350000 375000 400000 425000 450000 475000 500000 525000 550000 575000 600000 625000 650000 675000 700000 725000 750000 775000 800000 825000 850000 875000 900000 925000 950000 975000 1000000
41
 0 25000 50000 75000 100000 125000 150000 175000 200000 225000 250000 275000 300000 325000 350000 375000 400000 425000 450000 475000 500000 525000 550000 575000 600000 625000 650000 675000 700000 725000 750000 775000 800000 825000 850000 875000 900000 925000 950000 975000 1000000
41
 0 25000 50000 75000 100000 125000 150000 175000 200000 225000 250000 275000 300000 325000 350000 375000 400000 425000 450000 475000 500000 525000 550000 575000 600000 625000 650000 675000 700000 725000 750000 775000 800000 825000 850000 875000 900000 925000 950000 975000 1000000
41
 0 25000 50000 75000 100000 125000 150000 175000 200000 225000 250000 275000 300000 325000 350000 375000 400000 425000 450000 475000 500000 525000 550000 575000 600000 625000 650000 675000 700000 725000 750000 775000 800000 825000 850000 875000 900000 925000 950000 975000 1000000
41
 0 25000 50000 75000 100000 125000 150000 175000 200000 225000 250000 275000 300000 325000 350000 375000 400000 425000 450000 475000 500000 525000 550000 575000 600000 625000 650000 675000 700000 725000 750000 775000 800000 825000 850000 875000 900000 925000 950000 975000 1000000
41
 0 25000 50000 75000 100000 125000 150000 175000 200000 225000 250000 275000 300000 325000 350000 375000 400000 425000 450000 475000 500000 525000 550000 575000 600000 625000 650000 675000 700000 725000 750000 775000 800000 825000 850000 875000 900000 925000 950000 975000 1000000
41
 0 25000 50000 75000 100000 125000 150000 175000 200000 225000 250000 275000 300000 325000 350000 375000 400000 425000 450000 475000 500000 525000 550000 575000 600000 625000 650000 675000 700000 725000 750000 775000 800000 825000 850000 875000 900000 925000 950000 975000 1000000
41
 0 25000 50000 75000 100000 125000 150000 175000 200000 225000 250000 275000 300000 325000 350000 375000 400000 425000 450000 475000 500000 525000 550000 575000 600000 625000 650000 675000 700000 725000 750000 775000 800000 825000 850000 875000 900000 925000 950000 975000 1000000
