8
SGD:L:0.003162277660168379
1
11
 -5.18100320792894 -6.233937895840515 -6.3907860167151185 -6.593868658172475 -6.682465346731123 -6.76007045544324 -6.817250949075647 -6.86864794910916 -6.908772368624375 -6.942733914972349 -6.977998743320601
SAGA
1
11
 -5.18100320792894 -5.286495476125715 -5.394622663364243 -5.503421912410738 -5.609166163711264 -5.717574682619782 -5.819187966164682 -5.924282870191898 -6.028318571462966 -6.135024785263361 -6.2391675894175975
ADAPTSAGA
1
11
 -5.18100320792894 -7.57342089309479 -8.38539846554159 -8.873337617751892 -9.136635259266267 -9.56689357262809 -9.852703418922964 -10.105914177638898 -10.271759802808662 -10.530987897829812 -10.698922785350979
ADAPTDoubling
1
11
 -5.18100320792894 -6.964482289565633 -7.547313698987354 -8.007866824786786 -8.226707086065435 -8.49749035341012 -8.743021422358005 -8.879320066960684 -9.011597053879493 -9.117921814380578 -9.279815993123789
StreamingSVRG
1
11
 -5.18100320792894 -5.571643265146868 -5.968450648274555 -6.369693333349363 -6.772552401350915 -7.167853223291402 -7.540537406985285 -7.937341277180005 -8.300475931767393 -8.619086332669799 -9.030241183275413
SGD:L:0.05
1
11
 -5.18100320792894 -7.545731143618926 -7.694503506828769 -7.731699722349813 -7.653031470813259 -7.798585229858616 -7.063151355770142 -7.76661241091814 -7.649704270872784 -7.837822450482691 -7.053100537207962
SGD:L:0.005
1
11
 -5.18100320792894 -5.698889774545117 -6.2783880518945345 -6.8255151093350905 -7.3015189532220495 -7.835829546688116 -8.249687884520561 -8.70877629737977 -8.92077773626907 -9.009015180026356 -9.816027845710149
steps
1
11
 0 10000 20000 30000 40000 50000 60000 70000 80000 90000 100000
