8
SGD
5
51
 -4.404499802478301 -5.943459506610488 -6.182562408832514 -6.3148544582746595 -6.420987159848907 -6.4926908663636675 -6.557024944123093 -6.6096012277167135 -6.653518590232416 -6.695068863849541 -6.729947752534696 -6.759130806678383 -6.787946460292182 -6.815254835076605 -6.840912683776221 -6.863408511696772 -6.883735865473002 -6.905785085960473 -6.925552679630078 -6.943775034377391 -6.961945588772675 -6.978712311392101 -6.992441244246015 -7.009223107195004 -7.022382980631383 -7.0353200083042156 -7.046807955767445 -7.062330674418084 -7.076024701871584 -7.087436871840592 -7.09834140426107 -7.106177893946551 -7.119189166286721 -7.127144992854943 -7.139219126218245 -7.1485972254288725 -7.159309448123966 -7.169033839283249 -7.177749504493589 -7.186308513989847 -7.194670177459088 -7.2028861336147365 -7.2110372063397765 -7.218828772167597 -7.226642858664577 -7.234243383943103 -7.241393547181591 -7.247957750733655 -7.255742885087912 -7.263095156673236 -7.269779466780697
51
 -4.404499802478301 -5.909972265964068 -6.160533866495138 -6.308010867632212 -6.4037481645522565 -6.482940130726728 -6.545226341326043 -6.606432228429268 -6.649975614138829 -6.69391311267671 -6.730726517736218 -6.761208067052203 -6.792974915132553 -6.816303230631608 -6.845464156306057 -6.870410299892006 -6.89275529791655 -6.912901900156313 -6.931218358154742 -6.949941942727283 -6.9664888157970015 -6.983287735339081 -6.992626039579829 -7.011607637531003 -7.029824686250295 -7.0442901423403645 -7.058699035024964 -7.071515972175802 -7.084407334033379 -7.096349403192783 -7.108346219395842 -7.119765435650437 -7.129649477616406 -7.139782338058252 -7.150843819056353 -7.160695411324343 -7.171188271584608 -7.180925391823113 -7.190068285688909 -7.199656404509013 -7.208175837600987 -7.216398254423164 -7.224840040697797 -7.232635714694985 -7.2408629136639275 -7.248860285504009 -7.256262086458161 -7.263188794206149 -7.270259008672736 -7.278183368966717 -7.2847551470778615
51
 -4.404499802478301 -6.003261535375451 -6.237897531253577 -6.373305598112071 -6.470242089237392 -6.540965000102229 -6.607001984565912 -6.66259061448805 -6.706703882384867 -6.741059705318579 -6.783519095120337 -6.813946708171802 -6.845303493015599 -6.871379832648656 -6.8982208731770545 -6.918873239144758 -6.9419356155216505 -6.963089241194883 -6.982911980133612 -7.001077096886303 -7.01584222678479 -7.032419375233636 -7.049582673743662 -7.065146090509621 -7.0794984022818985 -7.093536022603199 -7.106464018978815 -7.118291635840319 -7.127597240328019 -7.140350990808441 -7.1542013144946335 -7.166979772289202 -7.177968453020354 -7.18919603587139 -7.19988180745062 -7.208844729460214 -7.219003525964955 -7.228163671270721 -7.236532339043297 -7.2442933041746524 -7.25188249036101 -7.2619937684222755 -7.271158639605477 -7.279972889088493 -7.287924278894943 -7.294963730299507 -7.302783530729522 -7.309564657380749 -7.318249317790491 -7.325706442058741 -7.332055947675415
51
 -4.404499802478301 -5.895786858940644 -6.1375321727172585 -6.2825564287538755 -6.386022988834309 -6.464822328803771 -6.5267508258585885 -6.578862966399317 -6.626439903231812 -6.670310653827244 -6.710315894557914 -6.743377572989126 -6.774398831492935 -6.801640853228553 -6.826488670028699 -6.849308947721138 -6.870687635313175 -6.893772763696538 -6.9147747175064165 -6.934559571297305 -6.9526158029222005 -6.969597491719532 -6.986564610429936 -7.00200365048759 -7.017176217937781 -7.031028428730197 -7.045231053970063 -7.058407340022556 -7.0704530994378425 -7.082668130460257 -7.096171058981208 -7.107540910490358 -7.118256816568642 -7.12896085540256 -7.13946805632294 -7.148597184553563 -7.158745871285745 -7.167060216504045 -7.1764954199993936 -7.1860775706780124 -7.194125413015307 -7.20330503931741 -7.211270793701926 -7.219135187426232 -7.225715814037571 -7.23419015564701 -7.24155082700148 -7.248670089724901 -7.256541342556574 -7.2640118420578865 -7.270761969971717
51
 -4.404499802478301 -5.880539756042472 -6.095309372969627 -6.2685505633421 -6.368112727323532 -6.449754834638305 -6.511969370409663 -6.562793277669187 -6.6106720253330495 -6.650617025310794 -6.684702857870216 -6.724534524109442 -6.752434747911611 -6.782972408184811 -6.808070599390323 -6.831312238140302 -6.853209850460823 -6.874996229899954 -6.895608425313789 -6.911443439094458 -6.93021078921782 -6.943349323862478 -6.957773569043563 -6.973281160745597 -6.983734996687182 -7.0016749121378465 -7.008657850249848 -7.023936113850068 -7.034879823356339 -7.058446771731326 -7.069475432181216 -7.082010642724287 -7.092663896952942 -7.103076135876093 -7.113421367529942 -7.1230251451408275 -7.132307412074265 -7.139538085009513 -7.149553665868394 -7.159798064630541 -7.169276673435429 -7.1776362167759435 -7.186127297103045 -7.194231636271987 -7.201504091002149 -7.209250615007989 -7.217312938291936 -7.225059641789617 -7.232185673161432 -7.23914773646294 -7.245895453956994
SAGA
5
51
 -4.404499802478301 -4.4290006336717065 -4.454893099905277 -4.480087741224421 -4.50469180971778 -4.529088711391452 -4.552141920055993 -4.576299807081673 -4.600826672404536 -4.625228969395582 -4.649607306547233 -4.672395484506887 -4.697032830062069 -4.721004932854651 -4.745224570793717 -4.769450127969807 -4.793069081190342 -4.817604951545629 -4.841518568471805 -4.865347136588489 -4.889739188507886 -4.913849950402924 -4.9369172186680625 -4.960763102080732 -4.984191108764765 -5.008141016625459 -5.031708560231135 -5.05541522888006 -5.078621878592117 -5.102442606292917 -5.12588934672709 -5.1486383669301565 -5.170913396195082 -5.196011968125245 -5.21911405039909 -5.242892463638936 -5.265424583064064 -5.288402531326076 -5.3120895747295505 -5.3357673892323 -5.359018471404317 -5.381808896041742 -5.40443186206286 -5.426554117327418 -5.450043580554965 -5.473381684405293 -5.496723003969404 -5.519922128988525 -5.5428076378974485 -5.565468850917693 -5.587689589516206
51
 -4.404499802478301 -4.429912419056022 -4.454899529964375 -4.478946073210424 -4.50502619108459 -4.529462611431855 -4.5531255427299895 -4.577540438242034 -4.600866219597351 -4.626126055352881 -4.65052629930008 -4.676096635786698 -4.700706757504405 -4.724198474162344 -4.748435355718267 -4.772256271668985 -4.795840681464593 -4.820190052997506 -4.843298270503174 -4.86673221796864 -4.890123801304983 -4.913003064308913 -4.936059077467821 -4.960678166694612 -4.984380712058257 -5.007917874181103 -5.032099452370374 -5.055603847981955 -5.080131150439013 -5.103460250069673 -5.127429997637417 -5.150340675092527 -5.173274122247527 -5.195935637660545 -5.219162092574399 -5.242567444331086 -5.2660974802774065 -5.2888970783580325 -5.311666263339332 -5.335475240604345 -5.358261974107739 -5.380549812115627 -5.403371771524906 -5.426719805261425 -5.449170175827272 -5.47136761359972 -5.494850013439187 -5.518255082998119 -5.540916293775598 -5.562067358254595 -5.585697555227702
51
 -4.404499802478301 -4.429470621349088 -4.454842181887863 -4.479179258630402 -4.503787638267113 -4.528895377624144 -4.552248010735034 -4.57707410618978 -4.60214636396376 -4.626879530185125 -4.652398285628768 -4.677240153419841 -4.70165871148747 -4.725326366103404 -4.7505633776850775 -4.773192527695362 -4.798295797436171 -4.822218844534997 -4.8462688233905284 -4.870231206549322 -4.894978585021277 -4.917204980278134 -4.941178783048297 -4.965345590096145 -4.988041131416346 -5.011564973159757 -5.034877299137205 -5.058495329151724 -5.081391489514227 -5.104852483602154 -5.128509134438436 -5.152064525467964 -5.1746945067235925 -5.197757956031441 -5.221412965165777 -5.244699758343035 -5.2672795519029725 -5.290225831149322 -5.313989472000816 -5.337275364994321 -5.359646734085656 -5.382583355812831 -5.405123209077767 -5.427915557015113 -5.450894086371085 -5.4741488078250855 -5.497326855965832 -5.520171146646163 -5.543145674716565 -5.565558999089366 -5.588330929559514
51
 -4.404499802478301 -4.428878573214137 -4.453103510195235 -4.477976821290869 -4.502093886397279 -4.525880225622106 -4.549794724095891 -4.574654520680043 -4.598699778614969 -4.623088408728885 -4.647848934603473 -4.672270305510229 -4.697140005655853 -4.721249762116388 -4.744780180698703 -4.769092693002549 -4.792945090123363 -4.81638981951262 -4.839970199715737 -4.86421305897636 -4.887943664024283 -4.911440359125602 -4.935001795252552 -4.958150211984688 -4.982090611686658 -5.005725555688397 -5.028396769481201 -5.053332001761184 -5.076613304512132 -5.099153367503442 -5.123661250859928 -5.147409648072369 -5.170287238725134 -5.193444049360127 -5.216206691828432 -5.238979628463471 -5.262350422371001 -5.285062708909398 -5.308227402015182 -5.331442921425485 -5.355213189606501 -5.377559393051689 -5.400596934599571 -5.423648391792784 -5.446402410849596 -5.469019466650528 -5.49071625956123 -5.513529463568448 -5.537107677160918 -5.559818380566479 -5.581929024759257
51
 -4.404499802478301 -4.4285753348783405 -4.451243275307946 -4.475096010585166 -4.499918218489356 -4.524233253105361 -4.548690555133407 -4.573080887092698 -4.5974331081476665 -4.622318611571523 -4.646586158034218 -4.670222895196345 -4.694847162443913 -4.71893543495416 -4.7435194858319365 -4.768283686251288 -4.792778420845203 -4.815355912688263 -4.838866661479117 -4.862777917528123 -4.886532158247842 -4.909371268363881 -4.933937942928161 -4.9586592444919475 -4.981183523934777 -5.005627182084981 -5.029890467106842 -5.053917491098124 -5.077260152204931 -5.101384363056202 -5.124735118094001 -5.147974783988159 -5.171098733771266 -5.1938378282278785 -5.217285802388631 -5.239724390024796 -5.263002021545141 -5.286765612982561 -5.309740088115406 -5.332606066826775 -5.355966586146871 -5.37784180199534 -5.400958884440273 -5.424455377413075 -5.447094186562586 -5.4700645669006835 -5.492343481618845 -5.5148920374887735 -5.537622016101663 -5.56027136149329 -5.582243788240556
ADAPTSAGA
5
51
 -4.404499802478301 -6.614137360720695 -7.357910088325032 -7.845416594906831 -8.226238876741057 -8.243697131732379 -8.656555247287391 -8.882032392316543 -9.018798702345935 -9.1347844703225 -9.30838199023765 -9.460439358827696 -9.534276775718155 -9.674820150086667 -9.800265964035258 -9.892253895649313 -9.990972593693717 -10.044391512724477 -10.140347864264443 -10.07097774128895 -10.239545573712324 -10.380905983555252 -10.369007048603791 -10.5065448958774 -10.345560781944798 -10.62761825604121 -10.68801945375181 -10.722860945957724 -10.795981604013846 -10.64331573920248 -10.673170815067975 -10.785815992747539 -10.97731161280694 -10.973227683049053 -11.09788506379956 -11.154483898295826 -11.190860696200515 -11.232283218225056 -11.260893011713119 -11.205338926091335 -11.262632737946031 -11.330298613605457 -11.461779620833049 -11.489918614745418 -11.482524147069995 -11.535811665962049 -11.604878426747469 -11.639319023198217 -11.554598087414695 -11.707869807887612 -11.750248145839477
51
 -4.404499802478301 -6.636348480774134 -7.374301917284055 -7.854572475048393 -8.224627384548011 -8.244514767679679 -8.651552969141681 -8.88119009253088 -9.01894329374007 -9.138571423095868 -9.30983571217453 -9.459732611484906 -9.537107736252544 -9.677280267009218 -9.80048677541459 -9.891637812128412 -9.99028216821596 -10.045318963483346 -10.140229443183218 -10.070179005317184 -10.235020057199751 -10.379341418373475 -10.370391429627004 -10.504544909206905 -10.347986727257886 -10.62423168114449 -10.684273049637195 -10.7173907966054 -10.791782666149201 -10.64122440146143 -10.671449898912714 -10.783732062205384 -10.973978620995528 -10.965467661912015 -11.093642016102583 -11.15031532693277 -11.18666736169873 -11.227745066244674 -11.25499649589116 -11.198304677902346 -11.25892401364178 -11.324869437530587 -11.456978286634545 -11.48570418438627 -11.477975763331436 -11.531573479614952 -11.600255529612829 -11.634751395673957 -11.550147226210917 -11.701642338435676 -11.743922427737676
51
 -4.404499802478301 -6.645598096280244 -7.380850575352833 -7.857626750717741 -8.23859839476052 -8.246329393906205 -8.666202816004061 -8.897042390721909 -9.035559861574448 -9.153788605721742 -9.321102836342892 -9.473506049552457 -9.54401676657748 -9.687569125389158 -9.813229292336239 -9.902581635419416 -10.002589721410848 -10.05659034357253 -10.151805087376244 -10.0844643436835 -10.25185411490633 -10.389911092740013 -10.3778355222282 -10.515597282730113 -10.35029488353431 -10.636569361185078 -10.697021703522177 -10.729724967206808 -10.80354075552276 -10.64919677067035 -10.680542413417482 -10.796535655709006 -10.986385475972323 -10.976348905684038 -11.106048196801662 -11.162730907751188 -11.198663310191316 -11.240656606934966 -11.268621486416706 -11.209421950895084 -11.271573949183598 -11.339700583380512 -11.47010547904785 -11.498410436415611 -11.490354949936044 -11.544512395714987 -11.613938039085669 -11.647908219702396 -11.561064232508059 -11.715514007807977 -11.757732513052366
51
 -4.404499802478301 -6.634855599864186 -7.391676142912027 -7.865645435982836 -8.238433484047633 -8.254988011249637 -8.662830592199649 -8.892011283909984 -9.023419562289346 -9.147049410613619 -9.312964304323014 -9.466842278450105 -9.540477631324222 -9.67873992952516 -9.804764839033966 -9.894893722149828 -9.993948106488698 -10.048527865629547 -10.14531111446286 -10.08159853379041 -10.245091902549076 -10.38455314437117 -10.373636330135206 -10.509512508399565 -10.348992038192446 -10.628612849324043 -10.69047827897717 -10.724399005666395 -10.797821970477392 -10.643461336074871 -10.674595954271581 -10.78205006723896 -10.979602666620217 -10.972470794361456 -11.101501701366834 -11.157485712689297 -11.19397483955331 -11.235187386649294 -11.26249200794282 -11.203569295454376 -11.266129308565281 -11.337094022669394 -11.466033222837925 -11.493433792628437 -11.484976943704535 -11.537306485344791 -11.608471208098583 -11.643029753517455 -11.556564123530796 -11.711248945059985 -11.753465039386533
51
 -4.404499802478301 -6.634653081576346 -7.3705016444273035 -7.864430894786623 -8.243169836940277 -8.253619784297141 -8.667832554660617 -8.896661689292182 -9.028967776768054 -9.146517792454189 -9.320991967418667 -9.473050991356931 -9.542048038657722 -9.68560543994079 -9.810167430409713 -9.902127910666774 -9.999761931270026 -10.056041551766995 -10.153401686191426 -10.086924083862517 -10.25005484558764 -10.390220957032652 -10.381357034654618 -10.516060651360597 -10.355482564405328 -10.636982447802136 -10.69787649482952 -10.731770805407134 -10.804776548364194 -10.650886812502089 -10.681510851391101 -10.791233249636937 -10.988249572032657 -10.977239082963381 -11.106492654519355 -11.163876853614543 -11.199973332083987 -11.240283115858892 -11.268568869921529 -11.211694198861627 -11.27215053073472 -11.339156390807057 -11.469367848204843 -11.497759002954957 -11.489919926694425 -11.543107962074508 -11.612218156855285 -11.645988611005837 -11.55982929617675 -11.714411577272807 -11.756770388408407
ADAPTDoubling
5
51
 -4.404499802478301 -6.302479069788625 -6.884762380818926 -7.288447282206521 -7.589663459472842 -7.800892099827312 -7.969424002153777 -8.127261672361861 -8.275198922898829 -8.387875719768651 -8.516445759782293 -8.61381561059553 -8.630583361593816 -8.81079308140456 -8.905430664238864 -9.003174481749275 -9.057962346958663 -9.116172189735922 -9.17483517475769 -9.231379428274337 -9.283144984375738 -9.316282343147648 -9.386459719688263 -9.439371172178792 -9.494646764180386 -9.546500462937232 -9.598179573256393 -9.642821249968058 -9.7005886165311 -9.750779788627963 -9.803340746688768 -9.832503557198702 -9.861944805462032 -9.872478700657494 -9.920106926583498 -9.934199867322075 -9.990762537011472 -10.024079203454347 -10.052077755280177 -10.083292518687688 -10.112520231140689 -10.13974689427955 -10.144520562471387 -10.198055555938499 -10.227889749093084 -10.259558789549548 -10.273240039631538 -10.292319150369448 -10.346679847336668 -10.367590966805142 -10.40399295473337
51
 -4.404499802478301 -6.3470868143934345 -6.953415885251162 -7.314457888848399 -7.628512251253887 -7.822145192006486 -7.999229520212738 -8.169398344808805 -8.333651423258097 -8.428728567327951 -8.547048589141554 -8.645107988701294 -8.716165062371957 -8.829893177660592 -8.930133692929763 -9.00687639973287 -9.073042007372317 -9.093250030643748 -9.180735355722252 -9.228108391948211 -9.292209402502994 -9.356605602029559 -9.416523136994433 -9.442476809575322 -9.51539920528647 -9.559587010277971 -9.581527655416124 -9.67348503979899 -9.71611053864699 -9.767212508226299 -9.825079203272747 -9.865121971094576 -9.89642637173224 -9.917300585059493 -9.90161246382055 -9.955587113207416 -9.99242865983304 -10.02709217289906 -10.057869951717883 -10.087358681834315 -10.117865139592553 -10.074593936569965 -10.163704355864718 -10.194855198154073 -10.231883583229164 -10.261625551675708 -10.289700170891148 -10.306578901925072 -10.341214700890545 -10.361569568403784 -10.405269057909543
51
 -4.404499802478301 -6.314853455735804 -6.932641444902409 -7.305176099407961 -7.635379847811017 -7.81246486466138 -7.917135949003196 -8.192641174577002 -8.27189950862432 -8.442501563011689 -8.558073124575584 -8.661159146897495 -8.758140652969397 -8.769962642980358 -8.921225686140405 -8.993686381335891 -9.086172906247748 -9.156857828513605 -9.161507496853293 -9.25411549005396 -9.311934945457946 -9.371918116649397 -9.427679556947824 -9.481103349750237 -9.535061276078592 -9.579295702486487 -9.592163276654588 -9.689637361434773 -9.717271915229754 -9.79117502245103 -9.840536960755514 -9.873877529186975 -9.868192796682486 -9.899658344007598 -9.946385237609741 -9.969856296108704 -9.979023443854773 -10.049809923214955 -10.08234699739886 -10.08056901019838 -10.086780167604475 -10.14736234485526 -10.177690691882436 -10.2216993161584 -10.21772406305591 -10.229154899537255 -10.318921611385383 -10.331232079676617 -10.374960657727005 -10.386532375330816 -10.426610885404118
51
 -4.404499802478301 -6.260053990442407 -6.94398114240225 -7.305170678795984 -7.6167619336090056 -7.736058634469437 -7.996669604609291 -8.14671714539943 -8.2907861894761 -8.396923080955927 -8.513666682857375 -8.608095612430796 -8.713159686668387 -8.808033488882185 -8.919509631246605 -9.014469288003973 -9.07160266603374 -9.126069454890393 -9.178442159870624 -9.232018359664766 -9.289791185217801 -9.345067022703507 -9.396504455832941 -9.446834700910584 -9.487305177917062 -9.471449344615664 -9.601473634001978 -9.642460927005013 -9.694277966421978 -9.753391190535005 -9.792909423327616 -9.840658973086603 -9.857095826093586 -9.835733277716 -9.899720011369123 -9.959877871871564 -9.98908177261056 -10.015910781667714 -10.045839022822136 -10.057326372713042 -10.086903020943543 -10.12511958031029 -10.151400432818644 -10.167920967344562 -10.17648797064118 -10.249718863220359 -10.278487478747943 -10.301917611193414 -10.326551254463133 -10.36493363104967 -10.394087884079312
51
 -4.404499802478301 -6.367669241635448 -6.943378279893865 -7.325146252955353 -7.549999784295104 -7.787285452427852 -7.960964660896881 -8.14282542063405 -8.307796838103394 -8.417041342688744 -8.512723865855856 -8.607509762519154 -8.701041008584253 -8.820207215372236 -8.868558108131731 -9.014709898196754 -9.078219232734236 -9.111784337631187 -9.155231809170393 -9.20845195046598 -9.282444849091773 -9.335989441399516 -9.389309097442473 -9.419824752777476 -9.499624095461728 -9.502596029651777 -9.598725166855575 -9.654641009356967 -9.672871088909584 -9.752609783860763 -9.806579610366425 -9.840790184662682 -9.874859038171108 -9.904019283356412 -9.922865195892106 -9.961722448319806 -9.991034346898013 -10.021332488107392 -10.049526816324073 -10.052619341392045 -10.09345663030582 -10.085868009179462 -10.057785893345473 -10.19546170718155 -10.205779937960488 -10.220343933955125 -10.260989037973554 -10.311835225562623 -10.339058192986185 -10.367435356778547 -10.390532421244025
StreamingSVRG
5
51
 -4.404499802478301 -4.570474885248083 -4.76053563351335 -4.945240661014257 -5.126072868113487 -5.31263741688938 -5.48670505392475 -5.656091284576114 -5.8285387642821 -6.007228879482353 -6.175054570502476 -6.342925475875054 -6.5127855097075935 -6.6487856203816476 -6.835583938928077 -7.0097543200599794 -7.17599260778023 -7.332907531706982 -7.465204832104223 -7.510956190136585 -7.7783214846347395 -7.922254674004423 -7.991212840468895 -8.234261464340026 -8.361261494493702 -8.539415211397607 -8.3063210000036 -8.67514705688184 -8.84169200840241 -8.85747842957348 -9.158768472550097 -8.828263126834413 -9.43539522961977 -9.57014102740732 -9.571490528720304 -9.75696061143757 -10.013293394028906 -9.759238699565287 -10.25443437562555 -10.417477617219507 -9.9139657341723 -10.406173225067409 -10.783117683243146 -10.534872529187666 -11.042255015657252 -10.729592130035966 -10.223586737558243 -11.42414917438168 -11.19879369725642 -11.344189572169807 -10.868953744129165
51
 -4.404499802478301 -4.571039726863499 -4.7663107217235465 -4.950923050803086 -5.109582882550408 -5.310804197855063 -5.492095054339173 -5.6626684419878 -5.840420334214775 -6.01689497724039 -6.187615040662713 -6.352063969450202 -6.532338355283128 -6.691442186925045 -6.803716018709994 -7.017425989006116 -7.1715790824032855 -7.218744834807269 -7.443772108321655 -7.616798925987749 -7.62803269065238 -7.767441959666433 -7.9105464863331045 -8.083964988896996 -8.224676514849149 -8.31102319764186 -8.556852324889585 -8.709662709832514 -8.836925350696232 -8.972454322098997 -9.115995906932017 -9.287141843817537 -9.484463620296504 -9.55935635092854 -9.781935222945815 -9.355729488775477 -10.044595052040425 -10.213865834578101 -10.294480139319985 -10.079309482305899 -10.65277835601119 -10.793776455024082 -10.777387503128343 -10.962732835226555 -10.525630401493922 -11.232810679423341 -11.341061158268076 -11.464068773083323 -11.020789753618962 -10.859773672313402 -11.7799462382336
51
 -4.404499802478301 -4.5762891437721205 -4.757865649277226 -4.956210992458131 -5.1209775099405705 -5.315361036896349 -5.477650053214491 -5.660922738896459 -5.788349127397637 -5.960916050779563 -6.121422671514704 -6.247204021460853 -6.476613140128979 -6.6489951477889235 -6.807036639983032 -6.994265859735096 -7.158026406655372 -7.217850978790233 -7.473679252627408 -7.485313674389536 -7.61663392898545 -7.769112088726853 -7.89590099142307 -7.995043408537957 -8.188131963955538 -8.394961853227189 -8.552860604992677 -8.673767384833718 -8.827620418725568 -9.004424753471808 -9.097806886259374 -9.258799933273021 -9.443545675050741 -9.49988035066836 -9.739691474058672 -9.770512460735599 -10.007017371765011 -10.11873078475721 -10.206719132674307 -10.461401313175276 -10.44187176298251 -10.594181694716257 -10.594181694716257 -10.594181694716257 -10.450101030445754 -10.172746426194136 -10.695381735144636 -10.851443166298909 -11.066766924560993 -11.233026579196414 -11.004162917612389
51
 -4.404499802478301 -4.577339120322108 -4.768068125852509 -4.954388199432198 -5.139685831771934 -5.314918784082489 -5.488234367793333 -5.670053819929487 -5.83101291787338 -6.003044943754323 -6.170595470344693 -6.3303940756381 -6.481963065666397 -6.665163360468868 -6.841454397160107 -6.982475881702989 -7.151061541546808 -7.3250093914720065 -7.462931484955275 -7.582916210854175 -7.7492754488420275 -7.8194521238902395 -8.023391750689818 -8.175759012334515 -8.37185638275318 -8.535676867758273 -8.68561986072959 -8.83571992446668 -8.977653464140158 -9.055821904381862 -9.075313900093715 -9.314854852653946 -9.442774895250505 -9.702799669182983 -9.520061317696857 -9.894704552833195 -10.139747862399304 -10.108180423420654 -10.14409676625714 -10.374423858932294 -10.491672937779127 -10.652862168546868 -10.709299770604941 -10.709966577650519 -10.991149932132165 -10.871244207230543 -10.913382839077622 -11.330585895153877 -11.001608449010673 -11.576663635000397 -11.626374327293147
51
 -4.404499802478301 -4.573727923315425 -4.758690651435193 -4.943109687951554 -5.13011452240382 -5.292487494625349 -5.493103623139386 -5.669396467490949 -5.838061531133029 -6.0135546586494035 -6.175557946853239 -6.356525584981565 -6.532871560359133 -6.693017897589987 -6.862856419535529 -7.032025031265819 -7.204636262096739 -7.354888721390333 -7.5027952809347145 -7.682803704682261 -7.8439718500222435 -7.969181383643967 -8.030624186723152 -8.261086588003748 -8.394950157710905 -8.569890699754287 -8.69918370427028 -8.855782820376524 -8.991610005296524 -9.13819635159779 -9.29418256168339 -9.501489802763773 -9.626781381020198 -9.71674822037504 -9.700500705089695 -9.848776904809204 -10.140039270622964 -10.160893233481843 -10.428259807195063 -10.547957962744587 -10.651069464580601 -10.716167969421443 -10.538622626741356 -10.683769276771898 -11.050091289782237 -11.006203108212016 -11.270489280033122 -11.034598046522381 -11.555302087415901 -11.629462948408534 -11.586836163939582
SGD:0.05
5
51
 -4.404499802478301 -6.368857113784309 -8.117199209668373 -7.348258847185417 -9.173421349118863 -8.776603924605087 -9.293156090676689 -9.159213197640184 -7.819430294376783 -9.1142438176044 -8.85098808345209 -9.107899410738343 -8.384318798862067 -8.50110716221682 -9.140150256344812 -8.180596194295012 -9.23373495323518 -8.817277805141556 -8.985841839660752 -7.450982157928133 -6.683594378580829 -9.182239180608663 -8.85410630799709 -9.116733593012658 -8.62387571861778 -9.321430990409551 -9.165845448820345 -7.622070259333182 -9.166613650926582 -9.287612652133324 -9.03197057482194 -7.629236128515943 -8.580384443302412 -8.09005239877281 -8.958533812475002 -7.860684007303763 -8.80477692006509 -8.651979849813026 -9.106435858650112 -8.961248104938067 -9.161119835213 -7.373998984191563 -7.916975245509517 -8.25380358984641 -9.135071972772407 -8.650264016133827 -8.846079907168779 -9.30287784466223 -9.209748996604938 -9.347135402228595 -8.907759839455203
51
 -4.404499802478301 -6.419118388810325 -8.090235558000519 -8.92861363502014 -8.847464349253018 -8.397263024739672 -8.899834372865774 -6.557072290238656 -8.994181336463617 -8.712447070574685 -7.416375205496852 -9.238248967569957 -8.158105903523435 -8.063561140960381 -8.55535522002247 -8.298330234042472 -9.03136455148794 -9.2544046704188 -9.21117706334572 -8.419110725266323 -9.131813196628404 -8.47574504338734 -8.98247307678061 -6.5865700291490406 -9.223071680291799 -9.118470184236942 -7.750596632090679 -9.292712065797756 -8.438064789666393 -9.003743517662892 -8.035211545253924 -8.496239307886302 -8.403290150399213 -7.0090379487512635 -9.029077979054014 -9.245060285988249 -9.353915394039268 -9.08168555513925 -8.656980721878538 -7.531742289354775 -7.906777927050668 -8.936299434546848 -7.885770717048158 -8.3000563572045 -8.850899102444671 -8.079408740663379 -8.898158327250787 -9.153536856826287 -9.27680984886278 -8.656133637144478 -8.567818865113885
51
 -4.404499802478301 -6.524086144689342 -8.099685202422473 -7.726652378320212 -7.912639817147272 -7.9451053091659 -9.198387045376272 -8.402465844202709 -9.187760980309378 -8.788114052731675 -6.866794571280816 -6.668985846555108 -7.493199853026186 -9.219457221137516 -7.455738077368316 -8.982928746299164 -9.047873897043294 -9.163517464282219 -8.56875793230866 -8.644227031356733 -8.596646107214069 -9.2910258224195 -9.145423285383407 -9.029894150585243 -8.917748699908769 -9.321093196489057 -9.282301091148478 -8.569531842121572 -9.329701278111855 -9.17130155299513 -7.418707081244779 -8.75479571952475 -7.071277799721508 -9.275053994921857 -8.886378585602287 -9.050111549148056 -8.932851318368439 -8.829118353621265 -7.630080116124431 -9.260967167497661 -8.580560455811185 -9.073596637770319 -8.042362459689837 -9.095359862849017 -8.320051480317545 -8.382865104043168 -7.320287428824289 -8.817867573465163 -9.211703103510521 -7.209773243859306 -9.20402443588355
51
 -4.404499802478301 -6.377512652363789 -7.257045574717323 -8.83897540093253 -8.963262622402244 -9.279622616696615 -9.27849369282659 -8.714582998881385 -7.663043820862535 -8.861347399048448 -9.277233600024356 -9.266666660501853 -9.075489685206382 -8.341361139610756 -8.425214316434655 -8.869703608931957 -8.874710914271265 -9.225484435727111 -9.169801461029467 -8.593794549112932 -8.578365202559477 -8.17328439417312 -8.656853932481576 -9.289443391385811 -8.341778238372974 -7.477196090920876 -9.021577493210788 -8.458480274802428 -8.838598101670785 -8.685105967321082 -8.059727335505869 -8.968192756189357 -9.128349239707443 -9.244057104595917 -8.591371725896378 -8.62538149465744 -9.015321698424245 -9.099939207763436 -8.838351117911586 -8.689090493988255 -9.015796882865603 -8.732203751612442 -9.071662728057825 -9.053859834486317 -9.149453691929029 -9.31211043905557 -9.190602627335219 -8.564072724308337 -8.866099025859915 -8.639899221857187 -8.979531835519545
51
 -4.404499802478301 -6.58405934195556 -7.7505924960436365 -8.80026607743223 -7.9656906041205815 -9.154223024164025 -9.2261791151747 -8.941864290724414 -9.182125432206897 -7.827337785648343 -7.154987351329117 -8.01659941643592 -8.746387055793281 -9.194587983568963 -8.504003078633186 -9.146008472055453 -8.804150963309803 -8.929264060274832 -8.837440016435831 -6.901207329074317 -9.177007750736124 -9.227050778388415 -8.571098261787577 -8.849367238551544 -9.328351344881785 -8.857318438083295 -9.058489185426673 -9.23055857252746 -8.897830952332336 -9.002565889369437 -9.316192808958867 -9.058841367981868 -8.718166585380889 -8.305454469448499 -9.023993930160184 -9.068690990588555 -9.193463872883445 -8.377130697038586 -7.661676242056963 -9.181281356900808 -8.777734415799156 -9.001218131548894 -9.22837420922192 -8.97493525869285 -8.797799849732689 -8.69304936183632 -8.722768409541265 -9.239339897000342 -9.145840647406029 -9.037164293136282 -9.235036324935484
SGD:0.005
5
51
 -4.404499802478301 -4.646659987361418 -4.895894018722662 -5.1370102169461385 -5.372791371732337 -5.601830016478935 -5.860876602281944 -6.088204930697175 -6.31723952546103 -6.537821936715943 -6.770323664297376 -6.922128999891433 -7.205560201546059 -7.441543252156541 -7.6538816799438205 -7.865418628370841 -8.074239715372565 -8.275392470774126 -8.463985437202865 -8.678323483470948 -8.555081615434153 -9.012300884072353 -9.27322252285929 -9.470408604713786 -9.318178268148928 -9.863107664485229 -9.967092898030117 -9.358689164250732 -10.066892492951872 -10.621426417435039 -10.47630505923561 -10.776930089078489 -11.052457251731088 -11.041692679303722 -11.207409608552156 -11.152749630543202 -11.077933399875253 -11.667904565568534 -11.594408916494348 -11.709824231974025 -11.759219791799405 -12.001615042991068 -11.63866927473821 -12.028843577854895 -11.913704771384635 -11.018853744550743 -11.861236627379625 -11.985338406864203 -12.351739403314273 -12.211481540016557 -12.402291785282339
51
 -4.404499802478301 -4.660284187077916 -4.901621574748581 -5.154532346023606 -5.403265957139621 -5.644529389783572 -5.847629149054206 -6.0808408282731525 -6.333463450462154 -6.54452136852665 -6.761434636974069 -6.995511632685555 -7.200499624521161 -7.426179014695246 -7.639105385391745 -7.870978922362929 -8.040485798817008 -8.289047474626281 -8.243651795772891 -8.708485639896503 -8.790899777813255 -9.062914957692985 -9.275104862526502 -9.39966088710175 -9.6284854879639 -9.850955920943758 -10.054267865594008 -10.090175661385333 -10.113264917377524 -10.464677563619533 -10.579857367194284 -10.834542306228839 -10.280626649689694 -11.126067436382101 -11.194897455783947 -10.709415345569122 -11.475201170954392 -11.091864451967727 -11.379174246240163 -11.598780244133996 -11.901113121770472 -11.411454776308103 -11.037421451379934 -11.623959748828057 -10.3515512290126 -12.024956100922106 -10.65194588094922 -12.303755435662003 -12.076766881805542 -12.272053987318024 -12.427103981631761
51
 -4.404499802478301 -4.666389755521733 -4.918020122788536 -5.161296786934706 -5.403750499898508 -5.640968370543146 -5.823332096641448 -6.112161420970914 -6.328373421812245 -6.532511644529521 -6.809441010438659 -7.0232661828633836 -7.2402481830545655 -7.433911449168091 -7.6546753026164165 -7.847132926901323 -8.077021781146014 -8.203240451017157 -8.487720620187343 -8.580070250778604 -8.913823372019587 -9.104668615710132 -9.297524837698735 -9.438657778397253 -9.592470821525099 -9.850288474540342 -10.026593680104659 -9.992500518129663 -10.450237991639902 -10.510962820868173 -10.746562086439292 -10.378979910019282 -10.603155615951211 -9.415399681408635 -10.861393555338536 -10.633363769489112 -11.392559042246543 -11.2429118760217 -11.294886829776631 -11.797065078019699 -11.500165284221167 -12.00419280469524 -12.053556789007203 -11.551965655152973 -10.618966087838045 -10.674479649127518 -11.834290101515823 -11.913202308753363 -12.194825920108652 -11.50042862395438 -12.058753403524882
51
 -4.404499802478301 -4.656937375019002 -4.914605869473691 -5.169024276315258 -5.368832014594931 -5.652664436213454 -5.881293234633592 -6.102306359758907 -6.340692738876637 -6.567352007824319 -6.786294100923493 -6.993111238284728 -7.2118907587894565 -7.4401809376789405 -7.627185233176428 -7.872020490337612 -8.023546562520291 -8.185555176968172 -8.512099711339435 -8.716385635370672 -8.860088694915822 -9.00239285885635 -9.137210787621484 -9.503526667604884 -9.678309139091576 -9.870188636708667 -9.965910682969044 -9.998291427807025 -10.338335904975311 -10.279130554545736 -10.624225906486593 -10.726494667954075 -10.911915344675112 -10.383964466174783 -11.060671290996305 -10.938475243623586 -11.473914179430873 -11.63222591225027 -11.646039087436304 -11.398369668051336 -11.699992750525327 -11.468157065456234 -11.91326155193994 -12.006411067762865 -12.123683459711005 -12.105877833713935 -11.975854476378686 -11.913414428498129 -12.218126834370924 -12.239010512712193 -11.504966779927223
51
 -4.404499802478301 -4.653490873707242 -4.900708674262749 -5.161582755519078 -5.375673416892307 -5.629722190063088 -5.860948807221392 -6.071005793494653 -6.324548564694192 -6.534525394383244 -6.767214148922703 -7.000700985290044 -7.209696209631026 -7.379785118608807 -7.609298359021219 -7.8427948677103965 -8.005412671485503 -8.255927201552048 -8.46300712558018 -8.655516204010885 -8.861311672725448 -9.070253945049531 -9.158094782791943 -9.363697832256426 -9.5936765137273 -9.783993968816567 -9.991051629878694 -10.177310709930886 -10.073256255231522 -10.436849342724038 -10.42598171225976 -10.401546143694544 -10.730674677074362 -10.952602280368783 -11.04930785493183 -11.02845107155958 -11.085362728001618 -11.444670557484928 -11.460420116953268 -11.28401188119994 -11.586749021739283 -11.742044852701929 -11.336389032533981 -11.99540567623091 -11.347502349836363 -11.399315823693867 -12.269174151958657 -12.229345049401246 -10.798640813063267 -12.26095047560746 -11.09493215175758
steps
5
51
 0 8000 16000 24000 32000 40000 48000 56000 64000 72000 80000 88000 96000 104000 112000 120000 128000 136000 144000 152000 160000 168000 176000 184000 192000 200000 208000 216000 224000 232000 240000 248000 256000 264000 272000 280000 288000 296000 304000 312000 320000 328000 336000 344000 352000 360000 368000 376000 384000 392000 400000
51
 0 8000 16000 24000 32000 40000 48000 56000 64000 72000 80000 88000 96000 104000 112000 120000 128000 136000 144000 152000 160000 168000 176000 184000 192000 200000 208000 216000 224000 232000 240000 248000 256000 264000 272000 280000 288000 296000 304000 312000 320000 328000 336000 344000 352000 360000 368000 376000 384000 392000 400000
51
 0 8000 16000 24000 32000 40000 48000 56000 64000 72000 80000 88000 96000 104000 112000 120000 128000 136000 144000 152000 160000 168000 176000 184000 192000 200000 208000 216000 224000 232000 240000 248000 256000 264000 272000 280000 288000 296000 304000 312000 320000 328000 336000 344000 352000 360000 368000 376000 384000 392000 400000
51
 0 8000 16000 24000 32000 40000 48000 56000 64000 72000 80000 88000 96000 104000 112000 120000 128000 136000 144000 152000 160000 168000 176000 184000 192000 200000 208000 216000 224000 232000 240000 248000 256000 264000 272000 280000 288000 296000 304000 312000 320000 328000 336000 344000 352000 360000 368000 376000 384000 392000 400000
51
 0 8000 16000 24000 32000 40000 48000 56000 64000 72000 80000 88000 96000 104000 112000 120000 128000 136000 144000 152000 160000 168000 176000 184000 192000 200000 208000 216000 224000 232000 240000 248000 256000 264000 272000 280000 288000 296000 304000 312000 320000 328000 336000 344000 352000 360000 368000 376000 384000 392000 400000
