8
SGD
10
51
 -1.522459313163994 -6.0058314086881905 -6.388938612279615 -6.603074573280264 -6.72997181793908 -6.842636587771001 -6.953098527730536 -7.027631415640678 -7.072310571314561 -7.131236338362052 -7.16333030722609 -7.2176961953202525 -7.2544610821671505 -7.2818812574589185 -7.32018721068453 -7.351482519209585 -7.3809054574321005 -7.404395356374641 -7.428514166445541 -7.4538337185922865 -7.481998414741617 -7.504107879442731 -7.520626295453536 -7.544575338515445 -7.5621497941122975 -7.57996802890524 -7.592031148086365 -7.607660341348455 -7.624116368694176 -7.6441695781179195 -7.655721984783832 -7.672874678596743 -7.681888431326072 -7.689487732854965 -7.7045419414709455 -7.717682420848626 -7.73395722692199 -7.743777008526922 -7.757125891865386 -7.773340164216715 -7.783831882025221 -7.798349505537492 -7.8120312399294916 -7.824704510065961 -7.835232445889946 -7.842510188295544 -7.85115670945312 -7.864092609486936 -7.871609363430067 -7.883345710272097 -7.8976953010916455
51
 -1.522459313163994 -6.306522614201854 -6.56685436803459 -6.831012872986214 -7.00188368942196 -7.0930796146426545 -7.16911164293066 -7.237506278384311 -7.303333167040125 -7.363656388359646 -7.411482531404103 -7.460366081046013 -7.494289487174902 -7.524831715124433 -7.558498819370042 -7.592984437521348 -7.624482831291304 -7.645735784544447 -7.667767481060338 -7.683623177974693 -7.702118309719072 -7.719322544124241 -7.7282173936712 -7.7401475448054695 -7.753295596907193 -7.773439153816919 -7.788434804737913 -7.802256058740771 -7.815937348224954 -7.8303010848132235 -7.844679079519044 -7.8569902982716995 -7.8719571762636535 -7.885429528882202 -7.90080815591881 -7.912427261011597 -7.924519747918498 -7.927578209952629 -7.944488636521477 -7.951583449875384 -7.9612015401301415 -7.973435762247514 -7.981118033197855 -7.99446252114884 -8.003116858582482 -8.012257871102744 -8.019759642815444 -8.032642907812779 -8.039944975483392 -8.046800472243874 -8.052310564629796
51
 -1.522459313163994 -6.19508976920175 -6.641240709154834 -6.859660506550963 -7.009354353149965 -7.092190179463012 -7.142487011431267 -7.210222659503695 -7.272744229257219 -7.326538597339472 -7.377702636290049 -7.399145396244221 -7.431273850933081 -7.460939759168359 -7.503614996171277 -7.522869406548142 -7.56535393882159 -7.590443102251009 -7.621309793320707 -7.649416837435366 -7.668698134473033 -7.691104324143319 -7.719867230392956 -7.739712663945331 -7.7583030749142905 -7.779596551374585 -7.797755441611011 -7.815243326456591 -7.832095464540159 -7.8467797023249855 -7.860045730350029 -7.873940800224339 -7.886326257644643 -7.902512326359438 -7.920754154423825 -7.933079711186706 -7.946640441093755 -7.953250791401823 -7.963824034570455 -7.97736515827655 -7.990893985845217 -8.004469532536822 -8.016354893620566 -8.024848825685782 -8.037128467038954 -8.043418880117054 -8.05329914712234 -8.05785586741119 -8.064879276786083 -8.072495465966405 -8.07791633747449
51
 -1.522459313163994 -6.258526040295956 -6.723414567078936 -6.95123286443216 -7.095325702671258 -7.177329303967375 -7.292330785494229 -7.374987366309108 -7.42706031154626 -7.47142997998644 -7.525629336052571 -7.581029429757246 -7.6224533800808665 -7.662841241475579 -7.685199556038052 -7.713288493039026 -7.744937437283161 -7.7800265911635575 -7.813986813586634 -7.845998184827602 -7.86803999052207 -7.889949726912856 -7.912882006950976 -7.932119430215649 -7.9484706319982115 -7.966833793730606 -7.98421029333635 -8.0029172305222 -8.023213890953274 -8.040870380512361 -8.054462869504244 -8.06843640357343 -8.080157624905798 -8.09658058729911 -8.11221607992002 -8.12606984724573 -8.142604092103735 -8.154613147297692 -8.166212264594758 -8.173467068101473 -8.184315950461258 -8.196308679323751 -8.203758214848648 -8.215729430649416 -8.227551303802441 -8.238246564782198 -8.248495231172646 -8.258273486967159 -8.267368980473073 -8.278618674708333 -8.286631652425267
51
 -1.522459313163994 -6.063878794251459 -6.464742546291406 -6.710067813993778 -6.892732005770161 -7.006392817327239 -7.124028955575968 -7.215516799991734 -7.276750375994178 -7.34621909613394 -7.399416951423925 -7.44372109329122 -7.485517528618012 -7.525323564962328 -7.5637120795386865 -7.592941262556993 -7.624140527913814 -7.657708447745882 -7.695127196966879 -7.721173249305853 -7.742395350742422 -7.7597054038002495 -7.783723727005397 -7.803204194580003 -7.8213334301288215 -7.84538088995503 -7.864464138793978 -7.882645999691114 -7.901993868955229 -7.915189355601306 -7.925683829717854 -7.941253455527962 -7.952935638425588 -7.964227934366116 -7.980400768413293 -7.993565705365275 -8.007574643297472 -8.018993620837119 -8.027903469924551 -8.038547485594176 -8.05171221695062 -8.062461720714635 -8.073467462813944 -8.084420770334368 -8.100115110049048 -8.109508840094048 -8.117338762750586 -8.126405463756798 -8.132778731521391 -8.142138515911297 -8.152817332209134
51
 -1.522459313163994 -6.168375704862265 -6.526508291117449 -6.717564389717427 -6.8440296510851315 -6.978889201931311 -7.079629270573114 -7.1513058862210315 -7.227481083450256 -7.269721461741022 -7.317934228929581 -7.358634291095366 -7.387071752953729 -7.417939188994846 -7.44058031551223 -7.468618569988433 -7.497530064831831 -7.528655179045572 -7.552154801287388 -7.584774875048445 -7.603475506727997 -7.6229669287550745 -7.638249284621839 -7.662544430820959 -7.680130674621956 -7.695812508615663 -7.71365233972099 -7.731986984653018 -7.748062598602671 -7.759255978585216 -7.772461117788716 -7.7867339842674985 -7.79676049870431 -7.8080118092612105 -7.81896582293708 -7.827538153541627 -7.836382102818816 -7.846345621710392 -7.854590308466291 -7.866413451223038 -7.8744551766990325 -7.886719202778249 -7.898254359980456 -7.90834819295269 -7.923023765242125 -7.936489685976156 -7.948074221438018 -7.957160439504019 -7.965075887771475 -7.974621880555621 -7.9806133836705655
51
 -1.522459313163994 -6.222206651294416 -6.589888140403689 -6.7645956516202 -6.893595638539213 -6.99720603962277 -7.0899192346663735 -7.162264678672136 -7.219148597873185 -7.275037641819244 -7.318613549483763 -7.358639060028377 -7.400957377237423 -7.441238007369257 -7.472082161932134 -7.507927844742683 -7.535748694433139 -7.558599438979835 -7.574141163615893 -7.594869406952802 -7.60966992476987 -7.630865534556933 -7.653201789858562 -7.668425174943981 -7.689057253695917 -7.70381740697489 -7.718569365714164 -7.729621595186211 -7.748852777767357 -7.7652947436605375 -7.783139531246639 -7.79905443370201 -7.813145054278963 -7.827882640157254 -7.842934019050266 -7.851207196286491 -7.862823540831277 -7.872256719623738 -7.88988959151829 -7.9055573072402785 -7.914323824155698 -7.927231856990761 -7.936261382854456 -7.94415669906911 -7.949828519272981 -7.956506930502914 -7.965750034185338 -7.97655260368586 -7.989583070629228 -8.000339015567151 -8.007620990878717
51
 -1.522459313163994 -6.109440843832344 -6.4451791262745415 -6.63431830702522 -6.787943196929831 -6.889356374925422 -6.959782770369797 -7.009995700542306 -7.06581638758127 -7.105050895415552 -7.16316939595716 -7.195224482530661 -7.22563254061169 -7.252739746642035 -7.273148284785959 -7.316536320379431 -7.344505656916586 -7.3713850189241725 -7.383692199079229 -7.411686741290424 -7.424375016879709 -7.448472460134909 -7.47700553001228 -7.502279160572783 -7.5239109828238675 -7.541508928966089 -7.560812373778163 -7.584426639949321 -7.59985384692926 -7.612026635648883 -7.620408582178911 -7.6352516868483145 -7.64452842731536 -7.653475646270508 -7.667274681859714 -7.679625158431844 -7.68578386035817 -7.693654569358305 -7.704099791290053 -7.718267703676261 -7.726417839059079 -7.736857502923864 -7.746899943387197 -7.757954132887714 -7.767651461917366 -7.778054747611834 -7.787023195346006 -7.791928856597655 -7.80333633525284 -7.812436447924773 -7.8205639353687255
51
 -1.522459313163994 -6.58468640694672 -6.881385818508005 -7.11664034788018 -7.320485962194796 -7.432134148019173 -7.546479398200699 -7.624572653895191 -7.675418467132783 -7.739737344219914 -7.799583464747992 -7.838016490410726 -7.889115016470727 -7.917721295358521 -7.955471951721708 -7.974952128517323 -8.002539508657923 -8.035021209681359 -8.055466755833718 -8.089249417195612 -8.119025416973589 -8.143625365700586 -8.163334982374835 -8.186036955850229 -8.20872225773335 -8.226014436106658 -8.250447618156079 -8.268227946122806 -8.285380660688316 -8.299684220249693 -8.315556602786062 -8.33286220817665 -8.350542105378324 -8.364267022829877 -8.379674166078132 -8.397116569814711 -8.406989886444315 -8.420387423071245 -8.434206286051158 -8.446200500035332 -8.46064282115606 -8.465687111306995 -8.471737165413794 -8.482220484558706 -8.48776654826872 -8.499654172876973 -8.511825434945147 -8.519373278909951 -8.531112593303419 -8.535206296979021 -8.548538012556465
51
 -1.522459313163994 -5.714996203145096 -6.3963268616099 -6.634609428820083 -6.811250873313235 -6.929126752246202 -7.0793711702259845 -7.174479549545862 -7.251516403515585 -7.312205017377094 -7.370844873120925 -7.421026816346331 -7.486670973598454 -7.525199743759125 -7.565519705253251 -7.598050765700201 -7.627532084161554 -7.658262166784144 -7.6764302848027 -7.704601312127232 -7.730438774889107 -7.762408472088544 -7.786416409067971 -7.810324032896885 -7.828579500813882 -7.854765522398789 -7.8708105332200455 -7.889998457697816 -7.908384489510371 -7.927074342430096 -7.945324973580422 -7.959370496728316 -7.969449592467705 -7.985390690704899 -8.006108281169782 -8.013689987944465 -8.026441965180378 -8.039508684001238 -8.0522387106716 -8.063131279270278 -8.075788438746406 -8.08798882426562 -8.09740519747858 -8.113416330382407 -8.12072508549772 -8.129049994132284 -8.138200838722684 -8.150173870785157 -8.159983881864848 -8.166371689722151 -8.172781492511376
SAGA
10
51
 -1.522459313163994 -1.7073515536060409 -1.882370952850716 -2.0500572361877887 -2.214270403618187 -2.371572117780052 -2.521778537864446 -2.666069901654313 -2.819477616145101 -2.9594932876765268 -3.086691445927826 -3.211952279862121 -3.3392288845285036 -3.451116839009006 -3.560548327813608 -3.6682184718329034 -3.77673899484514 -3.892822293634995 -3.9940783679978895 -4.099990167009307 -4.193981965032372 -4.2833300617525545 -4.366973033507756 -4.456395936777963 -4.538294916030737 -4.620039879498856 -4.700688594955256 -4.774882727027365 -4.853218444725512 -4.929922756127291 -4.986536592746264 -5.052365625646699 -5.111683661024325 -5.164158489358629 -5.224784675845262 -5.289440391034472 -5.339905980191386 -5.397667549085945 -5.450973307594413 -5.501073681798644 -5.548547270602966 -5.597886396110231 -5.64120750775424 -5.687593492459326 -5.73340180592624 -5.781244072467883 -5.822488366233667 -5.8605464358839905 -5.895620675742823 -5.933195116052971 -5.968856144239415
51
 -1.522459313163994 -1.7095012453582332 -1.8954892571517745 -2.0607043478886786 -2.231109442463137 -2.395200975416599 -2.5481527073046872 -2.6994820155884645 -2.836607974825464 -2.976065147963437 -3.1089350646858773 -3.246066560852731 -3.3747124351753004 -3.4945660579741498 -3.6110354376881406 -3.723349732269966 -3.8320370254725646 -3.9423007741448557 -4.053872306228966 -4.148965205149013 -4.240626521588321 -4.325318205891927 -4.418554765635468 -4.504267716441019 -4.584949214404728 -4.656379155296691 -4.728452379109653 -4.8020130149228235 -4.875535679836063 -4.946189678002156 -5.017689670467821 -5.077345129802099 -5.1410338190659814 -5.200126715090126 -5.255808647499083 -5.308398305822735 -5.360647729199411 -5.416083476268004 -5.468405092503964 -5.523046154219912 -5.5767197168248375 -5.624233455754389 -5.671258489869162 -5.715189900981233 -5.762935352510408 -5.8073965736637145 -5.848082764236123 -5.892355541076971 -5.933158668100973 -5.969074768260287 -6.009088379606578
51
 -1.522459313163994 -1.7088888571794276 -1.8874076325083993 -2.05698581732271 -2.223764502924124 -2.3885663135266846 -2.5450672905490506 -2.698836385574791 -2.84566263748531 -2.9735803856108682 -3.1077743579257087 -3.2290977643681584 -3.359888805054143 -3.4760553102060108 -3.5933032406683263 -3.7043568632906485 -3.8092106694781402 -3.9103769064579312 -4.006855692590635 -4.096640859052832 -4.192475368628329 -4.280111280280712 -4.363000919577603 -4.448392646565646 -4.533751394862721 -4.621668964927719 -4.697698140693332 -4.773547686734839 -4.843336487159488 -4.909497658453418 -4.97543373312872 -5.048113720872887 -5.109602283110163 -5.1750459403613815 -5.236517781861987 -5.294857944685179 -5.356475511744619 -5.40867971908251 -5.4616082023835295 -5.51134377150698 -5.560702011172853 -5.6077993639102575 -5.6554612043361665 -5.704221888234621 -5.7489677057651445 -5.791684553612906 -5.837020225733304 -5.879343877718423 -5.92379602358846 -5.958599445803691 -5.994971635487458
51
 -1.522459313163994 -1.7108379436462604 -1.8918195636726796 -2.068965400391859 -2.2371249977674963 -2.3981262065795965 -2.550790555466344 -2.687235488312618 -2.8379794461592107 -2.979373729331003 -3.1204901041113393 -3.2531353587147347 -3.369179103459429 -3.4898484327342865 -3.610801085868611 -3.714132577572332 -3.819026665073693 -3.920485207484038 -4.01976791454196 -4.121142424629732 -4.20669142141645 -4.296196310796193 -4.38033286585699 -4.464550113762921 -4.547404117129503 -4.6350409467604035 -4.7217250815467375 -4.801792576415543 -4.865539082861218 -4.934733405202723 -4.997445839920074 -5.061273214646711 -5.117125374187956 -5.179651570996041 -5.2267597669209 -5.275161247339159 -5.327886223468737 -5.3864117181650855 -5.437885635414705 -5.488944611283864 -5.537818994233426 -5.58351370795488 -5.636646600820995 -5.683730147103671 -5.720143227858627 -5.762726767390822 -5.80535135741692 -5.8462558689906405 -5.888615402288544 -5.927211742874591 -5.9630709318498845
51
 -1.522459313163994 -1.7061700839783434 -1.881546883075191 -2.046017040754542 -2.2236695944355764 -2.383743092169839 -2.5428984179707026 -2.6891623107208718 -2.8341191747120007 -2.968588032417674 -3.1090693126104814 -3.2410563693194696 -3.3680352493571903 -3.493988727848692 -3.5977108435991743 -3.707192743640701 -3.817284770849492 -3.920539097614325 -4.0253921043899155 -4.129131661135818 -4.222556847619673 -4.306533689254796 -4.391350518840104 -4.483175137363858 -4.562655502519288 -4.633883944936848 -4.718811630666373 -4.787002087178902 -4.860934777501929 -4.926866492650799 -4.993459923071086 -5.053446713691593 -5.116819538120879 -5.171153773276327 -5.2336648111865856 -5.287165450572345 -5.340758521001828 -5.3938776351814415 -5.447669060123182 -5.50156059444294 -5.54945452604324 -5.59285247772573 -5.641992578624751 -5.687157731824137 -5.732176903736807 -5.772613334251068 -5.8166295232650205 -5.859340310546433 -5.899191130953915 -5.940392661579018 -5.980127416917188
51
 -1.522459313163994 -1.7002461215331053 -1.8807990436427762 -2.060446382799768 -2.2268007418542495 -2.3924044699898266 -2.5528663065783985 -2.7001476800643407 -2.8489649793865706 -2.9862452975432903 -3.127635525568688 -3.2638275958483387 -3.3843915562173694 -3.5077625051421935 -3.6270140510644553 -3.730907599662759 -3.836745897613243 -3.936861959255606 -4.036480268095121 -4.136466060956249 -4.223873789997405 -4.312861042310926 -4.405337053997598 -4.479933730381447 -4.563398666919152 -4.6353271807059535 -4.7060522731242 -4.776417391425065 -4.8445419194927934 -4.91314947764497 -4.978131816711819 -5.042728845706942 -5.11259607857669 -5.174611396317149 -5.240800788337205 -5.290717162045942 -5.344387623129992 -5.397652842259104 -5.446815878606993 -5.496520110616281 -5.547742613473752 -5.597398054099196 -5.648362299582029 -5.698022045606753 -5.7461916248376514 -5.789308608707848 -5.829687908987621 -5.8679206399427875 -5.905773454180882 -5.943023373249584 -5.983553399831881
51
 -1.522459313163994 -1.7076731265622396 -1.8843165075084418 -2.063626294899009 -2.230014287391005 -2.3902268097333392 -2.535253581029224 -2.6771934452049613 -2.825086886770926 -2.957901727141269 -3.0859763740589807 -3.2237751814054842 -3.3525193076422295 -3.4715082769779757 -3.5824898655899635 -3.706314141824409 -3.8201950161153495 -3.924085148106733 -4.0182159101675845 -4.113143046166304 -4.208947876466046 -4.301668997310897 -4.392539099532237 -4.487367716979151 -4.573344701516928 -4.650016053195026 -4.723068660241645 -4.798469093498337 -4.862922068235502 -4.925271292278242 -4.994140423066166 -5.055141975785848 -5.121655091315153 -5.185534939001028 -5.2372054525603415 -5.289230516807592 -5.341903753658882 -5.389670888041957 -5.442410914815627 -5.4892293856571985 -5.530410343777967 -5.586416577409864 -5.635348075418195 -5.679388265253443 -5.721177402827408 -5.759568907219053 -5.799379107586982 -5.842638941017703 -5.884336423019109 -5.924592072252763 -5.962439445412386
51
 -1.522459313163994 -1.7054107675576955 -1.8843080111801997 -2.060449478298676 -2.2244380339972727 -2.3903751954883368 -2.533250379439554 -2.6891653712573795 -2.838652725496922 -2.9852592659162034 -3.1177253246661576 -3.2477113446796295 -3.3733783624680895 -3.5008913938878212 -3.6107937933603274 -3.7181318516340154 -3.8285605894280264 -3.9375608497913985 -4.025315224417677 -4.11957020036826 -4.215351060478752 -4.297701067023948 -4.391198247523919 -4.477565430964193 -4.550301982898898 -4.634892355289658 -4.708131889585369 -4.78476739569566 -4.853965671017652 -4.9270447003952444 -4.9992353175036275 -5.063839935952187 -5.126949795073411 -5.192528793195117 -5.253106250364187 -5.3041398794057155 -5.350915839592729 -5.405879337777784 -5.463351304177359 -5.510597214264429 -5.555492425339982 -5.60348479032539 -5.648624388031549 -5.693115854952238 -5.738880918630689 -5.781033839856793 -5.823187095283888 -5.8610861822695774 -5.902404531533967 -5.944473792470735 -5.982550692747636
51
 -1.522459313163994 -1.7096964016218035 -1.9009760176324406 -2.0712907170364434 -2.2335930107547184 -2.3928113855595705 -2.5520440631386188 -2.6999906308117936 -2.844072687779019 -2.987095308021743 -3.1203431632848173 -3.2554197709933446 -3.37256330782015 -3.485677890695139 -3.608831529902824 -3.721029584767362 -3.823276731269783 -3.929251992882583 -4.021763686864944 -4.111836181267118 -4.200307678197513 -4.296768659121677 -4.381494905983062 -4.470321330587428 -4.559516509881101 -4.643476422350326 -4.716934885020951 -4.779746069023586 -4.847365011076068 -4.917268998876859 -4.983584819490098 -5.046254625283693 -5.109579545788891 -5.161787592038044 -5.2095421760391885 -5.269320912677608 -5.324080051075833 -5.378700585421753 -5.431209443169442 -5.477840992056978 -5.523364612252939 -5.56521718554207 -5.6189279999205395 -5.668441026925136 -5.710330527720151 -5.753616318583424 -5.796177054267173 -5.840936461727221 -5.879352820611028 -5.915187726993073 -5.958837247900912
51
 -1.522459313163994 -1.7048466917679683 -1.884628119686455 -2.062698390631392 -2.227145170578409 -2.384361861487648 -2.5472936606710026 -2.69545013006745 -2.8343706189765965 -2.9821512114616127 -3.1031810244748974 -3.229810728094048 -3.352408888498494 -3.482662027249086 -3.608884249000516 -3.725646553420626 -3.8252147570280624 -3.9349154181271557 -4.0246044912158805 -4.121479214920542 -4.216491955571723 -4.3134049921763555 -4.3974426996526415 -4.484125682612813 -4.568670993982666 -4.646497306138558 -4.718433119488145 -4.793994792623682 -4.858016356022412 -4.920144635221692 -4.992291502581942 -5.057758303126318 -5.124743541702507 -5.189825358346352 -5.239811184778349 -5.294931284516012 -5.346381251399184 -5.403613694641115 -5.4515412182878284 -5.504938981478635 -5.554567977947996 -5.600598639914708 -5.649649955147806 -5.6944193697427306 -5.732060213747015 -5.777244728640349 -5.817551599919397 -5.854905005002686 -5.889794245501544 -5.934070802127472 -5.973316313759241
ADAPTSAGA
10
51
 -1.522459313163994 -5.859028593890196 -7.060497391210018 -7.765373102956906 -8.233305545385205 -8.322067633192718 -8.757595124538708 -8.74478025561102 -8.861831836732787 -9.115598556896094 -9.123519157987793 -9.497328292031051 -9.62105367546188 -9.408938654473538 -9.720430953365096 -10.041378718857045 -10.112578480116568 -10.23837361738464 -10.371722260287067 -10.219286741871338 -10.225430539656827 -10.307399116472594 -10.305398467227981 -10.361024342043894 -10.52679444619631 -10.601970462364084 -10.85980205171057 -10.923559122467429 -10.888859769697788 -11.086324782042704 -11.248253997388042 -11.36662237672065 -11.441405958110574 -11.462374042643868 -11.624431452019554 -11.817218364046411 -11.77196357093732 -11.785515854350956 -11.781398497304036 -11.717339717102249 -11.830766179836255 -11.902334044129809 -11.940139361525446 -11.853470240968681 -11.881643036362188 -12.025536121887587 -12.03877862820566 -11.980914929681582 -12.124392134030261 -12.104138081579245 -12.120202023641632
51
 -1.522459313163994 -6.043415257068811 -7.337467170195827 -8.075290955873598 -8.496939277221479 -8.520551704908327 -8.92681073167156 -8.892492888698062 -9.021626748814672 -9.280758897078918 -9.269787267026325 -9.646935914332532 -9.75724692052791 -9.504510009902406 -9.814147006636675 -10.143431400831828 -10.21429364077674 -10.340338034754703 -10.473787036114482 -10.310948926136874 -10.31108476670783 -10.393476002443002 -10.389277046130962 -10.445430886311366 -10.611548507869424 -10.685411845691226 -10.95282533560454 -11.004636130729697 -10.958846986081587 -11.169455050022192 -11.328335041255636 -11.439810415790268 -11.52048858328934 -11.543361064026767 -11.710472791176237 -11.91567617281494 -11.865893828963616 -11.870301636414636 -11.859521051800366 -11.785381657450882 -11.903973379818254 -11.968234909190306 -12.003158803870738 -11.913027502431099 -11.938818801588335 -12.088627614972413 -12.099380735913234 -12.044338059503776 -12.191855212721373 -12.170162055820045 -12.189370756745616
51
 -1.522459313163994 -5.953323029156305 -7.243079634175964 -7.9904660580572635 -8.42268878596723 -8.449947258514875 -8.880492391832421 -8.846923357689645 -8.96429973398547 -9.228373424921287 -9.217246562778017 -9.610125925223288 -9.728173086608322 -9.483621194200257 -9.807084681028552 -10.134636186073394 -10.205901887815328 -10.327396144226537 -10.461307337746543 -10.29877645999226 -10.292738054963237 -10.373235218604178 -10.367091331458 -10.420310023057581 -10.589756946881398 -10.662371396974763 -10.9255847294637 -10.98734487704266 -10.951246122916748 -11.156257452005189 -11.309903563427397 -11.426260912554499 -11.498603988407902 -11.514900428905419 -11.68307914246469 -11.885168629773775 -11.834510452723533 -11.84149097306723 -11.834492503803007 -11.76965739141135 -11.889056027539457 -11.955705713499142 -11.992022840160878 -11.89714110292515 -11.923445649223332 -12.073323169610587 -12.088785952352568 -12.03447451842157 -12.176629009850599 -12.146685935818171 -12.162683042556154
51
 -1.522459313163994 -5.853372178266796 -7.015469160807421 -7.779549417287302 -8.229259702461722 -8.259636687346466 -8.693334964205546 -8.670463522516059 -8.792296005368762 -9.072941660692113 -9.088638316995114 -9.450447227997214 -9.566706273767377 -9.357786374659389 -9.66778986372959 -9.974402159984294 -10.052727697725706 -10.172402766470437 -10.31115622311626 -10.172166265845583 -10.1780250617462 -10.262164520097468 -10.258716210892612 -10.313325200314177 -10.471882074727267 -10.542746718428855 -10.793410260458044 -10.85614665656861 -10.822161790513839 -11.01663323677895 -11.173191896645939 -11.287625984770077 -11.36575667950326 -11.386098651194976 -11.543679569938352 -11.729105388435626 -11.687214116635289 -11.702080964918432 -11.700930698702706 -11.648476836385447 -11.759325564003346 -11.823212460100004 -11.860854321859241 -11.777879933401197 -11.80383578575301 -11.946574375767689 -11.964740867843894 -11.916060514537978 -12.051783736456086 -12.036050801531037 -12.055762365502234
51
 -1.522459313163994 -5.998800658749507 -7.268411463123663 -8.026569546160404 -8.460472638271588 -8.49846410994914 -8.90602844103341 -8.875772848487808 -8.98230412768163 -9.246088762939698 -9.232886087078782 -9.614130555700362 -9.719533213855957 -9.465938700727433 -9.78244988705843 -10.09776173626059 -10.165996325824585 -10.302671762955145 -10.441376766801447 -10.278623064145897 -10.279541413469046 -10.36629715227643 -10.356332725511514 -10.406081191523745 -10.575534897028962 -10.646441998253664 -10.916261038654795 -10.981688261002224 -10.945060300428135 -11.149798123108859 -11.302380646757564 -11.416619353903274 -11.492450144621158 -11.513495479447945 -11.675502326055373 -11.877501418206437 -11.825760359478055 -11.839865694296474 -11.831877344384099 -11.764502551072221 -11.883399861377073 -11.95548273335832 -11.988738877293414 -11.897399331996837 -11.926757462542275 -12.076203631811758 -12.088834295239359 -12.033296946372728 -12.178566215513346 -12.149890202912127 -12.168485982639616
51
 -1.522459313163994 -5.991360722706767 -7.144913326434287 -7.917953630800701 -8.340654221640893 -8.386071377268761 -8.77286923333049 -8.753599096538135 -8.869788005670221 -9.160094237075391 -9.15760737718149 -9.529253184303714 -9.641855398702445 -9.415457685951674 -9.733987694889025 -10.055767241054095 -10.122163449423521 -10.244627653715275 -10.379771071828301 -10.237995451556499 -10.232281539908184 -10.319094018681657 -10.311701516202778 -10.360824342331586 -10.524885875286536 -10.593289973026462 -10.856581553611495 -10.921930857187249 -10.881680432980696 -11.083225621686086 -11.242441501885471 -11.35885671157999 -11.439917281111486 -11.454263140705477 -11.616737759096294 -11.81420427008127 -11.771047280245547 -11.775883798585868 -11.760426984286052 -11.70013929860839 -11.82133256358021 -11.891826530626943 -11.926845688892628 -11.836378533441746 -11.8670792686682 -12.015868783531484 -12.028851471934837 -11.966229074412002 -12.109169214502325 -12.09036966952506 -12.110592911893718
51
 -1.522459313163994 -6.137038638249761 -7.283058998213057 -8.059188396221195 -8.478384618154832 -8.47535112289975 -8.91427821320202 -8.87814124317816 -8.991271342232626 -9.261980294201921 -9.269939061294576 -9.659600288882835 -9.767859399291863 -9.513614052858756 -9.834347679478991 -10.165584382404706 -10.233576208811911 -10.350306693601505 -10.48397078248254 -10.31223347999857 -10.307667424445453 -10.394890001232866 -10.37548257638735 -10.424929806858383 -10.594615610142917 -10.668847594875304 -10.944694510757632 -11.008708534055513 -10.96302440779192 -11.167910566653374 -11.320895652445135 -11.44485048187454 -11.518601490887223 -11.528285270303087 -11.69162903318263 -11.902322408822947 -11.851601270343922 -11.861037366128269 -11.84304677734148 -11.77312050527149 -11.894258275893206 -11.962242413889731 -12.001682986305267 -11.905193736432675 -11.930174210533883 -12.08028811948574 -12.097247313403264 -12.036839543926138 -12.182842288270503 -12.160329685814673 -12.180067740005702
51
 -1.522459313163994 -5.89738842017595 -7.166780416226085 -7.869312978067708 -8.299923224359459 -8.36003947649377 -8.787323830636096 -8.774524594787362 -8.904883713679483 -9.155009894869517 -9.150334676378538 -9.527119333712545 -9.653389528247722 -9.416433728310704 -9.730943416254657 -10.04896082406522 -10.125317464945606 -10.24816711459575 -10.385079209068001 -10.237018365464163 -10.234571315905717 -10.31532042907695 -10.309406636235547 -10.36324416754663 -10.52881343757345 -10.597696081765745 -10.858330227075506 -10.917960857727874 -10.884743403739382 -11.085630816959727 -11.243299760793413 -11.359348218669712 -11.438877397444191 -11.460143614542082 -11.626533668160102 -11.823458113645897 -11.777928548111575 -11.785269355460361 -11.778800582703468 -11.718813058970426 -11.834027686629641 -11.898568546003991 -11.930400220894432 -11.844728553936104 -11.872090302423343 -12.01738087497863 -12.02993454672326 -11.976533361000799 -12.121707435959014 -12.103810388772473 -12.125190898202304
51
 -1.522459313163994 -5.871907608397428 -7.178303530099709 -7.90103880627609 -8.349983360936085 -8.373168491065046 -8.776202964574583 -8.74490856625223 -8.87139690978258 -9.163267635976569 -9.16688081105464 -9.530310239159697 -9.642048986962166 -9.415464611952698 -9.72596126954846 -10.034104623516011 -10.108278314675905 -10.218952811874928 -10.35768490871948 -10.203420159008598 -10.21572231904481 -10.29785172424976 -10.296295865344394 -10.35016787193714 -10.5303720668797 -10.595980813363367 -10.848582729679103 -10.905895065040523 -10.875323665187338 -11.06815926164499 -11.220482296255275 -11.335434861974973 -11.414193724298048 -11.431696867192981 -11.597843820611503 -11.797022639095113 -11.754281069597653 -11.766638848604591 -11.759951938500553 -11.701866742187308 -11.815736473631576 -11.883932874140651 -11.918505132882405 -11.834551243982972 -11.859725496726147 -12.005776287130336 -12.01808268763855 -11.962745338058784 -12.108772593563314 -12.088091848772656 -12.104476930017398
51
 -1.522459313163994 -5.992410945794091 -7.244634410484837 -8.037407197731255 -8.41501094878439 -8.493963868377667 -8.89542125748525 -8.865119387365512 -8.970533208097589 -9.212816264441617 -9.201784942281163 -9.592633811822704 -9.701895886022545 -9.460075139511865 -9.778609083949165 -10.105790549243295 -10.181196779559865 -10.311564260660585 -10.44601055995305 -10.285192185535365 -10.28611529352167 -10.369636259122569 -10.360219090539092 -10.411886947550816 -10.57616944385016 -10.649939701616118 -10.920179286451566 -10.980436953251969 -10.93998299961463 -11.149206003963203 -11.312798083612659 -11.427798850499428 -11.502124247572237 -11.520280338496303 -11.689591765053624 -11.88724661724132 -11.836848402781836 -11.84490520425392 -11.838536455971822 -11.769928758159015 -11.885369386530815 -11.955872228693336 -11.993670430595175 -11.903661907054738 -11.92640633229719 -12.074322922600297 -12.088573016572042 -12.029894740327807 -12.17449834381484 -12.152031881247071 -12.168793521551645
ADAPTDoubling
10
51
 -1.522459313163994 -6.133490997230492 -6.8821288295129195 -7.191589222128643 -7.886979780718788 -8.290333728133941 -8.685315718425098 -8.916821665777142 -9.02231195538764 -9.184744617782592 -9.335709459597894 -9.502010403224778 -9.622909501654044 -9.765419395474641 -9.825660338863816 -9.90983315046806 -9.880336756104903 -9.931573895686078 -10.08605946440878 -10.185238867519839 -10.303333734499134 -10.405554727075728 -10.473233058693056 -10.49805335380073 -10.61783838335864 -10.7090485375381 -10.785125666627208 -10.838085394202551 -10.855886504540146 -10.872579603425555 -10.950328240973096 -11.057101246760583 -11.115588072496223 -11.141672523666086 -11.195051364279577 -11.24819781800509 -11.289379350343255 -11.423654780032535 -11.468720143798803 -11.518105586405259 -11.581627280786162 -11.579698368046529 -11.618356836866282 -11.634231051665179 -11.651893123556807 -11.667654207536344 -11.704551257626507 -11.752543876627737 -11.784130881174926 -11.815039776281496 -11.861645095514584
51
 -1.522459313163994 -6.144461368085782 -6.689320389956747 -7.340216818808655 -7.806377360549089 -8.021113870507623 -8.381092855480048 -8.766388746482594 -8.929523746337043 -8.987201119253672 -8.980531261153763 -9.155614405187874 -9.244069027732689 -9.412308438424688 -9.473078755151304 -9.547180292331118 -9.604698149109877 -9.736331133284304 -9.88770581646688 -10.018429883916424 -10.140560071178967 -10.253070628012011 -10.364048205916665 -10.44581627198744 -10.512401551007331 -10.553557335465944 -10.615310805241258 -10.696946952107696 -10.68759555380922 -10.703602260271397 -10.783028574960445 -10.804612593292575 -10.897121444315294 -11.011490110774576 -11.065870419146604 -11.244545719314663 -11.265382469030614 -11.312624775389223 -11.380205657147162 -11.423001505363557 -11.460730273249395 -11.501455609465454 -11.553999624748426 -11.682691548835711 -11.698838516979556 -11.69179867742993 -11.72164019170058 -11.73007924585564 -11.788742646636862 -11.795509122544992 -11.783262325193347
51
 -1.522459313163994 -6.092479269641757 -6.694906395304795 -7.197164890392749 -7.684485783214436 -8.074422460380605 -8.422408414094933 -8.542246479500076 -8.811136026490203 -8.891333245762947 -9.093680526975012 -9.24234098630774 -9.393211638880107 -9.497735900400516 -9.630449663588529 -9.763496559519087 -9.869109968092843 -10.001217231413364 -10.06587411880589 -10.162606608986064 -10.236728904795587 -10.269933358164948 -10.41995996447185 -10.501588395675439 -10.592136727893534 -10.614961493680688 -10.729505497440229 -10.748678582846075 -10.782441555403476 -10.776931659623072 -10.835248339192951 -10.913239246503945 -10.971831358918363 -10.936588842338839 -10.977019412649812 -11.118745422091227 -11.182074785650604 -11.253465135580283 -11.184154376610534 -11.334534374922944 -11.394707401882686 -11.42745826616973 -11.47131454214622 -11.488216579646457 -11.537647143249625 -11.479543238869086 -11.55677558103041 -11.520850746786175 -11.559428747734732 -11.622932036731308 -11.675517737365784
51
 -1.522459313163994 -6.186066342496928 -6.975345214328446 -7.504136889418593 -8.162559767160609 -8.538820210842607 -8.798450521830032 -9.067559223547157 -9.317067635413478 -9.510912032193952 -9.673034090550157 -9.732454081935506 -9.745035226752021 -9.91280327944174 -10.049938889577104 -10.172947192676018 -10.16098315797235 -10.245528250953713 -10.347734550842949 -10.47697127591978 -10.553064830080187 -10.652881115430052 -10.712801456890173 -10.846430947260039 -10.918828614036423 -10.951883970460342 -10.906279997232037 -11.00983290923762 -11.082417165424632 -11.160863049461609 -11.327414624274223 -11.3777858249655 -11.476862933101895 -11.626006091067305 -11.648081703732824 -11.661060668415917 -11.715386065537194 -11.814231426719893 -11.93147281267395 -12.023385184090627 -12.110689120134628 -12.127560654002124 -12.200997800223012 -12.165838924137912 -12.1256123269762 -12.168393428085889 -12.242166303613885 -12.272929853361513 -12.298204985306771 -12.350794089173782 -12.357440223766405
51
 -1.522459313163994 -6.274708343029948 -6.897220373085033 -7.517088688417406 -7.958031196521343 -8.245228819663575 -8.662238891481037 -8.919971825363755 -9.032886897971883 -9.205564078623954 -9.282976707786949 -9.460590705670867 -9.599305645031007 -9.66713318808797 -9.83092601766959 -9.985612678405449 -10.018261758296411 -10.163639479078547 -10.364343400734281 -10.446087318945482 -10.579462273489355 -10.766189647420916 -10.806191516923397 -10.834583529045856 -10.946382574560532 -11.04657795304136 -11.06106033848054 -11.186737386668424 -11.305131890468532 -11.385053222338028 -11.443221084841158 -11.561373633129435 -11.591432081614604 -11.5927241655713 -11.64940669970603 -11.651157203475655 -11.801018970279404 -11.795829925007785 -11.782093666074246 -11.821889737763474 -11.843081447966977 -11.858216813741778 -11.907377476867081 -11.949985257107903 -11.979618627325745 -11.938142591407972 -11.983241846678128 -12.069609342081895 -12.174885326851614 -12.215184962481958 -12.208584694680976
51
 -1.522459313163994 -6.2721001454648775 -6.841552945720503 -7.341461343331601 -7.71662434144752 -8.043166626682154 -8.317955994327813 -8.422466681726304 -8.834004054114015 -8.991240669659573 -9.12938093605216 -9.262303420117808 -9.500185146830386 -9.690489338651538 -9.902061735536192 -10.017934980038854 -10.16156080276613 -10.263835088618546 -10.334000200114101 -10.52240024653255 -10.626101784073846 -10.749420000019398 -10.822563507558602 -10.838456376713367 -10.90348831907239 -10.91562513429821 -10.959394063724377 -11.024297755580465 -11.121659508068738 -11.212176965137944 -11.278008375430703 -11.312210743836474 -11.35825868083844 -11.345740810455354 -11.371378838598993 -11.36733431591667 -11.371508975412352 -11.37096491214791 -11.500698303375104 -11.594396268387309 -11.584708165388388 -11.636241361289288 -11.675225167849767 -11.74274567336382 -11.816086853741862 -11.825494121351676 -11.806111984176276 -11.774214294448555 -11.844668688698983 -11.853752273762977 -11.877195227339673
51
 -1.522459313163994 -6.078588063938893 -6.80257410485834 -7.227552130527671 -7.684646630729498 -8.061854213606708 -8.282294925244845 -8.547632237706239 -8.707922563454257 -9.002140845164451 -9.189435570595107 -9.336366638269528 -9.470806474347906 -9.583111848307023 -9.66741855622893 -9.877994432973173 -9.964616445688014 -10.14720166843788 -10.207055675970318 -10.315791606700937 -10.412850602338436 -10.534919861078798 -10.548147783112185 -10.70321676971375 -10.782815480096001 -10.942731328212238 -11.002994920163397 -11.013145512843588 -11.081014475830141 -11.040286369985132 -11.157191156829107 -11.203002347948356 -11.254705834895898 -11.301836162888183 -11.384362132851406 -11.362920468120738 -11.392578129919434 -11.41816110363212 -11.473531632284521 -11.46191602425026 -11.472029726930527 -11.481892442532393 -11.566858995906157 -11.554716129694011 -11.633401586444721 -11.664321742327195 -11.70934265965407 -11.77222183701617 -11.82708172367001 -11.783601226689498 -11.79016022091259
51
 -1.522459313163994 -6.25825940552598 -6.928107336508188 -7.367121195070996 -7.692599791531151 -8.205516839386277 -8.467880363187174 -8.681842324221204 -8.83910840333712 -9.07342449962999 -9.29555901306903 -9.426808927085473 -9.476257563016496 -9.549213271041094 -9.677829855126166 -9.852378604262238 -10.028778806112324 -10.151245951055849 -10.279171866164106 -10.266502297360871 -10.340000014648824 -10.358580387917405 -10.468471207872755 -10.483603692068971 -10.60871095223085 -10.638912678019633 -10.610723014222646 -10.757486583309728 -10.833911612744238 -10.915295401518076 -11.023550020662277 -10.991869697188433 -11.060300575069707 -11.150438662369348 -11.252865465883648 -11.293911454105906 -11.385519396958205 -11.460759297700184 -11.553518628039068 -11.56820474306645 -11.71765619205521 -11.70440371846272 -11.80054459190284 -11.816981409781663 -11.8705404676091 -11.909333012916397 -11.917895213895795 -11.977585508152849 -12.022072056378185 -12.084636043387277 -12.070597831011126
51
 -1.522459313163994 -6.114220717024396 -7.136540408212008 -7.7445239024950085 -8.115744703947598 -8.623947729810231 -8.94579927648785 -9.154458553278804 -9.4136903122321 -9.6364733530782 -9.75077912161982 -9.958472334155484 -10.126069017768891 -10.196312660751682 -10.339196469379786 -10.402412231034116 -10.431695945972768 -10.591909882226895 -10.598000239682394 -10.727087740499421 -10.834034522747727 -10.922215466868025 -11.043612707868244 -11.16101321879385 -11.12196418151973 -11.182733971504243 -11.22131817127394 -11.248853145912864 -11.391126740410796 -11.387812450235693 -11.492774984444507 -11.49931892645353 -11.668805424647852 -11.725395529988317 -11.736287431178415 -11.75728200695578 -11.930820072652256 -11.980646946990284 -12.015867584131557 -12.088350175183116 -12.086997485563815 -12.131452180002462 -12.185329127802484 -12.1669863248666 -12.234860825108678 -12.239965957932126 -12.273994747650425 -12.275699714856602 -12.316440669422922 -12.312252652388613 -12.3026996952897
51
 -1.522459313163994 -6.237242208659054 -6.996433538315974 -7.5656601374882575 -7.944510595708112 -8.429325354260959 -8.764813649558159 -8.915862776703344 -9.162438637323358 -9.32069423623881 -9.487272061424793 -9.606704471503676 -9.738521251894113 -9.88073581598748 -10.025515118111857 -10.118446292945311 -10.203350611962646 -10.299741579293261 -10.464833994994565 -10.616144190086597 -10.638592543058062 -10.697691512572375 -10.867703258026618 -10.943022947372421 -11.04613773208453 -11.135080351945156 -11.140746274490724 -11.196724153336659 -11.24733645609651 -11.315587581373727 -11.293536845514245 -11.393038179135642 -11.472946033415253 -11.518707026912793 -11.548553882605647 -11.565767975901629 -11.6543664319868 -11.70754006398947 -11.804076458113446 -11.849216477013714 -11.852441176998463 -11.909144409783758 -11.962757664934314 -11.907186632331229 -11.944164062775563 -12.039220919892887 -12.09939740106254 -12.138547458928956 -12.196478570742883 -12.24005734276764 -12.249710497871337
StreamingSVRG
10
51
 -1.522459313163994 -2.2126880126036728 -2.990287342452162 -3.70144669644076 -4.210467097181525 -4.695618448352468 -5.100283173912817 -5.419128403964499 -5.644343345040479 -5.89755310103125 -6.08076602354759 -6.258705740191144 -6.406859545367432 -6.560215072278532 -6.708845034114179 -6.847220733031507 -7.001265832354124 -7.144102549038551 -7.2550465198336305 -7.332396892760599 -7.412424226796577 -7.563051643627782 -7.679452957078468 -7.813460809762914 -7.967943073554212 -8.066521542202825 -8.215276839144883 -8.354197348016452 -8.496469313147228 -8.63587508255073 -8.795872031500606 -8.92690598465325 -9.085569801450331 -9.290040661107682 -9.451540722181457 -9.4291892430455 -9.682311569953143 -9.78296879525716 -9.824731239708163 -9.91014280445438 -10.038164561148841 -10.180199198674112 -10.245412886005864 -10.330730402615181 -10.41990962504013 -10.53377720930813 -10.510938927431692 -10.660529062426882 -10.478590230763626 -10.579428042704322 -10.709299133350603
51
 -1.522459313163994 -2.174859507633673 -2.9668131837853533 -3.6376596643060353 -4.239952914255571 -4.64509857476709 -5.024223279253918 -5.393753427860266 -5.6560686678716054 -5.878117831214248 -6.063119408930014 -6.254939932345098 -6.4120369338192775 -6.579308610601115 -6.7369711059489275 -6.858614022454885 -7.021819143002052 -7.151533306658427 -7.27095909930688 -7.389449737816747 -7.5809058541515455 -7.707323985217786 -7.839296052487124 -7.964662737341941 -8.067508811871365 -8.222852000703977 -8.363209874453739 -8.511819803733776 -8.63134132261649 -8.648735230456966 -8.691455338573832 -8.742990124937416 -8.76492864887284 -9.02377051838122 -9.175598910328777 -9.288997707364311 -9.47375320977455 -9.574313891574066 -9.700827484934148 -9.925891599518513 -9.919629365605362 -10.168269326232773 -10.238118922334145 -10.396576412450639 -10.323196259500753 -10.356557449071484 -10.633776319260507 -10.873152225390685 -10.845620099581526 -10.83397833980186 -10.939180457460242
51
 -1.522459313163994 -2.140803120580332 -2.9921599084896586 -3.6047469606768514 -4.1879506129897575 -4.673911742502379 -5.0202054311576285 -5.370171701879837 -5.64875450353971 -5.858394301767013 -6.019715166755508 -6.080889469740292 -6.262695816549216 -6.421178502278014 -6.542505888601628 -6.648826255763024 -6.75426832904529 -6.881802101613992 -6.992472982410573 -7.134004360095972 -7.2380092210403015 -7.359856217814581 -7.509835668693345 -7.653484225328653 -7.766945461458818 -7.944993384206741 -8.038138412938343 -8.222557697596141 -8.290403585964878 -8.401401437034393 -8.582002999891772 -8.604762722878974 -8.604762722878974 -8.604762722878974 -8.677989308183882 -8.83797769901667 -8.928979432700551 -9.006551410403565 -9.129041709662621 -9.230154541976631 -9.379825377758834 -9.607956992103423 -9.680388619853858 -9.852965738579888 -9.981245296066174 -10.088695991407553 -10.037122762409847 -10.306378323848902 -10.447316388954535 -10.622354279111873 -10.874021786075993
51
 -1.522459313163994 -2.183718740180066 -2.9991116205099333 -3.696304768328841 -4.246382341167195 -4.649761296311658 -4.983102488381976 -5.344677912063008 -5.548290238903304 -5.571583284640226 -5.805852541249526 -6.071971618530736 -6.277231654644389 -6.467428446671445 -6.661382347584 -6.812729801356597 -6.948094988341401 -7.096024589323819 -7.2590028505367306 -7.3902913574628775 -7.535582876025758 -7.674940009019036 -7.779999399671348 -7.934985986896968 -8.097917115844572 -8.238049949111257 -8.410803604746958 -8.599741101395242 -8.773786293263845 -8.886581106375367 -8.952499282103917 -9.072494456650045 -9.183036830954348 -9.297019254079178 -9.519085941808525 -9.621376229227598 -9.788184684321536 -9.790804077677333 -9.863802777941554 -9.865253361892522 -9.984968870566782 -9.92840394957997 -10.022776268875486 -10.224693290514868 -10.42894095310758 -10.563042179675259 -10.563042179675259 -10.563042179675259 -10.46526408584124 -10.454534868970335 -10.652190028897282
51
 -1.522459313163994 -2.1833595095117113 -2.5911415689925956 -3.032860419043234 -3.7338619914956586 -4.265374898657115 -4.722762444299761 -5.094189094617691 -5.399805891081316 -5.654843441618529 -5.8951861906014775 -6.0967211831715655 -6.308320581156376 -6.477532403351293 -6.622751777037436 -6.74665765399912 -6.873430510617012 -7.005602527941108 -7.1202941052626185 -7.26542179737179 -7.331142601988948 -7.470488482670164 -7.578204970949417 -7.669720328421155 -7.809744430462272 -7.936603037089207 -8.065616832796044 -8.197759751832782 -8.365771496083234 -8.517329920027853 -8.605552073716792 -8.809913892199521 -8.966748078256263 -9.138274556743635 -9.258697956477084 -9.26734759664924 -9.479923642017479 -9.66364470421324 -9.714097855678355 -9.874898104235754 -10.004728214446219 -10.104922124778032 -10.146279702453787 -10.30553152615952 -10.535353472966781 -10.57939488033378 -10.57939488033378 -10.57939488033378 -10.632171938416338 -10.674995349151148 -10.691580436627605
51
 -1.522459313163994 -2.1677702709899016 -3.016265213236841 -3.6543862038811827 -4.19604532530569 -4.645497386504856 -5.030238288300015 -5.410891902784027 -5.431608739242139 -5.688756388094754 -5.899989946533997 -6.099484185657733 -6.306721230832911 -6.4722048871543425 -6.617400279628247 -6.783971028079238 -6.91982843540371 -7.034764119843722 -7.174233699983186 -7.3299212639694025 -7.420189647814009 -7.566447665954637 -7.6769518607946825 -7.868952996704832 -8.021475449475943 -8.111201503651957 -8.277777957811917 -8.362681591625531 -8.476606114485243 -8.54675434624337 -8.598676346837312 -8.787015357676683 -8.846841586109493 -9.045415529282392 -9.095793846494054 -9.23843777503952 -9.28964256422177 -9.370460076416313 -9.482574542660265 -9.581328111029382 -9.636377526411298 -9.630961412352086 -9.645162227149573 -9.641787090659177 -9.641787090659177 -9.641787090659177 -9.73742860647355 -9.902343711165795 -10.080819396784499 -10.238707360414997 -10.265355502441045
51
 -1.522459313163994 -2.1635094577782485 -2.992571645096067 -3.6707933041706555 -4.282537726480816 -4.725813629637468 -5.081038799936434 -5.365818988534332 -5.63218412560845 -5.849948366327527 -6.0777898915340005 -6.284385959584692 -6.4579777900591875 -6.59035015944433 -6.767647918139308 -6.850971649464587 -6.94678953676269 -7.056541024622308 -7.218052464641024 -7.396726530979216 -7.504967908999171 -7.628200147697331 -7.74776255086831 -7.872366936318559 -8.006403808053674 -8.134910514696916 -8.216178495168029 -8.310985852469239 -8.416560238187328 -8.602920855547262 -8.648085673684509 -8.829247600400928 -8.959370753512184 -8.966589264734768 -9.115006390648855 -9.257431086742697 -9.369311888009046 -9.548511725224794 -9.700767600437795 -9.802707268172302 -9.83280873917135 -9.79018399500598 -9.912837397857206 -10.04620861158283 -10.154785227316884 -10.203455930165344 -10.110426271881794 -10.29186087513827 -10.495460564872538 -10.742273034249223 -10.720922928420608
51
 -1.522459313163994 -2.191969629221863 -3.0145897316963417 -3.7109350485300157 -4.293260846181452 -4.729504234046318 -5.120340421684553 -5.431053881531167 -5.688429229041002 -5.92934793734603 -6.105467395274199 -6.2890503293239 -6.436362061414594 -6.5719654461927375 -6.6895245119420315 -6.845011267499199 -6.999804785029055 -7.168754445048516 -7.290645019681552 -7.393135475531274 -7.524030648792169 -7.652668417271319 -7.816433044859171 -7.915281590722538 -8.06634869370912 -8.246296769804813 -8.366667890753579 -8.580244619638904 -8.725520216268276 -8.862791435890482 -8.858596682543068 -8.97374478341359 -9.044614858745492 -9.099538923886765 -9.196371579553022 -9.275000522588083 -9.290451076316542 -9.508403918852208 -9.578215345203578 -9.785054055406093 -9.917015095380503 -10.094355633704726 -10.208794789649605 -10.15378677589707 -10.176289841364996 -10.320106019132096 -10.569806623460906 -10.465972136419436 -10.804712200065184 -11.099582572349359 -11.225035359175275
51
 -1.522459313163994 -2.1583727679785074 -2.1683022462249864 -3.0371348046460382 -3.7768737194604314 -4.287382615346667 -4.702116774443348 -5.074754443529442 -5.363599962859747 -5.607187969609478 -5.8676886598489295 -6.048527581011889 -6.251694240098435 -6.420287381562208 -6.555083838982277 -6.67977479909453 -6.819856991519726 -6.974996374647267 -7.103705209069932 -7.266036990511105 -7.399311939961915 -7.536787649413119 -7.691322871510487 -7.839457459426679 -7.945569451546494 -8.034190676929017 -8.135948199392772 -8.37359990030377 -8.458240496666486 -8.587968907516903 -8.772782821301977 -8.862299936704304 -9.061684967171722 -9.126205633611667 -9.126205633611667 -9.126205633611667 -9.127181426450472 -9.231356272794676 -9.336773068053251 -9.427862618772485 -9.4895641250344 -9.458776069480725 -9.654676699636445 -9.759815218204912 -9.896622350255956 -10.044396061034215 -10.163485270366625 -10.383653511550245 -10.475109634717668 -10.470723959986023 -10.352644952186147
51
 -1.522459313163994 -2.172995573816988 -3.029136566896468 -3.708860802598633 -4.240711643895749 -4.7257543258842905 -5.076389473543307 -5.398442475351249 -5.4906247617082045 -5.672745983339016 -5.8961282188635415 -6.061970900341371 -6.229603064495306 -6.395440382280283 -6.537305408414387 -6.679514332301997 -6.845242217727334 -6.998855839248167 -7.138897410007296 -7.298821733052398 -7.431454383807038 -7.50108484068178 -7.672065981993094 -7.838787037888426 -7.911406169673841 -8.047371907755577 -8.109750299976247 -8.204712574186352 -8.325381338688656 -8.453782079622465 -8.579185131036368 -8.579185131036368 -8.579185131036368 -8.604916940218176 -8.713396620278278 -8.713396620278278 -8.713396620278278 -8.713396620278278 -8.713396620278278 -8.713396620278278 -8.713396620278278 -8.713396620278278 -8.713396620278278 -8.763297236155301 -8.867310654624108 -9.004904675826914 -9.166540961333034 -9.32670146798889 -9.332414847527298 -9.367886898688777 -9.47567372523078
SGD:0.05
10
51
 -1.522459313163994 -5.319465136680112 -6.707645849511197 -7.489205505143148 -7.944751007191276 -7.984973434494573 -8.737755319539954 -9.559983902753196 -9.183303442415555 -9.354509707554291 -8.990606660638216 -9.477611669352852 -9.861974496488807 -9.596972710054073 -10.075103888986224 -9.89009079408273 -9.75729424782318 -9.802183745683244 -8.906534912064691 -8.847410751911227 -9.522220950078625 -9.501242080709968 -9.029870017482324 -10.091911352677986 -9.655562334333684 -8.766818062013392 -8.618460816424154 -8.709114540498728 -8.965359378437947 -9.015671076231627 -8.849728214271453 -9.458024103529727 -9.703593730777138 -9.284810338499396 -9.330222832194327 -9.028144818036058 -9.720970718562032 -9.514679656192445 -8.916769826626123 -9.40995232959403 -10.173833283093037 -8.655701525495617 -8.743709150356324 -9.304581789336881 -8.811519135632915 -9.168330335636597 -9.687354308922846 -9.65585749713298 -9.367588158578101 -9.67856135276646 -8.913840008137873
51
 -1.522459313163994 -5.465476534601544 -6.4499905626205845 -7.126737051830687 -7.36998044845231 -8.154477226979825 -8.068671469243132 -9.071736788954107 -8.904824299995282 -9.090629974447241 -9.5077705587219 -10.721520531018747 -9.911630842604797 -9.53041341157556 -9.823270387304309 -9.058789621272537 -9.394910198678923 -8.325923588192621 -8.886838603921142 -9.302238557858436 -10.158430179377769 -8.854823725889796 -9.404670404084602 -8.475781937558109 -9.594653638056313 -9.55580588288174 -11.212619032445184 -9.634724179299 -9.84133841749977 -9.298535977980572 -9.516843056803056 -10.393496102785624 -10.03587153174574 -9.70525218210275 -8.85548759704475 -10.142544593246129 -9.802094663080812 -9.056006810302621 -8.427943936525763 -9.538877698211312 -8.728851311370086 -8.736140441035785 -9.307772739876707 -8.427856012383785 -8.96507799839939 -9.45595655917586 -8.893772001961558 -8.313989473445488 -9.203113447524174 -9.197050746808966 -9.109147775127662
51
 -1.522459313163994 -5.364205882157207 -6.764310953397236 -7.353788878751888 -7.667292454780197 -8.768582401592976 -8.45935086450399 -10.357920873290272 -8.870781131952253 -9.141585235568696 -9.02133360099974 -8.782340009049495 -8.434142223543862 -9.92486396278562 -9.319766013787447 -9.374323321406012 -9.570676051714234 -8.657979308259677 -10.974818954701933 -8.701528427802524 -8.834654845558884 -9.732231123980055 -9.411076269941704 -9.941878225774339 -10.586485125249485 -8.965737745292865 -9.115717846968838 -8.643239697050392 -10.649484773123417 -10.262423026844246 -10.162671396149216 -10.267864668996287 -9.712002397155294 -9.062326738128542 -9.154285387535209 -9.189097171296163 -10.490596036449839 -9.399912805299952 -8.723820337727073 -9.169636546710498 -9.714735884908583 -9.961261123138437 -9.605350399847874 -9.52590052462308 -9.188948286112481 -9.942950694621635 -9.699798638173158 -10.189822084754862 -9.988555322406281 -10.693018263548272 -8.68244512775693
51
 -1.522459313163994 -5.285395880595494 -6.728116536008767 -7.2888997388671095 -7.567472773081113 -8.055911221587165 -7.968803113139241 -9.124806870367214 -9.483198074296233 -9.514410658770233 -10.912525044864706 -8.986105833716245 -9.729410409114983 -9.220772142559595 -9.32998490089581 -9.10115041159593 -8.882842840722203 -9.572680266004003 -8.642712940694366 -9.617404523181445 -8.523303356125119 -10.070033636303691 -9.910769401951958 -9.145546847217819 -8.53360386306687 -10.264749004137187 -9.687105822805231 -9.923017546489763 -8.908438530781613 -9.964221888141504 -10.0598959727694 -9.47722959439379 -10.145240080269431 -8.959202053118934 -9.472328810802527 -9.787575371840852 -9.777754962578028 -9.735853953227833 -9.561303403640771 -9.533271676593248 -9.659009258115615 -11.307344922559912 -8.931632114046346 -9.071362521326314 -10.13189079383705 -10.14063718014543 -8.363297213378416 -9.400954776003596 -8.075784595595078 -8.252779455842159 -8.09769156941618
51
 -1.522459313163994 -5.315566461583167 -6.786247373242625 -7.146526874446689 -8.101652405876628 -8.45645959178479 -9.526093858717829 -8.460581165780525 -9.81492866153295 -9.463268558217814 -9.273389371219144 -9.615000033664687 -8.977467297064852 -9.027507397613858 -9.120761868067552 -9.680481330238182 -9.059424048664443 -9.563439650598598 -9.537862343688477 -9.385543228738051 -9.50770301954018 -9.480931880060538 -10.774186433467689 -10.670808759698831 -9.328783434496488 -8.759589384186194 -10.354682621738586 -9.34757667455752 -9.833608444470288 -9.757185966747896 -8.810556547542905 -9.832449162140701 -9.4466295245996 -9.989711006262679 -8.331633244764886 -9.324697506272152 -8.522752077320161 -8.895722242525721 -9.506480267104795 -9.18858991253867 -9.331090721657768 -9.753986447474876 -9.105628401482173 -8.95777294040077 -8.761294436479577 -9.668060433082852 -9.494826341404359 -10.046214290492514 -9.726235959051607 -10.249242387613211 -9.910405121808363
51
 -1.522459313163994 -5.414295791492515 -6.468203938885423 -7.452229784479466 -8.13067254614519 -8.309661370723592 -8.772571848709642 -9.526022471455303 -9.523167035448585 -9.54624301008502 -10.432735038006182 -9.371486276903248 -8.720064370695223 -9.460017163551964 -9.316629908305323 -9.865999755569915 -10.809301383948576 -9.846799361890092 -10.033220277889594 -9.180625035305257 -9.763206342213147 -9.217138285308438 -9.733791554272047 -9.436079074666445 -9.52387043112889 -9.753288726799674 -9.179739252329638 -9.71971136956094 -8.842469404953215 -9.452606414352973 -8.99325471366423 -8.906209633834148 -10.396772974170673 -9.66406039040486 -10.081437421061763 -9.3758610136622 -9.32932918415852 -9.828572037395224 -9.218773702189983 -9.582208095515936 -10.528528466435715 -10.25733147571455 -9.400276875304296 -10.027220925506443 -8.941471468413868 -8.731500769710234 -9.190357128482523 -9.924009271141278 -9.370867128677641 -9.736853911315237 -9.397456554965032
51
 -1.522459313163994 -5.361242028146434 -6.705954123810913 -7.478521960156657 -7.963832531866288 -8.629046324564113 -9.500270731214659 -8.302751488011898 -9.226750259070664 -9.48476648404956 -9.43723927446011 -8.884700080895396 -10.072077020686933 -8.992368180253811 -8.312601690973281 -10.090788997364857 -10.07658976775749 -9.526471769671128 -10.243708955573775 -9.65297008198585 -8.231306236831262 -8.957161444070639 -10.25306134806928 -9.968310055263863 -9.657569699030693 -8.830110110367405 -9.818909462770026 -10.004891444260446 -10.166846862983684 -9.246443044698347 -10.264889175584221 -10.095610857331828 -9.343355874908424 -9.833797212496329 -10.334345424774197 -9.49010037861655 -9.713571840747187 -8.673213526164991 -9.215811126819586 -10.055180737466513 -9.374440300366267 -9.96412009060039 -9.953813980788146 -9.823907924088203 -8.76397399337434 -9.05181934506135 -8.72562397157478 -9.551580729671944 -9.114396815094189 -9.168144560701595 -9.3045831200848
51
 -1.522459313163994 -5.436904109350797 -6.502647437356033 -6.930344667916311 -7.316284807445273 -8.182803818895612 -9.12025084527566 -9.129040067538092 -9.58511059319163 -9.909365155732775 -9.359482108654207 -10.207817882339276 -9.096606860451198 -8.964546661356916 -8.576563307364804 -8.543888380110845 -10.031109382752986 -9.018987377102572 -9.792726755418412 -9.40280887995437 -9.735950093752674 -9.291979262818431 -8.949836052669628 -9.648389502543793 -9.761002907513321 -9.714850855163839 -9.265767271036019 -9.744939880132495 -9.136791331955083 -8.24401442360843 -9.605836968388955 -10.45307360505776 -9.592148622787079 -8.585781912902199 -10.156970531099189 -9.140519531761111 -9.7452837404871 -10.793518750471872 -11.04172964413236 -9.711539037182547 -9.374701777925498 -9.384386476685266 -9.143089131644214 -9.759419161122562 -9.961209961415646 -9.097029555922164 -8.801085902373673 -8.891134995323142 -9.028236514791185 -9.556563764719979 -8.941530941527658
51
 -1.522459313163994 -5.437988320757913 -6.419310192028235 -6.956280671592428 -7.110311941604083 -7.940011354747813 -8.243800642545267 -8.144554702662717 -8.821608574113103 -9.813257811414603 -10.184933871991577 -8.921061670729515 -9.894563360469148 -11.495329333481676 -8.353419886562012 -8.934620223384622 -9.368146440156263 -10.281332444733264 -9.264564952392737 -9.921365681930608 -9.101541954899425 -10.088769495974633 -9.868348006131447 -9.396501781629928 -8.382776487315525 -9.08861801396159 -9.998667839424554 -9.336707654175624 -9.603544950640995 -9.011409635183155 -9.39925616245079 -9.107137701669476 -9.723351507214288 -9.131823624309469 -9.832183371841335 -9.108765159477604 -10.07434251635524 -8.572595750870045 -8.886742272877546 -9.366082209616687 -9.140588854981264 -9.742391697695789 -11.031482603609572 -9.64877690207098 -9.936298335137444 -9.75172371470905 -9.153926214964612 -9.136836927745575 -10.098398705658807 -9.520278356658066 -9.240359559363826
51
 -1.522459313163994 -5.410313371772734 -6.318580949201513 -7.528103778736733 -7.679979262505968 -8.423629453332179 -9.061966334780854 -9.080254975011698 -9.49696978395617 -8.878187045843143 -10.25808767594199 -9.545719555659952 -9.950277375377139 -10.029590153315914 -8.745602048107466 -10.211996166815577 -9.06058277446843 -9.481177047668217 -9.405495790606706 -8.172577899213657 -8.463768685299163 -9.538431083183614 -9.263622419312433 -9.924163778806323 -9.308564440451814 -9.227012352675752 -10.7494875763065 -9.74060809835015 -10.836815225863097 -9.657368587732405 -9.427409062324422 -9.72924553054482 -10.08762269496599 -10.107228986894775 -9.3006593853018 -9.323144281973098 -7.995966852796581 -9.672499137517317 -10.014729632060183 -8.975238143425308 -9.325581933033439 -10.149635366919856 -10.198590533223657 -9.26231171311935 -9.29334805304232 -9.696559169127289 -9.007377489366723 -10.11810324255175 -9.152819623452846 -9.29925803634959 -9.246811589178911
SGD:0.005
10
51
 -1.522459313163994 -2.185064268924049 -2.7742257081584922 -3.2819821306133043 -3.6987903640695277 -4.1095860443808965 -4.443866899839432 -4.777999518092517 -5.032253562632504 -5.210636604889874 -5.374204362039698 -5.580869846527333 -5.734187403209914 -5.917889136862457 -6.05843784101185 -6.205582348431152 -6.340864740889564 -6.43964096992754 -6.559691192021982 -6.665974062660286 -6.758157483285571 -6.855175187778854 -6.947842828712051 -7.022523060286485 -7.13540361476399 -7.221581489820975 -7.3318116785472665 -7.4335950164768425 -7.525598353577867 -7.601613197180535 -7.693457241097666 -7.802076025569175 -7.8868274461121874 -8.00074411319087 -8.07742978134104 -8.164802823267026 -8.2615363558699 -8.316944822201485 -8.393048505842684 -8.51041060159435 -8.570851104455746 -8.674903088072279 -8.796506182016177 -8.870709173077607 -8.952164888858896 -9.07758597420191 -9.145202162647605 -9.285428152633715 -9.387479916719744 -9.480070931960983 -9.50581821295379
51
 -1.522459313163994 -2.196931440188798 -2.7872134648178872 -3.2987581892128737 -3.7538663953934135 -4.101193741566277 -4.430504666112155 -4.731259321137613 -5.016345341618136 -5.249394566372629 -5.440535598470518 -5.635076598041082 -5.785366603260573 -5.893638913110694 -6.013143308156946 -6.164380606881637 -6.279986591320865 -6.409365695212055 -6.5360603797768855 -6.659925057915377 -6.760291972364648 -6.8580832860984735 -6.94834745247222 -7.021348150562348 -7.1101288644219265 -7.2047704177612095 -7.260600867177257 -7.361596810409323 -7.462701484771601 -7.511889908794046 -7.612344052571127 -7.667507817855124 -7.726435043310157 -7.81719111252773 -7.870329718417283 -7.952994446879418 -8.050401034253536 -8.175759970643602 -8.233246093764052 -8.31014236767408 -8.451381618651531 -8.527898619315433 -8.611637794322053 -8.719355110957524 -8.83869456933962 -8.912564634029968 -8.981976932792755 -9.046224196891078 -9.023625125651886 -9.146209871039327 -9.121210417745818
51
 -1.522459313163994 -2.198706338749785 -2.7549036736834966 -3.2591612312528686 -3.6647549920469538 -4.050292006074958 -4.399307838805106 -4.6879534994244505 -4.948665625966382 -5.159031989015114 -5.371738120623855 -5.55546011993149 -5.725258603494394 -5.9079594108190765 -6.059909142042315 -6.16862340597547 -6.2791014418987885 -6.37086776419387 -6.471467114037552 -6.552053076817243 -6.645479943909078 -6.723851941882249 -6.804340993282407 -6.906430123553234 -6.998277977241827 -7.104622534133043 -7.175672198057704 -7.2654848809188 -7.380338066276512 -7.461647433855589 -7.56000599900173 -7.641501642761614 -7.724803607567294 -7.7933255816072 -7.880938285968784 -7.97616058799678 -8.034161256413862 -8.130797527614256 -8.239486171808842 -8.322712082735594 -8.432141718491375 -8.489277800929425 -8.568338619113357 -8.663337839905026 -8.759919755898306 -8.825163061952614 -8.91131925804804 -8.999800819975547 -9.02898660268456 -9.108990753570774 -9.210725004626122
51
 -1.522459313163994 -2.1859441353182847 -2.760090819708792 -3.246713963675371 -3.693338893605289 -4.0971823451599 -4.422730176802182 -4.7039504748387495 -4.979013971965402 -5.228129442470011 -5.449847684515928 -5.653590335203321 -5.821070530777278 -5.988685952111355 -6.1280931871482265 -6.235636143513387 -6.332459299130531 -6.453159292645568 -6.544716200638263 -6.6458660396169265 -6.742910105747214 -6.813445224045187 -6.870835443231841 -6.961801096707902 -7.037683836443632 -7.141584502882191 -7.233304674794772 -7.316229605588207 -7.431234051951273 -7.511436766369566 -7.588582390810324 -7.664101701962887 -7.751830436884983 -7.839737825145547 -7.8961159959459435 -8.003727748516026 -8.075770781090814 -8.163593963659775 -8.283043668819838 -8.372409756688663 -8.477613549120045 -8.588926583720315 -8.67068976923719 -8.773642914338383 -8.922727373465534 -9.012470636034315 -9.113384991058249 -9.14818870208816 -9.291576543340582 -9.383789082645524 -9.479869812524697
51
 -1.522459313163994 -2.171245281787454 -2.766552358160582 -3.2361224080330144 -3.651719556872803 -4.046684468700975 -4.36129374596457 -4.668957243025248 -4.9452110450142435 -5.204699164541134 -5.397823269883689 -5.57694326941726 -5.779556944399154 -5.95822617620738 -6.09052448634705 -6.213434904209838 -6.3397115348495845 -6.49311178739396 -6.618158382441857 -6.733808362781519 -6.818057519885258 -6.8951638135607105 -6.982398708176098 -7.079486065574881 -7.167243302146176 -7.286056303196877 -7.391815134076056 -7.490709984727832 -7.587907512457581 -7.7139945237320555 -7.8247379180082905 -7.945376990752883 -8.03597116192183 -8.112095851553924 -8.188857855457188 -8.265988591274748 -8.338742816053276 -8.402021125339663 -8.481689147133208 -8.547145914211699 -8.650529464467642 -8.761037582245505 -8.816582245944353 -8.955007240673606 -9.085528766796973 -9.204964951478779 -9.306600955699414 -9.350947494977563 -9.461973298416844 -9.618349476652218 -9.70467085788054
51
 -1.522459313163994 -2.205746715134621 -2.7543613848588104 -3.253189103874881 -3.717835248591391 -4.090701479712909 -4.429933625245236 -4.699058394786986 -4.953607223838455 -5.203709760670021 -5.421352188535318 -5.604281937493551 -5.759355069699194 -5.910205825462691 -6.041488969308269 -6.176160813889545 -6.3255632034843785 -6.451615655831803 -6.567714405139444 -6.676824793779617 -6.77411614905032 -6.880406643795743 -6.980237434363174 -7.05023830325704 -7.1358058150541686 -7.235246502362562 -7.341237702263599 -7.435268284146919 -7.522920959594537 -7.586022959782936 -7.639988108607342 -7.743191551044623 -7.8336782602567405 -7.926271385222163 -8.019048924902672 -8.112557671786341 -8.189137489339833 -8.274510405428796 -8.367503133997527 -8.441832245961196 -8.532503587377594 -8.62002346311074 -8.712477564482088 -8.810732840565487 -8.90044709412997 -8.986172644158323 -9.025071722908825 -9.055213709089058 -9.083501604310616 -9.051475770024075 -9.185644963746876
51
 -1.522459313163994 -2.207903303026602 -2.7925273573949485 -3.291900164556876 -3.7220216056634317 -4.129544592454425 -4.447901721139936 -4.748092430443057 -4.97485349077322 -5.182658995488032 -5.384690427841292 -5.562096906940297 -5.681609526245618 -5.820557957136432 -5.9761913490532415 -6.109717653857738 -6.208867578797981 -6.343786698568251 -6.439533177260033 -6.540288612908848 -6.646220666499153 -6.74538931252809 -6.859302445129904 -6.944027627324896 -7.037007135801028 -7.144037243130101 -7.226323620979497 -7.326576171572012 -7.40410529406229 -7.47422718638624 -7.558626590884706 -7.634072387721966 -7.71224619511595 -7.803350014653661 -7.9026814781862 -7.963286130183236 -8.075817928904325 -8.15125979189928 -8.216997982850488 -8.328377524349479 -8.36198108756272 -8.479098570468098 -8.60405112262365 -8.683441819719894 -8.74763752768496 -8.863739200333699 -8.940852049151438 -9.004401538065272 -9.049676618225199 -9.124936391508312 -9.148140992131287
51
 -1.522459313163994 -2.1803481901038806 -2.782468199345901 -3.265430071045938 -3.700087595908258 -4.04980343303341 -4.375851508991865 -4.699293264800638 -4.93917274329692 -5.185963405406625 -5.397605532449941 -5.548915394528112 -5.70810077706994 -5.873344733179694 -6.052459173758311 -6.196486463161808 -6.32858526253614 -6.426516722106265 -6.550878335461759 -6.663446178125083 -6.768974756421513 -6.87449940635859 -6.971004545629106 -7.084299505870563 -7.1606846816836365 -7.2773937974697755 -7.366316594703622 -7.464086305982468 -7.57758590672515 -7.651587977742265 -7.739922956533505 -7.850025150241323 -7.971286450428052 -8.050111818077173 -8.140345562119819 -8.211029980866163 -8.287722688922141 -8.332667304465648 -8.430933709888986 -8.521617155628975 -8.573714285880413 -8.668769277968 -8.687495581594106 -8.79546375656359 -8.871453721937915 -8.932545990922632 -9.046754009739567 -9.056643511176725 -9.158162863266712 -9.222869428277741 -9.218148144774515
51
 -1.522459313163994 -2.1991069882911995 -2.7384306469547783 -3.229123085645401 -3.685892638228034 -4.067124588486649 -4.434302959598439 -4.689128142173317 -4.972251703937724 -5.2004977753465145 -5.4055230756262285 -5.6119647441899945 -5.798859259148116 -5.9630555664100635 -6.084545935881361 -6.206606295856863 -6.309234489926345 -6.430763244067064 -6.514062067864358 -6.597431783941485 -6.686117505158102 -6.771778859659646 -6.8430341733987525 -6.948397245438938 -7.062133610049729 -7.146419994356801 -7.239469045388789 -7.326231963889965 -7.411525140200145 -7.521063907560198 -7.606616048572156 -7.690443673660591 -7.759612479907098 -7.84063045184695 -7.905642245458979 -8.021848438488451 -8.160498443524496 -8.221162676027333 -8.336556709891308 -8.40393631163643 -8.490662267646751 -8.518460785016767 -8.612202697471735 -8.66014248123837 -8.699247833550311 -8.803189406828858 -8.87212276027576 -8.95943110481709 -9.081714131213461 -9.209884939002878 -9.327634466710755
51
 -1.522459313163994 -2.171213983824715 -2.7497014257215584 -3.2445567056270725 -3.68573960963593 -4.075980015118732 -4.410712357404025 -4.692013182591959 -4.983025650486115 -5.209395504342948 -5.42050858743421 -5.57728925941028 -5.757239221069486 -5.9231669515396606 -6.077007004018043 -6.203122323505149 -6.307165493378708 -6.430651908202068 -6.538447446894562 -6.628091510608223 -6.729842996714806 -6.833539011812096 -6.9456810274330945 -7.0333691644355385 -7.151327150782273 -7.265051876589217 -7.384115208623515 -7.493499627038809 -7.577188292862492 -7.670673815696101 -7.755125061424362 -7.832064554407099 -7.935511308224781 -8.020599653841474 -8.129425277768682 -8.20921699883601 -8.28556713062548 -8.384239072153491 -8.490378747674365 -8.625536856253792 -8.701442313019173 -8.810423746180355 -8.877194077926152 -8.953472454289015 -9.049435143951948 -9.104961053002036 -9.19988000191956 -9.296923074303614 -9.395479874782154 -9.49869575742036 -9.577689336690105
steps
10
51
 0 1000 2000 3000 4000 5000 6000 7000 8000 9000 10000 11000 12000 13000 14000 15000 16000 17000 18000 19000 20000 21000 22000 23000 24000 25000 26000 27000 28000 29000 30000 31000 32000 33000 34000 35000 36000 37000 38000 39000 40000 41000 42000 43000 44000 45000 46000 47000 48000 49000 50000
51
 0 1000 2000 3000 4000 5000 6000 7000 8000 9000 10000 11000 12000 13000 14000 15000 16000 17000 18000 19000 20000 21000 22000 23000 24000 25000 26000 27000 28000 29000 30000 31000 32000 33000 34000 35000 36000 37000 38000 39000 40000 41000 42000 43000 44000 45000 46000 47000 48000 49000 50000
51
 0 1000 2000 3000 4000 5000 6000 7000 8000 9000 10000 11000 12000 13000 14000 15000 16000 17000 18000 19000 20000 21000 22000 23000 24000 25000 26000 27000 28000 29000 30000 31000 32000 33000 34000 35000 36000 37000 38000 39000 40000 41000 42000 43000 44000 45000 46000 47000 48000 49000 50000
51
 0 1000 2000 3000 4000 5000 6000 7000 8000 9000 10000 11000 12000 13000 14000 15000 16000 17000 18000 19000 20000 21000 22000 23000 24000 25000 26000 27000 28000 29000 30000 31000 32000 33000 34000 35000 36000 37000 38000 39000 40000 41000 42000 43000 44000 45000 46000 47000 48000 49000 50000
51
 0 1000 2000 3000 4000 5000 6000 7000 8000 9000 10000 11000 12000 13000 14000 15000 16000 17000 18000 19000 20000 21000 22000 23000 24000 25000 26000 27000 28000 29000 30000 31000 32000 33000 34000 35000 36000 37000 38000 39000 40000 41000 42000 43000 44000 45000 46000 47000 48000 49000 50000
51
 0 1000 2000 3000 4000 5000 6000 7000 8000 9000 10000 11000 12000 13000 14000 15000 16000 17000 18000 19000 20000 21000 22000 23000 24000 25000 26000 27000 28000 29000 30000 31000 32000 33000 34000 35000 36000 37000 38000 39000 40000 41000 42000 43000 44000 45000 46000 47000 48000 49000 50000
51
 0 1000 2000 3000 4000 5000 6000 7000 8000 9000 10000 11000 12000 13000 14000 15000 16000 17000 18000 19000 20000 21000 22000 23000 24000 25000 26000 27000 28000 29000 30000 31000 32000 33000 34000 35000 36000 37000 38000 39000 40000 41000 42000 43000 44000 45000 46000 47000 48000 49000 50000
51
 0 1000 2000 3000 4000 5000 6000 7000 8000 9000 10000 11000 12000 13000 14000 15000 16000 17000 18000 19000 20000 21000 22000 23000 24000 25000 26000 27000 28000 29000 30000 31000 32000 33000 34000 35000 36000 37000 38000 39000 40000 41000 42000 43000 44000 45000 46000 47000 48000 49000 50000
51
 0 1000 2000 3000 4000 5000 6000 7000 8000 9000 10000 11000 12000 13000 14000 15000 16000 17000 18000 19000 20000 21000 22000 23000 24000 25000 26000 27000 28000 29000 30000 31000 32000 33000 34000 35000 36000 37000 38000 39000 40000 41000 42000 43000 44000 45000 46000 47000 48000 49000 50000
51
 0 1000 2000 3000 4000 5000 6000 7000 8000 9000 10000 11000 12000 13000 14000 15000 16000 17000 18000 19000 20000 21000 22000 23000 24000 25000 26000 27000 28000 29000 30000 31000 32000 33000 34000 35000 36000 37000 38000 39000 40000 41000 42000 43000 44000 45000 46000 47000 48000 49000 50000
