8
SGD
10
41
 -4.195513138025511 -5.2235919415115335 -5.463049750165346 -5.5967268635985725 -5.693662820092363 -5.76627990453085 -5.827890777847417 -5.883764617155531 -5.928810586150559 -5.966808741519692 -6.001933343470639 -6.03288304812345 -6.062276181753771 -6.087466933943059 -6.113578878325709 -6.137588499139552 -6.159205441925833 -6.1803897804065295 -6.199056845183487 -6.216640004949066 -6.2333389506568215 -6.249297354711384 -6.2654234174457715 -6.280230476457353 -6.294325270314169 -6.308703687784829 -6.322655904773413 -6.335388221104006 -6.347813064912204 -6.3597837208079415 -6.371092492276523 -6.382004727573115 -6.392481606432029 -6.402023696015226 -6.412241926383677 -6.422301354986006 -6.432288875895657 -6.441558801340175 -6.451062972354021 -6.459328196412195 -6.467440285479894
41
 -4.195513138025511 -5.215759319288599 -5.4459835270276455 -5.585933877124023 -5.682785580809574 -5.7576965172796335 -5.819478706107342 -5.870983731899851 -5.915071636878504 -5.954076636349103 -5.99382689687684 -6.026826856257629 -6.056282066085389 -6.084789131153485 -6.110134745639527 -6.132473088168513 -6.153241039235852 -6.173387056021641 -6.190569021790815 -6.209852660312249 -6.227266024222216 -6.243900049587732 -6.2586849522233745 -6.274790562662213 -6.288935579167872 -6.30170357045299 -6.314153376105001 -6.327000393919581 -6.340029130934331 -6.351472402724853 -6.363043109193856 -6.374721162432514 -6.386594432665809 -6.396553067432392 -6.407677373416611 -6.4180123086407095 -6.427724673500743 -6.436944990252522 -6.446023377103144 -6.4545841944551805 -6.463072626881018
41
 -4.195513138025511 -5.242119696952478 -5.4712213146618085 -5.603770611741161 -5.699537010800943 -5.770177452134351 -5.828368543167748 -5.881825541836816 -5.926333773311051 -5.965508640744698 -6.002433813475792 -6.03618782234935 -6.063209138122311 -6.089777169128132 -6.115170360009625 -6.139087596741115 -6.161532902044191 -6.181476937960538 -6.2015376116485355 -6.219720077821957 -6.235871261362714 -6.252500134535251 -6.269466947448197 -6.284696803011967 -6.2997003451804305 -6.3128474731837905 -6.324910641022139 -6.337556137678474 -6.349495631189552 -6.362010477145543 -6.37347703972123 -6.385553271866951 -6.395875496091442 -6.405552967948788 -6.4165599256834085 -6.425636816678516 -6.435266410547294 -6.444641790507754 -6.452805661507098 -6.461194045227717 -6.470120931427563
41
 -4.195513138025511 -5.401621292478097 -5.636425178262289 -5.767070004169751 -5.860777212742483 -5.9369000214097785 -5.998485386624079 -6.050630174737551 -6.0977665408486095 -6.134879669971912 -6.167072329797787 -6.19751859986982 -6.225684618274086 -6.252417716512425 -6.276340870992029 -6.297690039481595 -6.317470561029853 -6.33796395079833 -6.355590527992008 -6.372468393524238 -6.388596638617471 -6.404546952211042 -6.419614628657328 -6.434258340914946 -6.447888932491987 -6.46185408103517 -6.4749458387869865 -6.487433777770629 -6.500212459603385 -6.512498303998518 -6.523779559880235 -6.534213744072258 -6.54411375172893 -6.55431159566655 -6.565059868065563 -6.575264988504865 -6.584255803763447 -6.59327775283304 -6.6017167266768215 -6.6099123072258 -6.617809816109167
41
 -4.195513138025511 -5.311402673729872 -5.542954567520779 -5.678211811789179 -5.772068649686896 -5.847737628864916 -5.9085400868233835 -5.958825865604664 -6.0052957217362 -6.042838610353848 -6.07571412316396 -6.106843946429718 -6.134717078245887 -6.15905383450071 -6.1825884303144765 -6.206662936151885 -6.228570735216963 -6.247926717988535 -6.2663286406617775 -6.284706753730133 -6.301878191732567 -6.318848402621156 -6.335281168861055 -6.349808495596397 -6.363851039302754 -6.377419290727077 -6.391509357206977 -6.404438770276729 -6.416981703070905 -6.428195772009305 -6.4394586228523085 -6.450369576230413 -6.459900678854719 -6.469559452206989 -6.479762596353149 -6.489231559294534 -6.499513746052382 -6.5086728453116 -6.517301997544198 -6.526030853893164 -6.53365766377115
41
 -4.195513138025511 -5.206210040031351 -5.437971439593724 -5.575636453154722 -5.679829636317428 -5.756964780295589 -5.817977427424218 -5.872362193619284 -5.916110824416918 -5.9537877631174965 -5.988993409036395 -6.022074797599743 -6.0524690443374505 -6.078933965014342 -6.102672017343749 -6.126414007752321 -6.147526362702874 -6.167751593435103 -6.186171078781023 -6.202959010676478 -6.221777897876763 -6.2403365624753535 -6.25597223352286 -6.270557921241238 -6.285663943366664 -6.299587055319995 -6.313467770428967 -6.326215147108812 -6.338062600840723 -6.349480526921607 -6.359692724784935 -6.370293653299903 -6.380598800557396 -6.39064470897659 -6.39971135373681 -6.410485492066662 -6.420095029634988 -6.430198022784698 -6.439568965113847 -6.449195949925162 -6.4577236989003985
41
 -4.195513138025511 -5.319593087079325 -5.549085440048718 -5.67181812440129 -5.76460403511295 -5.832416548979471 -5.889564634539172 -5.942090196092376 -5.985169539783764 -6.023400086503781 -6.055169661033865 -6.086814101282383 -6.114743518083494 -6.141022342902822 -6.166283882703146 -6.189310329030216 -6.211490691358229 -6.231946575601796 -6.2521477300759045 -6.269327797392981 -6.287636146978208 -6.303334632777555 -6.319376858651588 -6.334518564969789 -6.348362449185057 -6.362402070987192 -6.375309025366324 -6.387215882336028 -6.4002029035130805 -6.411771771605742 -6.423184293803036 -6.434673970649494 -6.445991474794129 -6.456515534509105 -6.466945458848114 -6.47679972804571 -6.48556676851356 -6.494442676231492 -6.50353248507882 -6.5119942554730486 -6.520215234712351
41
 -4.195513138025511 -5.234072377767572 -5.469994225067806 -5.601934138664621 -5.699276720673729 -5.770907749752208 -5.829244710335713 -5.8833438499217205 -5.927709956155413 -5.967245779751106 -6.002910865624736 -6.035527482208186 -6.064100369393362 -6.091368312919066 -6.114316323015293 -6.137665809497289 -6.157977406814273 -6.179116012908237 -6.196727257165154 -6.21437863053501 -6.231677456501569 -6.246525917255264 -6.260877721263831 -6.275313419630687 -6.288794968093133 -6.302058312879433 -6.315540995787775 -6.3275644539605835 -6.340167854270795 -6.3521747351692435 -6.363853441560571 -6.374507249757811 -6.385086870169881 -6.395674463156933 -6.405629316163727 -6.415076680634648 -6.424776652206015 -6.4330687496786245 -6.441691559444243 -6.4499818627607155 -6.458532693621974
41
 -4.195513138025511 -5.2876352312929695 -5.511392100893489 -5.650144387802401 -5.746571387050708 -5.822649060337811 -5.882547126426949 -5.93572001085715 -5.983138164186971 -6.020678609962411 -6.05323787487937 -6.082393317924372 -6.109972326256698 -6.136108912085426 -6.162749533851564 -6.185636202775517 -6.205843208279221 -6.226791975322979 -6.245569778657128 -6.263884965091733 -6.280607008892065 -6.298001388523415 -6.313089452254908 -6.3274527707743395 -6.341481740351686 -6.3541751089151415 -6.367415618673613 -6.380596173495019 -6.392793733426233 -6.404089324749809 -6.415795984160959 -6.426593282984792 -6.436739358496325 -6.4472003791900105 -6.456259706667554 -6.465393172412906 -6.475053005556323 -6.4840935930522905 -6.492886765173427 -6.50196898526562 -6.510368714160336
41
 -4.195513138025511 -5.158756184405832 -5.3765284934243285 -5.506515206964426 -5.606641824659652 -5.687807932930046 -5.7489457801932184 -5.798190425878101 -5.848268478642203 -5.889067799143186 -5.922224919662724 -5.953355563150544 -5.982589479969504 -6.008918642733721 -6.037161322164936 -6.059790363110065 -6.080183729196731 -6.1010350668919395 -6.120655802547442 -6.138792570811507 -6.15528207682185 -6.172328920224594 -6.18879340669848 -6.204163490269262 -6.218463240207617 -6.232796089905647 -6.244985665121715 -6.256837342278654 -6.26890092848348 -6.280165160770633 -6.291429342327157 -6.302456142864684 -6.313521268741123 -6.324026961732891 -6.334028467574665 -6.343905374759628 -6.3534788286243105 -6.363200893610976 -6.372572571980808 -6.3803639131234995 -6.38919687178717
SAGA
10
41
 -4.195513138025511 -4.247563678500034 -4.299032761869293 -4.351480693921379 -4.403670570695657 -4.456080501806535 -4.505868323767228 -4.556366623108886 -4.607619496341621 -4.658833263357364 -4.709578517958313 -4.759302981291606 -4.809600482962719 -4.8594580014109985 -4.911449063726788 -4.961589538457938 -5.014377754421472 -5.065545363820999 -5.117571735751416 -5.169639848613557 -5.220949928584998 -5.270710963755885 -5.3239273705846974 -5.375779590198612 -5.42599758794671 -5.477881403850484 -5.5283342162636115 -5.5776701836246865 -5.629867330928253 -5.680499305281174 -5.731988923594924 -5.78300237152811 -5.834945414919861 -5.8865607047686765 -5.938004803953692 -5.988406711936405 -6.039841333027015 -6.09215360947937 -6.142763818735802 -6.19376080510957 -6.244911366332424
41
 -4.195513138025511 -4.2484410835455275 -4.300189519786578 -4.349982994766245 -4.403450266923048 -4.456914049803867 -4.506772760211675 -4.557618961576664 -4.6088739742792555 -4.660534245379177 -4.712935160079435 -4.763676678181221 -4.814752617172031 -4.868195699071332 -4.92107147714216 -4.972815263235014 -5.023321696939138 -5.073209478717642 -5.124755007488971 -5.176905298921491 -5.22843569955127 -5.27996023612539 -5.3326045580504156 -5.38416543275032 -5.437453452722099 -5.487086408787277 -5.53802612246626 -5.589134364018388 -5.6402308100767184 -5.690184026904999 -5.740268082105952 -5.791596073457741 -5.841963866341169 -5.892827886191857 -5.944701081705111 -5.9953171958591795 -6.045679157865794 -6.096296135195886 -6.14597554398216 -6.197940221737198 -6.250782297703283
41
 -4.195513138025511 -4.246540103553554 -4.299609420119904 -4.351140525581493 -4.4016305387845955 -4.452083748958201 -4.50280025763871 -4.557067942622507 -4.609035144681281 -4.659634251143957 -4.7096254309380665 -4.759913792373551 -4.81370258189929 -4.8641661819703295 -4.914980270221169 -4.966342489777314 -5.0158269554563395 -5.067070871618809 -5.118402063084051 -5.170881744167484 -5.22147635464202 -5.269990313186746 -5.322104455672254 -5.372022164203756 -5.423947107395651 -5.476144663226786 -5.525912541558651 -5.578813413219188 -5.629607314704645 -5.683614741362502 -5.734735642607516 -5.78515529832607 -5.837429330781462 -5.8885145738549145 -5.937838086373595 -5.989893962691946 -6.041775722516132 -6.093503214620973 -6.143623755655898 -6.194968398360771 -6.2463700666889475
41
 -4.195513138025511 -4.245367215572516 -4.2990236509666655 -4.350059409560316 -4.402578017213776 -4.454938549712165 -4.506187178424351 -4.559021740032465 -4.612054203096391 -4.664415961918827 -4.71595093194629 -4.769291977209736 -4.820204382473257 -4.8709244425441565 -4.9229995908636255 -4.975359112356673 -5.025962234376259 -5.076783557172197 -5.126942559031426 -5.178146133011797 -5.226248162594086 -5.278743712680158 -5.330208019194202 -5.380015037544895 -5.429896753470706 -5.480189124993869 -5.531497047390882 -5.579398453704685 -5.630204596223621 -5.67921179400065 -5.7290828542844 -5.780444685216701 -5.830847247285612 -5.8810251555190876 -5.93293791190271 -5.983987634717467 -6.035368035654719 -6.0865634414808225 -6.138088769747874 -6.189348959499825 -6.240537927562993
41
 -4.195513138025511 -4.243971600447984 -4.295944155904857 -4.348678703735911 -4.399597111184358 -4.452323585438479 -4.503748578702584 -4.555561193774467 -4.608459760192273 -4.658946779909916 -4.712458898238461 -4.764974259760401 -4.815873107962815 -4.865605810717461 -4.916072867755719 -4.968877024537531 -5.019100481154519 -5.071859358771056 -5.121334858044515 -5.172851303541158 -5.224055050735028 -5.275528555857494 -5.3268480534687335 -5.379054838653598 -5.430325049694819 -5.480327949375944 -5.531565658017083 -5.58375771464275 -5.635264876062919 -5.6877277207574 -5.739107298281748 -5.790347187771941 -5.842377459056588 -5.893796075512337 -5.94644838506303 -5.995958472132297 -6.046916528341848 -6.097434846317335 -6.1478132975103525 -6.200440569133437 -6.251801246805879
41
 -4.195513138025511 -4.248281122510494 -4.3012623220196105 -4.352734566580299 -4.403108895907544 -4.456153797679712 -4.507220844398617 -4.558627412997847 -4.610479908857368 -4.661724134363741 -4.711919435698345 -4.763808645272796 -4.816469922260112 -4.865489339005521 -4.916579427775699 -4.966677881886061 -5.018465439729647 -5.0706460366554955 -5.121597965192659 -5.174595120834972 -5.22668317241026 -5.2760066503463285 -5.327511188607772 -5.3788402866092415 -5.430521349158744 -5.479364820105682 -5.529682425639619 -5.582181967808034 -5.633111906583133 -5.685638196397727 -5.737665698665753 -5.7888435747863 -5.837063603267724 -5.886967868943191 -5.937619729846171 -5.98789886985991 -6.038291864307345 -6.090252777055761 -6.1393202051759825 -6.191011166441686 -6.242464352288549
41
 -4.195513138025511 -4.244967854819906 -4.2956579807351645 -4.348151472686892 -4.398972408576355 -4.448608769100447 -4.5016524390593515 -4.553622290554749 -4.606713919947962 -4.6581508047179945 -4.71150873709628 -4.76139901890582 -4.814337322344709 -4.867060046543658 -4.91824751725219 -4.970807807632389 -5.023265711993113 -5.074302393548576 -5.126723760480907 -5.17742439309777 -5.2285304352219475 -5.2794784239707395 -5.331916048693383 -5.381366477267728 -5.43199602899914 -5.4841765840820615 -5.534894574625822 -5.584499419622967 -5.6342489712224655 -5.686894524305479 -5.73699795356342 -5.7877901837600225 -5.837257307625575 -5.888554631489194 -5.9397601326220215 -5.991086071436517 -6.04138820322269 -6.093011615433183 -6.145217613611674 -6.194526314190922 -6.244744607908297
41
 -4.195513138025511 -4.246087306677142 -4.297354136161277 -4.350183874826743 -4.4015456602562235 -4.455912455684342 -4.506920540159957 -4.558329405908011 -4.60927526480712 -4.66007037859561 -4.710261813256567 -4.7593810328660755 -4.8094979425315305 -4.861890905412642 -4.91332681591581 -4.962211475091091 -5.013844294501313 -5.066620140932156 -5.117160096740546 -5.167553602159393 -5.218488236963563 -5.271954648275493 -5.323835495319452 -5.376186561545258 -5.427538625073749 -5.480628515802592 -5.533161622632067 -5.583292385726726 -5.636233420281399 -5.688669980831961 -5.7407834182050514 -5.791542740225672 -5.840962400117972 -5.893202097824844 -5.944817735401518 -5.996260929471003 -6.0470666824473405 -6.097914273189835 -6.1489347063681725 -6.199566916672804 -6.249739894678098
41
 -4.195513138025511 -4.245110438633834 -4.297681661381797 -4.346662526339603 -4.400386773380415 -4.451062961625644 -4.502098470504088 -4.552392173090722 -4.603436912526329 -4.656707841098096 -4.709142890455142 -4.758105869520604 -4.810677484598428 -4.863142053558824 -4.914215993748575 -4.96458511732095 -5.015781795960148 -5.0672964363414135 -5.118415848968593 -5.169729110477133 -5.220272121735367 -5.270878808451207 -5.322357639135307 -5.373211149539724 -5.425297160272622 -5.475476399092325 -5.527248277437999 -5.578257790737121 -5.63000658633243 -5.680820024557337 -5.733228609864079 -5.786028209294725 -5.837686804447935 -5.886933938540271 -5.937362995831294 -5.988560049763969 -6.0398808399517945 -6.090293694073158 -6.141639647754612 -6.1937124265742645 -6.244543470399379
41
 -4.195513138025511 -4.244116727287304 -4.295723052049046 -4.345972033075063 -4.395922096066639 -4.447794912806053 -4.498590091900728 -4.54730424455146 -4.599070545042051 -4.651455163372345 -4.703537520044597 -4.754831202798919 -4.805171741891204 -4.857771247455699 -4.907061107514138 -4.955473254883266 -5.006583167614035 -5.058601745655051 -5.11292892028273 -5.163960393250584 -5.215364621456788 -5.266324684585877 -5.316697779545113 -5.366426492181858 -5.4190989689971065 -5.471168230748179 -5.521918317221137 -5.573834681994003 -5.625528460892111 -5.677364777201737 -5.727498941288117 -5.777147372151968 -5.828636358005174 -5.880743294356305 -5.9319973931546475 -5.983182133853683 -6.033742351334567 -6.084844247483073 -6.13431200884346 -6.185635184785846 -6.236644780043377
ADAPTSAGA
10
41
 -4.195513138025511 -5.606139120732028 -6.290206704482973 -6.742854055780581 -7.084855054643625 -7.354809020688212 -7.564577028331612 -7.752976156801888 -7.9276489396926575 -8.081074607624254 -8.219357873806418 -8.34687711235072 -8.468594768002726 -8.578275997414186 -8.678950311667371 -8.777757526534037 -8.873600377804015 -8.960724098465214 -9.04619332541569 -9.122924825787402 -9.214805756691224 -9.292210021028266 -9.37329939726567 -9.453201659982117 -9.524341143839722 -9.603000818361117 -9.673851220075873 -9.740757879207795 -9.809905420667056 -9.879680567017926 -9.9507868117458 -10.016728841639122 -10.093653565983086 -10.154618696670664 -10.224753792288348 -10.293374491961764 -10.35188572659649 -10.412045835602644 -10.476404768867797 -10.54389764516484 -10.605149422460013
41
 -4.195513138025511 -5.596595278174004 -6.273220069372671 -6.714676438475128 -7.0574971610916775 -7.3256791358592634 -7.539234108711482 -7.724728077366324 -7.90181635379021 -8.056195789061855 -8.195896487264488 -8.325070244605683 -8.448881776489458 -8.557261188764109 -8.657179657641018 -8.756675029164377 -8.853400630304375 -8.942257459236922 -9.028065536560192 -9.10616979378641 -9.19715968027799 -9.274723977995937 -9.35527441139605 -9.435026166477959 -9.506089694957256 -9.584072286712349 -9.654737071100149 -9.721398312075761 -9.790602937114764 -9.860058086375378 -9.930849570436642 -9.997497253334794 -10.074440941620953 -10.135457648912507 -10.20409298420796 -10.273710769799527 -10.331038088790956 -10.392314245305274 -10.455848780485477 -10.523308291893452 -10.586011229174115
41
 -4.195513138025511 -5.583837139688576 -6.265067975250688 -6.706262244922066 -7.048303423228583 -7.319928989092224 -7.5345029105150365 -7.722887807301224 -7.9008286645102705 -8.056347428171714 -8.195534034638344 -8.325443523616334 -8.445731583015984 -8.553932843939997 -8.653161284133722 -8.75220106648908 -8.849224144946549 -8.936994692996945 -9.022078006616034 -9.098616214761867 -9.190175123826457 -9.267238682895439 -9.34992210972744 -9.430140705441636 -9.501814073775554 -9.579159885905646 -9.650691789024904 -9.71663426274539 -9.786939517085935 -9.855083174325802 -9.924848373854951 -9.991792410946934 -10.069282256847796 -10.129645781013549 -10.19857466659918 -10.268619677040725 -10.326510442893563 -10.38729187099752 -10.451542115007555 -10.519481159718834 -10.581438106102935
41
 -4.195513138025511 -5.584664779466851 -6.259299175895314 -6.707809261811775 -7.054864874282853 -7.321130564596064 -7.536863329257066 -7.72590195550776 -7.90331317721919 -8.058682860608402 -8.20195824298906 -8.332162239662692 -8.452156840496654 -8.56212827537023 -8.66160344279715 -8.760319193569924 -8.85662472180926 -8.94472518121239 -9.030882546047009 -9.108128019711632 -9.199848521635396 -9.277009144852594 -9.358926029316386 -9.43920390584308 -9.50866829483167 -9.586343145000995 -9.65836015874268 -9.7252171830823 -9.7948415533749 -9.86360167807852 -9.934257522930356 -10.000305762658554 -10.077102085778392 -10.136351036282289 -10.205857437117078 -10.273705981470632 -10.33242862456692 -10.39276389169089 -10.457302313996978 -10.525555766474193 -10.588357118821005
41
 -4.195513138025511 -5.603663222306408 -6.290191254550532 -6.736200033230802 -7.072569843966733 -7.340972695866522 -7.554275724381768 -7.738679784109148 -7.912946674599729 -8.069114491613075 -8.208818237584904 -8.336396683678634 -8.456759071871181 -8.5647685214781 -8.663473017802367 -8.762172265438089 -8.85975659480844 -8.948049899240486 -9.033419321898783 -9.109644969687567 -9.20147624022765 -9.278952613619305 -9.360845016719088 -9.440628152293845 -9.5095145836646 -9.587615717237348 -9.658473543209972 -9.72492592990348 -9.794360615997505 -9.862790906550664 -9.933208872489384 -9.999951452288004 -10.076933465183993 -10.138231931408596 -10.207500119396558 -10.276552913844055 -10.334100131591567 -10.395072865320808 -10.457787403605343 -10.525659354924857 -10.588168204890003
41
 -4.195513138025511 -5.6077385455266 -6.281582902090509 -6.731180278627549 -7.074066285369736 -7.341408521631813 -7.556192306872987 -7.741019713543117 -7.915605220866226 -8.069780565290946 -8.208678774069364 -8.33705156827301 -8.45721363984198 -8.56590890495258 -8.66580479106501 -8.762063633954858 -8.858974972994748 -8.946485230602612 -9.031324198643604 -9.107629261568409 -9.198417406949455 -9.275786500430495 -9.35734012348248 -9.43626501772115 -9.506096870831072 -9.583059803843339 -9.654543604129158 -9.721698069625484 -9.79099320433866 -9.859847445480234 -9.930766079418099 -9.997878571303266 -10.074495048552645 -10.133368302607375 -10.203357240240779 -10.27347352079712 -10.330885934797369 -10.39135175214163 -10.456292565140705 -10.524621902608926 -10.587424263384355
41
 -4.195513138025511 -5.614055839076023 -6.291466167025287 -6.736931570719081 -7.079012198236846 -7.343462786969251 -7.556555591820539 -7.744238132578061 -7.920455248250249 -8.07594000897131 -8.214635797708363 -8.34384198949863 -8.464245109010363 -8.57318773985854 -8.673822042051716 -8.772175897492327 -8.868141725581832 -8.9558578380839 -9.041877301354438 -9.119465491138593 -9.21005640775381 -9.288186896302754 -9.369859008469188 -9.449569690902358 -9.520578835454728 -9.598293720333679 -9.668893879754496 -9.735009051437217 -9.804624402573438 -9.87331582133227 -9.943655507829162 -10.010406302244618 -10.087310707700006 -10.148127228591656 -10.218590747626914 -10.288331541136932 -10.34711634733233 -10.407843342062943 -10.47208553560334 -10.539161008852481 -10.601582828497126
41
 -4.195513138025511 -5.615526361990344 -6.288607800920415 -6.73563278685116 -7.077792667135289 -7.342827096867863 -7.555099356255903 -7.743924285999725 -7.921282850957945 -8.075873025146354 -8.21399100587533 -8.34436015271272 -8.464772096317077 -8.574123194755591 -8.675354406166043 -8.775344726227809 -8.873031040691144 -8.961259607906632 -9.046540538747426 -9.124009549277881 -9.214220384946437 -9.291210837929139 -9.373431392054588 -9.453172734399374 -9.522376850740386 -9.600434100167075 -9.672619835045033 -9.738730689147841 -9.807721959418588 -9.876432080635027 -9.946321319194851 -10.012111204816176 -10.089612821367153 -10.15087027973554 -10.22021050301427 -10.289143357089042 -10.346754593180375 -10.407092022224916 -10.470271597807537 -10.537844286508305 -10.600146304127811
41
 -4.195513138025511 -5.593882472901948 -6.272000986885244 -6.720219712132298 -7.061348027527508 -7.326232943027212 -7.53822168484123 -7.7252903357218115 -7.901491577113135 -8.056349473698793 -8.194747482477851 -8.324578715135868 -8.443544099900919 -8.552200083523417 -8.652989060515612 -8.752649688804711 -8.850187452555032 -8.939186897194665 -9.026323154694534 -9.104249883127178 -9.19643934125286 -9.274118065390647 -9.355721969460914 -9.436586282541906 -9.50697810266176 -9.584233200661147 -9.655215912637024 -9.721976342742972 -9.791574630866844 -9.859523742477672 -9.930109825628666 -9.997171723660474 -10.073826904160024 -10.133673189450889 -10.202959213491754 -10.27190532632577 -10.328674767376528 -10.389047490614093 -10.45234534271801 -10.520402277708497 -10.581699192740944
41
 -4.195513138025511 -5.592548357272853 -6.277055434004971 -6.726641679724753 -7.07254332084405 -7.3405614693171986 -7.552594919182415 -7.738051407664378 -7.914582423113948 -8.070905797130763 -8.209706037461132 -8.337545523757278 -8.455720749122696 -8.564323450411244 -8.664145370254186 -8.761757175359133 -8.857850518809014 -8.944880361769995 -9.030677647176002 -9.107326926500628 -9.198033873448887 -9.27478125924546 -9.356276094213838 -9.436210382121429 -9.507058898963242 -9.585479695687305 -9.656644739879063 -9.723091948502518 -9.791400305285343 -9.859487059973144 -9.929952504610553 -9.99662628497124 -10.073637235625752 -10.133929897270166 -10.202580286303588 -10.270903100869022 -10.328621643824308 -10.388967073077469 -10.45384396455595 -10.522310896520505 -10.584979322790096
ADAPTDoubling
10
41
 -4.195513138025511 -5.503176140733305 -6.011520562303698 -6.3536362169691625 -6.578758766439468 -6.75667608580887 -6.947977472094988 -7.10512230966275 -7.214301307327398 -7.326617963332358 -7.431895240119026 -7.537786614643047 -7.6458513972230415 -7.7441453030620195 -7.829649652620145 -7.8898424877555655 -7.949906930615037 -8.015288999950199 -8.075529670422215 -8.14292998493125 -8.205005677801108 -8.26508729169168 -8.32676283177703 -8.381526662630334 -8.436320434321212 -8.49634696996975 -8.559421952740601 -8.616692410404376 -8.666156725025909 -8.708353925225225 -8.7533639021736 -8.795501716684381 -8.837867285095829 -8.880985987149788 -8.92377352937649 -8.967426035674052 -9.009395397722065 -9.054277107546746 -9.098126073502378 -9.143227897998194 -9.191087090476275
41
 -4.195513138025511 -5.538049894312187 -6.022475003006348 -6.336228578339468 -6.573971727028385 -6.762516951259363 -6.940427106870364 -7.096395425965706 -7.2035122872766015 -7.305710772625619 -7.410055382622607 -7.515639041787307 -7.618764301150197 -7.716672329126301 -7.798785637286522 -7.859496578485859 -7.920196079067624 -7.97731973498726 -8.036504908358738 -8.09646954565692 -8.157326460149692 -8.217278415593947 -8.279406454404834 -8.341462181064946 -8.399255448165405 -8.457241377014006 -8.514845055633362 -8.57431890354339 -8.622466406369286 -8.666244921560738 -8.70908277037243 -8.749870772713109 -8.795206428599526 -8.840962879012288 -8.886470366935464 -8.928432566769125 -8.975596512050565 -9.020649204521733 -9.06474123371634 -9.109131943560058 -9.152057728222745
41
 -4.195513138025511 -5.4632531446938035 -5.948926377368465 -6.266320759566468 -6.498489134256439 -6.693684498892658 -6.8749528965498214 -7.041173810656338 -7.14911186255326 -7.258673586191956 -7.370995091912789 -7.477713998571439 -7.5815958315427485 -7.680635568546714 -7.764072373720933 -7.828865781843783 -7.892866321928569 -7.952142027043325 -8.012001258969052 -8.077910024129217 -8.138221918780832 -8.199112173692768 -8.256952531914278 -8.3179035767756 -8.377570849734829 -8.435969294220707 -8.496964286484667 -8.55359679295333 -8.599446245806382 -8.641732887740359 -8.68614667684288 -8.729519305914385 -8.773458741378539 -8.81498121287348 -8.860127491891356 -8.902878049787923 -8.946212314611268 -8.990320747047056 -9.03766045750169 -9.084195616194794 -9.125472652474784
41
 -4.195513138025511 -5.573091116277362 -6.066513710450567 -6.389733047323698 -6.607193717453304 -6.7805092906605715 -6.968513657871812 -7.11534635846327 -7.219437627179407 -7.331317591140438 -7.438689272814927 -7.538099669462043 -7.6432412723497825 -7.744062614167448 -7.8258910568225355 -7.8827577179052 -7.941079307727764 -7.999289698824165 -8.063764201256413 -8.124630952605752 -8.182849565455808 -8.24200206389578 -8.30039334090958 -8.360561222712574 -8.417216313869654 -8.47660830312667 -8.53450737929128 -8.590672369215849 -8.637908764996377 -8.677652837576352 -8.719890776089338 -8.760749715338966 -8.803315579775985 -8.848823188234883 -8.89271897295362 -8.9372929956737 -8.979157047161433 -9.02545828200594 -9.069561540135245 -9.111635317074027 -9.154699435700664
41
 -4.195513138025511 -5.49923287043381 -6.0331896341547475 -6.358299619268622 -6.585403135440426 -6.769692666256552 -6.944677024679012 -7.098659138208593 -7.2059427970496905 -7.310552272758162 -7.407427261585624 -7.510635983011316 -7.611504413426546 -7.706798883674296 -7.791309835918866 -7.855379299874231 -7.914877609483857 -7.977180271792583 -8.039092975058615 -8.100277867266573 -8.161457417215086 -8.222562582541963 -8.283253471081085 -8.340433271541707 -8.400526401375897 -8.458185091785433 -8.515305283395104 -8.575341417075702 -8.625763563194825 -8.670160366563275 -8.711759663400121 -8.75371963544608 -8.796904858459678 -8.843137837659896 -8.888608245221416 -8.93332604109657 -8.976761254625037 -9.01950186938928 -9.063278699592797 -9.106052184391755 -9.149010215733455
41
 -4.195513138025511 -5.532001511588574 -6.046733384841278 -6.336352371708256 -6.562324460494824 -6.7553789092386864 -6.933552290293971 -7.089499110822814 -7.204188480025717 -7.312549176957155 -7.419505250546665 -7.5299564190480766 -7.6309199791237 -7.729604256249023 -7.813319331832937 -7.8759042207247365 -7.940176444936992 -8.00265594510754 -8.06365691163718 -8.125218550306009 -8.185012971876851 -8.244935022089244 -8.305583151508205 -8.363814708530851 -8.422658676584962 -8.479694402742787 -8.533887774019433 -8.592579605852219 -8.644197337926503 -8.690389619339575 -8.734193754025979 -8.777620624919033 -8.821894818385164 -8.86734385897701 -8.908031472248199 -8.950866902819408 -8.993632728727698 -9.036357173747106 -9.07889231500036 -9.124315585747096 -9.167453764534988
41
 -4.195513138025511 -5.560731488055102 -6.055401503247287 -6.364073625174009 -6.594866742354401 -6.775327380769656 -6.961670655527203 -7.117180038656871 -7.228214867932179 -7.332372857124581 -7.434128300703495 -7.534990324736075 -7.6409229455386996 -7.7392046085886745 -7.825475409565312 -7.892334241539291 -7.954599852609034 -8.008318733252514 -8.069193217786706 -8.129122714645778 -8.18941831221175 -8.249017203451418 -8.305709131267985 -8.366414099545857 -8.423998975190488 -8.482114567172756 -8.539513850882212 -8.598511125735868 -8.647306973024477 -8.688871312626741 -8.732354342862905 -8.77657403074403 -8.820145393148964 -8.86140759283719 -8.906445286915599 -8.948390744460651 -8.992115246341518 -9.0362715178793 -9.078149981393748 -9.12052711384621 -9.168048268914921
41
 -4.195513138025511 -5.505301943356413 -5.985624406941979 -6.315092533843535 -6.545311493305085 -6.735764317674844 -6.906419839895568 -7.066962980267577 -7.17510128699518 -7.2861938293660815 -7.391303826440085 -7.494120379699138 -7.592922979056252 -7.689215656887945 -7.776482056132405 -7.8413276333641395 -7.899783247013915 -7.958740867476928 -8.017438294293617 -8.076178460367274 -8.138854780335421 -8.2006946458879 -8.260584398890654 -8.321556601230931 -8.379073811500588 -8.437191645913673 -8.496951677830046 -8.55540111374198 -8.602112656075473 -8.648234575550092 -8.69261790293914 -8.737593153536173 -8.780693853515983 -8.824845863672495 -8.86594240298351 -8.913006016606516 -8.958182776620193 -8.998979544642822 -9.038966963581842 -9.08165560827239 -9.127345500883957
41
 -4.195513138025511 -5.525049614468753 -6.012214908569294 -6.350384470881357 -6.5782953315147825 -6.765741916875853 -6.944064471007681 -7.1039795895555224 -7.21065814454928 -7.3155081185246775 -7.41113073439586 -7.5134662230311 -7.613915202931666 -7.711423175047065 -7.792140564014667 -7.856208954695706 -7.91913686480472 -7.977396652527863 -8.039254240282213 -8.098823935834098 -8.159033100820576 -8.216709354113133 -8.275727135567308 -8.339063576346465 -8.396851031037194 -8.452802650741592 -8.510528307705307 -8.568784955949079 -8.61557877077433 -8.66016058098459 -8.705956965729742 -8.750600365187562 -8.797710391787238 -8.843224517562895 -8.887317185877142 -8.932327082632948 -8.974222981810192 -9.01492261746867 -9.059377855868538 -9.105244603990888 -9.154543796943926
41
 -4.195513138025511 -5.52993085601914 -6.04265181119978 -6.371972344412521 -6.601553061956066 -6.778699860448375 -6.952947246277354 -7.110003882723802 -7.2150257381149006 -7.319227143892448 -7.431826683959956 -7.534012969089179 -7.6360221263775605 -7.738254322051077 -7.819276381551321 -7.880687802864209 -7.9432643107975345 -8.006065155519574 -8.064812497220323 -8.12890856619522 -8.185657906414338 -8.242727025849957 -8.302197719261502 -8.360043626458687 -8.418907793394247 -8.47551930087256 -8.536075404725475 -8.595553807822975 -8.644493017683741 -8.68911639488059 -8.734685249840389 -8.776651195955926 -8.81984398350126 -8.861997628113974 -8.906155829505241 -8.948950260527987 -8.991865898495293 -9.03509288571069 -9.078550035841914 -9.123803123924414 -9.16835588250859
StreamingSVRG
10
41
 -4.195513138025511 -4.347440832535272 -4.527079570412253 -4.714822537270737 -4.903697122554874 -5.077135021566025 -5.259903231546247 -5.431936982437629 -5.611614136990786 -5.793909286612146 -5.9672163924970585 -6.142416948069906 -6.3186990888292955 -6.499262001157611 -6.669620886481506 -6.838323660375677 -6.942585991120729 -7.059342673267589 -7.242084010383644 -7.419704077944457 -7.59255845616699 -7.772025596848235 -7.932523501753836 -8.085571358502623 -8.251035087733799 -8.405531758611064 -8.570411156930836 -8.71718540403792 -8.876065915157815 -9.03116957652543 -9.151796075304691 -9.283786669290988 -9.452137035721593 -9.603764646895643 -9.693320707718648 -9.693320707718648 -9.734889444247099 -9.82076560171177 -9.951179419749025 -10.04280576804811 -10.140605359460926
41
 -4.195513138025511 -4.336875793069099 -4.505625190705678 -4.689715180922549 -4.8568920876574575 -5.0353127503150965 -5.219479057520039 -5.397760608185095 -5.57433821864383 -5.757444579879948 -5.94863052665287 -6.127194700258179 -6.305091706492853 -6.486799953590463 -6.652996068424674 -6.81618182312446 -6.990478952285882 -7.159080833629807 -7.329627077038557 -7.49460953745661 -7.6517921166908875 -7.825906157657201 -7.991416401598588 -8.154606137622467 -8.320787007852317 -8.365866315309178 -8.423057905062477 -8.423057905062477 -8.552225156413714 -8.7254958710239 -8.887674328137512 -9.0183097912658 -9.17011677900083 -9.341942460156709 -9.472538473205969 -9.568883838393463 -9.671420271565424 -9.78020177092339 -9.928485830463552 -10.053954939650348 -10.17473176474053
41
 -4.195513138025511 -4.345325753688004 -4.5297663415686396 -4.705810503165298 -4.8940756553850315 -5.0746692745385396 -5.237784533344068 -5.416916879342701 -5.600372290964397 -5.774649822931528 -5.961070397202043 -6.142213710102249 -6.303490578337063 -6.476661405966974 -6.647328222560741 -6.815693677227845 -6.987990598782915 -7.154293317861876 -7.325436455955061 -7.490373493952734 -7.545135312487067 -7.726705819170208 -7.888672626885977 -8.05078569716923 -8.202342610994323 -8.340409838883465 -8.511144300262481 -8.660683875266008 -8.808106109101336 -8.963147088945261 -9.122639597903268 -9.263099196101534 -9.405327173732864 -9.522875987743973 -9.661472412598433 -9.805107423905307 -9.910187140238842 -10.01720794231372 -10.081782576063205 -10.216150208297439 -10.314688007497496
41
 -4.195513138025511 -4.345293387339839 -4.5368031831510836 -4.703534954081127 -4.884887697061608 -5.06705227500926 -5.250069814524717 -5.421347888995574 -5.609757835014529 -5.801359707057935 -5.9807466489811665 -6.169666198475731 -6.345197056973812 -6.53134605536153 -6.7137200220205555 -6.888006678651401 -7.068785689058976 -7.233822981709549 -7.3353888010270065 -7.4673593182282945 -7.626564362276683 -7.805521867031302 -7.966533394299186 -8.129257670048492 -8.307884695780057 -8.472688139407133 -8.626165778099868 -8.776182160776655 -8.900691929182404 -8.900691929182404 -8.92469599761227 -9.05682600854388 -9.200439121902265 -9.359517258826703 -9.465673590678472 -9.605430820204532 -9.728746014598991 -9.877383021729072 -9.975764103933297 -10.118973568699925 -10.231662258098025
41
 -4.195513138025511 -4.342836525061112 -4.518188556783676 -4.5842031186775785 -4.765837686827785 -4.884296022628155 -4.884296022628155 -4.962118952523075 -5.136154700019618 -5.227976591464077 -5.227976591464077 -5.227976591464077 -5.227976591464077 -5.227976591464077 -5.227976591464077 -5.360246800568007 -5.541743642459862 -5.719962864441025 -5.904135457786359 -6.084167510928796 -6.263505822570885 -6.446260379929074 -6.620613206993063 -6.812622020346121 -6.991753260011949 -7.153739360400563 -7.3192873883938026 -7.499944615636641 -7.686930508867773 -7.857044958164654 -8.035837160600478 -8.205040899902674 -8.305744486092276 -8.305744486092276 -8.305744486092276 -8.305744486092276 -8.305744486092276 -8.305744486092276 -8.305744486092276 -8.305744486092276 -8.305744486092276
41
 -4.195513138025511 -4.333820528411547 -4.523078295601454 -4.704998505155121 -4.87999947481023 -5.070223206541182 -5.235584332141884 -5.412740115649629 -5.593339753359551 -5.773469221337234 -5.947128752417042 -6.01361738987163 -6.188730988535795 -6.371704126305125 -6.550434766073555 -6.740068731629327 -6.903839371354365 -7.0820298044892045 -7.263317908708934 -7.442296951830298 -7.600554639167122 -7.766282140774561 -7.934314925393174 -8.096996169268976 -8.259889196463552 -8.408098507032463 -8.583123395254967 -8.74020076222743 -8.893012681579265 -9.03906577862746 -9.173647011445528 -9.297920157988486 -9.449443292365878 -9.570541961688532 -9.605975033975488 -9.605975033975488 -9.70206308689938 -9.843357061423283 -9.956680586043978 -10.068142444417635 -10.148308452436984
41
 -4.195513138025511 -4.337575847331124 -4.462674841723071 -4.58773022228979 -4.763970251895327 -4.947381838705343 -5.124935400322629 -5.308893591875741 -5.492164307160024 -5.678485495297281 -5.845836629919052 -6.024849522688116 -6.192114545644315 -6.3632585986638315 -6.543938213117212 -6.709199996171644 -6.885685470013344 -7.068307775931327 -7.239706955777234 -7.409501902223277 -7.567784495621066 -7.735102287950399 -7.8807415220441195 -8.048076759215444 -8.210135383673927 -8.353102697638597 -8.511764206836729 -8.686600219529538 -8.827568497912793 -8.82651541501839 -8.839807635209171 -8.97103740205962 -9.131174530717479 -9.260985510104979 -9.427121609365678 -9.553052388592237 -9.696162631563816 -9.803384569973595 -9.921058337139465 -10.002950536732559 -10.099270098517431
41
 -4.195513138025511 -4.336963924803806 -4.511968543505038 -4.6951927465802585 -4.87128104579009 -5.051553231470456 -5.233802588932346 -5.4092574189903635 -5.539419780446993 -5.651763334821141 -5.827143354653383 -5.993237074376663 -6.165652993828474 -6.343854537309235 -6.523182118552219 -6.6970837536421275 -6.868454526955733 -7.01908820935087 -7.194002476763944 -7.355440523532927 -7.5262536702388445 -7.694235195016793 -7.863570858467866 -8.023195526471941 -8.197638119290925 -8.352430903430877 -8.499366531581966 -8.680638824149593 -8.817878476284516 -8.990757120418008 -9.01283407744892 -9.01283407744892 -9.113688223758981 -9.271961244140774 -9.402102903492425 -9.515639109304775 -9.65926129585206 -9.779585616112213 -9.91246972474168 -9.991474454854663 -10.066356140241846
41
 -4.195513138025511 -4.3374123998557055 -4.508849019653949 -4.695129122931991 -4.878786140277275 -5.0246819464459955 -5.12539508891491 -5.303590437197693 -5.481065303940918 -5.662467142533969 -5.837323644173502 -6.014502547629909 -6.18456960007624 -6.355805527040989 -6.519595594286242 -6.688292704912809 -6.850749391610667 -7.0205647442706525 -7.060445674085651 -7.060445674085651 -7.208666744623838 -7.376508483411587 -7.547420130597997 -7.709506906676151 -7.8731991849204945 -8.041994302051181 -8.192261918561673 -8.35658022658047 -8.52216009269918 -8.670120151033 -8.848574344938152 -9.017145150484868 -9.173960799392606 -9.313162592789617 -9.445948759271559 -9.586189256758978 -9.757818167381096 -9.874399211909779 -9.94179763790423 -10.05528323061601 -10.164286259943225
41
 -4.195513138025511 -4.342324758827727 -4.519116482820262 -4.7063174904196465 -4.90071845863407 -5.084141753636299 -5.239418405614747 -5.330210960656261 -5.505681696964862 -5.6735395617634845 -5.848912490621203 -5.9221920163586805 -5.9221920163586805 -6.046875682480664 -6.204234677900807 -6.3833144298788875 -6.569858681628667 -6.722976235768916 -6.900017536011288 -7.073666369716115 -7.239489438527497 -7.408381856599833 -7.588679015848434 -7.766573849646057 -7.936279861738357 -8.088122832618094 -8.227930462309805 -8.395754496554721 -8.444723265206243 -8.444723265206243 -8.444723265206243 -8.444723265206243 -8.444723265206243 -8.444723265206243 -8.582832187315153 -8.736143634377202 -8.880564886555815 -9.03304954322618 -9.18118441466593 -9.322193704814127 -9.472775712798777
SGD:0.05
10
41
 -4.195513138025511 -5.439282858068105 -6.496722647776211 -7.387169412309671 -7.966398822222833 -8.244728198019278 -8.502352920024798 -8.609194471973618 -8.604361220529364 -8.665425887951269 -8.587221972407525 -8.678179345202105 -8.604651500780664 -8.715559523182504 -8.59694770035975 -8.700496078723033 -8.735278492936962 -8.680382304674685 -8.656788681817822 -8.710974722046316 -8.73956804916122 -8.74224394128078 -8.615766497856399 -8.535499417801818 -8.562088364302646 -8.608911522639927 -8.59187789597766 -8.583506368024223 -8.619772946877791 -8.645373644608876 -8.627308896367659 -8.659216756402214 -8.647660554928152 -8.639969402888113 -8.59914567234519 -8.735802680926774 -8.56817589485392 -8.512227085522348 -8.383910013358584 -8.693064793697607 -8.718890519548848
41
 -4.195513138025511 -5.294898217373644 -6.293383260819741 -7.172685217928297 -7.832230481699606 -8.177023141289615 -8.498055297026754 -8.611368487838853 -8.61536924993345 -8.599073471351529 -8.626061980800017 -8.667277950450687 -8.645505233036733 -8.604486512848435 -8.609379823977136 -8.60136073354911 -8.654463895055516 -8.631721144097508 -8.650831987009571 -8.69220785587556 -8.683667554719873 -8.687652435406799 -8.602453065503553 -8.661494834233151 -8.640140506971576 -8.633451367543392 -8.686662556121364 -8.736632904992192 -8.637317666482646 -8.638240846389692 -8.484006913175831 -8.671569322775566 -8.75888717944236 -8.682143653612291 -8.639847244168324 -8.655759782606644 -8.744611930535761 -8.583140120730029 -8.658124143872211 -8.724906977017552 -8.646953710420673
41
 -4.195513138025511 -5.36406309373881 -6.364524313448901 -7.247828163995693 -7.87477522206582 -8.060679649079482 -8.387447002500263 -8.576124663041515 -8.66002566913701 -8.651615236312148 -8.681831738896594 -8.652826084654107 -8.659551477029808 -8.66923550001292 -8.698732460121661 -8.614407030936288 -8.644107800109406 -8.660198765418489 -8.678538622397163 -8.602646130721295 -8.610930642450427 -8.661072454543575 -8.685859518984389 -8.624834785918619 -8.614529861996743 -8.41587538448899 -8.574025891151589 -8.68820588087631 -8.625373553413008 -8.589304369498997 -8.625938853008526 -8.619450289795807 -8.674208015155132 -8.620695955851625 -8.636886025913183 -8.718756317478928 -8.716714376860663 -8.692600888467267 -8.654270733684598 -8.640668954050552 -8.717849694841746
41
 -4.195513138025511 -5.363447408373653 -6.343668589731781 -7.165844163668502 -7.890194577139578 -8.30460191126324 -8.468678399475134 -8.544575162007172 -8.602037828572147 -8.628893467856477 -8.622125468058153 -8.620564082495143 -8.569261765412701 -8.559824923275908 -8.51020363966165 -8.579269648117204 -8.654639682998724 -8.719641891298728 -8.65792061065956 -8.663745611108094 -8.64137422909611 -8.674889996861275 -8.702997591195205 -8.611949938516966 -8.66713262654407 -8.785907826765055 -8.708258163831118 -8.591205352848675 -8.527797180159785 -8.686741193398374 -8.683455132735787 -8.702987888534032 -8.567026476017562 -8.566419764029025 -8.491397970093718 -8.613899549013869 -8.668864962949135 -8.649533370774378 -8.756888469241082 -8.703000027676875 -8.67862030083553
41
 -4.195513138025511 -5.323643870060667 -6.3590930489852 -7.125924113645242 -7.790463547994511 -8.063241120821502 -8.388595381578247 -8.53171416943488 -8.590594844695921 -8.635221715123135 -8.503111371695457 -8.468708595511629 -8.466423896655272 -8.34611485946298 -8.587263024734893 -8.501954450949873 -8.60883841384893 -8.497564476362676 -8.656007718610265 -8.56432488655724 -8.6631590161027 -8.717284293399205 -8.702797022734767 -8.732764512366114 -8.713737405959286 -8.70998763488227 -8.650527365874478 -8.716981375008928 -8.597400712669561 -8.70850488912293 -8.732208620763936 -8.686551459028852 -8.638949460586932 -8.71460488522063 -8.655506585216255 -8.647894581697376 -8.639103137329101 -8.67024597711894 -8.678662015148072 -8.612868242149345 -8.663347519169658
41
 -4.195513138025511 -5.3484606685468465 -6.375844507070579 -7.21760898122799 -7.8448651889331495 -8.204878655784146 -8.50543006365931 -8.416632403964089 -8.61183097103493 -8.617859522479563 -8.620161498151912 -8.671157853017068 -8.643240702277778 -8.650739444832801 -8.715036056072933 -8.58274216056936 -8.622577980534649 -8.548100066380167 -8.607829032617872 -8.635892606133762 -8.43935072881028 -8.68178194451169 -8.720581870272175 -8.691094855419504 -8.67520946616694 -8.662694324458725 -8.67943234737653 -8.665589074232507 -8.72852167560678 -8.671188670360422 -8.651683755869746 -8.692916783628851 -8.740352084781037 -8.762552710838644 -8.735060983813199 -8.68316878965828 -8.697388089416377 -8.62324740518264 -8.693147903717543 -8.663856245360256 -8.647026548120383
41
 -4.195513138025511 -5.3994792021404905 -6.410351989948834 -7.253946806001303 -7.826792413880405 -8.209284971919432 -8.41076402397133 -8.558873961498646 -8.514250876620398 -8.625445003164076 -8.669155226280296 -8.643463326530934 -8.637333249671762 -8.621257710203349 -8.60631977183337 -8.598602965047409 -8.676430364901607 -8.670448321817153 -8.761140847780977 -8.782690353472052 -8.689526528554552 -8.694317400276601 -8.633215413555451 -8.637478622203238 -8.657346767786937 -8.712519148229207 -8.688517296674629 -8.605559272343852 -8.575559064433659 -8.557182225322112 -8.691599311823841 -8.563257348103564 -8.565332598150606 -8.538006936260206 -8.591099668291783 -8.648950622009265 -8.674680005257832 -8.679048627363949 -8.659395611731341 -8.691161542406231 -8.666189654952277
41
 -4.195513138025511 -5.344611940041447 -6.334535568118168 -7.323976864177577 -7.925185734122597 -8.264278893094792 -8.424537747181864 -8.44615753583186 -8.56318884913959 -8.598866137758863 -8.566202934571411 -8.635395862749082 -8.55286575523175 -8.535393316976714 -8.601818733202009 -8.601398283272832 -8.641034782958245 -8.738996538793069 -8.759585481093616 -8.71331828669551 -8.700388122727354 -8.718793089315792 -8.744519724993072 -8.615638579168156 -8.64023360371174 -8.669184957933059 -8.662126523572832 -8.730133847010718 -8.575317465203788 -8.723963720717657 -8.698394079143295 -8.777039538278464 -8.733471859597948 -8.657464189921065 -8.628135417351732 -8.65496514991886 -8.648301637855575 -8.623564712476451 -8.652991806365634 -8.688095853878211 -8.68658446091163
41
 -4.195513138025511 -5.330090733537279 -6.378523069811116 -7.280547199569121 -7.926404492957808 -8.290322576567963 -8.371635497259069 -8.583188385345881 -8.585633164081903 -8.550893306737304 -8.493374532005173 -8.543367171007297 -8.554687618804149 -8.63848989372921 -8.66665965666808 -8.6307047454419 -8.650956790825433 -8.648114250888746 -8.671876395336763 -8.708138789922211 -8.663116130749598 -8.711667192083409 -8.691166672725412 -8.725668900273096 -8.669945867266133 -8.616068815750987 -8.708674252522233 -8.692142664354616 -8.655106181277663 -8.617013264568818 -8.590034763525178 -8.553070388254374 -8.613026909952831 -8.651150418910271 -8.650906837400745 -8.617376368553153 -8.618650249348319 -8.618713101657267 -8.72781304094028 -8.641806138690848 -8.644570068897314
41
 -4.195513138025511 -5.339680725544799 -6.367737591316387 -7.195824192739478 -7.8148506215673095 -8.271518038938487 -8.453044153353908 -8.572359077823608 -8.578787543439736 -8.51921113935874 -8.60618619749003 -8.598348220145626 -8.623448136655991 -8.616733972649884 -8.702671800359402 -8.698433287342121 -8.706708845107665 -8.709393537476613 -8.403434681297304 -8.564312748320232 -8.602492941950594 -8.629414944930923 -8.620844208840383 -8.600035939779294 -8.690413285590758 -8.71312040928177 -8.627722121532868 -8.647518824658512 -8.636755273918398 -8.645807686232686 -8.552909451985913 -8.640190747533827 -8.608597298927942 -8.631871276798122 -8.680996220812997 -8.726833273572982 -8.646672951547828 -8.680584510540418 -8.619499558789043 -8.640542313301507 -8.604333606384792
SGD:0.005
10
41
 -4.195513138025511 -4.321268100458781 -4.443707456770705 -4.562641720132195 -4.680342009428249 -4.8083242701099085 -4.934169172421708 -5.058950046656624 -5.182299223611964 -5.2994493424241655 -5.418726587338666 -5.533966517454747 -5.654276995111399 -5.780942085893775 -5.906676260282076 -6.020131818110297 -6.141435612630138 -6.266935362927578 -6.3831715222227725 -6.508995232012002 -6.629546921304831 -6.746192265386277 -6.872297861614364 -6.977603784139492 -7.090277417306394 -7.206575774315894 -7.331378386182013 -7.4558280504753 -7.570469383449677 -7.680039655500667 -7.795472439895347 -7.920376719175449 -8.03583385478134 -8.14845818526659 -8.27256307577951 -8.383478358468947 -8.475900471181433 -8.58027658873059 -8.692124490358841 -8.807247672372078 -8.917993906917244
41
 -4.195513138025511 -4.311919298643412 -4.429521381002077 -4.549936138553922 -4.6673878572949565 -4.7945052296706905 -4.918356220202868 -5.042757912237334 -5.1697567192394525 -5.292881717381988 -5.418911216708352 -5.545979943127528 -5.676505138294333 -5.798466861759782 -5.914817357960446 -6.04170359988998 -6.1566898890729025 -6.278051927765725 -6.398965828770081 -6.508544202712071 -6.623076442644375 -6.742198218257806 -6.87082698725925 -6.996714142706575 -7.106308736040312 -7.223092297234457 -7.337053460093455 -7.450800401688644 -7.569044641043531 -7.690324768028149 -7.806532860999928 -7.919871263584877 -8.030323242952514 -8.133240492039063 -8.24171899615581 -8.354171201936827 -8.463533209570228 -8.579493208076634 -8.675702942702458 -8.791769620308363 -8.902530752118485
41
 -4.195513138025511 -4.314186280050348 -4.435258465642385 -4.5511506679789875 -4.670755430233831 -4.7981834021093865 -4.922549904109941 -5.0431172549527545 -5.1631149610981035 -5.286866351475187 -5.403030462033172 -5.5265338905670065 -5.656640369845415 -5.7728029451247505 -5.888793336380125 -6.005155240144923 -6.133552902602073 -6.265805996714918 -6.382371825114037 -6.5055262396332125 -6.61899928301479 -6.737540979225732 -6.857262224681895 -6.985298360215153 -7.111033271765852 -7.234894385368186 -7.345447187002005 -7.4725489217123275 -7.5964411754276435 -7.729075804152825 -7.829080413210935 -7.944340041296246 -8.047414073956766 -8.160938958653864 -8.270029629271875 -8.36604152630537 -8.478770134491313 -8.583464821327512 -8.702256633561026 -8.813828727864099 -8.908995200671972
41
 -4.195513138025511 -4.318417268503739 -4.441429923700496 -4.5634330015271445 -4.686614349603197 -4.811311752331556 -4.936437736354341 -5.069895262889936 -5.195801008965963 -5.317351885644825 -5.429441354159428 -5.55657310501777 -5.67261720451722 -5.787261748396105 -5.9045765604826235 -6.019011906345574 -6.143803316381036 -6.264532838818018 -6.387684018345189 -6.499594972381304 -6.619461978970102 -6.748563844961572 -6.861457082323139 -6.976953563301486 -7.103320019584951 -7.210256219927708 -7.336986297395448 -7.457920536436138 -7.568419106223484 -7.6818017795004705 -7.791575569791801 -7.90369406215112 -8.03242493744339 -8.15699806297107 -8.271890138602819 -8.380520155493938 -8.489133226687652 -8.597807002323988 -8.72574854977788 -8.823523193017694 -8.90751292158901
41
 -4.195513138025511 -4.316542114594587 -4.437629935168703 -4.562638414451535 -4.690810241145793 -4.8104010338250385 -4.9300403615336235 -5.0525628087886005 -5.171628524383332 -5.290657881987208 -5.4073134493834525 -5.525748514771753 -5.644153133758069 -5.765606241472637 -5.882654241376295 -6.00386976239978 -6.121282995183741 -6.241069101008724 -6.35916535314387 -6.48361425246719 -6.607969696045722 -6.729613647967212 -6.849745679866165 -6.953298812702462 -7.073988520305265 -7.193634151262646 -7.3253898363517616 -7.436614042689968 -7.54599666755595 -7.645241096453089 -7.776218394906262 -7.882053450207623 -7.998193325176627 -8.119364613600668 -8.22707646223933 -8.344879730545307 -8.44819823181279 -8.564234337308271 -8.688270862513187 -8.795135422868402 -8.905142861310422
41
 -4.195513138025511 -4.323783314211411 -4.447716849991449 -4.572112138773758 -4.697970284279795 -4.8183978849958295 -4.938770687527486 -5.057319879581084 -5.179551738871018 -5.306149221735933 -5.427530679983566 -5.552393337680227 -5.675159962718347 -5.798768144861932 -5.913242608440805 -6.027038003156568 -6.146876134649398 -6.271458376126622 -6.40028240697512 -6.528882724481747 -6.6398212451686796 -6.751948429835468 -6.872546287329297 -6.994932453007762 -7.118210907344286 -7.237079874996007 -7.352406533707499 -7.459795018582634 -7.573007653464407 -7.7018675827626355 -7.819541108298768 -7.927431882256907 -8.025293533777578 -8.128104714398567 -8.241781129460565 -8.341762928022536 -8.460677437648057 -8.564829316753542 -8.655505501171307 -8.773463127427593 -8.876821500741563
41
 -4.195513138025511 -4.3217570909721355 -4.451747105204879 -4.5719118860593175 -4.699250879470979 -4.829012998545074 -4.954213714029091 -5.077555326226794 -5.205738577506237 -5.325367675107251 -5.444620120277696 -5.564848134206914 -5.686339211342081 -5.810180212057101 -5.931079893801496 -6.056130590699696 -6.1782413149759785 -6.295347348462829 -6.414316531899903 -6.533689739248439 -6.639854609331375 -6.756502359194561 -6.869985041528496 -6.99584308916426 -7.115444770849505 -7.2300738928738415 -7.354176321236113 -7.475143129962257 -7.587999819085771 -7.699034933236167 -7.812334686920042 -7.927945049097817 -8.039843116679355 -8.1530583861024 -8.260434804492014 -8.376723633813233 -8.49636271721601 -8.603110506031197 -8.707683350639451 -8.82034526431333 -8.933660776223887
41
 -4.195513138025511 -4.318203689180238 -4.437018099237944 -4.557034796615407 -4.672844937588717 -4.801687436150379 -4.927236902301337 -5.05086288740674 -5.175538743363475 -5.305064540591549 -5.420717942728335 -5.541690019097709 -5.664482571517775 -5.789814366796723 -5.913145990421612 -6.033316616980419 -6.148914678307925 -6.273089575886691 -6.392198319809421 -6.5067766713303525 -6.627101861938253 -6.742177797201038 -6.870262359471113 -6.99696040180331 -7.115522942352919 -7.22159345151684 -7.331529255173769 -7.450918176499495 -7.558270087545918 -7.667295681479396 -7.784860064539467 -7.9066449112538555 -8.040072637999739 -8.173912632217895 -8.289400513541358 -8.396476213864979 -8.475876949500211 -8.595647840558614 -8.694551248860682 -8.822859013238011 -8.912869486856737
41
 -4.195513138025511 -4.32089988791267 -4.441369840797101 -4.5695322884812475 -4.693980611621221 -4.818742392944116 -4.943128762277979 -5.065237675924826 -5.183606323177658 -5.300805239998965 -5.424450013299456 -5.548975281895517 -5.669756157632031 -5.796077875274245 -5.920481333709317 -6.047010605487586 -6.164059429185139 -6.286527973506025 -6.412149189063383 -6.538812282839101 -6.653736058686242 -6.770625048773701 -6.888790627810323 -7.005492056256336 -7.11208413908928 -7.234795500204025 -7.3563410865329715 -7.489810170624873 -7.598956059375661 -7.694739718628966 -7.824994970922146 -7.937920036819487 -8.050036176176475 -8.161710719601214 -8.280033529289195 -8.374566191866215 -8.488960156469608 -8.601296105429467 -8.707132547797798 -8.838481022152466 -8.93506976176984
41
 -4.195513138025511 -4.319518917602795 -4.441195953541791 -4.560720211423114 -4.685943447455337 -4.80383973764767 -4.9263983638357445 -5.045949753812036 -5.171888420707784 -5.294940702170032 -5.412831048718244 -5.5269147689627705 -5.6490497008792415 -5.769694742426696 -5.89184140871351 -6.007293013589066 -6.132662148731126 -6.256948019417538 -6.374428413304569 -6.48708182344099 -6.608444523392558 -6.719674742287275 -6.830800264400369 -6.95004476113009 -7.068245952594905 -7.181637178616301 -7.287314807606635 -7.407157311759034 -7.5171870194800325 -7.629654363484211 -7.748813755713868 -7.856916280427798 -7.982378896309144 -8.077111365739501 -8.19876070100656 -8.31596691405779 -8.436787594913207 -8.567569086084685 -8.679921415479308 -8.783825772936972 -8.886157152216798
steps
10
41
 0 1000 2000 3000 4000 5000 6000 7000 8000 9000 10000 11000 12000 13000 14000 15000 16000 17000 18000 19000 20000 21000 22000 23000 24000 25000 26000 27000 28000 29000 30000 31000 32000 33000 34000 35000 36000 37000 38000 39000 40000
41
 0 1000 2000 3000 4000 5000 6000 7000 8000 9000 10000 11000 12000 13000 14000 15000 16000 17000 18000 19000 20000 21000 22000 23000 24000 25000 26000 27000 28000 29000 30000 31000 32000 33000 34000 35000 36000 37000 38000 39000 40000
41
 0 1000 2000 3000 4000 5000 6000 7000 8000 9000 10000 11000 12000 13000 14000 15000 16000 17000 18000 19000 20000 21000 22000 23000 24000 25000 26000 27000 28000 29000 30000 31000 32000 33000 34000 35000 36000 37000 38000 39000 40000
41
 0 1000 2000 3000 4000 5000 6000 7000 8000 9000 10000 11000 12000 13000 14000 15000 16000 17000 18000 19000 20000 21000 22000 23000 24000 25000 26000 27000 28000 29000 30000 31000 32000 33000 34000 35000 36000 37000 38000 39000 40000
41
 0 1000 2000 3000 4000 5000 6000 7000 8000 9000 10000 11000 12000 13000 14000 15000 16000 17000 18000 19000 20000 21000 22000 23000 24000 25000 26000 27000 28000 29000 30000 31000 32000 33000 34000 35000 36000 37000 38000 39000 40000
41
 0 1000 2000 3000 4000 5000 6000 7000 8000 9000 10000 11000 12000 13000 14000 15000 16000 17000 18000 19000 20000 21000 22000 23000 24000 25000 26000 27000 28000 29000 30000 31000 32000 33000 34000 35000 36000 37000 38000 39000 40000
41
 0 1000 2000 3000 4000 5000 6000 7000 8000 9000 10000 11000 12000 13000 14000 15000 16000 17000 18000 19000 20000 21000 22000 23000 24000 25000 26000 27000 28000 29000 30000 31000 32000 33000 34000 35000 36000 37000 38000 39000 40000
41
 0 1000 2000 3000 4000 5000 6000 7000 8000 9000 10000 11000 12000 13000 14000 15000 16000 17000 18000 19000 20000 21000 22000 23000 24000 25000 26000 27000 28000 29000 30000 31000 32000 33000 34000 35000 36000 37000 38000 39000 40000
41
 0 1000 2000 3000 4000 5000 6000 7000 8000 9000 10000 11000 12000 13000 14000 15000 16000 17000 18000 19000 20000 21000 22000 23000 24000 25000 26000 27000 28000 29000 30000 31000 32000 33000 34000 35000 36000 37000 38000 39000 40000
41
 0 1000 2000 3000 4000 5000 6000 7000 8000 9000 10000 11000 12000 13000 14000 15000 16000 17000 18000 19000 20000 21000 22000 23000 24000 25000 26000 27000 28000 29000 30000 31000 32000 33000 34000 35000 36000 37000 38000 39000 40000
