6
SGD
2
100
 -4.758875798658265 -5.078329842521289 -5.702789511973624 -6.039163961992733 -6.257091445530896 -6.221258986361088 -6.519926649172742 -6.466458229223093 -6.777357702716006 -6.828929644645574 -6.865843127614885 -6.172714382072564 -6.826809463781192 -6.993131815340661 -6.806741222081788 -7.258671270394144 -7.229524230543463 -7.2656552875602465 -7.185446996044219 -7.382099955767377 -7.4646541590070905 -7.386284244137114 -7.507316356468236 -7.499710372631592 -7.552162457640941 -7.377128915221543 -7.658806206479946 -7.628644196785757 -7.6710694490570654 -7.763698646186937 -7.755890055104818 -7.7271248931628485 -7.544251053139237 -7.744557721730674 -7.86334712717524 -7.936646871047336 -7.9116555859077 -7.9684845366834125 -7.952435857675238 -7.916381950325198 -7.996614805759342 -7.994440667400075 -7.994265844881557 -8.07796200253687 -8.094567731832077 -8.080178663349125 -8.003520312786373 -8.072926390943891 -8.174282008151037 -8.096565405558126 -8.01446352408978 -7.838137771870623 -7.752587979750824 -8.079074528884535 -8.176597083461916 -8.223163640927208 -8.250476902074853 -8.259298821716115 -8.25637402077991 -8.285055402917896 -8.193414458977218 -8.286004602130227 -8.272438407433343 -8.324320850072832 -8.221137031573127 -8.370960382634523 -8.38188267837346 -8.391999275012264 -8.39467057180288 -8.38619633766479 -8.388735248354271 -8.321228781308895 -8.330158844154937 -8.46474800217587 -8.442283405597133 -8.481662927868257 -8.516725931051289 -8.530705565600433 -8.528182208362763 -8.540667455910825 -8.563329538357634 -8.56042421641656 -8.570311311318926 -8.575739850332038 -8.580133380724122 -8.59363644941531 -8.591784728559317 -8.579960806417173 -8.584353772117009 -8.615273860645555 -8.580489242154512 -8.565658099763622 -8.626101766504089 -8.649881281478358 -8.648156412448031 -8.612903382185715 -8.674935723309728 -8.662223249965944 -8.68018182030576 -8.697217677257896
100
 -3.758013097076761 -5.713802588299339 -5.897087464482413 -6.1930307161103855 -6.327049282357661 -6.3093055962836635 -6.638404668857109 -6.706292971875857 -6.896745672281255 -6.932602588178709 -6.98329954248999 -7.012280850215862 -7.069321601067523 -7.09318771655596 -7.151360329481603 -6.962615009232914 -7.288126497868179 -7.29119960662529 -7.258187942390349 -7.193885115986545 -7.301492848800618 -7.40906120176525 -7.377703779514454 -7.349064878008001 -7.464902490881372 -7.49979159644748 -7.57880900251328 -7.573009192519045 -7.618130804948337 -7.638518997873648 -7.6543968099069355 -7.681294038958708 -7.705546378355898 -7.721440892238144 -7.752307636911044 -7.731664343215775 -7.716216832765346 -7.728987572532664 -7.736224594242344 -7.803173643722115 -7.827684056221383 -7.874123207665142 -7.8855622357650645 -7.880522881216451 -7.900873744391252 -7.93235189588642 -7.933698263704712 -7.957804530975664 -7.9316163642678355 -7.892889669009578 -7.787942034696584 -7.761566187046676 -8.005549387808738 -8.014779499043655 -8.033984956088279 -8.035521397765017 -8.026859307567985 -8.044325283414434 -8.075803180464709 -8.052073397529163 -8.083930902924964 -8.125381704459537 -8.070936477730383 -8.044289134408517 -8.12062629249727 -8.119028326892439 -8.12317008957876 -8.141971914360134 -8.145469325201296 -8.12903795963616 -8.152724352642661 -8.192200635943191 -8.207801566973178 -8.211156195952372 -8.22272306291056 -8.239287181172754 -8.232766478021817 -8.239723892121411 -8.24360581635997 -8.225178891051304 -8.224796032686383 -8.248784414990729 -8.253195194900135 -8.262193830561236 -8.265986673196025 -8.279310767471069 -8.282728626954862 -8.243634530155608 -8.257133466822783 -8.203362690258528 -8.289463519874122 -8.261148616825214 -8.32578120738306 -8.33320749004645 -8.281248414353657 -8.297163596819992 -8.288232491584582 -8.29322370216785 -8.322751276776733 -8.274268563062483
SAGA
2
100
 -2.4824473367144044 -2.78549400557814 -3.09461705025596 -3.3115288354632297 -3.511038127725463 -3.6503905179713803 -3.800094221248138 -3.982943957162937 -4.073154995639159 -4.253978468002798 -4.367970059176081 -4.500197021583537 -4.634416782245759 -4.725321033023984 -4.8604479532254405 -4.94107553334154 -5.033599697649795 -5.106055601024838 -5.17567817650255 -5.285474935662505 -5.358560141204246 -5.438826775601993 -5.4939873208224315 -5.5675556136306295 -5.643742498586074 -5.711321448167872 -5.754233460723057 -5.831936395723578 -5.895476177143266 -5.940250696010155 -6.03582956585949 -6.094768342337669 -6.117668292545545 -6.227730801938509 -6.29811287296164 -6.320795584060151 -6.394876209816142 -6.487856144630921 -6.552959451619489 -6.624931849670105 -6.631594766992891 -6.737090661098214 -6.789001517435149 -6.841410337036079 -6.901080012466723 -6.936574443548798 -7.002318815639177 -7.053642489910584 -7.1191407838668095 -7.165638970615784 -7.2048018131008895 -7.252574978595578 -7.262579958999038 -7.248228719928227 -7.405680078731915 -7.412880385290044 -7.512808523445266 -7.432764661373056 -7.566970639581458 -7.657289320246112 -7.666599804936923 -7.703267519700633 -7.747598286746609 -7.794327392624406 -7.846541479499167 -7.8390681444261245 -7.865562092190768 -7.967876976135704 -7.995001243675274 -8.031870700990508 -7.9716385987419205 -8.084223224204242 -7.9306765028343955 -8.064648482036462 -8.177745085427722 -8.246123085409536 -8.277128002510002 -8.222727953758126 -8.33378514126023 -8.390974029198473 -8.409829546127677 -8.48332159597112 -8.435761914298803 -8.483266852421695 -8.47464245953532 -8.567524196799374 -8.576927536578665 -8.702420421320182 -8.711169603221173 -8.75789013368154 -8.803631660838489 -8.824323014215913 -8.845152928666371 -8.856866743404003 -8.893909582059434 -8.868674382724977 -8.981530353558815 -9.009508053039534 -9.03188412105308 -9.040097571374458
100
 -2.4694322709096386 -2.8180053269740246 -3.0564138792090634 -3.291724198278547 -3.4889569944204717 -3.645606541370915 -3.803821334971093 -3.9767176584736608 -4.051608312043688 -4.159166272545455 -4.380042800389264 -4.474996893965586 -4.592786892204701 -4.703472955531992 -4.791510371003875 -4.896345004561621 -4.981181315012325 -5.073481016565833 -5.17547913037242 -5.29697146852296 -5.322195481410672 -5.445753366109628 -5.540822341319997 -5.613291479399982 -5.709378103450472 -5.757463916156907 -5.836460469504066 -5.89004490402973 -5.981577326743441 -6.018820155797452 -5.986334492648575 -6.15889100072673 -6.238100549053549 -6.249655466547954 -6.347072936510797 -6.329307796349396 -6.460774612722646 -6.519824106819326 -6.59461136988113 -6.634388274699068 -6.638543242436984 -6.713007020616176 -6.775119604168143 -6.825742353403126 -6.799618387530752 -6.930313686910842 -6.937135012228055 -7.003315363405628 -7.086718460595249 -7.138346732167368 -7.176830681466287 -7.204095506568931 -7.174962034741048 -7.289710308434264 -7.370949630617846 -7.412298441625475 -7.485255156244697 -7.533570782978616 -7.571141955278438 -7.626309457248298 -7.639735152836684 -7.709784627348608 -7.726829038453098 -7.807379299349308 -7.787815174603837 -7.841543205490623 -7.944407778573686 -7.997448573572512 -8.032798728755983 -8.09050491900317 -8.13149018084572 -8.177894524862209 -8.18781427879368 -8.181136659727512 -8.22512397479816 -8.230209856926061 -8.3067851466211 -8.27793203354562 -8.365073120137723 -8.15974426181025 -8.410323405548192 -8.536429708762698 -8.582353152704876 -8.622982983485008 -8.599504914315773 -8.427477109453054 -8.711538523854987 -8.748495430324528 -8.802646216199607 -8.815737398089915 -8.858660028278914 -8.911764411609719 -8.931768060622016 -8.984441240696034 -9.02785800966792 -9.07144147105126 -9.06146911817517 -9.122748984529222 -9.044868513282099 -8.93126703291409
ADAPTSAGA
2
100
 -4.755124534205671 -5.5447840209730765 -5.959148771617483 -6.27087396332071 -6.865845247963235 -6.93689932854141 -7.091315057900126 -6.855563676383554 -6.798716006492503 -7.5510841022948965 -7.829201911444478 -7.0195104533577934 -7.502638814515076 -6.9218435657977055 -8.208712974602284 -8.279193256374915 -8.291627883522512 -8.497236013342786 -8.615910442287293 -8.708633196668115 -8.5370730612645 -8.633808342239826 -7.949169807093023 -8.881073551087574 -8.770610358629913 -8.524817558958079 -8.9159986304169 -8.295968964531873 -8.845512131795155 -9.06801617196865 -9.085410346086087 -9.056961658427008 -9.180515509589005 -8.860423653077525 -8.624452264678363 -9.501999026766741 -9.737108836460461 -8.528393499227091 -9.718349999658583 -8.987389048896457 -9.79250132897744 -9.331438843206092 -9.330052862110747 -9.081172525804487 -8.587266872231432 -9.400895565492412 -9.339793040220899 -9.232998833558817 -9.576447024137888 -9.755047377421961 -9.589886253211189 -9.85034986372635 -9.25888984969337 -10.238146532687969 -9.962283549138265 -10.190515464385031 -10.335631525080746 -9.747373593211575 -10.230354339476696 -10.475060344561184 -10.486608604191344 -10.394034718513161 -10.444619960045758 -10.301159235278902 -9.772975546214655 -9.830719929765909 -10.865411814204235 -9.359364436980307 -10.592810468151743 -10.834481533371502 -10.71253963903185 -10.06551740952338 -10.9831932859031 -11.006198463156842 -11.096302042613265 -10.628580679995045 -10.573420459260909 -11.358261084433384 -11.040600968318012 -10.380059670642817 -10.908769893123305 -11.357704136954956 -11.566572163240721 -11.49653392063671 -11.506928344541656 -11.26349122377123 -11.603455703288633 -11.428618868097173 -11.160430497262773 -10.834488257393783 -10.925341138659281 -11.617805656150766 -11.18462114317988 -11.16459350353831 -9.52622812823026 -10.39392127843751 -11.857231519261193 -11.11317206613455 -11.908482660851265 -11.882011173265104
100
 -4.653938975059268 -5.425719175308781 -5.808510513838658 -6.094500688329782 -6.790786014808767 -6.776041556607945 -6.8977139180241585 -6.7986624395093305 -6.670497173571903 -7.57646015563028 -7.72934176794072 -6.911891293567154 -7.7854324255445855 -6.777437077079311 -8.226401785695755 -8.209580875404248 -8.392303462048716 -8.527939298934925 -8.658500418130316 -8.71619334049089 -8.641405686780194 -8.748551500898168 -8.025485401378315 -8.900976451180117 -8.912987357630689 -8.71451977897666 -8.997168490701606 -8.465397718571914 -8.949643621723329 -9.092625115132698 -9.170154095056521 -9.114330927998143 -9.182094975421881 -8.865220607886771 -8.580784548011003 -9.383451215130536 -9.782960687723145 -8.631394885408811 -9.724424504153825 -9.13125401043745 -9.875169026592092 -9.425011924739074 -9.34497585117863 -9.246357338406643 -8.623584474732475 -9.328891180085119 -9.323845237204486 -9.322085359012217 -9.64161823781861 -9.758887670854438 -9.589602793432935 -9.908123731189406 -9.328376177589977 -10.28596302406275 -9.956071670898034 -10.236356589381543 -10.43574867275863 -9.822560110650818 -10.287420230955524 -10.5076544698677 -10.474582966462986 -10.45575881142262 -10.4503272880375 -10.544112319707954 -9.811818631389919 -9.872490636266146 -10.907294920788125 -9.45346298454199 -10.576168831861168 -10.851078750422591 -10.740139425603308 -10.0130651697534 -10.958664756438036 -11.062724335615325 -11.111319298546196 -10.669737294686152 -10.54265196502422 -11.413241502640837 -11.062702323578826 -10.426277809753378 -10.92568232244054 -11.459162515483477 -11.620695807243951 -11.500316950282818 -11.542632373073276 -11.311034870118363 -11.618193657212375 -11.442267110641682 -11.189725745672805 -10.87743133397865 -11.016959906075822 -11.639636357123333 -11.23770643988359 -11.269592706040868 -9.613750916287442 -10.561757039977014 -11.92821420160701 -11.013633582212025 -11.987717581147207 -11.952306961266132
ADAPTDoubling
2
100
 -4.300944409746187 -5.733156727571041 -6.185147362631322 -6.193989327099275 -6.421300895656627 -6.921219782372282 -7.246563855329051 -7.516336549740692 -7.674224346465628 -7.700587108820903 -7.8577636155075785 -8.016640965962122 -8.136284117281663 -8.285411316733825 -8.409676419343693 -8.40479358202503 -8.52931149459601 -8.35685810769249 -8.568248063275881 -8.753090552766048 -8.748901712643393 -8.602309806575702 -8.632512504725312 -8.913751083088995 -8.67388304861712 -8.969849190291677 -8.870281770454698 -8.999586312592536 -9.123364454612092 -8.941870753217025 -8.837461798936875 -9.078478868347565 -9.138336842992752 -8.849484072116743 -9.188886448367246 -9.149789572041222 -9.265010342785473 -9.205196077201121 -9.421827336349779 -9.339093050917068 -8.808008814684314 -9.461361819916107 -9.400077375733034 -8.73361797117057 -9.003264717287687 -9.151357936142187 -9.68622502034793 -9.78749918644113 -9.848431673793192 -9.807573649938325 -9.65694652710192 -9.879376624811213 -9.898063141877431 -9.840888107423517 -9.739628029861485 -9.87840277253908 -9.708157044253895 -9.969751413217491 -9.888836499257462 -10.048966379852612 -9.986330212649172 -9.96354118438232 -10.089670728454264 -9.572413663629794 -9.66113344904713 -9.564344062746994 -10.0194775452797 -10.236232428440529 -10.317088524356427 -10.366832823000074 -10.21249089474399 -10.267443065744303 -10.329469943066856 -10.25364851420287 -10.393610796076093 -10.341112377026583 -9.63690175947584 -9.961823616900707 -10.469821427827334 -10.552319072472992 -10.561761620035167 -10.56751435705452 -10.626866710364478 -10.509553837757645 -10.504399555154242 -10.244552214007236 -10.558806690089742 -10.409993977977367 -10.680244056701735 -10.29471422760056 -10.605509124175544 -10.186776139252682 -10.281104890842913 -10.296703830615883 -10.656461942312024 -10.652176020472854 -10.82261806834674 -10.825302006195583 -10.917197282149358 -10.819598533378427
100
 -4.633700276875941 -5.6215807277065055 -5.848432693085767 -6.334734446219222 -6.274637535842596 -6.742961725390462 -6.993846698093413 -7.1765148980837 -7.192449359331776 -7.404196867142065 -7.706840588163508 -7.74792129118826 -7.888994946789088 -7.886131187152533 -8.103812980392911 -8.14759896736167 -8.259419317499221 -8.342393483994776 -8.247673125067083 -8.455041765090103 -8.523840781828728 -8.608437385018755 -8.51957102983962 -8.2351127941614 -8.69975853159298 -8.508720026799969 -8.484870543277745 -8.707550625229741 -8.776078144375903 -8.725330855907178 -8.53166862223871 -8.05872480277303 -8.003009926159713 -8.532636241110517 -8.857650439415952 -8.301341516964824 -8.924991166323853 -8.845044442597414 -8.902157740253875 -9.194141046787395 -8.954315999811453 -9.247944286501905 -9.13130555201655 -9.101310846534036 -9.171661656518731 -9.263597735505332 -9.578753712505053 -9.71567859887707 -9.756166845612672 -9.771897582383321 -9.214766740724539 -9.274600957807566 -9.952988926711088 -9.941111822622977 -9.563155207632136 -10.107189414937086 -10.066414982429459 -9.779847443204401 -10.152295483840728 -10.196680673262787 -10.297460950135594 -10.318714848153133 -10.095560782800643 -10.378625361614953 -10.439645091642399 -10.386494371032805 -10.295074287929559 -10.038358917102157 -10.522794474455917 -10.406599600341082 -10.611235445493055 -10.63589412458273 -10.544525789433324 -10.37977280887596 -10.48035987878062 -10.628428292553432 -10.645750726131174 -10.490682542019107 -10.665808168084578 -10.430140853439957 -10.674519233457394 -10.394513357320161 -10.39290681463273 -10.587650441109089 -10.534994761445212 -10.71229929563907 -10.53407347884938 -10.581858844242618 -10.7407956994807 -10.76525429621994 -10.631129897501035 -10.747196860098592 -10.803042494153061 -10.392827829316435 -10.86277254379023 -10.537722065041548 -10.962904841233758 -10.896169665614474 -10.909181199077725 -10.993628868920988
StreamingSVRG
2
100
 -1.5760428680522274 -3.0121659336900843 -3.673585776003645 -4.518935518996654 -4.953315295882685 -5.329810599006783 -5.568993325672056 -5.931118543407993 -6.150083716001399 -6.4775830188789225 -6.756058426516578 -6.5768770272047625 -7.152198990563911 -7.306087638802478 -7.285835883013447 -7.525247552852804 -6.422408443333111 -7.655391447818756 -7.335674334892855 -7.131729224490409 -7.45753347997797 -7.804079563501958 -8.257323803225725 -8.359291814746438 -8.227185822694628 -8.470461748272722 -8.151553559011498 -8.586300653664974 -8.774701289177164 -8.586150648994064 -8.62602431249001 -8.577809269684701 -7.837758479571189 -8.312931199262758 -9.284746920692402 -9.01668437512845 -8.513508755339242 -7.625262436200646 -9.04374379426042 -9.070276819589365 -9.224062007674684 -9.159178535472567 -9.234177936325837 -8.269356091257277 -9.322956127877996 -8.113543293497491 -7.737722322899082 -8.914778145026274 -8.29097264519321 -8.368955669964498 -6.7903462034930255 -8.836774920307143 -8.296027526312828 -7.867164463584185 -8.688148382296932 -9.300185328521016 -8.938278137497104 -8.856247264624539 -8.856247264624539 -8.856247264624539 -8.856247264624539 -8.895837404474491 -9.274372288390179 -9.271824142754731 -8.42523877664798 -8.440941929095903 -9.059611262283113 -9.243707622724063 -7.376234820005035 -9.385154356905868 -9.748343029067952 -7.998775796291991 -8.988721020877398 -9.914463791009267 -9.45405231602207 -9.760262752445943 -9.605041314691682 -8.968042541604088 -9.521796834814776 -8.36010917686759 -9.15407066331842 -9.613199124914157 -8.662093402742071 -9.154385232849558 -9.138266069103782 -9.18610188324589 -8.95278234802853 -6.571265486116248 -8.612649264132353 -9.50471277843959 -8.54554875529615 -9.331581443286058 -7.738447496576729 -8.947634721689816 -7.185470816689622 -9.705099434658722 -7.1162141441179525 -8.516375460267488 -9.305548596225801 -8.147879667826148
100
 -1.5760428680522274 -3.0231942398461036 -3.9348408948785925 -4.393094265163907 -4.938846897032998 -5.364163494500627 -5.443863970556076 -5.952861518854479 -5.499571008208264 -5.499571008208264 -5.499571008208264 -5.499571008208264 -6.2428592362495205 -6.541721203531255 -6.615179917092446 -6.895044406091009 -6.236098736732193 -7.023717038952169 -7.211437884349696 -7.268932095612357 -7.577470799664095 -7.875802884467873 -7.815734439874989 -7.624497723278719 -8.114457448040435 -5.9486793226559564 -8.121401697186446 -8.08137515488532 -8.056395991886157 -8.519147648633274 -7.9560256059071355 -7.801119850758111 -8.700035394976371 -8.316515535598832 -7.848237900942394 -7.232422076620414 -8.603534101071341 -8.150879706092788 -8.491043852639 -8.384604048144494 -8.743684406263158 -9.06120791493303 -9.118415032406482 -6.623367959277641 -8.073059363364116 -9.176689338014064 -9.429330144542758 -9.084268946346615 -8.605104510589559 -9.11756501541454 -9.220674132355121 -9.538601431856344 -7.911074173875904 -9.58112047641225 -8.790500881492061 -9.537244610265766 -9.71112053226927 -9.33279908356017 -8.787443960924405 -9.181527933343501 -9.014162059680922 -7.831619767045658 -7.263602086563286 -7.280822115289192 -9.52982139514664 -9.928306155736058 -8.598830151567268 -8.90862990701704 -8.459637315311317 -7.522345425243391 -7.901238806418127 -9.142500045869099 -8.47679950286958 -9.22850403788252 -8.00876880492844 -8.815439039909736 -8.221063470648172 -7.217123926484815 -9.692064112998118 -8.627972913638162 -9.41915521477037 -9.843932102324118 -9.164030598114401 -8.214352383224982 -9.134509146449322 -9.490764513610898 -9.686304091990062 -8.602422258652718 -9.179098645222224 -9.257640168858288 -7.55852949485299 -9.190285272820404 -7.375961705711772 -8.51260546454095 -9.114499711488127 -8.5239058330405 -7.488103728311273 -6.7622565961857815 -8.890931714763912 -8.263578062769653
steps
2
100
 500 1000 1500 2000 2500 3000 3500 4000 4500 5000 5500 6000 6500 7000 7500 8000 8500 9000 9500 10000 10500 11000 11500 12000 12500 13000 13500 14000 14500 15000 15500 16000 16500 17000 17500 18000 18500 19000 19500 20000 20500 21000 21500 22000 22500 23000 23500 24000 24500 25000 25500 26000 26500 27000 27500 28000 28500 29000 29500 30000 30500 31000 31500 32000 32500 33000 33500 34000 34500 35000 35500 36000 36500 37000 37500 38000 38500 39000 39500 40000 40500 41000 41500 42000 42500 43000 43500 44000 44500 45000 45500 46000 46500 47000 47500 48000 48500 49000 49500 50000
100
 500 1000 1500 2000 2500 3000 3500 4000 4500 5000 5500 6000 6500 7000 7500 8000 8500 9000 9500 10000 10500 11000 11500 12000 12500 13000 13500 14000 14500 15000 15500 16000 16500 17000 17500 18000 18500 19000 19500 20000 20500 21000 21500 22000 22500 23000 23500 24000 24500 25000 25500 26000 26500 27000 27500 28000 28500 29000 29500 30000 30500 31000 31500 32000 32500 33000 33500 34000 34500 35000 35500 36000 36500 37000 37500 38000 38500 39000 39500 40000 40500 41000 41500 42000 42500 43000 43500 44000 44500 45000 45500 46000 46500 47000 47500 48000 48500 49000 49500 50000
