8
SGD
5
51
 -2.174760730317921 -8.672733111683858 -10.561400834420285 -11.317000907079843 -11.474765218251216 -11.561145138058919 -12.26712004917394 -11.313611982525806 -11.510304779866557 -13.263328387871915 -12.318443901728731 -12.250674657507483 -12.525412140545852 -12.676560306712336 -13.450707636390751 -13.286408522176094 -10.971356415386802 -12.84598667783529 -12.584497509310294 -12.765321348556299 -13.127129168498625 -12.47571293207789 -13.06363756445007 -12.993435059959264 -12.605772945580894 -12.358963520443547 -12.795837816083992 -12.734313289027515 -13.82999611700897 -13.721512274807928 -13.351429813342754 -13.155456775950434 -13.678982470133294 -13.551477830880124 -13.597345847092017 -14.19895447002212 -13.525573079016366 -14.127574017642214 -13.97199734541715 -13.768608323072426 -13.727845411154508 -13.486062679656866 -12.598819643954267 -13.785867852419965 -12.862108080345163 -13.985253467591374 -14.158515423329074 -14.201764306383188 -14.082662885113143 -12.718674502842648 -13.862733646759803
51
 -2.174760730317921 -9.20637144104297 -9.374078644909138 -10.949268466428874 -11.61749052922381 -12.058188286201032 -11.065137969739908 -12.14758132865351 -11.483052993456793 -12.610200063892089 -12.741704763467196 -12.921908433434474 -10.538091806505015 -11.430463293462887 -12.606475980043736 -12.845200039589622 -13.05320295331482 -13.252664685346293 -12.498723569436434 -13.327954232062552 -13.011980672689551 -13.25571706911863 -13.605117503691051 -12.796828468793429 -12.400092557249364 -13.288264044379483 -12.036220891130426 -13.142784946961946 -14.12349522608162 -13.74754474179529 -13.868532517265914 -11.815377533579627 -13.75621808623718 -13.615729313088861 -13.449494124384998 -13.803370904728084 -13.996932671190054 -13.845668345259831 -14.230131706635971 -13.792645931679175 -12.658096095271025 -13.830809717678422 -13.579916757714539 -14.076332733668474 -13.974353357832149 -13.27655626857005 -14.13128203228811 -14.214982046326261 -14.300403089930931 -14.09602520640101 -14.29686300922452
51
 -2.174760730317921 -9.222117546589308 -10.194772071104818 -10.748346229830219 -10.726293182423262 -11.855010297960282 -12.194502021861444 -12.116880648369994 -13.316486796042083 -12.413441361505468 -11.538883935272366 -13.19921609108342 -13.692909990959908 -12.464105590132759 -13.732311378291644 -13.92405867683859 -12.18661403563678 -13.325416995385584 -13.089900748890502 -14.22580860572469 -13.671854591574268 -12.480687557522662 -14.000995306620023 -13.523930148284448 -13.894093839811568 -14.406509367820602 -12.623474223238995 -13.894595056887256 -11.983591114921202 -13.942510158243877 -14.263638215731545 -13.225404944532743 -13.695181618538784 -13.662044036190334 -12.585386205262756 -14.922995912058774 -13.610844009363154 -13.555068198945877 -13.158205116555104 -12.94082723408772 -12.948533415892229 -13.560483544782937 -14.730231665720778 -14.519553801625564 -14.376347166853956 -14.067133667624827 -15.058807520957377 -13.30492546208145 -14.557509811432336 -14.825606910175562 -14.179746067391665
51
 -2.174760730317921 -11.358538725348803 -9.6279170331241 -10.90372498444666 -11.730190587021935 -12.463914345340497 -11.83767942564237 -10.566298944825165 -12.587406767271421 -12.000741917767344 -11.593807458097022 -11.162715073636113 -12.803792477455463 -14.274943191843022 -13.874398078276869 -11.628174601700922 -13.898794813976671 -14.362167282084007 -12.6489268328094 -12.137451721196038 -14.544983552804773 -13.965872281730979 -12.866969249717885 -14.917630965679374 -15.139313069839188 -13.080253837068712 -14.58487677274576 -13.87604747932439 -12.802718330726995 -14.801318097885028 -14.249357691774874 -14.818995136047857 -13.952247721526776 -13.923341303972768 -14.29988947898761 -14.756000353782296 -14.848490355099665 -14.276135073437592 -13.252838778998822 -14.06761256741752 -15.007285916715531 -15.421899377086852 -14.33000709229212 -14.400026006654151 -14.851988938640163 -15.08241109704046 -13.99953826672067 -14.935282882350377 -12.94490357757884 -14.68068278550685 -13.315963343872331
51
 -2.174760730317921 -8.363143062146403 -10.462205606984725 -12.081994345161785 -11.85497557975586 -11.537970971829795 -12.3761481459174 -12.761991668736158 -12.958874969768656 -13.133023727912255 -13.732098855128562 -13.168061221766362 -10.699492911626788 -13.97118329435144 -14.815155374957062 -13.906297297375732 -11.68793859999978 -14.371403419175216 -11.848980332192017 -11.872139773159509 -14.267545859474408 -14.912785671134808 -12.666246254695366 -14.862267723974872 -14.177513702713108 -13.796751092975704 -13.068700393195652 -14.527805320265253 -13.23001138999179 -14.026615141250367 -14.625790651043411 -12.37091420235226 -14.188649319628459 -14.360672497992704 -15.356116802614816 -14.24350924296329 -15.02945522221651 -12.877607357657917 -13.461282236003067 -14.378074092824107 -14.23210088271426 -16.679219777351847 -14.617836076736697 -14.754962873010603 -15.661088204782226 -15.206829307423217 -15.274300067620171 -14.492825041714486 -15.247373222333827 -13.804563085908308 -14.325972031802468
SAGA
5
51
 -2.174760730317921 -3.593904770234091 -4.329233537396168 -4.843250638133379 -5.251811154048752 -5.590435146281571 -5.865601261695832 -6.136303190369286 -6.338188143040138 -6.5724409940404245 -6.772903199216197 -6.969590189002382 -7.131578552678891 -7.29290132179499 -7.4188228336669315 -7.577359017499904 -7.696723499509336 -7.765904916684595 -7.9540633729698875 -8.067200883904583 -8.195555641232092 -8.281082723471075 -8.396408552444514 -8.378674701255909 -8.586223847717417 -8.618373189950264 -8.75193767461261 -8.820696023573513 -8.908805021136288 -8.989558948202093 -8.98590472218062 -9.109105968327063 -9.151861525871382 -9.253027201372817 -9.298220635619762 -9.381157288709272 -9.385901090690469 -9.503530853039358 -9.548897621976344 -9.640244025644227 -9.673840690014442 -9.71645366044134 -9.728949796270397 -9.773215479266806 -9.920184127830913 -9.972902072706606 -10.015743326679619 -10.012765694683692 -10.115132262981506 -10.189448086839418 -10.135104570750453
51
 -2.174760730317921 -3.5919323091473503 -4.317240269607089 -4.8423412782421 -5.251391370528834 -5.586887652966031 -5.874133019482039 -6.118959838507924 -6.356686995603637 -6.569423483384933 -6.765267790112902 -6.951863483030477 -7.1394283573163975 -7.259133069833077 -7.443586904610943 -7.563239738337633 -7.708013669814125 -7.78222555030491 -7.964008165128587 -8.068705797366112 -8.165890253496995 -8.298656676624775 -8.371510832489456 -8.476027661027578 -8.47801311750911 -8.58118498947537 -8.71114218358209 -8.789075511692332 -8.91456851811029 -8.992629633397108 -9.06021448086126 -9.131219542308711 -9.197788428149131 -9.265639413089353 -9.337458854123332 -9.394010805468577 -9.376490630839221 -9.447469744566698 -9.589675588965703 -9.639417152497131 -9.614447040794028 -9.735397777248595 -9.759748018188944 -9.759864520470709 -9.897096438097288 -9.950794984577751 -9.953472585939664 -10.074681471928557 -10.016750172770298 -10.125024314347685 -10.215169306123006
51
 -2.174760730317921 -3.593235134824602 -4.329507619569145 -4.8454251723862365 -5.239244642778461 -5.577716512523818 -5.856620979892682 -6.0836975787812015 -6.339838489790104 -6.565896442295318 -6.760505985531292 -6.943004470301792 -7.1320370684797965 -7.283458708040686 -7.4196311580383085 -7.589146176464211 -7.723431837805414 -7.816867378789196 -7.824056925069045 -8.039239344566223 -8.184967831439556 -8.29854838942521 -8.396351199204162 -8.50043770984813 -8.487355066134741 -8.671789390919603 -8.744121049309552 -8.834897777648926 -8.898989915032255 -8.974510689433671 -9.068399141402429 -9.08973220898598 -9.202614443365706 -9.23385813166273 -9.347211911261784 -9.34109748813588 -9.43974812184529 -9.413714233712424 -9.541345686122034 -9.666764661650248 -9.716452077973047 -9.717191951239691 -9.627010893925464 -9.877257791925025 -9.928939632097508 -9.93462520588753 -9.981139471496565 -10.101419731993378 -10.123955850471203 -10.1842425690103 -10.231018866916738
51
 -2.174760730317921 -3.597458096532075 -4.348820133836084 -4.858007308668038 -5.250798126596819 -5.579420564392014 -5.857496489141366 -6.116042822093407 -6.353214614195922 -6.56608806264562 -6.757804823002311 -6.902681490049439 -7.112075128306096 -7.273786262769043 -7.4102251548248725 -7.5579925650304345 -7.694642777943917 -7.823591497128151 -7.8958641990858505 -8.017607412421343 -8.178851449884611 -8.228138553991547 -8.380758100644128 -8.480179909416451 -8.574757185299339 -8.577611893428516 -8.727593863842408 -8.824744350005927 -8.909822873784732 -8.986558731721475 -9.024915052252364 -9.112077589865388 -9.185319028455686 -9.181771434967107 -9.315783185777875 -9.389163614164906 -9.401528045900497 -9.49592739068154 -9.37108157507592 -9.606944415162436 -9.630060556887987 -9.717470405372696 -9.711015978173757 -9.723807091936742 -9.932873412842213 -9.893339599754807 -9.992289671863208 -10.079459267738313 -10.09438111539705 -10.17340751095979 -10.23905047717774
51
 -2.174760730317921 -3.5997968202577013 -4.33660255927796 -4.848525220783389 -5.24360375367855 -5.582514059537582 -5.864266916595048 -6.123743948441294 -6.363502896660326 -6.574122304272974 -6.7685600246052395 -6.94748024789447 -7.082120422086738 -7.289967946124451 -7.430398844361776 -7.5562698936439014 -7.713932671521511 -7.840775229388327 -7.93866201457282 -8.064241632953317 -8.07052448958272 -8.181809118119858 -8.395954229158802 -8.466548289453693 -8.53938220600283 -8.62807226875029 -8.734856765226144 -8.846419870339924 -8.914310154587797 -8.96913414834169 -9.061818465326056 -9.10611074178127 -9.20273126664651 -9.212628646727916 -9.309980058193403 -9.408287882849649 -9.459705703459335 -9.522976934269439 -9.589442177779057 -9.604351143804378 -9.666799449712968 -9.74939469158862 -9.8258805009185 -9.866556461328074 -9.832534530959306 -9.96206471825561 -10.036247000700572 -10.017784512265184 -10.160113784656613 -10.193156936121191 -10.23148039546135
ADAPTSAGA
5
51
 -2.174760730317921 -7.313051610724321 -8.81372332073956 -9.439303476887085 -9.705149322810588 -10.231476651494726 -10.307689933838713 -13.44573688975202 -11.373063028005214 -11.050164359293 -11.517826892117245 -12.203548311246209 -10.916863920635015 -11.523419556911213 -11.998911608659872 -11.222917461829283 -12.846418772429608 -12.810782911445706 -11.167621678182439 -13.214814272882736 -12.076306051618026 -13.018789828821351 -13.830055550316173 -14.90732568382647 -12.928458227473369 -11.737280974518145 -11.264127843208689 -12.69341660321846 -12.643580507204396 -13.675650365758136 -10.809842074145733 -13.671069341312402 -13.3445551139319 -12.536820787629452 -12.6066976094278 -11.672989659363548 -13.123173818391077 -13.651759103657538 -15.246378881340465 -14.218736076805076 -13.802534357630652 -11.325215456016222 -15.00363952635177 -14.259167059273883 -14.30314979246206 -11.263398484772765 -12.21504872835611 -13.161711929607748 -14.259095512013525 -13.62806232629282 -11.57746659993487
51
 -2.174760730317921 -7.63878881486199 -8.321564702380531 -9.469856696535379 -10.036023292903781 -10.254058357733797 -10.316336819812225 -13.236771355638727 -11.506798485443834 -11.070402928287814 -11.651470233113649 -12.183909711032978 -10.8318085107035 -11.666308809334083 -11.666595850604352 -11.265333895280081 -12.781209515100127 -12.807648097770711 -11.198962721114945 -13.17152067613883 -12.039464449582317 -12.966726244564475 -13.992311044281225 -15.001715906500866 -12.880073775878731 -11.565708529570031 -11.127855036029509 -12.66339546625283 -12.667305577326026 -13.644441450353858 -10.901230528056146 -13.798908286534848 -13.112178441758166 -12.512962923432669 -12.669883912790162 -11.665338082020236 -13.15500080377354 -13.58575749318917 -15.158597679515912 -14.168891361137646 -13.77806923330389 -11.301132038454364 -15.104001135432487 -14.282441386490833 -14.284946336673078 -11.304305717305533 -12.210400429577165 -13.212861420396697 -14.195061760785183 -13.665307857146514 -11.6203696024934
51
 -2.174760730317921 -7.92376748740156 -8.413714094981204 -9.762406531078682 -9.860788222944851 -10.024865483973809 -10.318773444189787 -13.673761923219232 -11.531680466136327 -10.94148280558954 -11.715383064369663 -12.318741145772988 -10.878149781031622 -11.60710728898512 -11.68500138138191 -11.37232714083284 -12.773401281016309 -12.822890151184444 -11.363769333304035 -13.052490653929915 -12.027904537067148 -13.139050651162401 -14.102844042104136 -14.865654893797505 -12.919008959656292 -11.61770232958749 -11.186393412922813 -12.675400024259249 -12.73019891053639 -13.620944486043546 -10.790397672529743 -13.765925909881602 -13.30813602590806 -12.404063349346156 -12.638131820332664 -11.731781488693587 -13.150464926469791 -13.652823290704086 -15.153322342719674 -14.197663895218385 -13.801830384520715 -11.40659148974768 -15.168256681024157 -14.199479552345796 -14.294551951883337 -11.255863213357056 -12.165374176221224 -13.256135917156891 -14.255807894771571 -13.698245441066652 -11.625409977513215
51
 -2.174760730317921 -6.967512730757737 -8.584261621473972 -9.601159237580598 -9.897823999938673 -10.099029560431878 -10.42405385425541 -13.2174522974224 -11.46616956405374 -11.006937640710277 -11.669676080711183 -12.114145731087184 -10.909113671414946 -11.385889836447959 -11.710162231591498 -11.319773341094152 -12.808446389928767 -12.597022849988667 -11.232062409994343 -13.148272633746924 -12.068809880828717 -13.019861559434938 -13.866788519754829 -14.927352420322272 -12.9579718524631 -11.618550695766013 -11.26504252448068 -12.72619097056107 -12.816274606689907 -13.69856013594394 -10.823227574266852 -13.638557958704753 -13.14304943722792 -12.507611111199296 -12.562890400213451 -11.764453799981206 -13.141242990774598 -13.581130543604223 -15.137610289779145 -14.172947289034184 -13.64007063737556 -11.28778894280589 -15.087944954052398 -14.267913225754226 -14.224703989805619 -11.253208771324017 -12.22307367831924 -13.213636933296746 -14.232026838165979 -13.61671960985744 -11.646064839103106
51
 -2.174760730317921 -7.842645786605803 -8.367361803617696 -9.442008806183129 -10.01439741358682 -9.982535999322431 -10.360761711089909 -13.325106541897288 -11.590389264787321 -11.150186381043477 -11.66703947146824 -12.256147474828467 -11.00186846546858 -11.411317279014634 -11.834142857594637 -11.428322213342346 -12.842264207625876 -12.780981624351993 -11.27331521495801 -13.182968882776612 -12.11752973737376 -13.094516913601709 -13.820953070979337 -14.823772224971021 -13.073542059068393 -11.618114849673129 -11.12670972427746 -12.774973420542745 -12.684941358567517 -13.623527390029794 -10.787946075288318 -13.696440133903161 -13.188105070529705 -12.340549445917116 -12.625681477907666 -11.783666521512549 -13.158228580808691 -13.513263840995892 -15.19601580332826 -14.189307113863904 -13.693636958538907 -11.288439132395583 -15.23595857910237 -14.226425627081767 -14.159592129790708 -11.244472097304811 -12.145042807497719 -13.161768554093053 -14.26988210248879 -13.69675644406002 -11.608382734745279
ADAPTDoubling
5
51
 -2.174760730317921 -7.62038874085438 -11.069555731557573 -10.19955035561377 -11.717992565449494 -11.800300045487152 -9.457404160849899 -11.956957394095689 -10.822977939724433 -12.10192541433311 -12.479600443951144 -10.556242369951608 -11.458180280431545 -11.255117582430254 -12.012085110412196 -13.984846819307121 -13.16213273147149 -13.315758906053945 -11.336733129585324 -13.397968468198894 -14.829035557722241 -11.463569989280394 -13.575868763970398 -13.253039472744764 -11.575072721543675 -13.262178706957718 -12.951235618129871 -12.981121624065805 -15.161312252233177 -12.546920026674647 -14.214576510492064 -14.706215281899388 -14.177169288496478 -14.841434876577779 -15.816794450934436 -14.075666161491462 -12.018727114113398 -13.713227249750611 -14.03993229031284 -13.45811194078384 -12.907044144852307 -12.700225218693543 -15.70264484595196 -15.559859174513718 -13.21897655916011 -13.971710676515439 -14.658696643579637 -12.127005157630016 -14.48780541202666 -12.806653544460278 -15.524093708515524
51
 -2.174760730317921 -9.99379844757538 -9.22308296891445 -9.853765585108922 -10.835309681360226 -8.52665611649989 -11.255225792637413 -12.062113380099962 -12.091242235005385 -13.290424663541216 -12.009974917576104 -11.870631157974325 -10.858444425864512 -13.492062778376965 -12.227733843330318 -14.350873815881538 -13.975900213573079 -15.270564674543868 -16.30407109614257 -11.512769036488068 -12.609499507301571 -13.357954429492159 -12.340833235628779 -12.126703294345285 -12.118048376014938 -13.77934882224996 -13.433666667249978 -13.600050121277457 -12.105824390315492 -14.591803983501089 -16.25287793352029 -10.843437680952182 -14.995411258429503 -14.529526990142399 -13.761922374162708 -13.926822748190594 -15.340520343163968 -15.470408447469573 -11.735273911147729 -12.902516889951075 -13.507109618851652 -12.073918250758634 -13.608513836740958 -14.290452823875235 -15.127075081464353 -12.050763404817426 -14.739748371801987 -15.050765317900675 -15.544954174512275 -14.22099011583279 -11.960459589374938
51
 -2.174760730317921 -6.866083182440767 -11.043103499956477 -11.66950894814063 -9.063260764245625 -10.210759282048844 -10.388948922022182 -12.131229819874658 -11.506767449807596 -12.027901354678844 -10.922936704495278 -14.107544410699543 -13.655670550536462 -12.198718881062598 -13.87343434153065 -11.254715685955466 -14.097257946726724 -11.456613694835005 -11.030197388508338 -12.959919234234452 -14.73043619386351 -12.50901904588739 -13.659144723069542 -14.121456183268178 -12.196780876122023 -14.194401805427146 -12.825836971579538 -13.922710981494754 -11.986298364569278 -13.601374363195717 -14.871207021085173 -13.138080745749908 -14.482371728726298 -14.307739779355979 -11.852043972964697 -14.522263243734578 -13.845669049020861 -12.819825877480893 -14.768062407539505 -12.72187642553901 -14.762608311696004 -13.799354440312023 -12.932498056798094 -13.54675728930706 -14.400888332791096 -13.512500165663761 -13.435167257180945 -15.276649969235566 -15.122042249860801 -16.097765666859715 -14.798440908301146
51
 -2.174760730317921 -8.085527997796751 -11.443087178468096 -12.28985486584297 -9.228736441567298 -11.930412301998613 -9.805270137636509 -11.50133005823273 -11.761509561322033 -11.510308273469583 -12.473336490452635 -11.58392629292179 -12.44740071044102 -11.511984844541747 -12.73906720495782 -12.368603925136949 -13.17923390458891 -13.982167902616109 -11.080983957076226 -12.857567326333555 -13.21700629313909 -11.21213349918865 -14.362244548726702 -10.979454171782367 -13.206482720046068 -14.014416325763161 -11.64142163233662 -14.529716658843924 -14.138499432291741 -14.247776840274836 -13.430515736984361 -14.41365449983381 -14.278077431785293 -13.588070586992213 -11.934966921135135 -13.158723609990954 -14.491902581136825 -12.700854551289613 -13.997363520938963 -14.149929345425347 -15.046099104995095 -13.149136120008718 -14.549389055015396 -14.522334465048012 -14.498270850332071 -13.569955825552777 -13.944151991761668 -17.070203050265444 -14.566124279643521 -12.736339697384038 -15.315630600480796
51
 -2.174760730317921 -10.151610634948076 -10.706720433019052 -10.306961029018623 -10.861583045499472 -11.779305214866495 -9.877312017780273 -12.423133027873531 -11.485045169219072 -13.551319829051208 -11.234681660264577 -12.580458914696273 -11.41920786388705 -10.564741090542277 -13.081835460298887 -13.849473114962514 -12.390255452297827 -12.338147533981788 -12.439169564317776 -14.66496270792862 -12.518298552374072 -13.685355277060529 -12.424405685147663 -12.942388825669369 -13.560241294983078 -14.62378240265776 -13.89431110946912 -13.924910915014694 -13.859139354675209 -14.49200688316734 -11.768308039225058 -13.540009701068263 -13.821480834572741 -14.872341019179625 -13.947468954640843 -12.963953057665927 -12.985869209824443 -14.167629555112557 -14.038345050228148 -13.569150071722323 -14.415476415911774 -17.174093755164517 -15.376891385506493 -15.019993094260203 -14.41547543464035 -15.354471025674101 -14.333823306745131 -12.841563240233668 -14.436110767377304 -15.49553616144269 -13.42129327585828
StreamingSVRG
5
51
 -2.174760730317921 -7.252728930586133 -9.918123452055301 -9.691169793548672 -8.69946041128254 -7.910535137459664 -9.308024796615975 -9.06532417738512 -9.694073975035241 -10.555182723248656 -8.714270523645856 -9.073302555453733 -9.697053817825717 -8.372063600068184 -7.788585533894537 -8.884712540592162 -9.746133353784705 -8.158356177157037 -8.638746366646089 -7.708759023260646 -7.708759023260646 -9.291246547120164 -9.935395675381706 -9.633785812519564 -7.932058404427481 -9.671187036913338 -6.983994914092197 -9.391890000383526 -8.354120423706778 -7.338998522511123 -9.990415744076994 -9.990415744076994 -9.990415744076994 -9.990415744076994 -9.990415744076994 -9.990415744076994 -9.990415744076994 -9.990415744076994 -8.692508549907634 -8.193751934462158 -10.07403789008163 -9.314426525944548 -7.981741869803165 -8.643810966462523 -10.067673909216808 -10.067673909216808 -10.067673909216808 -10.067673909216808 -10.067673909216808 -10.067673909216808 -10.067673909216808
51
 -2.174760730317921 -7.7363004741338735 -8.90235565533335 -8.894865760734593 -8.200920681011038 -8.39303319447324 -8.286987195101876 -9.064753181954613 -8.560466155280759 -8.541748896853331 -8.594530307591164 -8.410778622939736 -9.361127294082639 -8.560642313158088 -9.477958492325541 -8.07840199706378 -9.496372757580376 -9.291439920364834 -8.472686471769707 -8.789470043607615 -7.771777312895808 -7.771777312895808 -7.771777312895808 -8.146583241769983 -8.146583241769983 -8.146583241769983 -8.146583241769983 -8.146583241769983 -8.146583241769983 -8.146583241769983 -8.146583241769983 -7.389400346716648 -8.433479340190216 -8.604202259958743 -9.529615707523785 -10.060019557618359 -9.201294696251848 -9.201294696251848 -9.201294696251848 -9.201294696251848 -9.201294696251848 -9.201294696251848 -9.201294696251848 -9.201294696251848 -9.201294696251848 -9.201294696251848 -9.201294696251848 -9.201294696251848 -9.201294696251848 -9.201294696251848 -9.201294696251848
51
 -2.174760730317921 -7.896736366244011 -7.699118327346908 -8.647389388354778 -10.009083257261471 -9.760771106834651 -6.673704675907928 -7.9654720786035025 -9.148678401397607 -8.095352957584412 -7.326222042498348 -9.023358203428765 -7.871022987753281 -8.657077136625277 -9.063313262535308 -7.6352963814400825 -9.641244742110858 -9.87000690494126 -9.837158594530802 -10.08648975644438 -10.10041901360322 -8.666703591781419 -10.222857104289968 -10.222857104289968 -10.222857104289968 -8.086805713563201 -8.086805713563201 -8.086805713563201 -8.086805713563201 -8.086805713563201 -8.086805713563201 -8.086805713563201 -8.086805713563201 -9.298943583550825 -10.048490687688538 -9.371126303536384 -8.334493359129295 -8.062217842177848 -8.376871362767497 -10.13758047976598 -9.998989548210915 -8.116963363704107 -8.656078818432883 -8.656078818432883 -8.656078818432883 -8.656078818432883 -8.656078818432883 -8.656078818432883 -8.656078818432883 -8.656078818432883 -8.656078818432883
51
 -2.174760730317921 -6.784254059033907 -7.031627281678159 -7.88846384240116 -9.399125118041258 -10.564600654287984 -10.204268545462984 -9.856261415360628 -9.25184872644699 -8.835989036036937 -9.167341920016854 -9.804094046211802 -10.022636913895116 -9.696046662880683 -9.950631790232135 -9.571617227689444 -9.093624599363427 -8.286165651264236 -8.27987461171726 -8.543940848120535 -9.131166184803272 -10.173005685167473 -10.897464828473348 -10.414202972273246 -10.148820187544546 -8.624922784646431 -10.948453285092224 -10.562916379339171 -10.605044818534173 -9.75241531581096 -8.344528695418527 -8.032762997075716 -8.032762997075716 -8.032762997075716 -8.941460341529108 -8.559095997103162 -10.40133909421147 -9.183062009135321 -10.919259530921554 -8.514575292115394 -9.604346702539068 -9.17966731256222 -9.17966731256222 -9.17966731256222 -9.17966731256222 -9.17966731256222 -9.17966731256222 -9.17966731256222 -9.17966731256222 -10.618570323356616 -9.44609691648058
51
 -2.174760730317921 -7.37049621656077 -8.405843293138322 -10.234556253442113 -7.728838967926804 -8.526192282156348 -10.177080142518967 -8.689779304062325 -9.388389426692658 -8.110701791075407 -10.563922754508551 -9.761351447823232 -11.081293792852822 -8.329907878489522 -7.590926586868778 -10.878368248028416 -9.66355065418258 -6.630772409858647 -8.229400892630174 -9.45536449031382 -9.025917159748222 -9.30420421456707 -9.38283619435924 -10.208801408977944 -11.293170891864303 -11.293170891864303 -10.839292802447344 -9.843067868513142 -10.18361637450106 -9.521285349558926 -8.223867955758493 -7.802303143938094 -7.603836793729763 -8.868909990655608 -8.868909990655608 -8.868909990655608 -8.868909990655608 -8.868909990655608 -8.868909990655608 -8.868909990655608 -8.868909990655608 -8.761923319872201 -9.10790872181108 -12.046600156146823 -10.078553932167658 -9.055088425585502 -9.040099581119897 -11.390211505990663 -8.810964805812745 -10.663752775415395 -10.663752775415395
SGD:0.05
5
51
 -2.174760730317921 -5.463229683879276 -4.965120188036515 -3.5268591016475397 -5.7499121236786 -5.020424954308467 -4.976600445011085 -3.402961087643999 -5.467633228424838 -4.440180396982694 -3.2115367366012757 -4.529460944013052 -4.7119622660151075 -6.2567930024379255 -6.153267125297141 -5.488865492355641 -4.010423994484228 -4.423535182763374 -3.7445889055723605 -4.8131035701674 -5.5768959072703375 -5.50804045152278 -4.578270109093405 -5.712988632847346 -6.234620286821954 -6.060426845580374 -3.0859355015959724 -3.5838852142686886 -2.8281526594929547 -5.580991675403313 -6.052147125894072 -5.082755501322087 -3.7811350498081047 -3.438174952036735 -5.14299618869151 -5.051978864927422 -4.977348144882362 -5.19804949829067 -4.9671631285888305 -4.2422515130357015 -5.1641123113923095 -3.0065769018993422 -5.602436244130765 -4.213730236818828 -6.4158141903039425 -4.9414251953034185 -4.887718469303659 -3.1050664388498017 -5.382751433796352 -2.7912468178533696 -5.43357717057854
51
 -2.174760730317921 -6.189427229848534 -4.831703497651543 -4.159266747241307 -3.930876027718517 -3.6788145339510256 -3.5868587164031855 -6.033077043610996 -5.328712877027211 -3.797382523335342 -5.61692211778771 -5.872968027294165 -4.9444814893401 -4.90847312908622 -7.7884172481719425 -3.9514908216417854 -3.8390530901710855 -5.257707965129375 -5.426055878144945 -4.199246082402835 -5.2382573826325505 -4.8979008060737454 -4.123674087473866 -5.560255859281383 -4.22617314366947 -5.074736091927156 -6.649742660765731 -5.431728703151151 -6.519030452545741 -5.462378010341464 -5.147547780271105 -5.158292289749278 -5.480246144596718 -5.728070362965651 -6.186101832557419 -5.773176561367851 -5.617871542931938 -5.08671671627163 -5.395882376705041 -4.635185903400478 -5.45811775521764 -5.260701791307656 -5.3886254248627665 -5.863280586739881 -5.955233128120007 -3.9722524446384972 -4.885818731955404 -5.481906489754332 -5.754362198989104 -5.664740881301229 -5.493553229835473
51
 -2.174760730317921 -5.9359089608875 -4.521553964283862 -3.559129375814579 -5.571122578359495 -5.12114576490068 -6.562565631938703 -2.5715511900604726 -5.032717669434181 -3.58477473003341 -5.567256578177677 -4.08068279115331 -4.871162113236672 -4.338607229234661 -5.12292370458074 -5.304854218325339 -7.15480829405406 -4.435710145530237 -5.577749087143623 -6.006127559134913 -6.257722015661409 -4.783237710841362 -4.914497397905067 -5.335480065031434 -5.210981821891 -5.5031428137478855 -5.286676636023944 -3.913216693260782 -6.259822390819597 -3.7778565145752143 -4.610237520370329 -5.36906801202607 -4.794463300417704 -5.835608122436679 -3.689040528238205 -5.784992612219875 -5.389606552875975 -5.14603477294052 -5.107968935658786 -4.3441456779379095 -4.765710855857801 -6.337500805182401 -5.872430583912396 -7.037227189508185 -3.2353160064955047 -4.008741434345843 -5.6114809633339116 -2.7443776248549345 -5.13394078918597 -5.176586405961542 -4.087994422287843
51
 -2.174760730317921 -5.173344723465177 -5.527539482408591 -2.687826177591707 -4.293879269942747 -5.361966857780938 -3.599817285163149 -5.464763154438775 -4.445442234562407 -5.25512906163858 -6.289684452470555 -6.271915847328476 -5.515917715218873 -4.703388935262381 -4.124682709603208 -7.172677955728864 -3.111073412773571 -5.261402248159486 -4.306458322650381 -3.900523631475353 -3.9373768282967245 -5.612454732818847 -3.8058175105309946 -3.0685298548221716 -3.6720115108971605 -4.246865324071843 -6.640902259713759 -3.653879952211584 -5.270802334214187 -6.606186816800591 -4.823555926984329 -5.182909051161058 -5.334875274388748 -3.0463297153550113 -4.258101244174279 -3.352254277852724 -3.616421504761957 -5.241945627664059 -3.3334250213250525 -5.67366948694751 -4.856147251920277 -4.518520765310581 -4.396721011371415 -5.254618302931622 -5.589874930627324 -3.3556024618757085 -4.646602358925216 -4.580745512840064 -3.964971925611021 -4.570470669275653 -5.112775500979821
51
 -2.174760730317921 -4.409347308159156 -5.676384541858389 -6.065204031317292 -3.884689237938126 -5.682867085699934 -5.292600854733862 -4.975583206038147 -5.8098416581684 -5.653172969137218 -4.924614582256636 -6.044110285200179 -5.427180295072229 -3.714140112800168 -3.801510893704042 -4.794909648027682 -3.87507859320837 -3.854038406732055 -5.178451532170805 -3.607249122497567 -6.011675897428398 -5.249580947162366 -5.998131580856009 -4.435056228505333 -5.251052765904848 -4.193854787276127 -4.403483076052754 -5.2860015803683735 -4.973913796687176 -4.545619699786431 -5.367263220608662 -3.649067381804361 -6.354510793104322 -4.034773917282707 -3.5414336730674107 -3.748691376274971 -5.246682623581532 -4.958136474300129 -4.860667834133161 -2.0993999306987545 -4.396154745496494 -6.162205161804699 -5.358176094549921 -6.446214248838176 -5.984364617150924 -3.894557824388567 -5.987647480863318 -4.348648085415322 -3.4680224537978064 -4.422776968836179 -3.497149750351557
SGD:0.005
5
51
 -2.174760730317921 -8.381435952322033 -8.359277354277872 -8.0031373976841 -9.656740747268284 -7.800996205030207 -8.282968712800027 -6.74348862912176 -9.131840630452762 -9.124077746105096 -8.487032262936886 -10.21469494547762 -8.630968723618597 -8.825468169357919 -9.012397047566472 -9.05057148327119 -8.084120633553868 -8.100788705473855 -6.720767281986001 -6.519031330261465 -8.732307480437793 -9.045636695235956 -7.700374223354165 -8.85619268385574 -8.032473348380034 -9.658469464315777 -9.976088181151075 -8.857568624351309 -8.77289978992893 -7.301957857427427 -7.875381164899763 -7.16976553818921 -8.067389575873676 -9.914699026390785 -9.291135334813513 -6.006199112520447 -9.077377378252077 -8.636390656157397 -7.7423589319946755 -8.38741524473803 -9.153107468345317 -8.014570466396743 -9.703858086953959 -8.195983872008034 -7.533142837923812 -9.320168986536052 -7.640388004520582 -9.077757933784033 -6.918581714752 -9.709531041076925 -7.386844924461665
51
 -2.174760730317921 -7.4496120501117264 -8.03955876690622 -10.055448692587357 -8.741241558980596 -8.262207176049193 -7.882268448553204 -7.194791456475537 -10.134032888051207 -8.39460793990403 -7.479474023375053 -8.058918060217 -7.790851090181242 -7.624074739017189 -8.58852206920263 -8.838851563053524 -8.742142750549673 -7.381052478891932 -10.7072572973881 -8.002794858390121 -10.989697725433649 -8.552991811150854 -9.351139070442283 -9.902406109690313 -9.393273716373908 -8.32975625249729 -7.686315869179201 -5.966423649072347 -8.676219879366913 -9.264766313908357 -9.10350742336467 -7.921137989137624 -9.190801076358998 -8.466160543820148 -8.65538107955141 -9.827861061936547 -8.916318937026526 -10.147109499564207 -9.7336061615072 -8.211443401718796 -8.94468910956599 -7.93165851899246 -6.688516606881354 -7.018540916093469 -8.042625109895065 -11.902502053801019 -8.578979519141214 -9.651498183655054 -8.384129474860778 -8.314912213129848 -8.70294731162133
51
 -2.174760730317921 -8.296238786368384 -8.87660638434302 -9.099519433518727 -7.861757924419315 -10.14846591039938 -8.1348208029558 -8.86081862206139 -7.751993107450147 -8.653132318923488 -6.341440396220172 -7.769393891915117 -8.81198420449813 -7.495282048302885 -7.660145398367946 -7.2000558827238255 -9.191326973249208 -7.090860450691717 -7.654165608744287 -9.525610910809295 -8.656025147919326 -8.94130981028018 -8.826102179267163 -6.950630273872685 -10.568983563002005 -7.634453201794786 -6.831991913149672 -7.639955691610869 -9.7872511013142 -6.986815790160293 -10.598231195831469 -9.077913442331287 -9.920796003111814 -8.589836073472366 -7.871537338193432 -8.335698331492628 -8.83131404274136 -6.938065534960954 -7.363546721266731 -10.209152054174155 -8.033863575168928 -8.282440195842502 -9.962431744707775 -8.580326332622803 -7.013552809321662 -7.667467812272702 -9.297841680646755 -7.766399565677112 -9.052322871044431 -8.285946107823058 -9.702769004748086
51
 -2.174760730317921 -7.000109234816023 -6.92578358356211 -7.257718413923599 -8.631291831205083 -10.008335571994655 -8.99043903250552 -8.304743205165828 -8.268072077202918 -9.400599591274714 -10.11038249376237 -8.406070651341992 -8.598169085684415 -8.916215792606264 -9.676907879798756 -9.144962695150372 -9.279486317301245 -9.369041408751979 -8.632010962243312 -6.403307464730173 -8.388647969342573 -7.809387783379081 -7.425211003584064 -8.039875682352044 -7.725696799808814 -8.594527252180566 -8.55462926233862 -7.947903591393544 -9.516222636676659 -6.728397594367484 -8.491221729738923 -7.5308315338830045 -10.275330259991494 -8.955597781904226 -7.255548442606747 -9.118979890064766 -8.278727018202245 -8.250044043871428 -6.951591233032894 -7.038040681155093 -9.292726991694222 -7.504078760476466 -9.235787636108423 -7.029331550409099 -8.143213196173466 -8.618303000811157 -9.377415707477757 -7.764736618204352 -9.989851586884386 -8.913185689959082 -10.473773640345945
51
 -2.174760730317921 -7.875019661849468 -7.318992744202478 -9.875392671525207 -9.464270965623436 -8.231647591057666 -7.362635087079358 -8.310888131394963 -9.753549186477624 -8.815942275129323 -8.492939781180208 -8.174037686871849 -7.606266485788282 -6.834857577527012 -8.900342767807441 -8.593282212868502 -8.313544611349021 -10.943752257180375 -6.861986579758595 -8.626736019552393 -9.219067017044214 -8.66646295026248 -8.976249145857475 -7.282419286080482 -8.937585931244 -8.88574110065277 -5.980739020736837 -7.045125929729155 -8.967182552563562 -8.21997445107424 -9.33318371298717 -8.688957637208986 -7.857284712788871 -8.987233643743322 -7.310315452621033 -9.076923697677083 -8.66563666741451 -8.662392208560519 -9.743782549442852 -8.8260530891198 -9.038294409253904 -7.6519060316472185 -8.649825440187625 -9.005816782420716 -8.350503360996084 -11.040649983850932 -7.955038527807623 -8.874675601834111 -9.390086035410507 -7.308940134677312 -9.256899120501844
steps
5
51
 0 100000 200000 300000 400000 500000 600000 700000 800000 900000 1000000 1100000 1200000 1300000 1400000 1500000 1600000 1700000 1800000 1900000 2000000 2100000 2200000 2300000 2400000 2500000 2600000 2700000 2800000 2900000 3000000 3100000 3200000 3300000 3400000 3500000 3600000 3700000 3800000 3900000 4000000 4100000 4200000 4300000 4400000 4500000 4600000 4700000 4800000 4900000 5000000
51
 0 100000 200000 300000 400000 500000 600000 700000 800000 900000 1000000 1100000 1200000 1300000 1400000 1500000 1600000 1700000 1800000 1900000 2000000 2100000 2200000 2300000 2400000 2500000 2600000 2700000 2800000 2900000 3000000 3100000 3200000 3300000 3400000 3500000 3600000 3700000 3800000 3900000 4000000 4100000 4200000 4300000 4400000 4500000 4600000 4700000 4800000 4900000 5000000
51
 0 100000 200000 300000 400000 500000 600000 700000 800000 900000 1000000 1100000 1200000 1300000 1400000 1500000 1600000 1700000 1800000 1900000 2000000 2100000 2200000 2300000 2400000 2500000 2600000 2700000 2800000 2900000 3000000 3100000 3200000 3300000 3400000 3500000 3600000 3700000 3800000 3900000 4000000 4100000 4200000 4300000 4400000 4500000 4600000 4700000 4800000 4900000 5000000
51
 0 100000 200000 300000 400000 500000 600000 700000 800000 900000 1000000 1100000 1200000 1300000 1400000 1500000 1600000 1700000 1800000 1900000 2000000 2100000 2200000 2300000 2400000 2500000 2600000 2700000 2800000 2900000 3000000 3100000 3200000 3300000 3400000 3500000 3600000 3700000 3800000 3900000 4000000 4100000 4200000 4300000 4400000 4500000 4600000 4700000 4800000 4900000 5000000
51
 0 100000 200000 300000 400000 500000 600000 700000 800000 900000 1000000 1100000 1200000 1300000 1400000 1500000 1600000 1700000 1800000 1900000 2000000 2100000 2200000 2300000 2400000 2500000 2600000 2700000 2800000 2900000 3000000 3100000 3200000 3300000 3400000 3500000 3600000 3700000 3800000 3900000 4000000 4100000 4200000 4300000 4400000 4500000 4600000 4700000 4800000 4900000 5000000
