9
SGD
10
21
 -1.104300041325449 -6.277135826107998 -6.6319321831617914 -6.832086149452891 -6.946911706895224 -7.053118072613323 -7.171065717992023 -7.258533198255182 -7.299655879367105 -7.3637614993673575 -7.401941701123973 -7.447467129800995 -7.485852423055018 -7.517211844873595 -7.555631395914543 -7.586806599238739 -7.613598412647415 -7.642002510351499 -7.6713516962309125 -7.69813861747135 -7.719795965704396
21
 -1.104300041325449 -5.818120946658702 -6.12776789021333 -6.279036578717324 -6.411031387031704 -6.502212864454624 -6.580939938073523 -6.6437853216886005 -6.702859366890577 -6.749357186978744 -6.784100611689954 -6.825686562617569 -6.861518043411858 -6.896778640398487 -6.927054370276304 -6.954876700932209 -6.98407285399161 -7.008298090388393 -7.030392798328624 -7.05211533072953 -7.073792588357363
21
 -1.104300041325449 -5.975568325903022 -6.303393557009189 -6.484846385628667 -6.607318900439668 -6.698555661313527 -6.7946964152027975 -6.858575555581773 -6.919456531095006 -6.980215918449547 -7.02716256629312 -7.069768537977279 -7.10898603641825 -7.146336405203776 -7.178015595014038 -7.210944755045352 -7.241083188239838 -7.2630780045015 -7.290722924900726 -7.3129060068017635 -7.332935828529512
21
 -1.104300041325449 -6.679921197437674 -7.0285669038362775 -7.198463334068337 -7.2990737911398975 -7.399399425370633 -7.476387722583456 -7.546387382194005 -7.603008082574326 -7.651124351719881 -7.693924511218362 -7.740428476024438 -7.774813589529631 -7.814065847735752 -7.846270717629232 -7.875889766407734 -7.894121354006302 -7.920025223915259 -7.94460680125807 -7.959119570990014 -7.975993801449979
21
 -1.104300041325449 -6.862063085885496 -7.179352132306258 -7.380530258310835 -7.502869617159439 -7.617692445179926 -7.690994529357905 -7.744134845612585 -7.809411723028525 -7.863916888825094 -7.91785920302839 -7.9586675418040445 -7.992171054059568 -8.032311121995892 -8.05803211612879 -8.086764922583935 -8.119727899803044 -8.15190998927326 -8.179065153889981 -8.196576198152956 -8.215341647173654
21
 -1.104300041325449 -6.735718395725786 -7.048043363981049 -7.172328722895599 -7.259776975492253 -7.381863764257863 -7.463588069541166 -7.544845669756273 -7.6019053177724665 -7.659524528124524 -7.714073674261007 -7.751153121005117 -7.784574859819076 -7.813889279720616 -7.841340304674694 -7.8770207329113475 -7.907902091710128 -7.932783444451548 -7.960680395973711 -7.981419579415817 -8.000384541329332
21
 -1.104300041325449 -6.0063311288657815 -6.285382734599065 -6.4680313271340015 -6.598147532940681 -6.684496350878044 -6.76068650194486 -6.813948369799435 -6.859003412510982 -6.893842176065521 -6.931718874313628 -6.967800525996965 -7.004047906005357 -7.036626688725937 -7.0683950508296025 -7.093956924526468 -7.117630119414003 -7.145012712657432 -7.172292353042984 -7.193100124166397 -7.215066199578777
21
 -1.104300041325449 -6.549726504675417 -6.839383139256109 -7.028843868212826 -7.153801350748223 -7.2470865294594615 -7.307766676132641 -7.370514017267696 -7.428220671251563 -7.480484004391984 -7.520984952793534 -7.566586008139467 -7.6072679555880125 -7.6424487802937575 -7.667905522483645 -7.69476821074426 -7.727193864784874 -7.752161983827646 -7.768956951946874 -7.790779927153857 -7.8118133206584295
21
 -1.104300041325449 -6.183371708004269 -6.502633839516677 -6.6588836092152635 -6.792020563678679 -6.880848190263731 -6.95381038713591 -7.033700644411378 -7.0965258920667145 -7.149085384501354 -7.190363817458206 -7.2354979550470615 -7.271214416843444 -7.301997832113009 -7.32957055001052 -7.362252749351855 -7.390487220319224 -7.4121732328739425 -7.438159255472332 -7.461955328578049 -7.481315616673188
21
 -1.104300041325449 -6.602500049035038 -6.93975693645326 -7.113232497705479 -7.22270683013825 -7.3277885074426035 -7.396253434915361 -7.461374517640469 -7.505142978076107 -7.54610584069058 -7.59934316459095 -7.639442326235843 -7.6780958619140565 -7.713203692822787 -7.742000904837037 -7.770584105767868 -7.7993876752340165 -7.823695801132905 -7.847046128087472 -7.863483912028949 -7.882925675412673
SAGA
10
21
 -1.104300041325449 -2.7382113681774016 -3.4455887194673744 -3.9432524455549385 -4.335315430342395 -4.638891847350602 -4.928298006151279 -5.167243294999824 -5.3846785462869375 -5.5794427061015295 -5.783974178998241 -5.9444024315688475 -6.091584539967179 -6.2303714070508605 -6.368451964206223 -6.502937475427037 -6.634232123559906 -6.766259228415432 -6.892157776525055 -6.996675861989778 -7.105666033613233
21
 -1.104300041325449 -2.7228265937311305 -3.4418982346324563 -3.935245491104736 -4.335402304799889 -4.667856953152878 -4.9464228476312035 -5.186396656371364 -5.406437250263078 -5.606884461890067 -5.7963073118267125 -5.967861242144294 -6.104862713372961 -6.222379820837217 -6.364956199934458 -6.486242358763501 -6.623147295705286 -6.758646540212974 -6.8601867763129825 -6.959461465061859 -7.082827447799603
21
 -1.104300041325449 -2.716394581997775 -3.4384394486185963 -3.9420265699360963 -4.294603942541821 -4.648297808159282 -4.8950201237473525 -5.141611201867891 -5.372641618484033 -5.57009880596814 -5.760096507641174 -5.939479396293444 -6.101697012556898 -6.244479796359669 -6.382591556541358 -6.491958797228473 -6.61916464139996 -6.74330368645603 -6.858652306325631 -6.962698706665411 -7.080262039113325
21
 -1.104300041325449 -2.6888631416813564 -3.4271389276728974 -3.9246170751882414 -4.300899776154926 -4.626330177443758 -4.9176672568803825 -5.126392786687779 -5.357103578009961 -5.546027010861574 -5.72267522502231 -5.9033632687389055 -6.056939235449293 -6.2077336947000274 -6.36121427926336 -6.512116507391541 -6.648570498325858 -6.7842241114200315 -6.906532320447523 -7.023526651683418 -7.126572773627196
21
 -1.104300041325449 -2.7174762887150936 -3.4183492725335745 -3.8926646850480107 -4.2793487458001715 -4.626531346237555 -4.8994744059138275 -5.137624685621835 -5.367213223676876 -5.586224243785965 -5.7707821400342425 -5.933817492564151 -6.088963838114158 -6.229684712192973 -6.35862686028309 -6.487399430828458 -6.609113227247862 -6.732887562693238 -6.845513664609296 -6.9538288483410415 -7.063185226547714
21
 -1.104300041325449 -2.7292483338390072 -3.4526634682586805 -3.933857135765829 -4.330465580957908 -4.630735673480184 -4.9202697967451625 -5.157550001085849 -5.383047730104268 -5.593446997240166 -5.788586963076002 -5.954353170851013 -6.10237462619996 -6.245632034185994 -6.378563643033761 -6.504036932576348 -6.622489189402121 -6.748168873421424 -6.865949189858805 -6.974075806535667 -7.083272001930017
21
 -1.104300041325449 -2.7394837389553124 -3.444450929867572 -3.9537164090479378 -4.340282177186938 -4.648544444351679 -4.921159219933735 -5.170024987519064 -5.369933962034585 -5.582052644072258 -5.746149387415717 -5.91139082712591 -6.060527899363701 -6.217333058604848 -6.354194858429363 -6.491335925205591 -6.614482033112861 -6.730248365143914 -6.84545768852345 -6.9591736534827655 -7.064868804810482
21
 -1.104300041325449 -2.756397296200986 -3.426320383597726 -3.9420706215788712 -4.339989606309693 -4.65192171014447 -4.934618781896953 -5.16511628950336 -5.372507024681626 -5.5687753611177415 -5.732095541562628 -5.8933189159195 -6.0463956562164745 -6.185590408924631 -6.322784268045102 -6.450342940544611 -6.59245952459389 -6.727688050595157 -6.8497278798694445 -6.982942206455457 -7.106802917518205
21
 -1.104300041325449 -2.725180566220571 -3.4525763105071587 -3.960503888882702 -4.3294458527119 -4.6549317275380755 -4.916770719870435 -5.1743526384113245 -5.38756530461311 -5.573445106495682 -5.748334481410725 -5.926578027590058 -6.075448033787544 -6.210725727681468 -6.335918115419351 -6.483992374259563 -6.620564352023027 -6.738937293693483 -6.868404905837251 -6.986030562267665 -7.101869095622538
21
 -1.104300041325449 -2.7177563925655965 -3.42250365812501 -3.929635619301504 -4.337719514168434 -4.635169814731793 -4.9320627002649 -5.1539406520991555 -5.366334176554708 -5.56497731144789 -5.7528566884123995 -5.9312049532947615 -6.094697721606153 -6.257530453324015 -6.4110599934307615 -6.538916696655055 -6.670042837012638 -6.7843934339911085 -6.915033714373135 -7.045643625911975 -7.152440453316966
ADAPTSAGA
10
21
 -1.104300041325449 -7.112776484738389 -7.873654405911441 -8.431483229035647 -8.667032092179722 -8.86099357559402 -8.917217769226204 -9.124137899400688 -9.29557223114318 -9.512606495382375 -9.668540798628428 -9.898248973600854 -9.99104201838764 -10.056740069653868 -10.269437272248311 -10.341991659173788 -10.409645149538449 -10.490280082586093 -10.50875900156198 -10.632736801136112 -10.828915282427639
21
 -1.104300041325449 -7.251724676531335 -7.948935985896045 -8.475630467342409 -8.669935272660085 -8.88974617522058 -8.935492358409881 -9.129359088490794 -9.293964412397045 -9.514733697669067 -9.670690872335745 -9.888014621146265 -9.971207761318954 -10.033105388584577 -10.238984862308032 -10.317763058620603 -10.383750540908908 -10.464770881759422 -10.486456528769542 -10.60986569176516 -10.798457527861329
21
 -1.104300041325449 -7.013530601185858 -7.719925411034841 -8.27513267163212 -8.513579752885068 -8.744873333212956 -8.828916123639706 -9.025121014098168 -9.222815550930898 -9.44596229757936 -9.605697484548196 -9.831621359075168 -9.919920632542468 -9.988074398491314 -10.195463887238875 -10.274511483894859 -10.341887635563126 -10.421807544193895 -10.442973172700809 -10.568904754943302 -10.75872313039643
21
 -1.104300041325449 -7.221272626849229 -7.945120711549331 -8.500266404480643 -8.683530035429719 -8.900108243277087 -8.951098493195412 -9.151219267420595 -9.313824895259556 -9.526750617652066 -9.691080988995415 -9.9056648757578 -9.99062758674291 -10.058277904854933 -10.264361213042296 -10.339930834530112 -10.400975643465491 -10.476637313350974 -10.49662822691644 -10.617260017189375 -10.810599897246766
21
 -1.104300041325449 -7.154178903768114 -7.853306849189272 -8.379915512910326 -8.599636719355367 -8.8091575818609 -8.879941309968167 -9.084973127925322 -9.256363943172362 -9.465312206183315 -9.62734501814929 -9.847354604588832 -9.93272037348695 -10.004113196706287 -10.207685907326416 -10.287031457245622 -10.354609407830447 -10.439511587790983 -10.462347229641253 -10.583856690089021 -10.77599791752129
21
 -1.104300041325449 -7.0167269597215425 -7.860720648084013 -8.42535186040668 -8.66289932040631 -8.872066428224324 -8.924027552288655 -9.130102842330327 -9.294713126570608 -9.513340572520944 -9.67701924523115 -9.896226284226623 -9.980751275345206 -10.042776241361825 -10.249890994877555 -10.327241795218868 -10.391905668677303 -10.467625132347695 -10.480541973427231 -10.603325677451974 -10.795283420301375
21
 -1.104300041325449 -7.076869996845019 -7.819260011500283 -8.395551167296734 -8.618362765880201 -8.794286347510473 -8.883972747412175 -9.076452934915414 -9.243694832478928 -9.459651024688782 -9.6231149975626 -9.85039524432508 -9.939997909619454 -10.005878550634558 -10.215940632037237 -10.291958448823326 -10.357784724396982 -10.436058751074839 -10.465541730066608 -10.588479561865404 -10.783679309348097
21
 -1.104300041325449 -7.029201541837083 -7.807971340147631 -8.345802840666826 -8.578057941183511 -8.767951733706894 -8.851236849500207 -9.045371112070828 -9.21846796265207 -9.436779079854576 -9.598711677032057 -9.815730360003434 -9.895855830420484 -9.968226572059486 -10.181106836680218 -10.261112712756601 -10.329722746415623 -10.410596839325995 -10.433649654607708 -10.559997898396281 -10.751626446328475
21
 -1.104300041325449 -7.108047133975189 -7.841844730209304 -8.390769826146077 -8.632036642517942 -8.84057794549197 -8.897709618990222 -9.102279972215866 -9.272263149185683 -9.482381796318698 -9.64641720551689 -9.866076593033009 -9.953296528781468 -10.020289417703902 -10.22571114602771 -10.301233138926936 -10.364286055390163 -10.439697135125781 -10.461169370813005 -10.586255924331226 -10.77980756922568
21
 -1.104300041325449 -7.1398266943593445 -7.912579912493826 -8.45103751106563 -8.670134890267557 -8.846015136750053 -8.919021682698888 -9.121769877595211 -9.290801999277278 -9.499352539454772 -9.669969252468919 -9.898682751774276 -9.98111219900839 -10.044781812475906 -10.24476268136907 -10.321336619199405 -10.386218703421802 -10.465559240674011 -10.48644380745393 -10.606865964709533 -10.801969323725809
ADAPTDoubling
10
21
 -1.104300041325449 -6.602080616725056 -7.270243707710441 -7.577720700472727 -7.765611290941126 -7.970811609375956 -8.14432109819162 -8.319818218069758 -8.501133723225495 -8.64445933128049 -8.761785976713941 -8.855438314534583 -8.956910599829868 -9.048142939499813 -9.147582915970254 -9.28521792807173 -9.379257151549412 -9.47637436426483 -9.556971782326121 -9.627745424047957 -9.705868582878498
21
 -1.104300041325449 -6.645933500192722 -7.048109805858645 -7.4615013564331 -7.737785474274837 -7.931686675257178 -8.15982488738507 -8.345106203759606 -8.465817017460093 -8.611186587424132 -8.687824913569658 -8.823104026790464 -8.899001628610925 -9.02196748337347 -9.138461663798958 -9.243141847629095 -9.321194758673787 -9.400406353198393 -9.484793618367998 -9.564617727016133 -9.655261188893585
21
 -1.104300041325449 -6.894917517576209 -7.370325020282502 -7.739950980871095 -7.896425557114927 -8.109693023751248 -8.230250935305968 -8.356985144697287 -8.537616187774319 -8.69244303938485 -8.812328466075057 -8.919547451787151 -9.038520088945598 -9.15154358929202 -9.215825947280061 -9.321233634117672 -9.432701203454984 -9.524626156433623 -9.594617575795173 -9.664275582974533 -9.730482775563626
21
 -1.104300041325449 -6.847188223166304 -7.399325025122989 -7.6657360414705735 -7.830543359342411 -8.028752942724159 -8.186802433804326 -8.371403939631973 -8.499535583704162 -8.635013248892303 -8.710640302041556 -8.83583141377 -8.972725223079518 -9.086045533059174 -9.144722932455753 -9.23144390984463 -9.352089615702115 -9.423218956344037 -9.46633412890946 -9.545540385834228 -9.586635650785194
21
 -1.104300041325449 -6.617623705598628 -7.195214249003072 -7.451694352979624 -7.709151979363984 -7.899860250038113 -8.105144882272757 -8.272617393758594 -8.415445557028777 -8.555335667041927 -8.7009112242207 -8.83354589280523 -8.933867595450517 -8.993334450757645 -9.058217251231943 -9.175011177487683 -9.271945825262598 -9.34991794966784 -9.449515826958798 -9.481889592163602 -9.566948706421266
21
 -1.104300041325449 -6.659316019390634 -7.114434791148887 -7.400706312881385 -7.564446426499568 -7.850139011962159 -8.064452005331965 -8.189998737935055 -8.394723030149821 -8.475653279324955 -8.619406225106378 -8.751318208866667 -8.872941460655579 -8.91613713822038 -9.03375767440834 -9.163275242440761 -9.263689380010298 -9.358867169743997 -9.431805812365802 -9.52218616696161 -9.57747599131649
21
 -1.104300041325449 -6.710055057638215 -7.255733665906635 -7.657659993444545 -7.858424433109461 -8.012885661130353 -8.201887033043354 -8.361580563529946 -8.487180047608884 -8.652796447204022 -8.761718817330111 -8.880292665650995 -9.00157367081349 -9.143866737262652 -9.219819153634266 -9.334592420729216 -9.448021798218088 -9.546444874910296 -9.637235186653978 -9.692979445428538 -9.774078380420953
21
 -1.104300041325449 -6.574683471514449 -7.153302917569394 -7.490594595290591 -7.811641963393564 -8.046148529294125 -8.18316797433769 -8.385398317032399 -8.55562960131315 -8.688330279524633 -8.777096004845506 -8.877987308709626 -8.956782763359135 -9.061135737729828 -9.176224405783918 -9.274776270917668 -9.416599681040866 -9.523467218715902 -9.597183085501937 -9.66031631038558 -9.738669302712857
21
 -1.104300041325449 -6.917414894058137 -7.2607696072732315 -7.6603082926915125 -7.974934048512418 -8.142054907657142 -8.321893114801831 -8.423308695446572 -8.631701424942134 -8.807037172235274 -8.886052307151843 -9.060173328150308 -9.206054719092288 -9.313171230918812 -9.404917579618965 -9.478305771170183 -9.611399127520016 -9.67939844113742 -9.750288280208695 -9.812590241800867 -9.897880137680154
21
 -1.104300041325449 -6.550108804685052 -7.298469530718613 -7.576252366194474 -7.787903491949984 -7.969976217704042 -8.217601718559719 -8.441419897968638 -8.595577219919166 -8.708875419652058 -8.798727585174944 -9.009775281939026 -9.146125503492485 -9.26042457025652 -9.335321315013156 -9.43066571954355 -9.525452474209184 -9.593203352827867 -9.655984335679154 -9.675368212140441 -9.791350355678896
MainSSVRG
10
21
 -1.104300041325449 -4.238652311507254 -4.400917888150063 -4.933949611413966 -5.515183285169961 -5.515183285169961 -5.9101411636791354 -6.26007268346072 -6.26007268346072 -6.26007268346072 -6.26007268346072 -6.503493301926428 -6.904881494862797 -7.252427083291853 -7.252427083291853 -7.252427083291853 -7.252427083291853 -7.252427083291853 -7.252427083291853 -7.252427083291853 -7.252427083291853
21
 -1.104300041325449 -3.5196058666217724 -5.402626455347605 -6.153832806397062 -6.454606483772603 -6.465299515932857 -6.671184977746433 -7.13930797269879 -7.526002337525914 -7.526002337525914 -7.526002337525914 -7.526002337525914 -7.70620198010596 -8.12183875445493 -8.138223145182511 -8.138223145182511 -8.138223145182511 -8.138223145182511 -8.138223145182511 -8.138223145182511 -8.138223145182511
21
 -1.104300041325449 -4.397242439007549 -5.135395002473842 -4.629550186327963 -4.962916876420551 -5.360846238927647 -5.635525814155853 -5.635525814155853 -6.017971088439815 -6.143674698510142 -6.143674698510142 -6.143674698510142 -6.170319405128994 -6.519469640381268 -6.842975043533289 -7.071355854050928 -7.071355854050928 -7.071355854050928 -7.071355854050928 -7.071355854050928 -7.071355854050928
21
 -1.104300041325449 -3.825581880836389 -4.248287648704285 -5.139727573914476 -5.7776869218294635 -6.200909112726848 -6.381252203953332 -6.386796921842099 -6.791164544073605 -7.130942528451512 -7.182230183996974 -7.182230183996974 -7.182230183996974 -7.270986275064638 -7.671250184078536 -8.04005648488292 -8.264085019882438 -8.264085019882438 -8.264085019882438 -8.264085019882438 -8.264085019882438
21
 -1.104300041325449 -4.725631168392396 -4.82014535802272 -5.164550915185981 -5.36143813282699 -5.5137952377494415 -5.913660170502394 -6.258453182575027 -6.463772849583934 -6.463772849583934 -6.463772849583934 -6.463772849583934 -6.728450828656536 -7.0878506838082 -7.1297700464546505 -7.1297700464546505 -7.1297700464546505 -7.1297700464546505 -7.1297700464546505 -7.1297700464546505 -7.1297700464546505
21
 -1.104300041325449 -3.9406318948502443 -3.9590009760669633 -3.973411205960344 -4.822355574920781 -5.283175530775248 -5.603685316338168 -5.747029712172166 -5.79745878931833 -6.141519731733033 -6.45198858936929 -6.722611935283114 -6.725432416930547 -6.725432416930547 -6.725432416930547 -6.8518021466845695 -7.16221761469576 -7.406490451167023 -7.406490451167023 -7.406490451167023 -7.406490451167023
21
 -1.104300041325449 -4.518000872955158 -4.938589120797483 -4.430406027539307 -4.564910081474522 -4.621446032277471 -5.011720575188103 -5.362691183700032 -5.474686586475544 -5.474686586475544 -5.474686586475544 -5.495582718958532 -5.845001621533989 -6.182272225464478 -6.284908912269019 -6.284908912269019 -6.284908912269019 -6.284908912269019 -6.284908912269019 -6.284908912269019 -6.284908912269019
21
 -1.104300041325449 -3.8952364685249954 -5.093485003917827 -5.788970239733955 -5.915899560380376 -6.6847291804929805 -6.6847291804929805 -6.6847291804929805 -6.6847291804929805 -7.070739092034301 -7.330609349101463 -7.330609349101463 -7.330609349101463 -7.330609349101463 -7.330609349101463 -7.330609349101463 -7.330609349101463 -7.330609349101463 -7.330609349101463 -7.330609349101463 -7.330609349101463
21
 -1.104300041325449 -3.879365415454475 -4.96928797409723 -5.0159038888888885 -5.241730954482307 -5.241730954482307 -5.241730954482307 -5.433418099726674 -6.206600996782618 -6.746653925577662 -6.746653925577662 -6.746653925577662 -6.746653925577662 -6.746653925577662 -6.746653925577662 -6.746653925577662 -6.746653925577662 -6.746653925577662 -6.746653925577662 -6.746653925577662 -6.854169782320045
21
 -1.104300041325449 -4.300642234488567 -4.657689584617977 -5.363694486358754 -5.968171502153112 -6.0707257453342915 -6.3669150962414145 -6.709656567448607 -6.709656567448607 -6.709656567448607 -6.709656567448607 -6.925167728895094 -6.979880469598948 -6.979880469598948 -6.979880469598948 -6.979880469598948 -6.979880469598948 -6.979880469598948 -6.979880469598948 -6.979880469598948 -6.979880469598948
SGD:0.05
10
21
 -1.104300041325449 -7.6683380089478845 -8.455024493404489 -8.57057014900773 -8.795323224463353 -9.065816795234603 -8.558649980980928 -8.646669283632571 -8.206145111617158 -8.46388998320575 -8.270102937119937 -8.540702938698798 -8.443504053352216 -8.856433464160414 -8.935778480076985 -8.88190816888334 -8.988114914493261 -8.943510644483945 -8.657748325100874 -8.638960660747077 -8.935027005122649
21
 -1.104300041325449 -8.150483224494321 -8.62669623982845 -8.507072836596823 -8.899987736131012 -8.468824062876369 -7.817600244535031 -8.521796531131516 -8.88032504966864 -8.643998617484765 -8.677328037152355 -8.880060860648987 -8.958963808388898 -8.576661502375659 -8.601155649575865 -8.603871786086668 -8.893491693710489 -8.198543432913784 -8.973921444265667 -8.336892587950155 -8.652165801731302
21
 -1.104300041325449 -8.03728863040837 -7.724652683074111 -8.633975086664108 -8.581943377976621 -8.564570509781449 -8.065309026034154 -8.775384345128439 -8.879598861599968 -8.522491985692065 -8.168745173202465 -8.489941067470687 -8.678712209427081 -8.690278442148777 -8.447188556312666 -8.629617733515996 -8.354488364080416 -8.315489453963465 -8.394400235266005 -8.278935073089592 -8.85800331673115
21
 -1.104300041325449 -7.704539775078248 -8.324115269785691 -8.749692785705378 -8.984198122223773 -8.420072603402794 -8.757389464541635 -8.805830659478312 -8.420501558389255 -8.628482770748338 -8.889591793688954 -8.512807936889413 -8.927293948823234 -8.835687531894685 -8.334351819577217 -9.086987114764671 -8.97910214334629 -8.523386178973961 -8.364543266776582 -8.619780728240851 -8.625036295857258
21
 -1.104300041325449 -7.517820761140558 -8.395879203890651 -8.735281673941556 -8.999294732142733 -8.499668695843805 -8.2813489257103 -9.032503269677079 -8.478750184574551 -8.777577166225463 -8.95652018850519 -8.730529694298454 -8.92522505589096 -8.46195760975821 -8.807055733977304 -8.808887597605906 -8.85818265754507 -8.425973624071812 -8.759029818232534 -8.248619157920231 -9.291156300091721
21
 -1.104300041325449 -7.781788900264075 -7.788844561647747 -8.140706834383924 -8.675975769347788 -8.499411949043989 -8.60451710423389 -9.054950590116857 -8.772881420746993 -8.311023918021277 -8.401515126960108 -9.098601058707999 -8.90533007534994 -8.352209673604237 -8.597177217606385 -8.035101533412456 -7.9039322719938525 -7.482013368830941 -8.63207073822617 -8.300051870957851 -8.248129922782905
21
 -1.104300041325449 -7.615580394668791 -8.396468246123545 -8.565216221224167 -8.508354670171501 -7.716097564616417 -8.338672067683135 -8.47700378071661 -8.402987627900103 -8.808123249402012 -8.577118306869114 -8.219006506925789 -8.270338664710165 -9.055666720934147 -8.457028023623948 -8.381042527442148 -8.156851177350191 -8.598991873375322 -7.953087563207084 -8.646687276923831 -8.34872741156875
21
 -1.104300041325449 -7.745168041080459 -8.695354389856954 -8.384528493075226 -8.144109692501619 -8.786194463788553 -8.93558793063105 -8.393385052013121 -8.90230642652119 -8.772368947708367 -8.994860994777735 -8.750090403382247 -9.105830349625712 -8.581505636007874 -8.470136792524462 -8.913431525126068 -8.66226237364521 -8.3370208131755 -9.024226246916651 -8.465165915660824 -8.5808986004563
21
 -1.104300041325449 -7.575558921355385 -8.045697142770177 -8.479279002557897 -7.298983683217025 -8.599880361884411 -8.700019143788309 -9.293910976992992 -8.853306689128331 -8.702275267323154 -9.050968581291082 -8.018407332900834 -8.543199721393966 -8.877582132138263 -8.953812314748491 -8.2219312010204 -8.532886549048854 -8.628552083318983 -8.455005545357272 -7.926877367540995 -8.63867891224254
21
 -1.104300041325449 -7.548028033289485 -7.89051952783499 -8.731611016576895 -8.746800577121569 -8.41946935234159 -8.419017435142637 -8.753833818053515 -9.089310687419859 -8.369523673382377 -8.909962949436174 -8.592240369779507 -7.225166943220805 -8.62694773421375 -8.79084783453212 -8.738893875122395 -9.011228186057968 -8.625487561163785 -8.647153528452717 -9.01831532570378 -8.808910282023737
SGD:0.005
10
21
 -1.104300041325449 -4.185710714984597 -5.146046293114333 -5.921323467121322 -6.463580121690729 -6.967326587233788 -7.332630030375786 -7.618415118288398 -7.948752918581703 -8.280566645347863 -8.559589075190958 -8.800817956919927 -9.145953845725515 -9.364494839818807 -9.527592137372217 -9.76584088989095 -9.898738841254946 -10.005795604070189 -10.29204086041518 -10.325583593820028 -10.511197556265424
21
 -1.104300041325449 -4.216591056590706 -5.260918461944 -5.9340610368951925 -6.467404881603406 -6.880352794138596 -7.3066216047421095 -7.653061798895648 -7.978992848022635 -8.242970462978153 -8.497143649193305 -8.800460727455386 -9.025077665733626 -9.263340596931751 -9.520501077557434 -9.691801940245366 -9.868598123776362 -10.000008357268506 -9.965296472915375 -10.064104482604906 -10.383675864870906
21
 -1.104300041325449 -4.238438036461395 -5.2616998547180724 -5.8867300928618524 -6.422524050722521 -6.81154310926961 -7.300766039328279 -7.655225007619367 -7.9894718124251325 -8.290886723026203 -8.640489141655598 -8.891792799622527 -9.129066732404901 -9.38371704478327 -9.437981288398177 -9.815659710505312 -10.095004607511157 -10.35763514400046 -10.476164544516836 -10.63394207299386 -10.698851519527997
21
 -1.104300041325449 -4.1869692345495 -5.21641526232371 -6.01569320769679 -6.549305761385582 -7.002510258318083 -7.392870070173393 -7.668178857878261 -7.972143775109488 -8.312411330119751 -8.599057805599692 -8.952680663275533 -9.21633263330474 -9.462105044284876 -9.740189380079043 -9.998881714644815 -10.2202644785746 -10.421612885842077 -10.586201135289272 -10.812561336595133 -10.974773840160465
21
 -1.104300041325449 -4.169139356228268 -5.232824320678474 -5.945304684772529 -6.501082003403806 -6.914661132004735 -7.293829993671092 -7.548584754058784 -7.886895459618502 -8.15577737474495 -8.458449364990717 -8.797948729676413 -9.03674676816966 -9.288316742429314 -9.503307016136306 -9.633238797397272 -9.825713833259252 -9.986422021021506 -10.213832243725665 -10.311811493245942 -10.680417536478064
21
 -1.104300041325449 -4.213688467344514 -5.207590988873257 -5.965766254718173 -6.488680050599069 -6.9382774209015405 -7.347520744356178 -7.7187755339824955 -8.108288340908588 -8.405964810847435 -8.653530053373736 -8.919631275331335 -9.176717888687145 -9.324640123726475 -9.335220390353646 -9.656732005285988 -9.791249057872497 -10.075874450627078 -10.221081526398907 -10.4259743210756 -10.679484604693764
21
 -1.104300041325449 -4.209975808141707 -5.250250879593889 -5.940679285987473 -6.458662485012678 -6.918313004313269 -7.280417974880273 -7.606977755020249 -7.8455465698331315 -8.136566401648956 -8.481559007035628 -8.63509357938668 -8.909850716195976 -9.247135899029939 -9.477234338945859 -9.578931112713658 -9.846504497931862 -10.009049448855217 -10.034014611672722 -10.30822456362811 -10.41606031629047
21
 -1.104300041325449 -4.23942404017138 -5.264830264111403 -6.017731562383325 -6.503494996161022 -6.929274056136116 -7.253775494178065 -7.650516343102926 -7.980790371362729 -8.230038239292085 -8.484926942151747 -8.744034312834513 -8.970243837882048 -9.195149627915407 -9.499571637232993 -9.711749782003963 -9.859143783393792 -10.145023771849933 -10.198018432392935 -10.339448316960176 -10.517473623397962
21
 -1.104300041325449 -4.205164205077094 -5.250559136518914 -5.889222809241414 -6.41865418220171 -6.906934897203143 -7.378297116152299 -7.7427508534638125 -8.052301645049257 -8.37461057311303 -8.717801625075719 -9.064672311708316 -9.170788021899437 -9.399552183692041 -9.712094994481028 -9.96108032883769 -10.194866406424307 -10.495078752193507 -10.685965863348994 -10.797733301817802 -10.866729321475201
21
 -1.104300041325449 -4.281912128183062 -5.366976151673129 -5.99507211381851 -6.535316869399397 -6.932094457765873 -7.34038428221028 -7.68816159305726 -8.002297413224838 -8.229287412147578 -8.548109133500509 -8.85804077429411 -9.0985392245263 -9.288433836060973 -9.467428781440432 -9.766966482241699 -9.954099792820152 -10.106727943441626 -10.144764611112766 -10.02959116612039 -10.170128589806376
StreamingSVRG
10
21
 -1.104300041325449 -4.563012526368653 -5.789935686456758 -6.646639017276412 -7.19954301494377 -7.685819053679972 -8.166526377162642 -8.636861213129167 -8.93893448389337 -9.358579968775116 -9.64982779816487 -9.800956008391324 -10.182502424116125 -10.024695915243163 -10.462611036378739 -10.760334866380626 -10.86022220090554 -10.572531472233273 -11.208466964765519 -11.230973425200753 -11.224707294672362
21
 -1.104300041325449 -3.648889387650003 -5.425286915120669 -6.3704298145157505 -7.013426543854307 -7.60974879322389 -7.929909469778103 -7.97563738274615 -8.330663477718776 -8.654472223836418 -9.032036223502857 -9.414947946310223 -9.661067139806065 -9.661067139806065 -9.661067139806065 -9.661067139806065 -9.871009232992776 -10.104381096753215 -10.289446908465951 -10.392328817968991 -10.597808945210607
21
 -1.104300041325449 -4.618027909118978 -5.435718581023753 -6.029749302757999 -6.178027852147399 -6.781214099267292 -7.285088413455534 -7.773559455393289 -8.376457342940922 -8.804630782658421 -9.19093468402159 -9.65479326865542 -9.866086275720855 -10.137500918299752 -10.07294645126806 -9.959356245016972 -10.239167840658487 -10.578089353174619 -10.841938152349616 -11.04971046079737 -11.268367613978976
21
 -1.104300041325449 -4.586729070748448 -5.768636161298695 -6.610900648024264 -7.2400941988011684 -7.733176909280552 -8.150738867033615 -8.40777583601515 -8.789702182334308 -9.231179744008447 -9.457664630068267 -9.86841356193205 -9.789820556661343 -9.99644214106102 -10.35113967444491 -10.634626770475467 -10.5311429833014 -10.74559523686825 -10.781436776430782 -10.781436776430782 -10.782843385121389
21
 -1.104300041325449 -4.5713918318902635 -5.788858897480782 -6.523474817537129 -7.164374238020868 -7.732338528528853 -8.15084232593656 -8.51901480340734 -8.8879807597699 -9.242570325926417 -9.646680268353036 -9.892016481470538 -10.11573233699793 -10.188545616711535 -10.22826321570601 -10.302522534697754 -10.580570995743356 -10.610970794129411 -10.794340435832773 -11.121836009504877 -11.352931450480439
21
 -1.104300041325449 -4.579145271785044 -5.810958114508428 -6.619551046554335 -7.270504164848966 -7.7615866549799595 -8.165305271474585 -8.474236608080085 -8.898460775719846 -9.260628349103623 -9.587749673357761 -9.698521850020022 -9.840953628579612 -9.901672262192507 -10.173439633025433 -10.638478129566842 -10.554673429410583 -10.863376195969833 -10.863985369802949 -10.6607447695449 -11.190459239123868
21
 -1.104300041325449 -4.566828033058374 -5.841728663492714 -6.665883297342757 -7.221827619923969 -7.704152576328342 -8.198720939337436 -8.628771035957172 -8.937711360273005 -9.310147726409742 -9.56433188056421 -9.593788056428524 -9.989194077469424 -10.376563340361512 -10.628870873182283 -10.478603433595415 -10.403978561487378 -10.65419382241231 -10.472443133103436 -10.899338761125525 -10.963999367049706
21
 -1.104300041325449 -4.569781424785564 -5.784451912993259 -6.689279971281888 -7.1801442602506675 -7.590126207375788 -8.005587441526204 -8.39112092828478 -8.762867911151737 -8.831246488565164 -8.99084421978339 -9.272598001510973 -9.47278872515368 -9.826547995433694 -9.968969206721388 -9.912024480774036 -10.019464412677632 -10.333488249726612 -10.571845063316434 -10.428493404258449 -10.506942213036304
21
 -1.104300041325449 -4.597546156932459 -5.752273320996946 -6.581860675017554 -7.0614492659351376 -7.601141919066924 -7.952267407780062 -8.351904890515886 -8.732492524280904 -9.205332071719242 -9.409028356358085 -9.684383300590023 -10.075425139154092 -10.142501324433823 -10.32243732243758 -10.457144728423307 -10.635181646740417 -10.954079297664748 -11.055105984101074 -10.847675587004849 -11.221161496933014
21
 -1.104300041325449 -4.572938390906164 -5.874302293689999 -6.631761710378222 -7.254118381214596 -7.784076100981343 -7.979408269036145 -8.19663464621275 -8.636982056812416 -9.001599187881178 -9.089640023348437 -9.563242527464762 -9.791759261637225 -9.948983197956933 -10.294259173148475 -10.41565591535411 -10.523403064427413 -10.576208268593433 -10.353928138762331 -10.468391323729778 -10.503934783743697
steps
10
21
 0 2500 5000 7500 10000 12500 15000 17500 20000 22500 25000 27500 30000 32500 35000 37500 40000 42500 45000 47500 50000
21
 0 2500 5000 7500 10000 12500 15000 17500 20000 22500 25000 27500 30000 32500 35000 37500 40000 42500 45000 47500 50000
21
 0 2500 5000 7500 10000 12500 15000 17500 20000 22500 25000 27500 30000 32500 35000 37500 40000 42500 45000 47500 50000
21
 0 2500 5000 7500 10000 12500 15000 17500 20000 22500 25000 27500 30000 32500 35000 37500 40000 42500 45000 47500 50000
21
 0 2500 5000 7500 10000 12500 15000 17500 20000 22500 25000 27500 30000 32500 35000 37500 40000 42500 45000 47500 50000
21
 0 2500 5000 7500 10000 12500 15000 17500 20000 22500 25000 27500 30000 32500 35000 37500 40000 42500 45000 47500 50000
21
 0 2500 5000 7500 10000 12500 15000 17500 20000 22500 25000 27500 30000 32500 35000 37500 40000 42500 45000 47500 50000
21
 0 2500 5000 7500 10000 12500 15000 17500 20000 22500 25000 27500 30000 32500 35000 37500 40000 42500 45000 47500 50000
21
 0 2500 5000 7500 10000 12500 15000 17500 20000 22500 25000 27500 30000 32500 35000 37500 40000 42500 45000 47500 50000
21
 0 2500 5000 7500 10000 12500 15000 17500 20000 22500 25000 27500 30000 32500 35000 37500 40000 42500 45000 47500 50000
