6
saga
1
40
 -7.790170297811461 -8.946114571056867 -9.313324746271158 -9.916878194333348 -9.931382714565304 -10.405349640270565 -11.356938073981063 -11.634785877067548 -11.169115206454835 -12.225898873990188 -12.550766288839192 -12.536936607777175 -12.957418286509858 -12.499033102189586 -12.345724049945858 -12.463100815938262 -13.006650953377864 -14.142696189402518 -12.737118809803144 -14.092362817969946 -12.754193942705339 -14.079725766232839 -13.40448130233038 -14.56170900450496 -14.194155140795399 -14.506080080117755 -13.975832230979053 -15.890379766240873 -15.713803625650707 -14.456024085860449 -14.728342176394333 -15.412195787715545 -14.668673537115417 -16.11835647868395 -16.066580874362902 -15.904279736626275 -16.081909775837516 -16.521719680911506 -17.374066571259174 -15.50143466424995
sagaAdapt
1
40
 -7.483590239578004 -10.262030021426709 -10.541955811337155 -10.095675961911537 -10.35513296343525 -9.435123648161937 -11.109727323010675 -11.309852930389322 -11.431466674795882 -11.567424340758988 -11.95202496322616 -12.303411069296265 -11.799455119394985 -12.099726654284293 -11.979735974745159 -11.937918593426494 -12.25707920737172 -10.601516446123199 -12.741178922451033 -11.620067613232736 -17.47457480739937 -17.55850849110172 -18.765531670691047 -19.000912160239203 -18.901247688826405 -19.78378969494357 -19.667260412123525 -20.0923865895529 -19.672031531753905 -20.342713566808673 -19.843679692999405 -20.858449820935046 -21.180022041185197 -21.295771278752543 -21.486656105072175 -21.191057220207096 -21.860148837523944 -21.99029686269394 -22.098489232487623 -21.717422317259274
SGD
1
40
 44.745011298214976 43.937526436776864 43.522875233649614 43.26365525043087 43.07178139613248 42.92489845626456 42.805428564001325 42.70256513719037 42.61444418683126 42.53604904403543 42.470689850313235 42.40884593128215 42.35195897183159 42.30224812488506 42.25358196615683 42.21038602333452 42.167782819564394 42.129886805492596 42.09399395135368 42.05993649683865 42.0274153658403 41.99694668255715 41.96812292782523 41.940026614872714 41.91381214924978 41.88947335965383 41.86439162317351 41.841642228406826 41.819155207376404 41.797660243265675 41.77783242928399 41.75738418406583 41.73833968187288 41.719156928963784 41.701866762916154 41.6837480346726 41.667159872567176 41.65039585051548 41.634543478074136 41.61902298076053
sagaMemoryFree
1
40
 -7.383081230243571 -8.296581950798707 -7.438801749533011 -7.686181883103214 -9.120523567292704 -10.86043693497617 -8.894211345427768 -10.140082124657436 -10.544531421241174 -10.034814058563972 -9.839437008852109 -10.763416063294732 -10.107197858239326 -9.954665386160976 -13.266630952848004 -11.334260197487966 -12.398107921412299 -10.448496063181263 -10.251735473354994 -10.052542086199363 -10.717367937432625 -12.896197789318233 -10.478226540344062 -11.549278468218198 -11.571077113831608 -10.975284935293844 -11.266977622437649 -10.335760228001416 -13.228217586867528 -14.01777160776266 -12.667362206731962 -13.590643194157375 -13.1213520756072 -13.182014006274148 -12.547133127470422 -12.675991993786486 -14.296852615944148 -13.835232417492486 -12.591991402451068 -13.744501143653391
new_adapt
1
40
 -8.546637538820798 -8.959078867626848 -9.075699793997448 -10.750531832353785 -10.772099675453358 -10.37060354453552 -11.807046519618206 -11.768719484796183 -10.923223442446108 -11.826808587779286 -11.823428885903386 -12.19491166076106 -13.127016877895258 -12.43257589468158 -13.817767706553624 -13.57669414180943 -12.312208609996457 -13.55287179983613 -11.28269442541235 -12.958430618607865 -12.299435240953834 -13.28858811471268 -13.146305122338179 -13.534893790009237 -13.940301673214705 -14.136988519765938 -15.003258433342452 -14.411659570454738 -13.979662634930861 -14.996106403438096 -13.55687902304202 -14.376650892492354 -16.214640060463818 -15.249155346673527 -14.076897312543151 -14.62800506936756 -15.895220108867438 -13.551772034364326 -15.87573741270341 -16.31055956074892
steps
1
40
 10000.0 20000.0 30000.0 40000.0 50000.0 60000.0 70000.0 80000.0 90000.0 100000.0 110000.0 120000.0 130000.0 140000.0 150000.0 160000.0 170000.0 180000.0 190000.0 200000.0 210000.0 220000.0 230000.0 240000.0 250000.0 260000.0 270000.0 280000.0 290000.0 300000.0 310000.0 320000.0 330000.0 340000.0 350000.0 360000.0 370000.0 380000.0 390000.0 400000.0
