6
saga
10
40
 -1.2303440632750684 -2.0901858726956792 -2.0189024242514404 -2.2258717468237896 -2.5506669638195327 -3.1048889549716776 -2.5776219531569615 -3.265049491319866 -3.1495796176328614 -2.7243929924248076 -3.2620578288133637 -3.539279279180265 -4.304772219901266 -3.5554257284208313 -4.399500673307896 -3.8785859733591503 -4.013928366298091 -4.152508007220534 -4.182656788117432 -4.619087826097423 -4.58334147045372 -4.785318281640134 -4.133281388062697 -4.882970505891628 -6.5157526334883205 -4.918814662893265 -6.049886440558258 -5.822358279531882 -5.139196826043963 -4.313154662984258 -7.518603388894969 -5.870012273621555 -6.314960396647861 -8.02085468709963 -6.42295285619699 -6.896850495132623 -6.254161935626811 -6.142061442532044 -8.474325411406465 -9.23243311194968
40
 -2.2152395647771583 -2.04678046224133 -2.5966496092966027 -3.2027779601397324 -2.424238373315045 -2.6412380854559925 -2.2685429444375753 -3.4152484525390596 -3.1602269089280446 -3.2932393405992264 -3.535216923497106 -3.8142657175694987 -4.212322786364624 -2.9718063952594584 -4.194768014967338 -3.9496185789796474 -3.7667851202497893 -4.8521993395513014 -4.517522506350893 -3.562505164072457 -4.971164758723892 -5.975293212730709 -5.588601955527344 -5.496253290976604 -4.2418258664434 -4.206129547993085 -5.075198043996431 -6.385116647262729 -5.90994850796077 -6.497860749025297 -5.843737669988565 -5.948824818887755 -7.421887991089931 -6.913327313422515 -6.3720834061102485 -6.757666251358497 -8.10474554833272 -6.6657963673635505 -8.035517514148792 -6.957146804570537
40
 -1.2354542716959713 -2.221242303915849 -2.158333693535862 -2.626969916815266 -3.117292268596998 -3.118297757240211 -2.584204320063746 -2.3903086454451574 -3.6233629320821708 -3.0581618648692808 -3.703247154906219 -4.6977444222175855 -3.510006179148882 -3.539907552722103 -3.927663971270193 -3.4971624163532247 -4.42151476799287 -4.547639168598548 -4.756518678559757 -4.778902745970396 -5.018314717198583 -5.688040616773492 -5.701641427203071 -5.586151740497438 -6.0461669235976645 -6.154107267577172 -5.102508415742195 -6.453978737237329 -5.379130573712943 -6.50609205295448 -5.685868404335385 -5.769396127517919 -5.691093922487965 -6.876060288325112 -7.540557815399727 -7.307537997013334 -8.012887436725052 -7.047907137155717 -8.368003188013 -7.933102343947776
40
 -1.7371636354479663 -1.5037469118058624 -2.476784540938375 -1.5832497568824448 -2.4057360254613136 -2.3078628266659074 -2.8107107322189093 -3.4870586677387028 -3.7113708485049934 -3.6653140400064594 -3.4136160348164517 -3.5728243231024495 -3.562672275488537 -4.171139499147472 -3.8764634272493135 -3.886162249969191 -4.55597134540354 -4.274716476098988 -4.605970394280012 -4.291349062983911 -4.582967405872946 -3.9847152323666637 -5.424822647510022 -5.037293152061067 -4.855435831119936 -5.5909017048271785 -5.471825068518784 -5.592137069389748 -6.2624083272504665 -5.96523024901457 -6.46594815079272 -7.609598576781068 -5.987474361948628 -7.5040912902902495 -5.8555053737328855 -7.26753053479701 -7.060627215221544 -5.858506383446386 -7.881182540825294 -8.33285784223107
40
 -1.777373694324735 -2.237807208622429 -2.0339041385791976 -2.3438952719855863 -2.595737333571039 -2.4898020433775403 -3.0412233643584883 -2.83965327522026 -3.5936318273651455 -2.4601288928222105 -4.054795416486324 -4.037892411302689 -3.1389725043033057 -4.8081615826163855 -3.888799141557423 -4.647385071848328 -4.467269591815472 -5.24945998641053 -4.21673433125622 -4.863982236972247 -5.602591440086419 -4.733038026319549 -5.255639036353912 -4.971784336349968 -5.004835585779925 -5.815522881469854 -4.715292248449639 -6.619523513140209 -6.3787586568645045 -5.814865310181177 -7.003899004248344 -5.673981959150171 -6.317544326038202 -5.948717275690453 -6.2982138170586035 -6.776875420452737 -7.27906616261991 -7.164716027869672 -7.13132248022047 -7.430478415855601
40
 -1.7034411628327375 -1.290625669468629 -2.6075388008716844 -3.284802746388927 -2.3576173984613504 -3.3340730461959973 -2.3157679607292296 -3.869684332560359 -3.0476268126177044 -3.4308035614735344 -3.2559837954254984 -3.5528520461411888 -3.7733105953118247 -3.178804347934733 -4.081154405825216 -5.194965292974289 -4.402145704141355 -4.47429140076457 -4.26263405491158 -4.26474276998366 -4.549573907615905 -4.841939292160598 -5.308755451450289 -5.5041695199623 -5.861157266007444 -5.623903863218387 -5.892481713924076 -6.911762436087206 -5.566216002769097 -6.200006925131632 -4.82448816260433 -8.0721078738781 -7.853207064623751 -6.312662410701994 -7.920976679055572 -7.052753254267839 -7.93585895262053 -7.490414206241958 -6.747670865633447 -8.28561449635426
40
 -2.0593940955505214 -2.675084698495913 -2.4879476656981314 -2.5711337183129555 -2.964912951742121 -2.7753629413334036 -2.5447857749146356 -3.087952106992356 -2.7245389871890375 -3.0753139708475588 -3.7130249889244933 -2.6666809225767483 -4.153482929916463 -3.8258156968283874 -3.69977006808437 -3.694198639984414 -3.5618503672567083 -4.092307508556523 -3.8039235046838438 -4.806156162047395 -5.114184677638983 -4.587717312160865 -5.148147329195764 -5.271844455311228 -4.71948914956483 -5.71193211648587 -5.623785238863327 -6.744000723518236 -6.76985184942061 -6.69528924667451 -5.29814637229791 -5.918339529429796 -6.715495687234488 -6.6381129000263295 -7.064853187300397 -7.943868606934179 -7.588855417256276 -7.616631995886512 -8.415693058510168 -7.157671583499294
40
 -1.652096094068452 -2.548022258014766 -1.906022188353539 -2.2779109303573457 -3.3604589471782726 -3.15543588595943 -3.290119165408087 -3.2940438113254493 -3.131584589860976 -3.9411692025993723 -3.5081637853376453 -3.6159655576281273 -4.301810431130992 -3.5923599468678997 -3.1583838634244996 -3.7498370166593333 -3.7996270055918093 -4.601277094177397 -4.801884357885902 -5.29267987620187 -5.682633926533959 -4.645023538491991 -5.726171905820228 -5.380875063880915 -5.061961520504446 -5.687325974133586 -6.791242541899561 -5.208224205760264 -6.101784830324722 -5.815335356876125 -6.303070047856294 -6.633145380169503 -6.447222668965753 -5.567366180737627 -6.948755124531587 -7.6851572755563 -6.662742353510995 -7.04366981723837 -8.3238587290591 -8.412379509228451
40
 -2.415599538748337 -3.2873858530304427 -1.6022493781981904 -2.8403082331145186 -2.878049032162508 -3.1082346442693485 -3.193150371954622 -3.4796866343849864 -2.8562882357909563 -3.4651203321176656 -3.8241799939093997 -3.3330288575866356 -3.6755721747377756 -4.9296549982516655 -3.8458909669388803 -4.613538893434279 -4.77464391281228 -4.178862302101378 -3.3814819895252293 -5.409109047878905 -5.332574258688725 -4.512733837671773 -6.6341740642869595 -4.450086483527723 -5.009821085796122 -4.8644276215132995 -5.588713825473211 -6.447403139194314 -6.387213538493302 -6.121634012447523 -6.543368328355407 -5.827407331090399 -6.317904432059518 -4.656496550758417 -7.8238738058561195 -6.109426106136164 -8.153016533678944 -6.674287123384485 -8.487966537350504 -7.185165359947069
40
 -1.7708074996922256 -1.108150252446519 -3.043169438240301 -2.4661473003062144 -2.5048023752415958 -2.296533221137748 -2.8074858477627034 -3.0911448743698546 -3.4253147082255313 -3.6736504652961415 -3.730772433688316 -3.871450174925862 -3.9196069804587816 -4.339844332686023 -3.2903239044851493 -4.450862660093425 -4.460399599645905 -6.0515647083505435 -4.1310092013828354 -4.583004894405715 -4.249225956171711 -5.391666092671462 -4.756672720007901 -4.625423638575986 -5.033213201775455 -4.831516361820147 -5.848827169808331 -6.980581599447459 -5.171059468634981 -6.918768938437214 -5.238925872117752 -6.548365205815555 -5.541000580144825 -6.484758293030609 -6.300962598210834 -7.069927599489147 -6.735485949208994 -5.7475959932591785 -7.587078073944905 -7.156839367940427
sagaAdapt
10
40
 -1.9966200382927313 -2.2811291775484124 -2.9697398520235128 -3.4003099321836263 -3.614652853426508 -3.849314180434405 -3.9590600556505797 -4.027361483558168 -4.220112054953084 -4.299570640526306 -4.371297348722625 -4.473569112929728 -4.646982623934881 -4.747138150074097 -4.874160022405298 -4.986042276022727 -5.081297390063255 -5.184284602022762 -5.247293615863323 -5.358127561747289 -5.428170146635807 -5.497712128610682 -5.577306894551456 -5.72511983266858 -5.902216083155349 -5.988952573125198 -6.06123135918897 -6.192161418102104 -6.282498673606252 -6.34291927349878 -6.423695060378183 -6.446663367572374 -6.4689979599563125 -6.581607438367176 -6.735740789317256 -6.885393628180334 -6.958172263937385 -6.986142236065567 -7.079355035100073 -7.187069194448514
40
 -2.6681540208418277 -3.883005997150038 -4.428569996482184 -4.774412883352775 -5.212030126856802 -5.885048798218289 -6.105198728571124 -5.642272618493802 -6.024376674431287 -6.306245231541723 -6.763542764730207 -6.844115668611651 -6.506489811852075 -6.731098348190077 -7.0938118425628325 -7.1314233546163575 -7.2238501170214535 -7.3895789792293956 -7.434728187785196 -7.996283994026794 -8.028109110319647 -7.978459556935851 -8.136158314666872 -7.9091672131534345 -8.077822545710772 -8.179997423263744 -8.490703672345427 -8.552236315899908 -8.601220779830102 -8.623463465433074 -8.784606134235942 -9.084201629131393 -9.210049041470997 -9.413632898536385 -9.537093571746624 -9.749706155384233 -9.851051648312582 -9.84593873699559 -9.899527800650104 -9.897046516932178
40
 -2.304801543311321 -3.6877361120936145 -4.19911398969939 -4.51472049651753 -4.657433188059441 -4.690367940443243 -4.952383822832591 -5.03973440415007 -5.190674002928376 -5.189405308432446 -5.272326130420751 -5.38439577618891 -5.534870263779073 -5.646886432533887 -5.838088928144935 -5.918928910313745 -5.952014693146307 -6.0759226253758145 -6.089071171387915 -6.165309354625612 -6.311442500819828 -6.24781241062732 -6.341050977123613 -6.347133053639766 -6.590711288309664 -6.564239249779262 -6.781868444949324 -6.8481847090258245 -7.059214325707657 -7.216188088511238 -7.385307378514912 -7.530170820443422 -7.545034112646398 -7.669434036174621 -7.755684128620055 -7.788266392314728 -7.923498530341948 -8.042226756773196 -8.074799697336461 -8.2578194201407
40
 -1.3452495611577708 -1.7832392008445996 -2.2304083961176224 -2.5425847435197433 -2.868434320648278 -3.158800893351033 -3.3508012433412078 -3.593114756920119 -3.6868787444397957 -3.735654784043548 -3.798696737174916 -3.9074695959651677 -4.002232869784803 -4.113685333259564 -4.2107953641070885 -4.313352669208478 -4.395049111435126 -4.489553724465083 -4.512788752812883 -4.567612836283396 -4.65456494943235 -4.722115976329178 -4.802766588912333 -4.871332134978879 -4.940000571330983 -5.001331458141894 -5.060117619249664 -5.125249375696444 -5.215713070666425 -5.271802181089317 -5.346702680694483 -5.4015986108373655 -5.4620967287575395 -5.549314308687834 -5.666514516821559 -5.725555701643963 -5.814141689298445 -5.868568430568432 -5.9153902021679166 -5.9844094667423775
40
 -2.8066676462834 -3.001362324126153 -3.180371746405512 -3.2890008651414817 -3.6842196763287793 -3.8714613432076477 -4.220220638853786 -4.637132997472783 -4.866808935718821 -4.981727697785543 -5.136761749329732 -5.188050455412507 -5.282320033086788 -5.402398515330278 -5.648745212028282 -5.805762440663339 -5.801074610719257 -5.810637242373982 -5.974876498764103 -5.988376360879194 -6.132916469358057 -6.322249521354844 -6.381868583499556 -6.438221809957114 -6.628956564166508 -6.658387215246389 -6.756420577067826 -6.79235611846795 -6.912309354574993 -7.030317254751046 -7.122603202573506 -7.206387430955583 -7.397611588287654 -7.495210365521902 -7.619963182678633 -7.7389442541364755 -7.802356286656201 -7.847915247597583 -7.9313170574247644 -8.067796927938376
40
 -2.357772213921569 -3.333627932722858 -3.8792222934693554 -4.205135204315149 -4.261229439026358 -4.483748177334655 -4.559102218253824 -4.7298329956041805 -4.830675976403453 -5.018637689004365 -5.090660031910854 -5.093327402892704 -5.253756461779345 -5.326086727221688 -5.49378060848674 -5.54629545279287 -5.612434867150592 -5.646172367666216 -5.77606044275393 -5.7708843435164106 -5.777082015867829 -5.874358918591737 -5.968764639063485 -6.085535182519192 -6.19287918557275 -6.223282255317544 -6.3495673487635 -6.470449811703468 -6.535646937762424 -6.5933380993458215 -6.681294465641402 -6.740213826508262 -6.805782155742516 -6.885667911031829 -6.9597686536398555 -7.004720832544838 -7.09113135552189 -7.15289465634764 -7.234251991257733 -7.260247836334651
40
 -3.514212678174663 -4.667765745087116 -5.196472448095707 -5.394403598074367 -5.587999418081818 -5.663387355180646 -6.1111730715493024 -6.267263642599274 -6.234307475957624 -6.409742548223254 -6.578259909796002 -6.7847597345674036 -6.748249442279177 -6.608468773073005 -6.7112978595362245 -6.85848806671833 -6.858375732561022 -6.829583478110381 -6.869743603649816 -7.268576623214368 -7.246967255872175 -7.4410679384634015 -7.321874512743308 -7.370955301959324 -7.428962600026509 -7.595004807143274 -7.7604830150496475 -7.809983347455867 -7.861771472221669 -7.89318691290985 -8.004177270027393 -8.126144447081161 -8.202543662441368 -8.305795115855501 -8.449902635015519 -8.477404574870466 -8.534346110513868 -8.663307357598743 -8.767121629398545 -8.884010042812012
40
 -4.17013573126486 -4.266319570685987 -4.050718347638796 -4.310075458549458 -4.352778683539155 -4.794532111025706 -5.0922650351353695 -5.367064946969548 -5.554435634396295 -5.699918874910404 -5.634644777158954 -5.761895110356039 -6.059375143696167 -6.169690113259597 -6.246367418500245 -6.404335936696814 -6.5137922416235305 -6.646950049030845 -6.877340330977934 -7.136950039439703 -6.881731330555617 -7.244321003041684 -7.6037310780495915 -7.5471391004451815 -7.668832518674504 -7.74642440957895 -7.820079466577002 -7.904238699730126 -7.931619778434587 -8.130998782799702 -8.23706800602126 -8.253191566334147 -8.296180834761158 -8.440268020456022 -8.470911754984176 -8.541606433238886 -8.64757985597119 -8.606521443378206 -8.852116699861948 -8.851426311211256
40
 -1.898833959456426 -2.8442599145129495 -3.6144677684847113 -3.866183767089579 -4.3727905362685355 -4.695922973185587 -4.822414381635173 -5.14508741482412 -5.30674739623332 -5.409226692387796 -5.68621413154271 -5.801779042319516 -5.7348726897705005 -5.775310741595653 -5.870394519307091 -6.09264256136366 -6.2574768805480145 -6.371723102759149 -6.412986456433602 -6.767931941794454 -6.801996895058435 -6.925976878514282 -6.998266570637114 -7.0924985591020135 -7.341921304299849 -7.391971048797943 -7.692656255695408 -7.708950421529236 -7.725947021544224 -7.815225622833736 -7.788927801032572 -7.855350627014313 -8.090863748217247 -8.12410544790591 -8.188456596804803 -8.275284213843348 -8.33920797500889 -8.416651826805028 -8.489608988215954 -8.559545222200184
40
 -2.520568112539803 -3.5336621712772125 -3.777669437680144 -3.9802102974459257 -4.261658304329495 -4.4543601810043985 -4.648718477459136 -4.7335817928646735 -4.840800837253937 -5.0301710203763275 -5.247639944540524 -5.435830904559987 -5.557772249828273 -5.800015719861225 -5.96904055558606 -5.946101243314028 -6.111937426718965 -6.196156534850257 -6.45310578328513 -6.488642900740839 -6.514307242619675 -6.521785017189838 -6.630609439620954 -6.818854236095906 -6.875785275124579 -6.963295865526762 -7.082399165436196 -7.222301422360849 -7.22238886622259 -7.315310405566676 -7.344765324519358 -7.488337902628057 -7.615203818276016 -7.78891834445263 -7.923292174050673 -7.8769338815645344 -8.012753557871564 -8.110506021971498 -8.24125714629707 -8.246162653386223
SGD
10
40
 -1.6308488479248404 -1.8838147340933775 -2.0509382363859148 -2.2485928833231155 -2.4095455627082822 -2.512166210157806 -2.636116106612039 -2.8055526257169965 -2.9774417616034516 -3.1250501319761868 -3.1947625402103963 -3.2727115849384782 -3.385860678192207 -3.435539196958278 -3.652490147801761 -3.7897398104164273 -3.8839398056939087 -3.880782281495354 -3.925068460578482 -4.075813299117376 -4.112723076068975 -4.2466756034445545 -4.290771851567253 -4.405767953282499 -4.386387744618022 -4.410924039819061 -4.419391729997061 -4.458177588185729 -4.432551292615187 -4.609482198877278 -4.741293549538072 -4.9383551900514675 -4.9864887435002085 -5.032126649994985 -5.2768159059087205 -5.374988367607209 -5.5170549820244155 -5.566977225727169 -5.7325256430596605 -5.701042936281214
40
 -1.6230061155660642 -1.8650816063983229 -2.027889810128422 -2.1914449048502203 -2.325647190237379 -2.4731615286426845 -2.6236788583817297 -2.7801790929817387 -2.966369861068693 -3.1567110248624175 -3.3007020984681237 -3.359844949105093 -3.3384990958327214 -3.430840209162999 -3.5970560401112865 -3.6706009398121253 -3.764381661667813 -3.8812645656340448 -3.9272121593120084 -4.148161593110482 -4.27830026929493 -4.42941521532734 -4.434049266453715 -4.663631212289846 -4.736028289271291 -4.845692173662717 -4.981184623098983 -4.945313182945959 -5.082028904779044 -5.164150366731523 -5.344618759471191 -5.480574761436019 -5.582860737367293 -5.610004528951666 -5.791786266080964 -5.721987297522781 -5.744138675053831 -5.727141981738049 -5.764209834564275 -5.95968984123683
40
 -1.6742723021060444 -1.9082484057463325 -2.1080192168849887 -2.2512553627665985 -2.38688040252763 -2.5193309007027413 -2.6641059309766386 -2.7970506811095044 -2.94058881371526 -3.0873884279620087 -3.2104955133840436 -3.2715162571739933 -3.365883383107222 -3.384771754242799 -3.548893494351695 -3.5569025438566544 -3.696244049048649 -3.8314418476971155 -3.8776732588159954 -3.9280183495268486 -3.995796411587068 -4.240068026658254 -4.291090058923234 -4.529798220676781 -4.542530613441662 -4.549330380509912 -4.668371444475848 -4.816771785023329 -4.833202062574933 -4.963862331813165 -5.1736728642840495 -5.302663854976707 -5.45655914657192 -5.429482232129819 -5.22290607906791 -5.331551685844583 -5.421637687600692 -5.422019892147043 -5.576851209795869 -5.7066316713557566
40
 -1.6011838968379801 -1.8816254872856324 -2.0412013228023533 -2.1927479869444952 -2.3410678274366012 -2.476340102290429 -2.5361301881793974 -2.6860124073546094 -2.858515995870584 -2.9425026527046727 -3.072775854431355 -3.1555044346151493 -3.279638753741447 -3.3842212425431963 -3.5822937719748524 -3.5801851117626007 -3.7350141686670937 -3.7811225691847774 -3.8359309212273223 -3.8307204500974965 -3.9105222434062448 -4.017580652670968 -4.106934300492956 -4.257150637798362 -4.327531965211462 -4.337619100336012 -4.370503177432927 -4.583261600722173 -4.694289681077797 -4.674643713799434 -4.779532498520563 -4.976698541579247 -4.981843291654103 -5.027280751258378 -4.988277540805393 -4.879013751693456 -5.1801419926372745 -5.420291544459864 -5.290872147121527 -5.153935970911695
40
 -1.6189497273912763 -1.854260029343084 -2.0515674921799967 -2.218484408544093 -2.3894253318137886 -2.5303592180774848 -2.7078683129087553 -2.8737955068359793 -2.9611820475172075 -3.0552673996444506 -3.1697635636923924 -3.276673951683692 -3.3527249872882856 -3.4663294227383847 -3.583584626239167 -3.6459893204005347 -3.8011025448708304 -3.8250793758513333 -3.9068473072027725 -3.9250963028299766 -4.009163340986739 -4.053713596913883 -4.108569150289243 -4.309158773367021 -4.30380297332499 -4.4386728241213955 -4.565711678351488 -4.632290383019515 -4.738669427531411 -4.842266934520858 -4.90484017874909 -5.046674070657551 -5.100840694874485 -5.228279606396107 -5.238970724965922 -5.452571216473904 -5.485215890769455 -5.7645870191554724 -5.766298170249353 -5.622746601346281
40
 -1.6348133040627166 -1.9204869344645255 -2.060253561569171 -2.222534208080482 -2.3956148242635016 -2.5021439496503817 -2.6198400256031493 -2.7812073582701586 -2.904792867301978 -3.054315370877571 -3.13538197984407 -3.264553087926219 -3.3341913841445603 -3.3985304882175247 -3.483648372120548 -3.5989187380609597 -3.6794917433818317 -3.851599514998488 -3.994836920533768 -4.082419590392091 -4.069248166307735 -4.184588074398439 -4.362931667557851 -4.4900253097783045 -4.515847577273133 -4.460049363078411 -4.567272423448065 -4.689795092853149 -4.81984073613122 -4.952661544834764 -5.064729777321061 -5.2205787353713715 -5.419743682114433 -5.358967856310726 -5.629129197068219 -5.740019090891129 -5.606286960758169 -5.820451058913199 -5.7109619889745336 -5.850240048448551
40
 -1.7344901924196798 -1.9600625851844662 -2.1578504079771825 -2.334094100964798 -2.5189083807245547 -2.7055468985829516 -2.8401993083874615 -2.905546518205816 -3.046164961718344 -3.2291390272506075 -3.3554550324493366 -3.44759663503848 -3.6103307073163107 -3.6985404237307296 -3.7630673681730897 -3.9040398289773557 -4.007682518993771 -3.9761786441412403 -4.1344159281453345 -4.189426753207242 -4.304262875142791 -4.328518370779275 -4.46374256229061 -4.482534146584623 -4.510962142064925 -4.5015054760228 -4.644494448398585 -4.7348288031837855 -4.747639690261634 -4.888645334964639 -4.966310929649738 -5.143588060349764 -5.130980531981246 -5.2197720584010305 -5.325008400554925 -5.434053810396469 -5.6335219153622 -5.754912423172041 -5.617698521785687 -5.53561886612572
40
 -1.643752548676775 -1.878642981922198 -2.0044724738737703 -2.1584752998760983 -2.357259168934747 -2.4962078886797383 -2.6774083265447226 -2.8861869328415324 -3.0508959870891603 -3.1636633573178528 -3.2719889155028885 -3.3308999998191373 -3.391453476881224 -3.521426504098983 -3.633341232923196 -3.761492938835882 -3.836461268621273 -3.9271070028299855 -4.043902185368559 -4.194044124912285 -4.211075257085159 -4.365950793477064 -4.487347230934549 -4.581859531621339 -4.625965362696409 -4.6954629341885 -4.566803723875528 -4.82530838793615 -4.800877724255156 -4.919364645169124 -4.966585837260942 -5.024561026443832 -5.079179935024942 -5.15249219514969 -5.0635264697941675 -5.173503141548169 -5.24278045492589 -5.2013402051645885 -5.267453615723276 -5.144269706449077
40
 -1.6773636388631084 -1.908361014423587 -2.0707651771790085 -2.2015974932157545 -2.380846375640743 -2.5658125681585173 -2.7262739270505443 -2.858318978555268 -2.9766341421885096 -3.118776544171034 -3.226086196222144 -3.3058600261105364 -3.4121852729594293 -3.5559839275523766 -3.672594682915652 -3.7935754667157973 -3.8832803710683663 -3.9102726185152696 -4.059027239822754 -4.12626163579415 -4.281320306993927 -4.461696927951659 -4.473739449885462 -4.540846846165118 -4.660356461639276 -4.792896463116472 -4.8151475258912395 -4.910848433326316 -5.03842687255344 -5.172328877033711 -5.310663428221158 -5.345142161572357 -5.4753720060124 -5.498967674376936 -5.545865901623237 -5.663291267729834 -5.679890498868344 -5.797285705850662 -6.0922968449038715 -6.088152894523035
40
 -1.7018624535275069 -1.9291501938595286 -2.1074582217689612 -2.2989165937842464 -2.4709997574307234 -2.6353327527359665 -2.8394642685177516 -2.9719625240539136 -3.1945006083235823 -3.3452899639053055 -3.423847595113104 -3.550482578977207 -3.6429844707186603 -3.7988450941355936 -3.926852877248929 -4.066517782898594 -4.273403304837414 -4.267548244604839 -4.392700891306079 -4.510964037176689 -4.612773235243885 -4.655154408651717 -4.816303455978017 -4.961110097353213 -4.854725506960707 -4.819075959287876 -4.973824714543437 -5.000838290667976 -5.030799740288257 -5.022730412403736 -5.0358555814693675 -5.076947811370641 -5.212050871739852 -5.196863252285685 -5.388409374088553 -5.270595843627694 -5.438852581038221 -5.589374222247888 -5.517665444279053 -5.665066123796995
sagaMemoryFree
10
40
 -0.6688686683625308 -1.6907023907575507 -2.0611949830899823 -2.5208953831904624 -2.5964950235250384 -2.73566781295164 -2.9919605223167514 -3.198212376913626 -3.315401320493887 -3.460432050112779 -3.572205429782214 -3.752413576967863 -3.8866317015079317 -4.021554437959417 -4.133772654543117 -4.270445633038875 -4.360931237397644 -4.444547170690902 -4.497430437855662 -4.628627413174712 -4.761088382751931 -4.829036853786054 -4.962773723603238 -5.035673802765885 -5.1852443740717105 -5.297715972553349 -5.419642516839529 -5.526490265935301 -5.574608946981952 -5.7062202141817115 -5.7731385852631405 -5.9231158931205945 -6.021301967905493 -6.094582823725771 -6.225729391529841 -6.376828306909682 -6.460289819497614 -6.542285991913951 -6.6931431468165306 -6.832282034278549
40
 -2.1684366467040967 -2.7410501683467268 -2.8796145698062734 -3.0905933988361176 -3.4127935235776015 -3.637485939389581 -3.865603849076157 -4.270471784802499 -4.4850009301536415 -4.684707072197224 -4.84645046251833 -4.955276123395273 -4.9658376215383 -5.127681068429019 -5.398698544358084 -5.4608374719481665 -5.504206044732046 -5.53556035665594 -5.784035742430632 -5.746947993899179 -5.937843256841525 -5.845826245432078 -5.879502753263652 -5.8317345294060825 -5.99811289414616 -6.059446226247085 -6.099480715649284 -6.30075664935364 -6.396299873889947 -6.434388918101698 -6.38840847551325 -6.517198589149317 -6.679404275778182 -6.719010016466259 -6.6773962508571 -6.6798818820382095 -6.824440069915329 -6.952080105559294 -6.97430953495057 -7.113197654426791
40
 -1.562500179982594 -2.2464561702548864 -2.872318984951434 -3.0841169668769433 -3.2287720569225944 -3.4239918085685064 -3.4896984362324144 -3.615455144347199 -3.713073507573172 -3.8641509120147934 -3.9395067208986307 -4.086931397666446 -4.250264988291731 -4.30284006451598 -4.487995214878307 -4.552337648745511 -4.6111360804981 -4.672221694145303 -4.814179459761565 -4.998567972334419 -5.094562868420602 -5.218550876094997 -5.408628874532115 -5.469909441588853 -5.621368158656065 -5.664553558732369 -5.787687822344276 -5.911568780775954 -6.015954999231548 -5.995554954526867 -6.149028454331633 -6.322526585375155 -6.41988768059001 -6.425235496925155 -6.459071876251958 -6.496713112869467 -6.584486826459649 -6.733413359379263 -6.8189131786398915 -6.848601502215924
40
 -2.8077052630810053 -4.095079937053248 -4.438580340843928 -4.487990196454049 -4.8705673964153515 -5.401969722784711 -5.738217786309915 -5.758407872786134 -6.035327010608353 -5.9625603460725385 -6.08156382158156 -6.458508567916387 -6.74683514395732 -6.87519714407874 -7.052080868242609 -7.288473884573968 -7.129689820192068 -7.081347358409311 -7.329383177084434 -7.340143522470962 -7.599145982614568 -7.743399896722903 -7.7829631296197075 -7.714439960314782 -7.782355181289759 -8.207413116008196 -8.40043163857011 -8.220516122388844 -8.304806791655857 -8.268421138535818 -8.028516556249581 -8.461127939021651 -8.72818235045923 -8.62477687436436 -8.761537989512917 -8.903720843084033 -8.741777423231653 -8.934540265480509 -9.059075548363486 -9.15589386538526
40
 -2.863582821647615 -3.522102611989448 -4.074461807078602 -4.311389154729161 -4.301218864827473 -4.465997535965201 -4.4661615642685275 -4.666866289273028 -4.840655829669333 -4.890413020277763 -4.8743361937090866 -4.8383581350431575 -4.996011264272851 -5.124694053556592 -5.259109297458648 -5.337691200962255 -5.405716022428402 -5.476306624412892 -5.73095095503872 -5.756383242531555 -5.868753600894221 -5.866545474182634 -5.802639758680253 -6.051906753314594 -6.140224049825061 -6.239929940990711 -6.312255583312184 -6.312134768339212 -6.414302595991956 -6.488201776981173 -6.606452541711511 -6.624104477719931 -6.731278535409256 -6.86252111894268 -6.891559791052816 -7.048892457717103 -7.099408724987007 -7.145321820702056 -7.282640917185862 -7.341431419592901
40
 -1.2626247856459483 -2.230280140026791 -2.5428533155454884 -2.897210662169116 -3.111135323407184 -3.252172002468257 -3.6206306564231268 -3.762450682697898 -3.8637343956014805 -3.9251220911754987 -4.113482956426091 -4.287492431452124 -4.284988296698293 -4.415331134524605 -4.461209414423189 -4.559374208470828 -4.600593994035715 -4.731407393684342 -4.819431297692911 -4.964899153269237 -4.971816312650783 -5.022643086066968 -5.17207067664285 -5.189915633168737 -5.247299349781655 -5.331214283352257 -5.43406013918852 -5.4260591909888 -5.510392375604435 -5.534877484747252 -5.623227183395818 -5.707545536391437 -5.802589930925939 -5.908599266478359 -5.9475740496126495 -6.0407781259045805 -6.145791810862743 -6.227183489055116 -6.292203339834743 -6.401673961088963
40
 -1.809390440620245 -2.975980689499597 -3.641289538098124 -3.8746375090917016 -3.973857382359859 -4.491791820313791 -4.937294750589017 -5.030350080518066 -5.338166042785448 -5.5342267231496685 -5.63870824102389 -5.925166298880335 -5.693933916506519 -5.886553349836706 -6.2704907523232665 -6.463373671057942 -6.395240674079593 -6.211366533748116 -6.395785979750818 -6.413673555955472 -6.568612367921304 -6.645496996355372 -6.838720661373117 -7.057347272340549 -7.34874062111866 -7.581973862083262 -7.590438091895373 -7.838641277764424 -7.916975389866276 -8.19164792909629 -8.347581725661726 -8.297643361979295 -8.451684073374954 -8.649964527379868 -8.818526234249232 -8.921122350669972 -9.06927027036052 -9.317851857644955 -9.282428522415888 -9.373613638561265
40
 -1.5396618188090168 -2.1126223885019897 -2.6994617434200854 -2.891895786504205 -3.1265498388602193 -3.407698593472418 -3.6409370806920753 -3.866088358341782 -3.9356001408074777 -3.9826700019130925 -4.266057990789374 -4.3723463324564005 -4.415733185988315 -4.591032556703868 -4.586556725246874 -4.706847887196883 -4.699928762830066 -4.885420058995797 -5.001261626670375 -5.038422549865164 -5.125638206469903 -5.246576057326647 -5.340655121804735 -5.380768882310045 -5.3481232673417844 -5.497662516187079 -5.547646408714049 -5.500336294566649 -5.531357226124068 -5.584385191755371 -5.68141233830182 -5.807804508956748 -5.916140172987231 -5.923730562122544 -5.957157156259315 -6.065926725849708 -6.118270119211343 -6.183700042755159 -6.250466321216196 -6.314174772617748
40
 -1.3676692707878773 -2.272576589565595 -2.8119330801353817 -3.186760147452117 -3.7286222701510234 -3.9729461063210687 -4.115541764180931 -4.310065753618398 -4.404209105925812 -4.580055695943317 -4.749863657875975 -4.827555933480641 -4.979346554877206 -5.076925531166364 -5.206597609068525 -5.361482969236562 -5.425405762826983 -5.526145861562332 -5.690978434266183 -5.743130686158301 -5.829890908088405 -5.869221447954414 -5.882506137065286 -5.9959406032462255 -6.009753862511568 -5.985910477524931 -6.1944934403125105 -6.180037458939939 -6.303753373231993 -6.385914133045832 -6.539413177586411 -6.602442162145108 -6.70604306158887 -6.7917237469571115 -6.838382823806333 -6.911059166752649 -7.008210986445462 -7.028750557815336 -7.090308680281045 -7.260152662109903
40
 -2.6369011773126156 -4.238822258419602 -4.986972860394593 -5.4911598782211 -5.669669073559748 -6.256785334676473 -6.537761714894106 -6.6406879645586 -6.399269447274023 -6.845221637055427 -6.901967532674419 -7.022194482466108 -7.154605507347132 -7.4486726990050744 -7.766048603855046 -7.6206789043922525 -7.984616295698552 -8.004463319668389 -7.84461436483376 -8.18653804310536 -7.884272875109245 -7.3340725674232425 -7.854106277348923 -7.567199007130075 -7.891273660490861 -7.8931967110619015 -7.920572805508214 -8.341039668778023 -8.303760141903522 -8.377344217378063 -8.463524842601469 -8.732730295370741 -8.675229723672386 -8.663240143310487 -8.86092401245552 -8.817007785423366 -9.16857637389788 -9.160188141982042 -9.101473953032807 -9.216230729806776
new_adapt
10
40
 -1.231618269244231 -1.291201465403895 -1.3213487516432616 -1.3409113439154716 -1.355136673312764 -1.3669313549171356 -1.3765997514627109 -1.3846725313164934 -1.3916157280268713 -1.3974628439015213 -1.4031143120074538 -1.4078039898486312 -1.4125171582495464 -1.416654718277926 -1.4202414660764069 -1.4235248497307946 -1.4268499243108106 -1.4299740946585415 -1.432883443675853 -1.4355124083775748 -1.438110131577898 -1.4408161015973608 -1.4435004513363827 -1.4460580228042959 -1.4485855899046132 -1.4511266068105033 -1.453586305742256 -1.4561334789513034 -1.4586003846727 -1.4611412081057646 -1.4635734554954019 -1.4660314615510086 -1.4684435289744875 -1.4709019509697396 -1.4731678907827397 -1.4754793305570166 -1.4777300769016883 -1.4799468553622672 -1.4822492002631011 -1.4844957111178898
40
 -1.241779419042873 -1.299757028000093 -1.3290480865857448 -1.3476520551887627 -1.362749571510833 -1.3744264676863602 -1.3839936311278698 -1.3918854860422618 -1.3981122959882535 -1.4039556667518214 -1.409541475896165 -1.4145814221234294 -1.418761209974673 -1.4228614361804468 -1.4266847196051085 -1.4300480283093546 -1.4334018578995193 -1.4364530153845998 -1.4392455816201453 -1.4418146443823212 -1.4442211954243034 -1.4466487108499495 -1.4490686403627124 -1.451678278552151 -1.454157391346549 -1.4565183900432177 -1.4589747690741919 -1.4613594156438197 -1.46372831772888 -1.4661166382015745 -1.468383362942836 -1.470709299216143 -1.4729628287048193 -1.475322451945647 -1.4775477848783654 -1.4797934798475691 -1.4820036479882908 -1.4842160183351232 -1.4864724859490936 -1.4886659247923708
40
 -1.2471084666467007 -1.2986740186000858 -1.3269511461683112 -1.345807193959986 -1.3603321873052692 -1.3714031233383246 -1.3809524719791773 -1.3892137512106568 -1.396454842039291 -1.4028909517430705 -1.4084493176558073 -1.4136926381425632 -1.4183090081214043 -1.4225235760550081 -1.4262987503950528 -1.4297907600875603 -1.4331347912394563 -1.4362067823303462 -1.4391616152829168 -1.4417869644855954 -1.444422749436478 -1.4467720460650237 -1.4493329825890722 -1.4519171312911094 -1.4545031335319112 -1.4570855039816486 -1.459566634652572 -1.4620262166290026 -1.4644144443289924 -1.467059311900271 -1.4694974808753647 -1.471841896132134 -1.4741883794256183 -1.4765700874684888 -1.4788983480454971 -1.481214576591006 -1.483559514812984 -1.485863782278092 -1.488222056831311 -1.4905411579773604
40
 -1.102560294382548 -1.1604572214054412 -1.1907254681422201 -1.211263713886559 -1.2265892833651393 -1.2388277328801691 -1.2484943464270868 -1.257082510158862 -1.2646807912246174 -1.2711901209461696 -1.2771423324602889 -1.2824001507094327 -1.2870306616028042 -1.2912468586374286 -1.2950750882084943 -1.2985159653669418 -1.3016905280582711 -1.304913298669856 -1.307891728049915 -1.3105075463347162 -1.313148175986722 -1.3157897698135284 -1.3184432356595304 -1.3210946239794352 -1.323578702772158 -1.3262533777432315 -1.3289527769610272 -1.331444683329598 -1.3338458576871237 -1.336325357754054 -1.3387424968310908 -1.3412353634764995 -1.3437286481589372 -1.3461741676427241 -1.3485190592853205 -1.3509650947378173 -1.353390843049566 -1.355696136243351 -1.3580181293343883 -1.3603165776269948
40
 -1.1641254186047127 -1.2231541181887926 -1.2577543013852928 -1.280820172212932 -1.2976937508552953 -1.3109626218414963 -1.322393619879214 -1.332295118988786 -1.3404053531898992 -1.347434838984022 -1.353651835285457 -1.3592697687882669 -1.3642859984881273 -1.3687532080836327 -1.372742186110804 -1.3767161576435876 -1.3803329801987607 -1.383732048684412 -1.386842680501714 -1.3897255653748055 -1.3924945448554842 -1.3951615076887238 -1.3979750998658602 -1.4007287824161017 -1.4033422938789024 -1.4060166805085796 -1.4087270812050467 -1.411311822373286 -1.413906120624631 -1.4165437237593055 -1.419096332379116 -1.4217143547342124 -1.424256112424026 -1.4267587876111423 -1.4292464451979165 -1.43174508211922 -1.4341749913936743 -1.4366012389978295 -1.4390547558707187 -1.44139889596466
40
 -1.359802820743648 -1.4232213051760179 -1.4580909592651121 -1.4796834721315513 -1.494990475853334 -1.5069332169095644 -1.517375137536662 -1.5263587503340141 -1.5334976048026285 -1.5398098857671387 -1.5456548734591828 -1.5505538270246746 -1.5554276068370747 -1.5595685250109879 -1.5633570702599466 -1.566874703573824 -1.5701060435579863 -1.573408354311497 -1.5761237755934374 -1.5787524398674588 -1.5815429231936755 -1.5839720822989525 -1.586658540561441 -1.5892197063615843 -1.5917262767650668 -1.5942996405223713 -1.5969070012358317 -1.5994035158059714 -1.6020207464175997 -1.6045116488600704 -1.6068444924184981 -1.6093604402633674 -1.611840720461635 -1.6142309762977145 -1.6166299061057228 -1.6189752279421936 -1.6213310876131528 -1.623673421288069 -1.6259245505998503 -1.6281567458614128
40
 -1.3198634054391378 -1.361868199308974 -1.384165881233925 -1.3993575380944225 -1.4108644088278612 -1.419600024074602 -1.4270665275443652 -1.4324956183338495 -1.4378398509098536 -1.4421712168346734 -1.4468401077474222 -1.4504419877875778 -1.4540362715445276 -1.4569858383491865 -1.4601099408138238 -1.4630839420367683 -1.4655818649397414 -1.4680094777166723 -1.4702411160792692 -1.4725336391969375 -1.4745634519679722 -1.4767480837195732 -1.4786854284576463 -1.4807063798429716 -1.482668381819018 -1.4847543208272882 -1.4867482658835736 -1.488632927519713 -1.4906324497269714 -1.4925082578268383 -1.4944385195663166 -1.4964633512363916 -1.49831728405383 -1.500218772386652 -1.5020845902563913 -1.5039193766449304 -1.505764497072038 -1.5076041779573763 -1.509472173088234 -1.5113081144665272
40
 -1.209324834289307 -1.2620809267615107 -1.2891949741602564 -1.3066242102791628 -1.3198514459067123 -1.3301901958002427 -1.3386985326314065 -1.3459231740826263 -1.3521048848066906 -1.3572135643440544 -1.3621445452216903 -1.3663462337284054 -1.370116856726549 -1.373462571917265 -1.3768480496614164 -1.3798324626444218 -1.3823973576391597 -1.3849553372476626 -1.3873755648472141 -1.3897415133529885 -1.3919818853257924 -1.3941348585185493 -1.3963522278697797 -1.3984374638493529 -1.4005660713075114 -1.4027719846086157 -1.4048558605805037 -1.4069358957753961 -1.4091061285406197 -1.4112149623219357 -1.413288230665962 -1.4152748107563646 -1.417308025237717 -1.4193385846586146 -1.4214155779866193 -1.423431687324591 -1.4253991269198936 -1.4273941581400675 -1.4292975653245867 -1.4312880600994409
40
 -1.1667182485608267 -1.2193483098663505 -1.2461746746211 -1.2634742222342241 -1.2772415713229164 -1.2876547713549962 -1.296372064460695 -1.3037172389356404 -1.3099948142818065 -1.3158185677630276 -1.3211437172192315 -1.325544106767555 -1.3296278023302497 -1.3336689065941136 -1.3372061359002485 -1.3403492025623727 -1.3429857578860092 -1.3455786534934984 -1.3480964457504085 -1.350536211772673 -1.3530181542937438 -1.355474472108161 -1.357747076679731 -1.3600530591451951 -1.3623276065053591 -1.3645629430485606 -1.366889586579515 -1.3691475295809348 -1.3713575044948971 -1.3735568651340815 -1.3756793396770404 -1.3779216756943815 -1.3801226074438975 -1.3823521976021693 -1.3844210636945802 -1.3865875521452697 -1.3886910472106317 -1.3907653447033033 -1.3928496660934018 -1.3948693525522122
40
 -1.253598848339057 -1.3052718424371594 -1.3312405214842975 -1.3497935943549824 -1.3624140846146608 -1.3733908207490086 -1.3819744241148457 -1.389143884333574 -1.3949493959021004 -1.4005822360712576 -1.4058216981125966 -1.410210945694609 -1.4141141322084438 -1.4178589104338386 -1.4212619302509317 -1.4241770587901028 -1.4270668173088916 -1.429834636019011 -1.4323774379753553 -1.4345254024118974 -1.4366274305855649 -1.4389560807620965 -1.44122558193326 -1.4434851700420204 -1.4456619768066659 -1.4477467360192495 -1.4500625898093296 -1.4522102832279755 -1.4543384428129045 -1.4563745571138005 -1.4585420077173303 -1.460625634097579 -1.4627159599714779 -1.4647280154401825 -1.4668043057304054 -1.4687993874677174 -1.470812473250215 -1.4728240982152607 -1.4748347402626942 -1.4768443682357215
steps
10
40
 10000.0 20000.0 30000.0 40000.0 50000.0 60000.0 70000.0 80000.0 90000.0 100000.0 110000.0 120000.0 130000.0 140000.0 150000.0 160000.0 170000.0 180000.0 190000.0 200000.0 210000.0 220000.0 230000.0 240000.0 250000.0 260000.0 270000.0 280000.0 290000.0 300000.0 310000.0 320000.0 330000.0 340000.0 350000.0 360000.0 370000.0 380000.0 390000.0 400000.0
40
 10000.0 20000.0 30000.0 40000.0 50000.0 60000.0 70000.0 80000.0 90000.0 100000.0 110000.0 120000.0 130000.0 140000.0 150000.0 160000.0 170000.0 180000.0 190000.0 200000.0 210000.0 220000.0 230000.0 240000.0 250000.0 260000.0 270000.0 280000.0 290000.0 300000.0 310000.0 320000.0 330000.0 340000.0 350000.0 360000.0 370000.0 380000.0 390000.0 400000.0
40
 10000.0 20000.0 30000.0 40000.0 50000.0 60000.0 70000.0 80000.0 90000.0 100000.0 110000.0 120000.0 130000.0 140000.0 150000.0 160000.0 170000.0 180000.0 190000.0 200000.0 210000.0 220000.0 230000.0 240000.0 250000.0 260000.0 270000.0 280000.0 290000.0 300000.0 310000.0 320000.0 330000.0 340000.0 350000.0 360000.0 370000.0 380000.0 390000.0 400000.0
40
 10000.0 20000.0 30000.0 40000.0 50000.0 60000.0 70000.0 80000.0 90000.0 100000.0 110000.0 120000.0 130000.0 140000.0 150000.0 160000.0 170000.0 180000.0 190000.0 200000.0 210000.0 220000.0 230000.0 240000.0 250000.0 260000.0 270000.0 280000.0 290000.0 300000.0 310000.0 320000.0 330000.0 340000.0 350000.0 360000.0 370000.0 380000.0 390000.0 400000.0
40
 10000.0 20000.0 30000.0 40000.0 50000.0 60000.0 70000.0 80000.0 90000.0 100000.0 110000.0 120000.0 130000.0 140000.0 150000.0 160000.0 170000.0 180000.0 190000.0 200000.0 210000.0 220000.0 230000.0 240000.0 250000.0 260000.0 270000.0 280000.0 290000.0 300000.0 310000.0 320000.0 330000.0 340000.0 350000.0 360000.0 370000.0 380000.0 390000.0 400000.0
40
 10000.0 20000.0 30000.0 40000.0 50000.0 60000.0 70000.0 80000.0 90000.0 100000.0 110000.0 120000.0 130000.0 140000.0 150000.0 160000.0 170000.0 180000.0 190000.0 200000.0 210000.0 220000.0 230000.0 240000.0 250000.0 260000.0 270000.0 280000.0 290000.0 300000.0 310000.0 320000.0 330000.0 340000.0 350000.0 360000.0 370000.0 380000.0 390000.0 400000.0
40
 10000.0 20000.0 30000.0 40000.0 50000.0 60000.0 70000.0 80000.0 90000.0 100000.0 110000.0 120000.0 130000.0 140000.0 150000.0 160000.0 170000.0 180000.0 190000.0 200000.0 210000.0 220000.0 230000.0 240000.0 250000.0 260000.0 270000.0 280000.0 290000.0 300000.0 310000.0 320000.0 330000.0 340000.0 350000.0 360000.0 370000.0 380000.0 390000.0 400000.0
40
 10000.0 20000.0 30000.0 40000.0 50000.0 60000.0 70000.0 80000.0 90000.0 100000.0 110000.0 120000.0 130000.0 140000.0 150000.0 160000.0 170000.0 180000.0 190000.0 200000.0 210000.0 220000.0 230000.0 240000.0 250000.0 260000.0 270000.0 280000.0 290000.0 300000.0 310000.0 320000.0 330000.0 340000.0 350000.0 360000.0 370000.0 380000.0 390000.0 400000.0
40
 10000.0 20000.0 30000.0 40000.0 50000.0 60000.0 70000.0 80000.0 90000.0 100000.0 110000.0 120000.0 130000.0 140000.0 150000.0 160000.0 170000.0 180000.0 190000.0 200000.0 210000.0 220000.0 230000.0 240000.0 250000.0 260000.0 270000.0 280000.0 290000.0 300000.0 310000.0 320000.0 330000.0 340000.0 350000.0 360000.0 370000.0 380000.0 390000.0 400000.0
40
 10000.0 20000.0 30000.0 40000.0 50000.0 60000.0 70000.0 80000.0 90000.0 100000.0 110000.0 120000.0 130000.0 140000.0 150000.0 160000.0 170000.0 180000.0 190000.0 200000.0 210000.0 220000.0 230000.0 240000.0 250000.0 260000.0 270000.0 280000.0 290000.0 300000.0 310000.0 320000.0 330000.0 340000.0 350000.0 360000.0 370000.0 380000.0 390000.0 400000.0
