5
saga
10
9
 6.238324625039508 6.931471805599453 7.6246189861593985 8.317766166719343 9.010913347279288 9.704060527839234 10.39720770839918 11.090354888959125 11.78350206951907
9
 6.238324625039508 6.931471805599453 7.6246189861593985 8.317766166719343 9.010913347279288 9.704060527839234 10.39720770839918 11.090354888959125 11.78350206951907
9
 6.238324625039508 6.931471805599453 7.6246189861593985 8.317766166719343 9.010913347279288 9.704060527839234 10.39720770839918 11.090354888959125 11.78350206951907
9
 6.238324625039508 6.931471805599453 7.6246189861593985 8.317766166719343 9.010913347279288 9.704060527839234 10.39720770839918 11.090354888959125 11.78350206951907
9
 6.238324625039508 6.931471805599453 7.6246189861593985 8.317766166719343 9.010913347279288 9.704060527839234 10.39720770839918 11.090354888959125 11.78350206951907
9
 6.238324625039508 6.931471805599453 7.6246189861593985 8.317766166719343 9.010913347279288 9.704060527839234 10.39720770839918 11.090354888959125 11.78350206951907
9
 6.238324625039508 6.931471805599453 7.6246189861593985 8.317766166719343 9.010913347279288 9.704060527839234 10.39720770839918 11.090354888959125 11.78350206951907
9
 6.238324625039508 6.931471805599453 7.6246189861593985 8.317766166719343 9.010913347279288 9.704060527839234 10.39720770839918 11.090354888959125 11.78350206951907
9
 6.238324625039508 6.931471805599453 7.6246189861593985 8.317766166719343 9.010913347279288 9.704060527839234 10.39720770839918 11.090354888959125 11.78350206951907
9
 6.238324625039508 6.931471805599453 7.6246189861593985 8.317766166719343 9.010913347279288 9.704060527839234 10.39720770839918 11.090354888959125 11.78350206951907
saga_adapt
10
9
 -6.114681979756711 -7.785186092630899 -8.08670155829097 -7.537614143264479 -8.83471436641747 -7.188020319431124 -9.197588621570699 -9.665339822874849 -9.265856636443475
9
 -6.553277745300223 -6.141259258084385 -6.771016970083727 -7.55748887716203 -8.191353862442272 -8.76803785886694 -8.731943025547725 -8.275974015455958 -9.46695430849943
9
 -5.801058943155338 -7.456108145546712 -7.713086075961001 -6.7510254985347 -7.596432355118535 -9.156777070947781 -9.157747047681532 -9.140488214160818 -9.953038872649266
9
 -6.483923367144482 -6.277516976644366 -7.347241723943306 -8.323368647085955 -8.10236263512609 -8.498009070902974 -9.085203334677406 -8.333805984945657 -9.44833906398413
9
 -6.513763433119967 -7.50254125209165 -7.935881437147999 -7.989582485062029 -8.37213554292386 -8.42680736664415 -9.425360456225864 -8.33650042505042 -8.243946580344467
9
 -5.975800590626138 -8.134706031789108 -7.989569217678432 -8.477281037069487 -8.237078868954613 -8.209478729917667 -8.066676053267559 -9.113763071626716 -8.84750770416423
9
 -5.926813849363496 -7.456200086452778 -7.872647047827844 -7.672427701058056 -8.814688686203631 -8.81802311334545 -8.138678430613162 -9.400302434402395 -9.280108873322762
9
 -5.975647701549401 -7.863419453304212 -6.89196843446551 -7.708542506947639 -7.5629353765102305 -8.226242469517882 -8.221094182360838 -9.413134989480008 -8.973315766779576
9
 -6.359893535383637 -7.096811791695443 -7.189752832870516 -7.751363751847223 -8.858276490778849 -9.412664830714839 -8.995504734668552 -8.80176899391404 -9.676281568489214
9
 -5.692934109534255 -7.049783742377262 -7.142893185604916 -8.144439795498664 -8.955809820806042 -9.072387501419952 -9.656035056121077 -8.912828558673255 -8.567147759227637

0
Slop_One
0
t
0
