2
n
5
8
 6.238324625039508 6.931471805599453 7.6246189861593985 8.317766166719343 9.010913347279288 9.704060527839234 10.39720770839918 11.090354888959125
8
 6.238324625039508 6.931471805599453 7.6246189861593985 8.317766166719343 9.010913347279288 9.704060527839234 10.39720770839918 11.090354888959125
8
 6.238324625039508 6.931471805599453 7.6246189861593985 8.317766166719343 9.010913347279288 9.704060527839234 10.39720770839918 11.090354888959125
8
 6.238324625039508 6.931471805599453 7.6246189861593985 8.317766166719343 9.010913347279288 9.704060527839234 10.39720770839918 11.090354888959125
8
 6.238324625039508 6.931471805599453 7.6246189861593985 8.317766166719343 9.010913347279288 9.704060527839234 10.39720770839918 11.090354888959125
Slop_One
5
8
 -0.8626971339468276 -2.687177449135713 -4.411673934157276 -6.325057604956308 -5.0672985554910275 -6.787577819126157 -6.703163732795855 -6.168672745156646
8
 -0.8761430805563435 -4.268665932025594 -5.337620660717731 -5.4467190289810015 -5.197270540714577 -6.91375448048939 -6.502335980928381 -6.874555640676532
8
 -4.302380144370722 -2.7801476563460663 -4.416039063379399 -5.5637173478476685 -6.888155734598129 -6.76316832837897 -5.376030560412471 -5.971584010186004
8
 -1.0518225959195904 0.9271734798836108 -3.998835055322302 -5.72938132498157 -5.434638575212773 -6.5244311875393795 -7.8068578621287 -7.854520924363551
8
 -0.8265504108064321 -2.5878307416599204 -3.0932013080554297 -4.241041320032786 -5.6556271446459725 -5.694085872351579 -7.33409506604342 -5.8149765791781185
