2
n
10
9
 6.238324625039508 6.931471805599453 7.6246189861593985 8.317766166719343 9.010913347279288 9.704060527839234 10.39720770839918 11.090354888959125 11.78350206951907
9
 6.238324625039508 6.931471805599453 7.6246189861593985 8.317766166719343 9.010913347279288 9.704060527839234 10.39720770839918 11.090354888959125 11.78350206951907
9
 6.238324625039508 6.931471805599453 7.6246189861593985 8.317766166719343 9.010913347279288 9.704060527839234 10.39720770839918 11.090354888959125 11.78350206951907
9
 6.238324625039508 6.931471805599453 7.6246189861593985 8.317766166719343 9.010913347279288 9.704060527839234 10.39720770839918 11.090354888959125 11.78350206951907
9
 6.238324625039508 6.931471805599453 7.6246189861593985 8.317766166719343 9.010913347279288 9.704060527839234 10.39720770839918 11.090354888959125 11.78350206951907
9
 6.238324625039508 6.931471805599453 7.6246189861593985 8.317766166719343 9.010913347279288 9.704060527839234 10.39720770839918 11.090354888959125 11.78350206951907
9
 6.238324625039508 6.931471805599453 7.6246189861593985 8.317766166719343 9.010913347279288 9.704060527839234 10.39720770839918 11.090354888959125 11.78350206951907
9
 6.238324625039508 6.931471805599453 7.6246189861593985 8.317766166719343 9.010913347279288 9.704060527839234 10.39720770839918 11.090354888959125 11.78350206951907
9
 6.238324625039508 6.931471805599453 7.6246189861593985 8.317766166719343 9.010913347279288 9.704060527839234 10.39720770839918 11.090354888959125 11.78350206951907
9
 6.238324625039508 6.931471805599453 7.6246189861593985 8.317766166719343 9.010913347279288 9.704060527839234 10.39720770839918 11.090354888959125 11.78350206951907
Slop_One
10
9
 -3.1474533502829556 -3.3672897708205882 -4.652410406350283 -4.415748046598329 -5.846320169813753 -5.8999338673170785 -7.858002748714758 -7.187335303490501 -6.595728866043187
9
 -3.2117653421732673 -4.4580199273606205 -3.2227897079287713 -3.738573970878741 -5.837440055222757 -7.066657923376547 -6.681945095889051 -6.338134691540759 -8.237977081655437
9
 -0.619499578326247 -3.149263049218162 -4.102703360630886 -5.8801083672471846 -5.592536060859899 -5.987964985558982 -7.37581609095433 -5.961884847673953 -8.277878158957913
9
 -3.3936487399473085 -2.6452240005400958 -4.0163901426075945 -4.955331037897661 -5.995161135926335 -5.836026125704668 -7.400861857809056 -8.823425811650056 -7.422946723638917
9
 -2.954032328705601 -3.763384874889647 -4.137150377419945 -6.0819045933549445 -6.745227908057261 -6.244883594442755 -7.401905145002305 -6.395664121729968 -6.3526725613889905
9
 -2.038384629979204 -1.7542271270889078 -4.791157432597708 -4.767828733977115 -6.392801240845072 -6.765901849475128 -7.800692393742923 -7.8832654247085046 -8.450488289827284
9
 -3.1874471869150964 -1.2723578820316992 -3.1109197646428313 -6.581831459750932 -6.337338312200481 -6.161903832138397 -7.205093047906467 -6.512421061803398 -7.9435466425021435
9
 -2.2779508827724384 -3.776714528205171 -4.281642471191024 -5.014732948844053 -4.451391587089233 -5.940801543238977 -8.411946171638114 -7.38868273342095 -7.789477934450947
9
 1.903376673827572 -0.8424919102322894 -3.3807287811300033 -6.455305052826865 -5.8688406754434554 -5.615458980677621 -6.427170510151451 -9.382654599304592 -7.651126579680216
9
 -3.2629652485200644 -2.3472044328534865 -4.291583051314609 -5.386412871407076 -4.320538592138666 -7.005505385714413 -5.8399748591013925 -7.571691740766534 -8.919498588852933
