5
saga
10
9
 6.238324625039508 6.931471805599453 7.6246189861593985 8.317766166719343 9.010913347279288 9.704060527839234 10.39720770839918 11.090354888959125 11.78350206951907
9
 6.238324625039508 6.931471805599453 7.6246189861593985 8.317766166719343 9.010913347279288 9.704060527839234 10.39720770839918 11.090354888959125 11.78350206951907
9
 6.238324625039508 6.931471805599453 7.6246189861593985 8.317766166719343 9.010913347279288 9.704060527839234 10.39720770839918 11.090354888959125 11.78350206951907
9
 6.238324625039508 6.931471805599453 7.6246189861593985 8.317766166719343 9.010913347279288 9.704060527839234 10.39720770839918 11.090354888959125 11.78350206951907
9
 6.238324625039508 6.931471805599453 7.6246189861593985 8.317766166719343 9.010913347279288 9.704060527839234 10.39720770839918 11.090354888959125 11.78350206951907
9
 6.238324625039508 6.931471805599453 7.6246189861593985 8.317766166719343 9.010913347279288 9.704060527839234 10.39720770839918 11.090354888959125 11.78350206951907
9
 6.238324625039508 6.931471805599453 7.6246189861593985 8.317766166719343 9.010913347279288 9.704060527839234 10.39720770839918 11.090354888959125 11.78350206951907
9
 6.238324625039508 6.931471805599453 7.6246189861593985 8.317766166719343 9.010913347279288 9.704060527839234 10.39720770839918 11.090354888959125 11.78350206951907
9
 6.238324625039508 6.931471805599453 7.6246189861593985 8.317766166719343 9.010913347279288 9.704060527839234 10.39720770839918 11.090354888959125 11.78350206951907
9
 6.238324625039508 6.931471805599453 7.6246189861593985 8.317766166719343 9.010913347279288 9.704060527839234 10.39720770839918 11.090354888959125 11.78350206951907
saga_adapt
10
9
 -5.504988419274313 -6.065595090893902 -5.231339532362373 -6.526098984247769 -7.717858404253273 -8.495313994739842 -8.578585794504013 -8.876468935512307 -9.240445600257411
9
 -4.469912414895233 -5.53288605360369 -6.801353003243694 -7.116600321072908 -8.518354644539073 -7.424803280213563 -7.944784620355226 -8.247308009131 -7.5914575503748525
9
 -5.442997286559787 -6.339736640811398 -5.92762562947408 -7.115231124265356 -7.822414050874387 -7.49970305402012 -7.812362914097817 -7.680849441376781 -7.867838134263403
9
 -5.476785260198163 -5.055821393221802 -6.216139417591904 -6.545679718255516 -7.869289887139092 -7.027766385991913 -7.930755360214639 -9.596848999653846 -7.948957502269898
9
 -4.303832844514634 -6.253528256173097 -6.526234216338832 -5.792749413705073 -6.71523969673989 -7.554041079886901 -7.524663937107101 -9.064060275645774 -7.758959937386302
9
 -3.732527053917803 -5.859174656710178 -6.768368436406963 -6.675332574577836 -7.6780584642754395 -7.359552348253715 -7.916095004114661 -8.39678233755965 -8.74526340337582
9
 -4.72662882044854 -5.9087925547421145 -6.779640087350556 -6.31026889176018 -6.456549149629392 -8.168472441854874 -7.179859817083845 -7.238302301872201 -7.221338285711876
9
 -4.624933397153518 -6.077945447312247 -5.644641380815143 -6.929016648999988 -7.693399422721221 -7.982975505777241 -8.696599667042921 -7.9430518163661405 -8.060529507526761
9
 -4.663280148970488 -6.796260761152274 -7.474144374775562 -6.9457773580322275 -6.896446108320269 -7.307302246121665 -8.01441118539211 -8.809546354628889 -8.211766736443618
9
 -4.330324856897799 -6.251516068356145 -5.7762505603949705 -7.27451644646775 -7.526714157166318 -7.245582798007615 -8.94745754897561 -7.051790373495547 -8.453034507545082

0
Slop_One
0
t
0
