5
saga
10
9
 6.238324625039508 6.931471805599453 7.6246189861593985 8.317766166719343 9.010913347279288 9.704060527839234 10.39720770839918 11.090354888959125 11.78350206951907
9
 6.238324625039508 6.931471805599453 7.6246189861593985 8.317766166719343 9.010913347279288 9.704060527839234 10.39720770839918 11.090354888959125 11.78350206951907
9
 6.238324625039508 6.931471805599453 7.6246189861593985 8.317766166719343 9.010913347279288 9.704060527839234 10.39720770839918 11.090354888959125 11.78350206951907
9
 6.238324625039508 6.931471805599453 7.6246189861593985 8.317766166719343 9.010913347279288 9.704060527839234 10.39720770839918 11.090354888959125 11.78350206951907
9
 6.238324625039508 6.931471805599453 7.6246189861593985 8.317766166719343 9.010913347279288 9.704060527839234 10.39720770839918 11.090354888959125 11.78350206951907
9
 6.238324625039508 6.931471805599453 7.6246189861593985 8.317766166719343 9.010913347279288 9.704060527839234 10.39720770839918 11.090354888959125 11.78350206951907
9
 6.238324625039508 6.931471805599453 7.6246189861593985 8.317766166719343 9.010913347279288 9.704060527839234 10.39720770839918 11.090354888959125 11.78350206951907
9
 6.238324625039508 6.931471805599453 7.6246189861593985 8.317766166719343 9.010913347279288 9.704060527839234 10.39720770839918 11.090354888959125 11.78350206951907
9
 6.238324625039508 6.931471805599453 7.6246189861593985 8.317766166719343 9.010913347279288 9.704060527839234 10.39720770839918 11.090354888959125 11.78350206951907
9
 6.238324625039508 6.931471805599453 7.6246189861593985 8.317766166719343 9.010913347279288 9.704060527839234 10.39720770839918 11.090354888959125 11.78350206951907
saga_adapt
10
9
 -5.804413567344128 -6.712160768628703 -7.679552217539484 -9.189443053659677 -9.83351181179315 -9.773346632054336 -10.75545347814882 -10.63505006088069 -11.0765885599109
9
 -4.856274974371022 -5.362320251491838 -7.472530290200328 -8.59422140905311 -8.709481977476846 -9.780720879490719 -9.31195545303663 -9.846230702805727 -10.44982268495707
9
 -6.015369168228428 -5.529359425101366 -7.775275082507909 -7.957653596632471 -9.53870916763953 -9.71452832403991 -10.462357679716689 -11.038367828339181 -10.102153720158537
9
 -3.447036477001308 -7.240985728183571 -8.03677462070312 -8.859138525310518 -9.137120201157437 -9.876089726742787 -9.490733185733003 -10.49795613251089 -10.70739698079745
9
 -1.1872406586773618 -6.6504685806398385 -6.031895220091407 -8.607423831535145 -8.17148787085395 -9.114783352813506 -10.064891833490261 -9.36332630284323 -10.97688962410649
9
 -5.337482501821958 -4.921191897446367 -6.9312398431779965 -8.555540721815543 -10.019293006870877 -9.396807258565037 -9.47458054188466 -10.870656303691018 -11.209341351964689
9
 -5.0785526063761335 -4.272219535284749 -6.838988180912875 -8.130688358243406 -9.170525801134437 -8.92270708934405 -9.879615301023799 -10.564429439488691 -11.974282237186856
9
 -6.3661895500344805 -6.442151312680414 -8.176137286269583 -8.388140320011978 -9.297723347618357 -9.429232847026261 -9.81971970797548 -11.056714029241077 -10.39514492719377
9
 -4.156406017408982 -6.72875042440869 -8.046742730717224 -8.4477795872553 -8.282539594309457 -10.573632702734562 -9.203058315969521 -10.878992470433072 -11.056537357856016
9
 -5.46272450030023 -6.557663872488894 -7.971332360480059 -8.873725509804844 -9.028728416531537 -9.699799344157357 -8.938407353786571 -10.295856633980915 -10.9463655489019

0
Slop_One
0
t
0
