5
SGD
4
50
 -4.4142319347187815 -4.192780470123164 -4.117299913921582 -4.617287670701521 -4.657250495402334 -3.8256939866303212 -4.808648791379123 -4.585313978226389 -3.9880018656535725 -4.167201848191255 -4.4141101658334465 -4.676409318768863 -5.14427926507425 -4.415300331185799 -4.400516548012948 -4.336809342832677 -4.236634959894709 -4.026919217825074 -4.041109335560027 -4.423589056907859 -4.459676210182896 -4.409441316379625 -4.4467171689101255 -4.570828777371455 -4.648992663801823 -4.669559097073233 -4.785547703385818 -4.532363720683389 -4.566668113850774 -4.7843533836317595 -4.381779843053117 -4.121141879336686 -4.364364422476192 -4.509404644483014 -4.589932345736814 -4.65248028827676 -4.3746900214986635 -4.010497893534052 -4.755484221778921 -3.8886009741727756 -4.711625622924826 -4.23628533098925 -4.957260033826344 -4.185463834913968 -4.433545207771212 -4.289281847085503 -4.703804661233921 -4.6520820452343585 -4.297564186385692 -3.8562443665797117
50
 -4.241522875127343 -3.505787955381217 -4.099009166245416 -4.166126087275806 -4.103024718600412 -4.246287436718483 -4.061678510731261 -4.492835629247532 -4.578243533995779 -4.942422158895691 -4.357362942504621 -4.3223148812114385 -4.299011708191116 -5.035067370276695 -4.661051576931198 -4.306859861490994 -4.38918543404975 -3.8969996188392293 -4.652993912055592 -4.371169922389133 -4.6172032638786575 -4.167059065498243 -3.9988531263042457 -4.600854516987187 -5.013097390662089 -4.298474134624429 -4.61296313733207 -4.24211791707487 -4.397577033975211 -4.590883291271477 -4.491079015160865 -4.126871145503562 -4.73864266548231 -4.509183983937756 -4.460735318122411 -4.482081062392296 -4.389180156224083 -5.322951509554293 -4.4925483039595 -3.946386463236311 -4.2530872481178275 -4.092606661576214 -4.607630841025246 -4.614248975134305 -4.590043503133488 -4.315223452008807 -4.19875036980805 -4.159115945850206 -4.899297205039665 -4.590154542673453
50
 -4.6750537615440715 -4.908918333623958 -5.01145904079897 -3.8611143375266836 -4.1996692979524335 -4.290649906176207 -4.007822047063622 -4.4755448391470685 -5.102661540367704 -4.830688046335622 -4.1842591307524515 -4.468944444780271 -4.844125935680022 -5.158253515834963 -4.034191173641411 -4.667976532943752 -4.490070597796685 -4.373843771701507 -4.5318996250954715 -4.885220921692042 -4.777915044761572 -4.441068150498422 -4.5088663376032905 -4.350128266799385 -3.6835627911007793 -4.225344976088246 -4.734390959265185 -4.001599769488224 -4.155391043663891 -4.541587499627029 -4.440295200458963 -4.385736698764078 -4.81722294031732 -4.576628803675153 -4.652165769727033 -4.417220515541653 -4.316099563092543 -4.562631448751047 -4.60120521818906 -4.737247294950935 -4.558500915635068 -4.6408744682679135 -4.263155103912171 -5.36949446797606 -4.295456351879033 -4.682037128476538 -4.304521167581252 -4.1413735741503555 -4.091550321317499 -4.957549975031912
50
 -4.52737450181794 -4.130850595640493 -4.395209530934871 -4.021191435163344 -4.386870901755572 -4.399079043774679 -4.546448127705405 -4.681031045461127 -4.823513738661242 -4.827001556232364 -4.571670963305847 -4.566229260033606 -4.207999159466193 -4.756849812393935 -4.380761322431325 -4.345110326346176 -4.435511646848222 -4.2927259286721675 -3.80955202121871 -4.3732121810985465 -4.682754643661099 -5.113083060453284 -4.386756266267844 -4.421013813917878 -4.415719234101474 -4.419754950284734 -4.625869779695879 -4.410767991495803 -4.703957873958942 -4.600930024463999 -4.390266692068707 -4.464610547714531 -4.285479007435428 -4.244644320933868 -4.3039375775003155 -4.561668499406876 -4.182374828048361 -4.349356079375827 -4.795904458825193 -4.765404887109662 -4.270503773429678 -4.3111094342711755 -4.27196751316501 -4.197974013022431 -4.180108304796575 -4.507689981467157 -4.635046603421648 -4.7003354444564645 -4.625929402739338 -4.356757956944455
SAGA
4
50
 -4.269930940420957 -5.064977415476802 -4.454400620742831 -4.271570652255098 -5.1803709699622305 -5.168820797358026 -5.814733447938492 -5.0343071626816 -5.444003903923651 -4.725148476041962 -5.728415243747087 -6.054109138688442 -5.578874004943075 -5.665499298171164 -5.571138000523689 -5.737391805058206 -6.339355399264371 -6.5011143056264205 -6.109637807108702 -7.0487851127583685 -7.113130806140739 -7.127973975775729 -6.778568211771394 -6.989552040449727 -6.742983692183716 -6.760241409452389 -6.570121524590517 -7.798953253664833 -7.211613201159744 -6.957191896516296 -7.278519599268687 -7.271567621813517 -7.622812415464349 -8.510130564181354 -8.144292157379246 -8.84014354539093 -8.00493708258668 -9.150249694594908 -8.81341450277901 -8.314788934329508 -8.81036024337206 -9.291273663495458 -7.126291213637525 -9.055870974646064 -9.087061914390803 -9.385482433177689 -9.592824094215954 -9.592452120130146 -9.597203122734916 -9.031754679249227
50
 -4.55319018844445 -4.429745182431865 -5.328001032165728 -5.052802685203279 -4.521953502918659 -4.864243198120337 -5.266982610770678 -4.963191777904408 -5.724239684346148 -5.2881499750894685 -5.438889634636177 -5.482907139227068 -5.678783857576761 -5.518451461980021 -6.102791684184714 -6.204943259100601 -5.855219598331875 -6.210035074835059 -5.921448713947961 -6.268631953166058 -6.55722869475528 -6.634820290215441 -7.395172030902788 -6.915182827840827 -6.8101983298345505 -6.353480440776448 -6.801934378652833 -7.1169201643220985 -7.30747725346233 -7.246848396558371 -7.2509292517725275 -8.275137615232017 -8.125465663899693 -7.458836474445616 -7.796681049218702 -8.365020946410587 -7.216509513030029 -8.224751668257506 -9.009895726654397 -8.748171196442057 -8.852425752249312 -7.164892241809204 -9.043292551235442 -9.288653226585735 -8.774848003365967 -8.8780349886199 -7.747600575275033 -9.454680934461063 -9.839708839182297 -9.457341010053995
50
 -4.524482337418547 -4.56417298259613 -4.047742812211228 -4.583779026641393 -5.070211438227038 -5.093433955447042 -5.746067504486529 -4.935732932987573 -5.601430341524142 -5.593708759241138 -5.639703780404853 -5.342103729007649 -5.5910327782524005 -5.797229040677118 -5.637860015081129 -5.747051776872193 -5.5730957855581975 -5.953949533298424 -6.321066514331161 -7.269697978280559 -6.642173998437275 -6.724920191332475 -6.626904261541513 -6.808538140015896 -6.958712536142728 -7.376236383306565 -7.4761493637298795 -7.2852087778875205 -7.340155744361942 -7.212371473757114 -7.4530102969580225 -7.378675282018884 -7.592730615868407 -7.918075514317765 -7.946063129780978 -8.364965246687387 -8.339672181038852 -9.234122192777852 -8.777991962429223 -8.633370089318678 -8.507355242065604 -8.594780298551536 -8.805567219565882 -8.241620937630316 -9.389795158651356 -8.891803851382637 -9.915401756843586 -9.722546938273416 -8.798800212833045 -9.75395586822172
50
 -3.9157317829652807 -4.963043728339114 -4.808436137405631 -5.0055002156125274 -5.044714358907133 -5.077039791357058 -5.497932522771225 -5.2022008322782884 -5.172837706755505 -4.624524587548574 -4.853096107415919 -5.955391600466215 -5.60058498936958 -5.6659772478537676 -5.245753378480219 -5.733845148027628 -5.621991263611709 -5.523141694992518 -6.621951679828641 -6.998380018029519 -6.3352578920251625 -6.54615329467315 -6.294164962317936 -6.722837766188123 -6.76992831614435 -7.151236440504891 -7.980437901286645 -6.45485184656733 -7.438780732807072 -8.0492073840628 -7.314847452771068 -7.022476199105884 -8.17796958803601 -7.878460921820601 -7.785431122613319 -9.166653654389274 -7.202520018462948 -7.97150306136629 -8.090380581326409 -8.636302030078976 -8.448645650219662 -8.558444550253833 -8.993756701810721 -9.240989959908243 -9.135444325063743 -9.192403084924313 -9.244212898255748 -9.750804013326846 -9.580282070345948 -8.832763754540142
StreamingSVRG
4
50
 -4.353090675456102 -4.792490587335543 -5.404018253773669 -4.583836754005006 -5.018301379325109 -4.870570755029532 -5.153840875883771 -4.778121275098112 -5.140979522425008 -4.3494365827581705 -5.0326764896467475 -4.715149222861116 -4.520390473247496 -4.979140856475206 -5.196289926961258 -4.875987489556383 -5.134617438584714 -5.012667197218511 -4.402082174458948 -4.769058986002667 -4.221265780889416 -5.592467579436411 -4.988641365647821 -5.703361623319074 -4.754327730467639 -4.645322829675758 -4.756292757075586 -4.743550165898248 -5.161489039165452 -5.203427730973307 -5.203427730973307 -5.012814099547275 -5.274468541075297 -5.189312255355045 -5.127592230665573 -5.478201565291776 -5.017401051581607 -5.6796196315529315 -5.72595764701877 -5.341248770360784 -5.145250490165894 -5.104772465248453 -5.041699293543614 -5.40953500024841 -4.622765491571566 -5.048504023582819 -5.57203522644298 -5.321663970447714 -4.946640459392171 -5.490098188347089
50
 -4.394776262503513 -4.6934646594764535 -5.028348987857612 -5.295219572144749 -5.069748401304927 -4.5091963351263775 -4.6147397219794195 -4.854749308761909 -5.105366023787586 -5.014946940548911 -5.356822824426997 -5.060505319627838 -4.27897457374827 -5.460126269033355 -5.460126269033355 -5.085037096121039 -5.532427006178628 -5.5440625286920895 -5.535675826704705 -5.141588326808588 -5.4177220603553335 -5.020616218521783 -5.032371219289143 -5.626272831673326 -5.508727513534648 -5.329219618993268 -5.185771038173982 -5.222259309656387 -4.529852623673017 -5.56763379852228 -4.5837178072938025 -5.637842338166411 -5.3484556732768995 -5.6135589895925415 -4.443497256485678 -5.349819618494647 -4.958712858783382 -4.995381330125171 -4.979573506137207 -4.990998638877796 -5.336746841952063 -5.6808108215539495 -5.302000651567205 -5.289810600060665 -5.3839224328099435 -5.372825914856443 -5.792511450730226 -5.671654633962184 -5.031386296646006 -5.276048854713579
50
 -4.246468611633793 -4.787816484128939 -4.949341058830591 -4.494775495518157 -4.974279362997876 -4.824036173858731 -4.578920543425846 -4.887093902379349 -5.2039827389894455 -5.520453566505985 -5.042406866351208 -5.411808367489424 -5.056487779010391 -5.659619031960466 -4.926533061117803 -5.074989412572415 -5.0769651310084845 -5.318888223423556 -4.697163055860953 -5.021080003866586 -4.97886534327247 -5.5002302568986465 -5.261035951289236 -5.436005559550426 -4.880783101690067 -4.955622364619644 -4.951440951351923 -5.352013095968421 -5.024260876437165 -5.279526121253821 -5.171509299482815 -4.49703047859073 -5.312090099622029 -5.195803796440459 -4.935689256445986 -5.3589901010733465 -5.421598170715809 -5.270760733841847 -5.026880227845958 -5.392608960932 -5.0503511641253 -4.884629084358341 -4.747367032662264 -4.79501206917944 -4.574678598436081 -5.064895557487922 -4.714401869674619 -4.8287031643677985 -4.841841498205328 -4.970803452234442
50
 -4.478735909560376 -4.5771680699414725 -4.593523065653288 -4.659908026564198 -4.442804256358749 -5.491959786316683 -5.746651964108528 -4.827269946490786 -5.104769744523349 -4.619079011547763 -5.0557834554100936 -4.994883443458241 -4.933468178575 -5.134369140770606 -5.230155411557661 -4.538837983759048 -4.786397449138103 -4.958650849790614 -4.752152219404033 -4.501213299334076 -4.730628327768221 -5.720846424222112 -4.451072184348646 -4.830519149029851 -4.51336338788631 -5.101457618448182 -5.6915491614520874 -5.133956150962916 -4.530034629403012 -5.279848391510786 -5.057379396754875 -4.762897282411751 -4.958496764396753 -4.229316606354734 -5.100031450821496 -5.339042187755196 -4.793427898987439 -5.060700976385932 -5.188463758204362 -4.6158240441136495 -5.317918506768206 -5.173570702630458 -5.459536537727855 -5.17058236137776 -5.095326774360103 -5.599303284080728 -5.297212010662371 -5.141660652860193 -4.54618665887553 -4.768854009970288
ADAPTSAGA
4
50
 -0.14547728301460408 -1.7839620820753652 -3.43369320722182 -3.9973836329648424 -4.864358162769643 -5.156987284611857 -5.990985524405 -6.1306563419826565 -5.6154173961549585 -6.732025294367524 -7.084095994099074 -7.398209644080671 -7.418386480982578 -7.251624538631428 -7.574525173728835 -7.665051231079206 -8.045621680504903 -7.675246062874506 -8.25376974482717 -8.100938684768852 -9.851003046085767 -10.244079211411234 -10.428206987803406 -10.694534214884529 -10.575984866086934 -10.849737785101865 -10.743567710200152 -11.39082261221269 -11.592755051119296 -11.670742664582713 -11.612229951313882 -11.18731452321132 -11.108188933611315 -12.283263749333475 -12.279970539404314 -12.898519789200291 -12.84907093910624 -12.005847969567572 -13.762092485905807 -13.248184014033765 -13.258628419672364 -13.407014387110076 -13.5865421730144 -13.746590063846655 -14.090603657978498 -13.438440429499991 -14.314355746493648 -13.288883921280034 -14.135481660518444 -14.545791158314746
50
 -1.1884291765782578 -2.9137911655151547 -4.070572597103017 -4.711111325649195 -4.6924128900204645 -5.5403408555117934 -6.278192561459268 -6.1755497523250105 -6.189189298799779 -6.9150420960209384 -6.8998200459249315 -7.170623757077257 -7.019496192058847 -7.224328423934598 -7.378576042525785 -7.605161875006912 -7.663456898826255 -7.453697274589612 -8.105027349193492 -7.96261498597536 -9.825078123459415 -9.957555444781226 -9.848208465765333 -10.700606767121027 -11.33520481474398 -11.27379024064724 -11.53695583676994 -11.559686827070108 -12.440002719706335 -11.989254925680479 -12.297318666762207 -12.14284579791219 -12.210131984053264 -12.359203966450108 -12.665655770496144 -13.371028552868738 -12.999833170454206 -12.723599581598494 -12.531613490693783 -13.642529862577105 -12.335478654896283 -13.09474126702977 -14.104219364377407 -14.29223827858031 -14.291583397104928 -14.08611330840138 -14.852245763785639 -14.33608858707426 -14.486073907739629 -15.39321116994836
50
 0.4468111325484787 -2.4128216193449408 -3.5717386367299104 -3.8170187825983133 -4.6773173836893935 -5.572480093660876 -5.698674771056016 -5.853458114415066 -5.374762812615946 -6.518091518141223 -6.701071307345604 -7.165015206362716 -6.837645861169928 -7.099244374229947 -7.215780846341359 -7.364212130715549 -7.961132705300754 -7.511249539449891 -7.671108092679673 -7.765023172824071 -9.554613507701259 -10.249243135842184 -9.273874562252967 -9.600799804024081 -9.862988405373505 -10.669246796850766 -10.37684380854973 -10.574640598096996 -10.332143753200695 -10.898148465739856 -10.910520134896913 -11.465110062656022 -11.233286208676402 -11.178176781405476 -11.811040406432278 -11.577813293255675 -11.551297612853258 -11.630028463352188 -12.375854846927636 -12.630211612210704 -12.559791260164411 -11.219521301407765 -12.576832551716686 -13.227389321891657 -10.308087269000863 -12.76934528661381 -13.285555287495479 -13.220862939162293 -13.814744011198936 -13.975690508730153
50
 -1.5064706392099463 -2.9537628062163366 -4.195187083472086 -4.4791179515246435 -5.116411877453355 -5.3251317247074255 -6.274191853808431 -5.9846492649370004 -5.975934948696925 -6.804804870989021 -6.872524568739221 -7.110661984834457 -7.402922126306419 -7.392581099332433 -7.614095017805454 -7.519086495425605 -7.475762760570374 -7.817940411945182 -8.303535041349484 -7.890043477146427 -10.124003078713153 -10.646544650650457 -10.61017633896094 -10.953173995075632 -11.016133685285915 -11.276578606078274 -11.594566322068882 -12.00233820151004 -11.482622008143487 -11.435196521956026 -12.01080009474081 -12.433649057126065 -12.18402764968753 -12.562813599854094 -12.94389624973312 -12.645732500375887 -12.940029266580673 -13.584786826693666 -13.365843283575458 -13.538625271665163 -13.793031111873448 -13.448737222684235 -13.391501970785972 -13.876576905028767 -13.820890705418414 -13.491353804865831 -14.690885770542595 -14.21340510117525 -14.719619040463945 -14.528207286776025
steps
4
50
 1000 2000 3000 4000 5000 6000 7000 8000 9000 10000 11000 12000 13000 14000 15000 16000 17000 18000 19000 20000 21000 22000 23000 24000 25000 26000 27000 28000 29000 30000 31000 32000 33000 34000 35000 36000 37000 38000 39000 40000 41000 42000 43000 44000 45000 46000 47000 48000 49000 50000
50
 1000 2000 3000 4000 5000 6000 7000 8000 9000 10000 11000 12000 13000 14000 15000 16000 17000 18000 19000 20000 21000 22000 23000 24000 25000 26000 27000 28000 29000 30000 31000 32000 33000 34000 35000 36000 37000 38000 39000 40000 41000 42000 43000 44000 45000 46000 47000 48000 49000 50000
50
 1000 2000 3000 4000 5000 6000 7000 8000 9000 10000 11000 12000 13000 14000 15000 16000 17000 18000 19000 20000 21000 22000 23000 24000 25000 26000 27000 28000 29000 30000 31000 32000 33000 34000 35000 36000 37000 38000 39000 40000 41000 42000 43000 44000 45000 46000 47000 48000 49000 50000
50
 1000 2000 3000 4000 5000 6000 7000 8000 9000 10000 11000 12000 13000 14000 15000 16000 17000 18000 19000 20000 21000 22000 23000 24000 25000 26000 27000 28000 29000 30000 31000 32000 33000 34000 35000 36000 37000 38000 39000 40000 41000 42000 43000 44000 45000 46000 47000 48000 49000 50000
