21
c:1.25
1
27
 0.37025868188021843 0.09456550584764883 0.06194154098562604 0.055367859078766346 0.05402323949336291 0.0481861077906906 0.044826512361183735 0.03945798269787848 0.03176279319982639 0.024477203437579476 0.0177708802814735 0.01236432807928961 0.009390793737327263 0.007788787206637338 0.0063491689613167646 0.006279490485430805 0.005604596991188593 0.0047811747739281985 0.00393265072623844 0.0027083426101532915 0.0020140389213990084 0.0010386942327977322 6.273779261182777E-4 2.0391010008874444E-4 1.7617511371970096E-7 1.3836154444391013E-12 1.27675647831893E-15
steps1
1
27
 0.0 0.012592137592137592 0.025184275184275184 0.03777641277641278 0.05350805350805351 0.07316407316407317 0.09773409773409773 0.12844662844662844 0.16683729183729185 0.21481708981708983 0.2747747747747748 0.3497133497133497 0.44338656838656837 0.5604695604695604 0.7067977067977068 0.8897078897078897 1.1183456183456184 1.4041427791427792 1.7613636363636365 2.207889707889708 2.766038766038766 3.4637250887250888 4.335824460824461 5.335824460824461 6.335824460824461 7.335824460824461 8.33582446082446
time2
1
27
 0.0 0.038 0.076 0.11 0.14400000000000002 0.191 0.242 0.306 0.412 0.518 0.645 0.796 0.9830000000000001 1.2630000000000001 1.562 1.919 2.41 2.996 3.7 4.605 5.766 7.167 8.968 11.201 13.812000000000001 16.359 18.937
c:1.5
1
18
 0.37025868188021843 0.08676267238820268 0.06523661671413433 0.06659085160234807 0.06731405362898413 0.03439038279819706 0.019645788725836555 0.016858264971902792 0.014997898916355556 0.00885399473368692 0.007346072985771834 0.005703084478397957 0.0028413273696144548 0.001967550593300893 5.972344482778613E-4 1.2401234248393678E-6 5.74759684290882E-11 1.0E-14
steps4
1
18
 0.0 0.012592137592137592 0.025184275184275184 0.03777641277641278 0.05664755664755665 0.08493720993720993 0.12735462735462735 0.19096369096369095 0.2863772863772864 0.4294976794976795 0.6441782691782691 0.9661820911820912 1.4491878241878242 2.173696423696424 3.173696423696424 4.173696423696423 5.173696423696423 6.173696423696423
time5
1
18
 0.0 0.037 0.074 0.108 0.14100000000000001 0.189 0.261 0.368 0.531 0.769 1.187 1.713 2.535 3.7760000000000002 5.621 8.139 10.643999999999998 13.144999999999998
c:2.0
1
14
 0.37025868188021843 0.09771876014949732 0.08291782887546573 0.08891454867255599 0.09186253015522333 0.03030483541025164 0.015425164109509282 0.00922316890135838 0.004565466328362078 0.0019731726813151385 3.3345775517690246E-4 7.738045744720701E-7 4.5061288034276004E-11 1.887379141862766E-15
steps7
1
14
 0.0 0.012592137592137592 0.025184275184275184 0.03777641277641278 0.06296068796068796 0.11332923832923833 0.21406633906633907 0.4155405405405405 0.8184889434889435 1.6243857493857494 2.624385749385749 3.624385749385749 4.624385749385749 5.624385749385749
time8
1
14
 0.0 0.037 0.073 0.133 0.166 0.231 0.364 0.612 1.104 2.1189999999999998 4.154 6.659 9.186 11.701
c:3.0
1
12
 0.37025868188021843 0.07777039688983334 0.05401322631243333 0.05401322631243344 0.05401322631243344 0.021284717662714392 0.008372755160436507 0.002572081355979139 3.2327178404900625E-5 3.144337840099709E-8 1.0097478408965799E-13 5.551115123125783E-17
steps10
1
12
 0.0 0.012592137592137592 0.025184275184275184 0.03777641277641278 0.07555282555282555 0.18888206388206388 0.5288697788697788 1.528869778869779 2.5288697788697787 3.5288697788697787 4.528869778869779 5.528869778869779
time11
1
12
 0.0 0.036 0.072 0.156 0.22999999999999998 0.32899999999999996 0.608 1.472 3.973 6.4719999999999995 9.012 11.515
c:5.0
1
11
 0.37025868188021843 0.08274142336863965 0.058746584851823214 0.05688022987683006 0.056450832233738146 0.01636850414878127 0.003929035563866978 4.791680166238432E-5 4.6202692838281934E-8 1.8557377856609492E-13 9.992007221626409E-16
steps13
1
11
 0.0 0.012592137592137592 0.025184275184275184 0.03777641277641278 0.10073710073710074 0.4155405405405405 1.4155405405405406 2.4155405405405403 3.4155405405405403 4.41554054054054 5.41554054054054
time14
1
11
 0.0 0.036 0.073 0.106 0.139 0.29400000000000004 1.1 3.604 6.109 8.635 11.152
c:9.0
1
10
 0.37025868188021843 0.07994806691687523 0.047478012232021194 0.04224521260813746 0.04249851214182565 0.010666489529299938 2.4326904879123923E-4 8.606948251332902E-7 3.68102215375643E-11 2.4424906541753444E-15
steps16
1
10
 0.0 0.012592137592137592 0.025184275184275184 0.03777641277641278 0.1511056511056511 1.151105651105651 2.151105651105651 3.151105651105651 4.151105651105651 5.151105651105651
time17
1
10
 0.0 0.037 0.074 0.107 0.14 0.42000000000000004 2.924 5.454 7.97 10.491999999999999
c:17.0
1
10
 0.37025868188021843 0.08773449418066664 0.05808558036163991 0.05431807247479803 0.05339567310430954 0.009070061320889056 2.9289195682252744E-4 1.2322865901581714E-6 7.171568894293046E-11 3.6637359812630166E-15
steps19
1
10
 0.0 0.012592137592137592 0.025184275184275184 0.03777641277641278 0.25184275184275184 1.2518427518427517 2.251842751842752 3.251842751842752 4.2518427518427515 5.2518427518427515
time20
1
10
 0.0 0.037 0.074 0.108 0.14200000000000002 0.7010000000000001 3.216 5.737 8.259 10.857
