8
dyna-reg-lbfgs
1
39
 31.268583655294222 27.521002907709185 13.709440756221586 7.495081530538902 4.190707799326748 1.9576344016897829 0.8282909892337402 0.8339562148657156 0.5702258820702795 0.47388833839151906 0.49899478952329884 0.22062461704821895 0.1894272322171761 0.21097803702263912 0.1142949301341728 0.08700074646087735 0.04037147656430562 0.03277312106837993 0.015911540702074622 0.011843728407910648 0.009308484303402698 0.0065377288902263575 0.00435442077104653 0.0035366597266607847 0.002935238165284293 0.002591112444859933 0.0022636634118071153 0.0019416383852191577 0.0016857766256119788 0.0014406926311842372 0.0012974603815772423 0.0012160770937650334 0.0011614038320459374 0.0011120209014818805 0.0010051805137195613 8.513981863101927E-4 7.016550650627007E-4 5.64287326670132E-4 4.8107203301595014E-4
steps1
1
39
 0.0 0.012592137592137592 0.025184275184275184 0.03777641277641278 0.05036855036855037 0.06296068796068796 0.07555282555282555 0.08814496314496315 0.10073710073710074 0.11332923832923833 0.12592137592137592 0.13851351351351351 0.1511056511056511 0.1636977886977887 0.18888206388206388 0.23925061425061425 0.33998771498771496 0.5414619164619164 0.9444103194103194 1.7503071253071254 2.7503071253071254 3.7503071253071254 4.750307125307125 5.750307125307125 6.750307125307125 7.750307125307125 8.750307125307126 9.750307125307126 10.750307125307126 11.750307125307126 12.750307125307126 13.750307125307126 14.750307125307126 15.750307125307126 16.750307125307124 17.750307125307124 18.750307125307124 19.750307125307124 20.750307125307124
static-lbfgs
1
22
 31.268583655294222 27.667818626281303 16.152003116151917 9.410651768764637 3.3693470099808036 2.214784663732764 1.7435093573821594 0.6089706892735769 0.4968283661102369 0.4119615971706791 0.3903521214255337 0.2987414708699518 0.23853262741686326 0.18096456571382263 0.15289119728393036 0.1142186651670703 0.06795982135332451 0.0540989009984259 0.04136138402474343 0.03858354029999145 0.036961171407771554 0.034075622451301135
steps3
1
22
 0.0 1.0 2.0 3.0 4.0 5.0 6.0 7.0 8.0 9.0 10.0 11.0 12.0 13.0 14.0 15.0 16.0 17.0 18.0 19.0 20.0 21.0
newton-dyna-reg
1
39
 31.268583655294222 18.391044330426983 13.126387792962369 9.47466949702947 4.303915845747195 2.684023463268739 1.350722212941982 1.0547789424897618 0.4751729038831776 0.3819501533167679 0.2203412544759023 0.10023482341404455 0.06380678194233713 0.0548846728929811 0.03043881475715382 0.01890052485183874 0.010283588586406545 0.004653636496333047 0.0022849413314838807 4.943226625954145E-4 6.179954795126896E-7 7.485623232383887E-12 3.4416913763379853E-15 -1.3322676295501878E-15 -1.3322676295501878E-15 -1.3322676295501878E-15 -1.3877787807814457E-15 -1.3877787807814457E-15 -1.3877787807814457E-15 -1.3877787807814457E-15 -1.3877787807814457E-15 -1.3877787807814457E-15 -1.3877787807814457E-15 -1.3877787807814457E-15 -1.3877787807814457E-15 -1.3877787807814457E-15 -1.3877787807814457E-15 -1.3877787807814457E-15 -1.3877787807814457E-15
steps5
1
39
 0.0 0.012592137592137592 0.025184275184275184 0.03777641277641278 0.05036855036855037 0.06296068796068796 0.07555282555282555 0.08814496314496315 0.10073710073710074 0.11332923832923833 0.12592137592137592 0.13851351351351351 0.1511056511056511 0.1636977886977887 0.18888206388206388 0.23925061425061425 0.33998771498771496 0.5414619164619164 0.9444103194103194 1.7503071253071254 2.7503071253071254 3.7503071253071254 4.750307125307125 5.750307125307125 6.750307125307125 7.750307125307125 8.750307125307126 9.750307125307126 10.750307125307126 11.750307125307126 12.750307125307126 13.750307125307126 14.750307125307126 15.750307125307126 16.750307125307124 17.750307125307124 18.750307125307124 19.750307125307124 20.750307125307124
newton-static
1
22
 31.268583655294222 15.057394052492578 10.171310736642083 6.922531399247943 4.532815912846493 3.8391921718015003 2.3525700937374636 1.675412212947762 0.8826579389696307 0.5268960496753954 0.3179069700486569 0.27740502256088945 0.19824068728355065 0.11573635967392515 0.08306748855634721 0.034002520239320044 0.003268022091667211 1.0667204829267751E-4 7.914288093213706E-7 8.741796175826266E-11 5.88418203051333E-15 -8.326672684688674E-16
steps7
1
22
 0.0 1.0 2.0 3.0 4.0 5.0 6.0 7.0 8.0 9.0 10.0 11.0 12.0 13.0 14.0 15.0 16.0 17.0 18.0 19.0 20.0 21.0
