12
c:1.25
1
17
 0.37025868188021843 0.09500054442196443 0.07197296994500446 0.07352816761002234 0.07066685115590193 0.060928805897703386 0.05071125118300174 0.04312271681425839 0.030151701979618972 0.022962829546035568 0.016758874316115446 0.007936103930369975 0.00381752234727456 9.002330844404827E-4 4.257906591642602E-6 1.2088867684667548E-9 2.7200464103316335E-15
steps1
1
17
 0.0 0.008394758394758395 0.01678951678951679 0.026412776412776413 0.03671853671853672 0.049174174174174176 0.06422331422331422 0.08572208572208573 0.12035899535899536 0.1761875511875512 0.30180180180180183 0.5844253344253344 1.2203112203112203 2.2203112203112205 3.2203112203112205 4.2203112203112205 5.2203112203112205
time2
1
17
 0.0 0.358 0.71 0.7689999999999999 0.8099999999999999 0.851 0.901 0.9590000000000001 1.0370000000000001 1.1550000000000002 1.4010000000000002 1.7770000000000001 2.8 4.8759999999999994 7.678999999999999 10.774999999999999 13.883999999999999
c:1.5
1
17
 0.37025868188021843 0.09229132319736899 0.0661002227933995 0.06310056381995499 0.06152283776107642 0.06114293029792467 0.05890893233873207 0.05352989427964516 0.046576040885853154 0.036639442324822635 0.02191046134481106 0.012549270380738275 0.005029132770522249 0.0014626321536084785 8.123973005313978E-6 3.406646686965331E-9 3.1086244689504383E-15
steps4
1
17
 0.0 0.008394758394758395 0.01678951678951679 0.02665165165165165 0.040062790062790066 0.05582855582855583 0.07251569751569752 0.09340021840021841 0.125 0.17284329784329786 0.2558353808353808 0.46331558831558833 0.982016107016107 1.982016107016107 2.982016107016107 3.982016107016107 4.982016107016107
time5
1
17
 0.0 0.336 0.7290000000000001 0.7710000000000001 0.8150000000000002 0.8750000000000002 0.9710000000000002 1.0660000000000003 1.1480000000000004 1.2680000000000002 1.4440000000000002 1.7600000000000002 2.4720000000000004 4.2090000000000005 6.9750000000000005 10.081 13.216
c:2.0
1
18
 0.37025868188021843 0.09187537619419295 0.07310873818166486 0.07820150903264211 0.07526962585501018 0.0519144577375682 0.04331294344079528 0.03969666672919414 0.031838308369506796 0.02997721871797182 0.031123449083440446 0.02014258372809441 0.007078620517806 0.003133717125008484 1.5904836879715445E-4 5.673610610212876E-7 3.691746908174309E-11 1.4432899320127035E-15
steps7
1
18
 0.0 0.008394758394758395 0.01678951678951679 0.02613977613977614 0.03767403767403767 0.0519041769041769 0.06726044226044225 0.08776958776958776 0.11162298662298663 0.14346164346164347 0.19714032214032215 0.3034056784056784 0.6222017472017473 1.5785899535899537 2.5785899535899537 3.5785899535899537 4.578589953589954 5.578589953589954
time8
1
18
 0.0 0.356 0.747 0.79 0.8340000000000001 0.8860000000000001 0.9540000000000002 1.0210000000000001 1.112 1.2570000000000001 1.431 1.635 2.095 3.2220000000000004 6.287000000000001 9.064 12.248000000000001 15.369000000000002
c:3.0
1
17
 0.37025868188021843 0.08416829399936021 0.06009847735872409 0.060435153114005935 0.04743495705355005 0.04666227497109732 0.03790642343985179 0.03659503943813619 0.028065503721332763 0.03148463373039023 0.024234864791796762 0.011745664107196241 0.0022794894347140104 2.2353444079137308E-5 2.0966136937694557E-8 6.600275881396556E-14 0.0
steps10
1
17
 0.0 0.008394758394758395 0.01678951678951679 0.02661752661752662 0.03726453726453727 0.048798798798798795 0.06231231231231231 0.08056920556920556 0.10524160524160524 0.1386158886158886 0.22102784602784603 0.5506756756756757 1.5506756756756757 2.550675675675676 3.550675675675676 4.550675675675675 5.550675675675675
time11
1
17
 0.0 0.327 0.6719999999999999 0.7519999999999999 0.8099999999999999 0.8739999999999999 0.9409999999999998 1.019 1.128 1.315 1.47 1.759 3.038 5.875 9.100999999999999 12.277 15.599
