18
newton-static
1
20
 31.268583655294226 15.057394052492578 10.171310736642083 6.922531399247945 4.532815912846495 3.8391921718015016 2.352570093737465 1.675412212947763 0.8826579389696319 0.5268960496753967 0.31790697004865814 0.27740502256089067 0.19824068728355188 0.11573635967392637 0.08306748855634843 0.034002520239321266 0.003268022091668432 1.0667204829389876E-4 7.914288105426159E-7 8.741918300358975E-11
steps1
1
20
 0.0 1.0 2.0 3.0 4.0 5.0 6.0 7.0 8.0 9.0 10.0 11.0 12.0 13.0 14.0 15.0 16.0 17.0 18.0 19.0
time2
1
20
 0.0 3.943 7.67 11.271 14.787 18.286 21.816000000000003 25.067000000000004 28.299000000000003 31.599000000000004 34.649 37.966 41.099000000000004 44.467000000000006 47.486000000000004 50.645 53.655 56.688 59.703 62.757000000000005
newton-dyna-reg
1
22
 31.268583655294226 19.267728041950278 5.398067084103472 3.2779759389354584 2.8928073408190915 1.2983478260074452 1.074533554380143 0.5950383524417022 0.4773739629398616 0.23792281879516924 0.0894611883373353 0.05048193511339483 0.046686376134385255 0.046686376134385255 0.028044919764706133 0.018194614759065197 0.012450368837820136 0.004671938198441583 0.001982828064198361 3.1313763500911973E-4 5.18906019597587E-7 1.1818213074832329E-11
steps4
1
22
 0.0 0.012592137592137592 0.025184275184275184 0.03777641277641278 0.05036855036855037 0.06296068796068796 0.07555282555282555 0.08814496314496315 0.10073710073710074 0.11332923832923833 0.12592137592137592 0.13851351351351351 0.1511056511056511 0.1762899262899263 0.22665847665847666 0.3273955773955774 0.5288697788697788 0.9318181818181818 1.7377149877149878 2.7377149877149876 3.7377149877149876 4.737714987714988
time5
1
22
 0.0 0.356 0.602 0.849 1.08 1.368 1.6150000000000002 1.8630000000000002 2.024 2.164 2.2430000000000003 2.321 2.4410000000000003 5.424 5.489000000000001 5.626000000000001 5.899000000000001 6.466000000000001 7.5710000000000015 9.729000000000001 12.424000000000001 15.137
static-lbfgs
1
122
 31.268583655294226 27.667818626281306 16.15200311615192 9.410651768764637 3.369347009980805 2.2147846637327655 1.7435093573821605 0.6089706892735782 0.4968283661102381 0.4119615971706803 0.39035212142553494 0.298741470869953 0.23853262741686448 0.18096456571382386 0.15289119728393158 0.11421866516707152 0.06795982135332573 0.054098900998427124 0.04136138402474465 0.03858354029999267 0.036961171407772775 0.034075622451302356 0.02852843990708065 0.024818868183887344 0.020187526565189018 0.018631163219166302 0.01769602699635131 0.016026118516617505 0.01429399355368316 0.012532133582684901 0.011752334717529234 0.01111262877466973 0.010550814608967063 0.010003580157082415 0.009336176843683208 0.008612506052068147 0.007861861794449865 0.00714598105912323 0.006549187395339939 0.005922535575376531 0.00481220433286389 0.004316119955989961 0.0033653341047165664 0.002908651306682608 0.00229436882454509 0.0016102470019824233 0.0014603351931635755 0.0011779862293356258 0.0011244661471629391 0.0010505438546982715 9.309555334086617E-4 7.584606389016701E-4 6.355997164679827E-4 5.443064005055676E-4 4.86420064660098E-4 4.577121204111245E-4 4.246856413137601E-4 3.9600722807653366E-4 3.5358533198792674E-4 3.1111179622633767E-4 2.6895797035353386E-4 2.2498821780014833E-4 1.9270280905414605E-4 1.5992242294837755E-4 1.3050474584147542E-4 1.1071155490333107E-4 1.0024214078130367E-4 9.019077147903731E-5 8.188761089034102E-5 7.06681484669569E-5 5.154620458802661E-5 4.966845253029373E-5 4.0980549593172544E-5 3.843096852201855E-5 3.280093317648003E-5 2.5194648780979545E-5 1.790735992462933E-5 1.4562625585579081E-5 1.3419809637704727E-5 1.2413027497215623E-5 1.1008318841487785E-5 7.764800908804936E-6 6.274970191233464E-6 5.326070427247309E-6 4.480387998384572E-6 4.084973882823029E-6 2.9946001124381283E-6 2.3367151913422646E-6 1.9445422181352257E-6 1.4297248846495414E-6 8.775186659537582E-7 7.888669807387672E-7 5.997022285986198E-7 5.56203405222E-7 4.986806645956854E-7 3.8542117325457426E-7 2.824646848642587E-7 2.2047817532788727E-7 1.869125287878859E-7 1.6056251028739865E-7 1.3111150082290024E-7 1.0951628953703718E-7 7.732942491900374E-8 7.114936478869183E-8 6.468742808074524E-8 4.96517479353642E-8 4.459813424118053E-8 3.142350712970199E-8 2.8770832050106776E-8 2.5059004704619525E-8 1.9542310603082313E-8 1.1237984820500202E-8 7.4284415285674754E-9 6.483284964442504E-9 6.177535538665069E-9 5.8505353339732835E-9 5.3654776732692255E-9 4.363972849752429E-9 3.893710132096828E-9 3.332884968010319E-9 3.0873295586708593E-9 2.7364279175934314E-9
steps7
1
122
 0.0 1.0 2.0 3.0 4.0 5.0 6.0 7.0 8.0 9.0 10.0 11.0 12.0 13.0 14.0 15.0 16.0 17.0 18.0 19.0 20.0 21.0 22.0 23.0 24.0 25.0 26.0 27.0 28.0 29.0 30.0 31.0 32.0 33.0 34.0 35.0 36.0 37.0 38.0 39.0 40.0 41.0 42.0 43.0 44.0 45.0 46.0 47.0 48.0 49.0 50.0 51.0 52.0 53.0 54.0 55.0 56.0 57.0 58.0 59.0 60.0 61.0 62.0 63.0 64.0 65.0 66.0 67.0 68.0 69.0 70.0 71.0 72.0 73.0 74.0 75.0 76.0 77.0 78.0 79.0 80.0 81.0 82.0 83.0 84.0 85.0 86.0 87.0 88.0 89.0 90.0 91.0 92.0 93.0 94.0 95.0 96.0 97.0 98.0 99.0 100.0 101.0 102.0 103.0 104.0 105.0 106.0 107.0 108.0 109.0 110.0 111.0 112.0 113.0 114.0 115.0 116.0 117.0 118.0 119.0 120.0 121.0
time8
1
122
 0.0 1.37 3.519 4.883 6.853 8.253 9.633 10.994 12.416 13.781 15.122 16.485 17.849999999999998 19.211 20.575 21.939 23.277 24.638 26.0 27.362000000000002 28.727 30.067 31.429000000000002 32.791000000000004 34.157000000000004 35.525000000000006 36.89300000000001 38.23700000000001 39.60200000000001 40.96600000000001 42.330000000000005 43.69500000000001 45.06100000000001 46.39900000000001 47.76100000000001 49.12400000000001 50.48600000000001 51.85300000000001 53.19600000000001 54.561000000000014 55.923000000000016 57.31900000000002 58.683000000000014 60.049000000000014 61.38800000000001 62.750000000000014 64.13500000000002 65.49600000000002 66.86100000000002 68.22700000000002 69.56500000000001 70.92800000000001 72.29400000000001 73.66000000000001 75.02600000000001 76.37 77.735 79.1 80.464 81.83 83.199 84.539 85.903 87.266 88.629 89.997 91.341 92.705 94.069 95.433 96.79700000000001 98.20400000000001 99.546 100.908 102.272 103.634 104.999 106.36399999999999 107.70499999999998 109.06899999999999 110.43699999999998 111.79999999999998 113.16899999999998 114.51099999999998 115.87399999999998 117.23699999999998 118.60099999999998 119.96599999999998 121.33499999999998 122.67599999999997 124.04199999999997 125.44899999999997 126.81799999999997 128.18799999999996 129.55899999999997 130.89699999999996 132.26099999999997 133.62599999999998 134.98999999999998 136.356 137.696 139.07999999999998 140.493 141.856 143.22 144.586 145.92800000000003 147.29200000000003 148.65800000000004 150.02100000000004 151.38700000000006 152.72800000000007 154.09100000000007 155.57000000000008 156.93400000000008 158.2980000000001 159.6630000000001 161.0030000000001 162.3660000000001 163.7750000000001 165.18300000000008 166.5540000000001
dyna-reg-lbfgs
1
147
 31.268583655294226 27.548317880265834 13.763905047006782 7.629824394866925 4.243913773172398 1.9422611106532013 0.8590932558071134 0.713491581620781 0.5980932053932839 0.42296954599459063 0.3326245663106116 0.2701574314544439 0.19560639884464065 0.10991415962900114 0.06619470554665247 0.060303277742709493 0.04460404872659762 0.02840429525593474 0.024150844132882876 0.023040577688938024 0.020536590916087116 0.015938245985066768 0.013088770100968927 0.00875680927201311 0.007498468768984412 0.00566553584920626 0.0041832779836804 0.003252206401347657 0.0030144238533793555 0.0023876327974514666 0.002053501501597388 0.0017404126856924718 0.0013478495526411671 0.0011532041164737383 9.790928029666524E-4 8.522178410578785E-4 7.401858791692417E-4 6.625703580273035E-4 5.71207909075444E-4 4.436033111302473E-4 3.6397706083218795E-4 2.7407245840765926E-4 2.4000345352120922E-4 2.0608702744290275E-4 1.5263826401445968E-4 1.3539281430191563E-4 1.1049778551630585E-4 9.773381759964339E-5 8.008160271089082E-5 6.112723876333659E-5 4.928998300246512E-5 4.397646142040301E-5 4.008907751917867E-5 3.532670994305098E-5 2.6258980850291103E-5 2.4263686193959355E-5 1.9093106919554348E-5 1.7377903025861396E-5 1.5552501878290936E-5 1.2249882687498381E-5 9.931537659269019E-6 8.50586481965232E-6 7.0406295100688965E-6 6.117312000120112E-6 5.492238943749506E-6 4.926960884499287E-6 4.062492493295267E-6 3.5910125834037743E-6 3.1918924424112483E-6 2.775081408279423E-6 2.3959655636729416E-6 2.033109872900951E-6 1.7669990471369523E-6 1.548943159235261E-6 1.3278188729093365E-6 1.0543613442881572E-6 7.878432234931232E-7 6.593287457667962E-7 5.749226374973659E-7 5.327386059517103E-7 4.40217460706549E-7 3.268727321592557E-7 2.7542951186454445E-7 2.1508587144669633E-7 1.934953368643022E-7 1.7431233428899517E-7 1.4771883655173568E-7 1.3551421434998545E-7 1.1275482247885549E-7 1.039486238751941E-7 9.352258301120742E-8 7.676394836453326E-8 5.230845939729889E-8 4.882776483139395E-8 3.6038560469187075E-8 3.358526645680371E-8 2.894847800360978E-8 2.3241290225683997E-8 1.9215254332127785E-8 1.698110063674818E-8 1.4068740727957163E-8 1.188191900425295E-8 9.628150665630386E-9 7.818864722342056E-9 6.965739485220723E-9 5.737797514893117E-9 4.383891083481473E-9 3.66739477675182E-9 2.7974300098598803E-9 2.4013017130286585E-9 1.972902730074111E-9 1.6035476835263296E-9 1.4406841275516058E-9 1.376093961003022E-9 1.3417815192262594E-9 1.281259875973717E-9 1.2194987797364831E-9 1.0444249354257806E-9 9.338653184087775E-10 8.130096040837032E-10 6.773194782816461E-10 6.591351353613106E-10 5.773390654439936E-10 5.660605317814316E-10 5.448138051811213E-10 5.152849813505611E-10 4.5107034774005683E-10 4.307030843087034E-10 3.5827135702604096E-10 3.294652883845117E-10 2.832385992412867E-10 2.749161454040916E-10 2.476150950947442E-10 2.347755878595592E-10 2.180088332082164E-10 1.9355583802393994E-10 1.4938639214534533E-10 1.384454773045718E-10 1.0957762475172217E-10 9.97057436613602E-11 9.086753571807549E-11 8.154965591700147E-11 7.402167767622814E-11 6.596478918652338E-11 6.220429726866428E-11 5.709349659710483E-11 4.664285624400577E-11
steps10
1
147
 0.0 0.012592137592137592 0.025184275184275184 0.03777641277641278 0.05036855036855037 0.06296068796068796 0.07555282555282555 0.08814496314496315 0.10073710073710074 0.11332923832923833 0.12592137592137592 0.13851351351351351 0.1511056511056511 0.1762899262899263 0.20147420147420148 0.22665847665847666 0.27702702702702703 0.3273955773955774 0.37776412776412777 0.4785012285012285 0.5792383292383292 0.6799754299754299 0.8814496314496314 1.0829238329238329 1.2843980343980343 1.6873464373464373 2.0902948402948405 2.4932432432432434 3.2991400491400493 4.105036855036855 4.910933660933661 5.910933660933661 6.910933660933661 7.910933660933661 8.910933660933662 9.910933660933662 10.910933660933662 11.910933660933662 12.910933660933662 13.910933660933662 14.910933660933662 15.910933660933662 16.91093366093366 17.91093366093366 18.91093366093366 19.91093366093366 20.91093366093366 21.91093366093366 22.91093366093366 23.91093366093366 24.91093366093366 25.91093366093366 26.91093366093366 27.91093366093366 28.91093366093366 29.91093366093366 30.91093366093366 31.91093366093366 32.91093366093366 33.91093366093366 34.91093366093366 35.91093366093366 36.91093366093366 37.91093366093366 38.91093366093366 39.91093366093366 40.91093366093366 41.91093366093366 42.91093366093366 43.91093366093366 44.91093366093366 45.91093366093366 46.91093366093366 47.91093366093366 48.91093366093366 49.91093366093366 50.91093366093366 51.91093366093366 52.91093366093366 53.91093366093366 54.91093366093366 55.91093366093366 56.91093366093366 57.91093366093366 58.91093366093366 59.91093366093366 60.91093366093366 61.91093366093366 62.91093366093366 63.91093366093366 64.91093366093367 65.91093366093367 66.91093366093367 67.91093366093367 68.91093366093367 69.91093366093367 70.91093366093367 71.91093366093367 72.91093366093367 73.91093366093367 74.91093366093367 75.91093366093367 76.91093366093367 77.91093366093367 78.91093366093367 79.91093366093367 80.91093366093367 81.91093366093367 82.91093366093367 83.91093366093367 84.91093366093367 85.91093366093367 86.91093366093367 87.91093366093367 88.91093366093367 89.91093366093367 90.91093366093367 91.91093366093367 92.91093366093367 93.91093366093367 94.91093366093367 95.91093366093367 96.91093366093367 97.91093366093367 98.91093366093367 99.91093366093367 100.91093366093367 101.91093366093367 102.91093366093367 103.91093366093367 104.91093366093367 105.91093366093367 106.91093366093367 107.91093366093367 108.91093366093367 109.91093366093367 110.91093366093367 111.91093366093367 112.91093366093367 113.91093366093367 114.91093366093367 115.91093366093367 116.91093366093367 117.91093366093367 118.91093366093367 119.91093366093367 120.91093366093367
time11
1
147
 0.0 0.058 0.41 0.469 0.7509999999999999 0.8299999999999998 0.8879999999999999 0.946 1.005 1.063 1.121 1.18 1.2389999999999999 1.297 1.373 1.449 1.524 1.6340000000000001 1.745 1.8550000000000002 2.032 2.212 2.391 2.709 3.047 3.3600000000000003 3.947 4.535 5.147 6.279 7.43 8.583 10.0 11.391 12.806000000000001 14.22 15.637 17.057000000000002 18.479000000000003 19.870000000000005 21.287000000000006 22.705000000000005 24.121000000000006 25.538000000000007 26.931000000000008 28.367000000000008 29.782000000000007 31.198000000000008 32.61300000000001 34.031000000000006 35.42700000000001 36.846000000000004 38.27 39.688 41.112 42.555 43.952 45.369 46.787 48.202999999999996 49.61899999999999 51.010999999999996 52.425 53.842 55.260999999999996 56.68299999999999 58.099999999999994 59.495 60.910999999999994 62.327999999999996 63.81999999999999 65.238 66.657 68.045 69.45700000000001 70.87 72.284 73.70200000000001 75.09600000000002 76.50700000000002 77.92200000000003 79.33800000000002 80.75600000000003 82.17600000000003 83.56600000000003 84.98500000000003 86.39900000000003 87.81100000000004 89.22600000000004 90.64500000000004 92.03700000000003 93.45700000000004 94.87700000000004 96.29200000000004 97.70800000000004 99.09900000000005 100.51000000000005 101.92300000000004 103.33500000000005 104.74900000000005 106.16300000000005 107.55200000000005 108.96500000000005 110.38000000000005 111.79600000000005 113.21200000000005 114.62900000000005 116.02000000000005 117.43200000000006 118.84500000000006 120.25700000000006 121.67100000000006 123.06100000000006 124.47200000000007 125.88400000000007 127.29600000000008 128.75500000000008 130.17600000000007 131.56700000000006 132.98000000000008 134.39500000000007 135.87000000000006 137.28700000000006 138.70600000000007 140.09700000000007 141.51200000000006 142.92900000000006 144.38600000000005 145.80600000000004 147.20200000000003 148.62100000000004 150.14400000000003 151.55900000000003 152.98100000000002 154.39800000000002 155.78900000000002 157.20000000000002 158.67300000000003 160.08400000000003 161.49900000000002 162.89000000000001 164.30200000000002 165.716 167.131 168.549 169.964 171.355
saga
1
115
 31.268583655294226 0.03203128820945217 0.03532566834527545 0.012883745240717004 0.004817227300713101 0.002708255387936398 0.001754552985458513 0.0015305945326204995 8.721620518631346E-4 6.325916349219085E-4 4.6628351924965505E-4 3.4208434290694534E-4 2.571567977465161E-4 1.949699844197017E-4 1.47588425403411E-4 1.129887448402811E-4 8.682077111116238E-5 6.69456913280908E-5 5.1707958211522076E-5 4.006376471354933E-5 3.11268341521842E-5 2.420458230650846E-5 1.8861651875756724E-5 1.4712984961029463E-5 1.1503719181349403E-5 8.992143682218234E-6 7.036230196988402E-6 5.510223798632641E-6 4.317906016959583E-6 3.385206539252561E-6 2.655343687374412E-6 2.0823209897491424E-6 1.633559316427391E-6 1.2821722311096018E-6 1.0070283583130113E-6 7.90941142025936E-7 6.209484060271109E-7 4.879599082019404E-7 3.833230690641898E-7 3.0113534643660955E-7 2.365659402814302E-7 1.8585308969587544E-7 1.460983952150663E-7 1.1487638662543986E-7 9.028420372425572E-8 7.099007248712041E-8 5.5764136974723044E-8 4.384736096429975E-8 3.4458094932965366E-8 2.710012331208489E-8 2.1311482301111795E-8 1.6757240706155585E-8 1.3175945501320285E-8 1.0362006364061926E-8 8.147553076653935E-9 6.40674457930146E-9 5.037717409894782E-9 3.960941408198693E-9 3.1148813528503183E-9 2.4483131633168398E-9 1.925878456709995E-9 1.5149005383463532E-9 1.1909586095093516E-9 9.361493247261876E-10 7.363981646690831E-10 5.791114809916564E-10 4.554093768760481E-10 3.5822850241729043E-10 2.816305522124196E-10 2.2142543354419786E-10 1.742377353508573E-10 1.3700690582041375E-10 1.0772471803477401E-10 8.471867651849152E-11 6.661582396816357E-11 5.240224920655123E-11 4.121597507733554E-11 3.2422731166548147E-11 2.54967713608778E-11 2.0054846672223903E-11 1.5774159756176687E-11 1.2404410831834412E-11 9.755418695078788E-12 7.677247726434189E-12 6.041833700010102E-12 4.749312054741495E-12 3.7351788328976454E-12 2.940869769929577E-12 2.3129276272015886E-12 1.8164914017404499E-12 1.4335754805472334E-12 1.1272649480531527E-12 8.888445535149003E-13 7.011058400507864E-13 5.502820421554588E-13 4.3537395910675514E-13 3.4161562467716067E-13 2.6922908347160046E-13 2.1721513476791188E-13 1.6797674362578618E-13 1.3555823130673161E-13 1.0957901253050295E-13 8.670841822322473E-14 6.639133687258436E-14 5.467848396278896E-14 4.446443213623752E-14 3.269606807521086E-14 2.6478819137309983E-14 2.4646951146678475E-14 2.098321516541546E-14 1.659783421814609E-14 1.0658141036401503E-14 1.1046719095020308E-14 1.226796442210798E-14 1.1823875212257917E-14
steps13
1
115
 0.0 1.0 2.0 3.0 4.0 5.0 6.0 7.0 8.0 9.0 10.0 11.0 12.0 13.0 14.0 15.0 16.0 17.0 18.0 19.0 20.0 21.0 22.0 23.0 24.0 25.0 26.0 27.0 28.0 29.0 30.0 31.0 32.0 33.0 34.0 35.0 36.0 37.0 38.0 39.0 40.0 41.0 42.0 43.0 44.0 45.0 46.0 47.0 48.0 49.0 50.0 51.0 52.0 53.0 54.0 55.0 56.0 57.0 58.0 59.0 60.0 61.0 62.0 63.0 64.0 65.0 66.0 67.0 68.0 69.0 70.0 71.0 72.0 73.0 74.0 75.0 76.0 77.0 78.0 79.0 80.0 81.0 82.0 83.0 84.0 85.0 86.0 87.0 88.0 89.0 90.0 91.0 92.0 93.0 94.0 95.0 96.0 97.0 98.0 99.0 100.0 101.0 102.0 103.0 104.0 105.0 106.0 107.0 108.0 109.0 110.0 111.0 112.0 113.0 114.0
time14
1
115
 0.0 0.7690000000000005 1.387999999999958 2.264999999999885 2.928999999999812 3.6059999999997374 4.476999999999875 5.1520000000001005 6.036000000000326 6.7070000000005505 7.573000000000777 8.244000000000783 8.924000000000406 9.789000000000037 10.461999999999664 11.33099999999929 12.005999999998917 12.878999999998541 13.551999999998168 14.429999999997792 15.104999999997418 15.986999999997039 16.656999999997833 17.33299999999866 18.199999999999477 18.880000000000308 19.75100000000113 20.42800000000196 21.303000000002786 21.97700000000361 22.850000000004435 23.52400000000526 24.40100000000609 25.075000000006913 25.951000000007742 26.625000000008566 27.306000000009398 28.17400000001022 28.855000000011053 29.726000000011876 30.403000000012703 31.281000000013535 31.960000000014364 32.839000000012916 33.517000000011336 34.39600000000974 35.07100000000817 35.95100000000658 36.62500000000501 37.30600000000342 38.17300000000186 38.85300000000028 39.72399999999871 40.399999999997135 41.271999999995565 41.943999999994 42.816999999992426 43.490999999990855 44.362999999989285 45.03499999998772 45.91399999998613 46.581999999984575 47.257999999983 48.12599999998144 48.80399999997986 49.67799999997828 50.35299999997671 51.23299999997513 51.91099999997355 52.78599999997197 53.45699999997041 54.33899999996881 55.00899999996725 55.684999999965676 56.54999999996412 57.22499999996255 58.098999999960974 58.7729999999594 59.64499999995783 60.31499999995627 61.18999999995469 61.86199999995313 62.53899999995155 63.40199999995 64.07799999994897 64.94999999995218 65.6229999999554 66.49099999995859 67.1619999999618 68.04099999996504 68.71599999996826 69.59799999997152 70.2649999999747 70.94299999997794 71.81199999998114 72.49199999998439 73.3649999999876 74.0359999999908 74.91399999999405 75.58899999999727 76.4640000000005 77.13100000000368 77.80800000000691 78.67600000001012 79.35600000001337 80.22500000001656 80.89800000001978 81.77400000002302 82.45000000002625 83.3280000000295 83.9960000000327 84.67500000003594 85.54600000003916 86.22800000004241 87.10000000004563
nesterov
1
122
 0.370258681880508 0.1998014032052831 0.15863546144332058 0.11329292557048365 0.08651061180274722 0.06865791106124303 0.05655085239347135 0.04815357422157496 0.042045204870500064 0.03732954029626934 0.03346655786304048 0.030143719202567254 0.027189340701198994 0.024516238582632133 0.02208563130377944 0.0198840733906408 0.01790879624407493 0.01615862598997475 0.014628754574208092 0.013308289406416263 0.01217984880583195 0.011220617439825165 0.010404323584996544 0.009703624322041082 0.009092435579823865 0.008547841299954007 0.00805135249713712 0.007589437439417757 0.007153378843190061 0.006738610125166855 0.006343730591236552 0.005969402037472316 0.005617298318601527 0.005289229950990959 0.0049865114731755256 0.004709590078469494 0.004457915637081811 0.004230006639959261 0.004023653301757746 0.0038361961453911575 0.0036648234006780855 0.003506840994081384 0.0033598824920638704 0.003222041065067016 0.0030919196242649716 0.0029686073133935453 0.002851599430212126 0.0027406829528995313 0.0026358109959734866 0.0025369870756641877 0.002444174849719094 0.00235724216825578 0.0022759411258366224 0.002199919547818896 0.0021287548943901835 0.0020619994124136953 0.0019992255243261314 0.001940062510705276 0.001884218828353601 0.0018314881043123288 0.0017817402134411298 0.0017349013315310358 0.001690928170831274 0.0016497817352221777 0.0016114050849392325 0.0015757081198254363 0.0015425606665281366 0.0015117935410536854 0.0014832060135853697 0.0014565773671187388 0.0014316800352932035 0.0014082920537261678 0.0013862071255645314 0.0013652413262045804 0.0013452361998140816 0.0013260586126185303 0.0013075981479665488 0.0012897630292239004 0.001272475553018515 0.0012556678521649656 0.001239278547773559 0.0012232505574328312 0.001207530058836892 0.0011920664045190765 0.0011768126653664002 0.0011617264481214584 0.0011467706725354354 0.001131914082447949 0.0011171313754220202 0.0011024029427515458 0.0010877142965493025 0.001073055313150162 0.0010584194390400592 0.0010438029919896952 0.0010292046540470445 0.0010146252054512583 0.001000067499556112 9.855366362723217E-4 9.710402613025138E-4 9.565889021452278E-4 9.421962502450532E-4 9.27879308792734E-4 9.136583453451252E-4 8.995566133129795E-4 8.855998337674031E-4 8.718154553265522E-4 8.582317328861278E-4 8.448766839077027E-4 8.317769923682494E-4 8.189569349165149E-4 8.064374014302711E-4 7.942350733300407E-4 7.823618092234752E-4 7.708242703816093E-4 7.596237997368749E-4 7.487565497922843E-4 7.382138387999615E-4 7.279827017723228E-4 7.180465943397718E-4 7.083862033214205E-4 6.989803173224063E-4 6.898067132696806E-4
steps16
1
122
 0.0 1.0 2.0 3.0 4.0 5.0 6.0 7.0 8.0 9.0 10.0 11.0 12.0 13.0 14.0 15.0 16.0 17.0 18.0 19.0 20.0 21.0 22.0 23.0 24.0 25.0 26.0 27.0 28.0 29.0 30.0 31.0 32.0 33.0 34.0 35.0 36.0 37.0 38.0 39.0 40.0 41.0 42.0 43.0 44.0 45.0 46.0 47.0 48.0 49.0 50.0 51.0 52.0 53.0 54.0 55.0 56.0 57.0 58.0 59.0 60.0 61.0 62.0 63.0 64.0 65.0 66.0 67.0 68.0 69.0 70.0 71.0 72.0 73.0 74.0 75.0 76.0 77.0 78.0 79.0 80.0 81.0 82.0 83.0 84.0 85.0 86.0 87.0 88.0 89.0 90.0 91.0 92.0 93.0 94.0 95.0 96.0 97.0 98.0 99.0 100.0 101.0 102.0 103.0 104.0 105.0 106.0 107.0 108.0 109.0 110.0 111.0 112.0 113.0 114.0 115.0 116.0 117.0 118.0 119.0 120.0 121.0
time17
1
122
 0.0 0.261 0.459 0.8300000000000001 1.0030000000000001 1.1760000000000002 1.35 1.526 1.703 1.877 2.054 2.231 2.409 2.768 2.957 3.13 3.304 3.4819999999999998 3.6599999999999997 3.8349999999999995 4.012 4.188999999999999 4.533999999999999 4.706999999999999 4.879999999999999 5.053999999999999 5.2299999999999995 5.4079999999999995 5.584 5.760999999999999 5.937999999999999 6.114999999999998 6.462999999999998 6.635999999999998 6.809999999999999 6.982999999999999 7.160999999999999 7.338999999999999 7.512999999999999 7.689999999999999 7.873999999999999 8.219 8.391 8.563 8.736 8.911000000000001 9.088000000000001 9.263000000000002 9.439000000000002 9.616000000000001 9.793000000000001 10.139000000000001 10.311000000000002 10.484000000000002 10.657000000000002 10.834000000000001 11.012000000000002 11.185000000000002 11.363000000000003 11.541000000000004 11.887000000000004 12.059000000000005 12.231000000000005 12.404000000000005 12.578000000000005 12.756000000000006 12.932000000000006 13.107000000000006 13.285000000000007 13.462000000000007 13.811000000000007 13.983000000000008 14.156000000000008 14.329000000000008 14.505000000000008 14.683000000000009 14.857000000000008 15.034000000000008 15.212000000000009 15.389000000000008 15.730000000000008 15.902000000000008 16.075000000000006 16.248000000000005 16.425000000000004 16.602000000000004 16.776000000000003 16.954000000000004 17.132000000000005 17.483000000000004 17.656000000000002 17.829 18.002 18.177999999999997 18.355999999999998 18.529999999999998 18.708 18.886999999999997 19.064999999999998 19.409 19.581 19.753 19.926 20.104 20.281 20.455 20.631999999999998 20.808999999999997 21.159999999999997 21.331999999999997 21.503999999999998 21.676999999999996 21.851999999999997 22.028999999999996 22.204999999999995 22.381999999999994 22.559999999999995 22.737999999999996 23.080999999999996 23.252999999999997 23.425999999999995 23.597999999999995
