10
SGD
10
41
 -1.5805220187005984 -6.720224855943231 -7.3542878535719 -7.61153471089279 -7.959403470978937 -7.810626912860593 -8.256903345511262 -8.431092058448035 -8.532571314629514 -8.609549632179816 -8.625812442653173 -8.736510998228844 -8.808886899453924 -8.844362291180753 -8.817196195240639 -8.857460930473689 -8.943193785067793 -8.991560953982624 -9.026492473908288 -9.079063030578157 -9.114958828474249 -9.127861496930846 -9.113972171721327 -9.181852497290384 -9.215946401272873 -9.270306064407894 -9.264505228320743 -9.21140643397969 -9.2941343947523 -9.34392261656081 -9.388444514396662 -9.272609148845389 -9.34779167407752 -9.301047142459392 -9.318988122852437 -9.481724845248342 -9.49688970915102 -9.541977826879679 -9.539135618854779 -9.531198926874843 -9.53547168426077
41
 -1.5805220187005984 -6.446594895356804 -6.972163395692302 -7.257927555822421 -7.555307744736719 -7.695103745845371 -7.829993552812994 -7.99388943237713 -8.106464580361617 -8.2195314938915 -8.053691978750985 -8.370966200647349 -8.462074883429704 -8.510730669778647 -8.549957155476276 -8.595117547177715 -8.643092940813876 -8.66866606003273 -8.745173957594538 -8.769866606351957 -8.792119324749025 -8.790681204659547 -8.861740928645062 -8.876430220508976 -8.917201711774489 -8.943405391584287 -8.984324140789887 -8.994630483252214 -9.025884001025924 -9.049751020538622 -9.069779251515296 -9.080030564137214 -9.11058047339902 -9.126840800069749 -9.146629894875673 -9.162229422954736 -9.132573577742994 -9.198872525006196 -9.21629612099223 -9.23761278340733 -9.230339256106113
41
 -1.5805220187005984 -6.4069317242897394 -6.973000152006059 -7.352602631972228 -7.47450950072166 -7.7511788699122635 -7.879161538093264 -7.9512220400890286 -8.104975494092278 -8.208985235592863 -8.28371343741689 -8.265759633822197 -8.368547779110767 -8.406382128504585 -8.484024408375697 -8.500356898369558 -8.567093618823508 -8.628125736428542 -8.681175748968855 -8.710463044435146 -8.741962227680032 -8.773583622777876 -8.820807721635271 -8.850351837951358 -8.867778224552268 -8.906764151487353 -8.936674810812885 -8.935559372056217 -8.98296603479998 -9.000541201576395 -9.012840486027185 -9.010460734353874 -8.975520925917511 -8.995669139470968 -9.092402204214892 -9.107778237950887 -9.138362146250675 -9.14917836063927 -9.182324210367309 -9.198083500739099 -9.20866828234364
41
 -1.5805220187005984 -5.722241152835161 -6.2914222549958145 -6.636558279053005 -6.8648494496914045 -7.051224168762102 -7.184826810740753 -7.3128059724254895 -7.281246206551193 -7.517680649262824 -7.566359697850874 -7.640684310097877 -7.717111010908805 -7.7782195111647 -7.828193674436897 -7.882086405370075 -7.894227959793802 -7.995025625044863 -8.024427333624763 -8.054155070845693 -8.090221227283836 -8.130292785257367 -8.162079633012352 -8.197792568790545 -8.21985503984625 -8.225697383855165 -8.253191603094095 -8.279960675014483 -8.301073913627445 -8.329940175009348 -8.323791890310094 -8.370545545032032 -8.386241927468914 -8.414825633592272 -8.425491604129926 -8.454541694521678 -8.471411111298012 -8.497051497928238 -8.517222592012246 -8.531783756766943 -8.543938108421065
41
 -1.5805220187005984 -6.586078212916528 -7.043607281000896 -7.357470846259911 -7.304384192366983 -7.727233157192581 -7.77727021318601 -7.961991740619831 -8.073757920002416 -8.04450595960551 -8.241764004932802 -8.304242450264086 -8.38883595389876 -8.34409717518513 -8.486759375654156 -8.52486377119938 -8.574184264325673 -8.627318502975067 -8.656197228368521 -8.708177859664586 -8.74978829081752 -8.742762696533319 -8.777643735794593 -8.845106698818348 -8.873083292915554 -8.901879631138007 -8.889718564994372 -8.932262910019253 -8.970895817880274 -8.990451063245043 -8.998855692677635 -9.018681922175682 -9.057053452323428 -9.066336202720647 -9.100911449028564 -9.13035740212924 -9.146415450005037 -9.15986960474954 -9.187745009808962 -9.184114550362926 -9.207426661832832
41
 -1.5805220187005984 -6.907664594450227 -7.584016041645538 -7.996408683692071 -8.185049107760289 -8.103023990786152 -8.61523591279811 -8.725303048573824 -8.710125046365622 -8.904962374943485 -9.000607787029264 -9.052827110298704 -9.092096841884588 -9.138986454682025 -9.054366390703745 -9.21195608062748 -9.255265008047767 -9.280339431279787 -9.305876077485314 -9.26805350580682 -9.368432337226722 -9.432484636496445 -9.493680292843145 -9.496455278734167 -9.571123264104438 -9.530678891748664 -9.597532751766398 -9.634529435516521 -9.680038166777585 -9.69611545206865 -9.705287706018895 -9.717583192759694 -9.710885841069915 -9.773205192242248 -9.795439142085728 -9.781042885779073 -9.844236497506653 -9.791892522492287 -9.875400031953536 -9.879544290739966 -9.90764594772345
41
 -1.5805220187005984 -6.72444247422203 -7.134122416978793 -7.534785562234057 -7.595842048880029 -7.894345301680246 -8.014286176044411 -8.044142260014318 -8.148464628993905 -8.262637139820615 -8.311706924515997 -8.371715126938447 -8.414131754498301 -8.462350349732668 -8.508286472977174 -8.55153189090142 -8.587829938573668 -8.623964531789003 -8.552715536351181 -8.626834895708495 -8.683044460616443 -8.735219886122348 -8.731008861478696 -8.762357990287885 -8.787520001580372 -8.804994415833567 -8.826522429277638 -8.821692939866436 -8.847405964061988 -8.88408975178038 -8.910807594994646 -8.918215767134877 -8.950264368366248 -8.95415249747056 -8.901505464757815 -8.967851146789359 -8.995650764083486 -9.013104987537817 -9.024191768551246 -9.022561068858877 -9.045384432689847
41
 -1.5805220187005984 -5.911014117575755 -6.168922425792628 -6.946235265227124 -7.202056336736077 -7.274453696806237 -7.596271917158699 -7.733147628177796 -7.799009534591014 -7.8461061333079645 -7.975235163568222 -7.9943090155773096 -8.094580660038103 -8.16353585003182 -8.210156606860629 -8.21792396115623 -8.30835717225119 -8.32768952447114 -8.376819603198836 -8.41271377364739 -8.448039667015168 -8.49020314439756 -8.526433295969056 -8.547740145347806 -8.463835620958674 -8.577937095120356 -8.587371748251538 -8.652449411168615 -8.684245701139591 -8.70768963463488 -8.724899777859806 -8.728670575848854 -8.727763474336419 -8.791848783745827 -8.816024914854273 -8.830877911300426 -8.851136231945565 -8.866455187181936 -8.872449115262802 -8.914683661189194 -8.917247855342955
41
 -1.5805220187005984 -6.39194342862156 -7.006705566409793 -7.3349564848499265 -7.408396883577142 -7.752586001220609 -7.963516244793571 -8.135653138685237 -8.244213867296635 -8.34183081253895 -8.403626142529872 -8.408073147592868 -8.524965585822562 -8.62838530654835 -8.574268990571582 -8.758760333458934 -8.816375376513664 -8.850092324738464 -8.927279228705599 -8.949510307748298 -9.009812266219154 -9.051151422412367 -9.057807251944583 -9.094840458602931 -9.133576245074497 -9.146671347083116 -9.131652168922482 -9.193004142448435 -9.226911695860199 -9.242831552394579 -9.2159459279913 -9.254253642770227 -9.30685116916409 -9.332801103893567 -9.334446763997647 -9.36249919515667 -9.38876385496659 -9.347870885026884 -9.228635865876743 -9.315370528696251 -9.443624911622614
41
 -1.5805220187005984 -6.8098341642756415 -7.390211397267417 -7.732431500975363 -7.906412191408946 -8.073345377282886 -8.238995837599713 -8.376122346078457 -8.477956468707225 -8.436109733125232 -8.627343275379454 -8.680341874397195 -8.75970343291596 -8.791211453108643 -8.842781615507901 -8.875883812178564 -8.883883577507167 -8.939662712892842 -9.001847388519074 -8.80751184646968 -8.882120204349754 -9.005394895275636 -9.0382394285759 -9.123610303805481 -9.187795323639035 -9.181565316585239 -9.240322631548226 -9.197235634905239 -9.117650099165001 -9.30130714444223 -9.32174971199799 -9.348066422173623 -9.360746025952857 -9.378569942260887 -9.357651341357368 -9.40454394554221 -9.437737450953724 -9.455089937407992 -9.466994548190302 -9.490144320492439 -9.50007583624619
SAGA
10
41
 -1.5805220187005984 -4.086412782146253 -5.0752321328267 -5.715576071634223 -6.222561061791089 -6.660248995150018 -7.231613391539993 -7.550506029586457 -7.934563011737503 -8.298878796533725 -8.638274468580434 -8.681455524247708 -9.226029496134714 -9.319292896854293 -9.775600595049102 -10.025470770215852 -10.118835220539744 -10.47312770248686 -10.815655808036702 -11.106393434150208 -11.346981766529982 -11.431698255192279 -11.81476570279796 -12.05380612393379 -12.237338815973523 -12.432828075939625 -12.466271900814862 -12.813872410856431 -13.051996446448522 -13.241945320454699 -13.410766319041802 -13.559602881632399 -13.855348853647952 -14.08042637591476 -14.038180692033842 -14.509471705438305 -14.75324020386992 -14.859791111300495 -15.036190617166996 -15.280935415716444 -15.53345625902031
41
 -1.5805220187005984 -4.134057838133431 -5.075254876733913 -5.689393873179259 -6.27783716725424 -6.719765089977967 -7.20127689555379 -7.603641731851614 -7.870329396290037 -8.115641620493923 -8.545717299248663 -8.931765514549577 -9.15549987290855 -9.540078071571608 -9.828752037176448 -10.159359351400932 -10.434388145559822 -10.724348549282867 -10.869062589390968 -11.22107503625985 -11.417472636629684 -11.667210308975468 -11.687930308123567 -12.113077643090913 -12.356774641587798 -12.512295628618155 -12.706521998567755 -12.987616675995566 -13.15638964855975 -13.318345450608886 -13.357653987249236 -12.923057099051896 -14.041406456754366 -14.174776702476796 -14.13778917486178 -14.5505353721362 -14.789962067918587 -15.007862675120922 -15.198709498174614 -15.350418152885684 -15.575270437558014
41
 -1.5805220187005984 -4.0709167086131846 -5.046206749883433 -5.700256032857746 -6.3317328994572515 -6.8378341052524405 -7.273890996398247 -7.653534317593103 -8.059029177232047 -8.394639268213632 -8.71471560956511 -8.998847473926574 -9.355231126692429 -9.595702044576017 -9.94945138530054 -10.179478123957262 -9.965047697905794 -10.757631242918292 -11.006537116725903 -11.253474623483012 -11.479912693555718 -11.762278508477223 -11.95649995521145 -12.265546878631167 -12.430567236005082 -12.78066852622547 -12.864874602273238 -13.220535763910556 -13.430230801871089 -13.498838258907307 -13.708500156099038 -13.998881951868226 -14.23049243121731 -14.400789681646842 -14.190776248004521 -14.921288245118173 -15.10228035694135 -15.318970344301873 -15.330203223118207 -15.104107055061212 -15.388283091465777
41
 -1.5805220187005984 -4.070500169278932 -5.043978287072408 -5.780178759618252 -6.340619888469108 -6.814889628182064 -7.136990509722601 -7.571378773265992 -7.93500545803777 -8.266941043654578 -8.627898898140122 -8.890082141721024 -8.830148213379337 -9.495257930878914 -9.424713859890483 -9.990265868782853 -10.372849480646833 -10.576309430186997 -10.909213555781955 -11.120628175585782 -11.386422204637164 -11.70493098348793 -12.033006355327752 -12.033209143988213 -12.448052681233195 -12.730825004684275 -12.959033531671139 -13.08434521827673 -13.36324978374416 -13.655203507764183 -13.757605540038275 -14.034857239260404 -14.180866058607084 -14.528423781084616 -14.702085675915793 -14.456127861570575 -14.8220543193926 -15.161296360672932 -15.34618310278009 -15.353790930235327 -15.87642811110348
41
 -1.5805220187005984 -4.084219952458637 -5.129389614959862 -5.7048949457318905 -6.335709669364118 -6.8567306366984715 -7.286201427745242 -7.68217004753261 -8.031541140351758 -8.41470362728747 -8.791236714424675 -9.049171175931946 -9.441471934029398 -9.709301185185762 -9.981508577312416 -10.360928729853562 -10.512074094412055 -10.86547037165756 -11.117052670026393 -11.369010507427985 -11.631864655364627 -11.667203558532686 -12.028119206621406 -12.06432577728854 -12.412480064919132 -12.731038697230554 -12.946976366229508 -12.971907524179677 -13.364244866941721 -13.486038803617767 -13.81533994869572 -13.95627665420518 -14.176748350520482 -14.35223973608573 -14.52503112346908 -14.745420056950715 -14.989807520331317 -15.007142872956736 -15.384021279093238 -15.581379143535866 -15.775269434701551
41
 -1.5805220187005984 -4.136689059977353 -5.139353974320616 -5.779613325860088 -6.191343075730103 -6.755768057458007 -7.166525097802375 -7.5569389374108855 -7.889948791347393 -8.200020809217104 -8.590953003303792 -8.995521577087851 -9.294730359501811 -9.346717139536045 -9.898152899033603 -9.98577912040215 -10.337933747663598 -10.619854106747239 -10.928031738073962 -11.18007683789222 -11.424789578495034 -11.520213325817434 -11.928013443501639 -12.012747491741207 -12.21490866081435 -12.41296458221646 -12.708578621482967 -13.031398841513488 -13.167382102726148 -13.159842267703011 -13.454717033343865 -13.856469277080453 -14.087862547064894 -14.280147382956773 -14.263060469180255 -14.627021731526867 -14.795206397029313 -14.720837278722797 -15.229473160477392 -15.390511601515152 -15.481012851983605
41
 -1.5805220187005984 -4.128599908625051 -5.115738461411609 -5.755715685491968 -6.3441080061083275 -6.824842495287147 -7.257890305283775 -7.639315650866679 -7.989240968215197 -8.331804982280541 -8.536632668785808 -8.996418242744419 -9.303544131608065 -9.612902703557713 -9.868371749202849 -10.033019738777012 -10.225345049661351 -10.622668433163152 -10.952911470662533 -11.017939193281887 -11.36276195825428 -11.668567302614255 -11.729951172977014 -11.905979345249744 -12.329134213688345 -12.566122625269049 -12.71381697215803 -12.992150162154028 -13.206335536608268 -13.401527274644792 -13.446449147335828 -13.722272907096096 -14.020041874189449 -14.209569955767678 -14.364363061253705 -14.625125493263731 -14.7997485953414 -15.079609141334553 -15.22910386701543 -15.297506663578309 -15.674223852163138
41
 -1.5805220187005984 -4.147376919515773 -4.981449630645174 -5.775970970259922 -6.35046984938653 -6.784665977571182 -7.279160700895762 -7.625875216054643 -8.126000697200764 -8.444136367841908 -8.660192063001395 -8.98107306798293 -9.297690898911656 -9.61719469832432 -9.854464490952646 -10.135794774220354 -10.348202594592268 -10.457205579070928 -10.694352531191857 -10.876698739907722 -11.358222923823273 -11.566404718394061 -11.913891748180143 -11.887227699287616 -12.370654522349467 -12.505488415069099 -12.700813152269872 -12.916990776073028 -13.12191669166627 -13.324564343130723 -13.497228736537433 -13.811806546912596 -13.61089276613527 -14.043352315547418 -14.4052782609782 -14.480243472426398 -14.883850990533146 -14.911540365223573 -15.093901417621794 -15.501129511440762 -15.525877916533513
41
 -1.5805220187005984 -4.082658242009919 -5.112745326179722 -5.7583760949091385 -6.315359463740958 -6.7859983495941325 -7.1833762699012285 -7.557568856038125 -8.023460610034615 -8.3053419661335 -8.632594568334957 -8.854268746882717 -9.319833869654477 -9.473623048155414 -9.893404747842002 -10.116864601693457 -10.439593854776973 -10.65073783020416 -10.930527047496671 -11.282403866026739 -11.551683162370951 -11.57832193848832 -11.981313979742707 -12.202660025424313 -12.43096728563519 -12.733106804514847 -12.6567247718069 -13.088561245699527 -13.007526141640277 -13.610169997495442 -13.859386009636365 -14.006437274678232 -14.098392861818452 -13.72795638926025 -14.575612250868177 -14.754108494092042 -14.917725498600356 -15.082953218034953 -14.832078096866585 -15.199773440016143 -15.71237644758499
41
 -1.5805220187005984 -4.078109621225644 -5.036086986228046 -5.764410139886857 -6.33446930715185 -6.791303363309963 -7.054015770609752 -7.579824639645079 -7.980757440038463 -8.333676952810192 -8.70508793372867 -8.997360443422107 -9.20432847543059 -9.598014819325732 -9.901987439664477 -10.209551222709695 -10.509994764278137 -10.587692658301732 -10.725529374332785 -11.194213188446755 -11.294752475307853 -11.564388436372418 -11.956496749966176 -12.157668209938068 -12.284705065276802 -12.199144071383659 -12.26240814853766 -12.922360186383226 -13.2204695737716 -13.402044564823983 -13.643959439770498 -13.927030774774902 -14.069804228043854 -14.22788008520151 -14.399981823257757 -14.649904246479961 -14.87034362341649 -14.964726949224293 -15.277817547251287 -15.496499004671225 -15.565395536438857
ADAPTSAGA
10
41
 -1.5805220187005984 -7.0845442126472475 -7.5020930366203755 -8.458953595951137 -9.808738218142066 -10.022841422904738 -9.662731482867601 -10.89307263951236 -11.400856711522263 -11.399744767052082 -11.372713313516602 -11.050379048559243 -12.247771882959606 -12.576289144603663 -12.452503344884937 -13.946604731977557 -14.295158245919948 -14.605240188683291 -14.785743967919108 -14.926059689641708 -15.130764614372733 -15.292778225227305 -15.464768252714242 -15.629684935582244 -15.793453069644265 -15.932083825782344 -16.071557472513312 -16.210741899710133 -16.310037292280384 -16.515684600447727 -16.669852364944123 -16.815870171386536 -16.885801626997115 -17.102015657461795 -17.25027132512172 -17.392002151883908 -17.541010760784967 -17.640143821049048 -17.815843958172916 -17.964860962121065 -18.10462771670371
41
 -1.5805220187005984 -6.9799385588674125 -7.386642770504903 -8.430684163749993 -9.751547233477874 -9.960676310757217 -9.466471567729199 -10.96401414995209 -11.369414967977088 -11.313799908434772 -11.31366087258012 -11.003728908419475 -12.200449582077171 -12.644229247134318 -12.086540787270508 -13.878088261065683 -14.203041934260003 -14.50403483093032 -14.69995833152928 -14.829060265965067 -15.043547606995533 -15.202798886416632 -15.36107426286411 -15.532642882390887 -15.655181525974259 -15.82067548121832 -15.984348326664751 -16.12752968435428 -16.28693049264035 -16.42428807051955 -16.574172364689097 -16.701336444455798 -16.866704480419415 -16.992503910259963 -17.143394818922438 -17.286365708086503 -17.43031549326746 -17.578646184705914 -17.724162850073167 -17.854993873217616 -18.00573475116309
41
 -1.5805220187005984 -7.138089409082466 -7.311661496897319 -8.631216638211441 -9.847671979982973 -9.971025769633867 -9.698869240937155 -10.928764680470186 -11.426067760529977 -11.426016300277846 -11.445213041448419 -10.864752757511761 -12.19173453083793 -12.456020038486972 -12.24202327927685 -13.889600821070841 -14.219116923469329 -14.567004003760715 -14.698950939903185 -14.964764690835784 -15.126332869309365 -15.270859088813523 -15.42311085103474 -15.583501368993423 -15.7079736033149 -15.853808990458607 -16.03949790953143 -16.10644314598614 -16.32338248980444 -16.462144221777812 -16.60819280384669 -16.763530747496812 -16.90228820511674 -17.04710074141892 -17.1882993024186 -17.319792548906616 -17.47782980051877 -17.60546963359254 -17.734862374103663 -17.877735848576883 -18.0339937706557
41
 -1.5805220187005984 -6.912703199559515 -7.672674566907799 -8.45408597723789 -9.822428992689549 -10.046865406632456 -9.671113244643756 -10.943990092177785 -11.473216581353158 -11.40292660480704 -11.255144266181485 -11.10424994972333 -12.279735958664693 -12.734203491229275 -12.352774207076306 -14.03596658313214 -14.351712318532881 -14.580402386540843 -14.84687201102746 -14.958666509871312 -15.140177467773873 -15.328318812479745 -15.496613343320176 -15.621025137941935 -15.814862832837582 -15.976258731422204 -16.124431335202985 -16.243953232329503 -16.407752460747226 -16.571260947125413 -16.719638421486103 -16.86423209980637 -17.014742232562394 -17.14298621658258 -17.28547865354758 -17.457621251746346 -17.59381674921976 -17.740234443721313 -17.886045133770192 -18.026083573143165 -18.170908487887257
41
 -1.5805220187005984 -7.195583116535625 -7.606946359354954 -8.549418818162076 -9.95915129182342 -9.964242835453545 -9.558325072862097 -10.87313575598506 -11.329681253688332 -11.434598844217994 -11.29154093780259 -10.918162531620418 -12.258271710739718 -12.661792449239671 -12.318123892036237 -13.93042239500225 -14.307863153611903 -14.642131295535858 -14.844202780935223 -15.044843908986998 -15.201077309781576 -15.345827698192757 -15.512351631730235 -15.650111671225647 -15.816331013038686 -15.959264429800992 -16.119175576343302 -16.26785411003522 -16.429511933953204 -16.57846747755936 -16.680037190568004 -16.88164947505473 -17.033684629646764 -17.17652409765756 -17.212723885976228 -17.460957929974487 -17.585590700739903 -17.737179469671716 -17.892939034552484 -18.041458518839253 -18.17984710639028
41
 -1.5805220187005984 -7.025835058875459 -7.339826956474319 -8.637568945760538 -9.827320799347468 -10.020102395937945 -9.681241654974187 -10.914595908706 -11.262364892066115 -11.304664480555358 -11.316750067958965 -10.952009136231801 -12.306644135144431 -12.559187102089089 -12.133512205190781 -13.748981374042197 -14.189761976070082 -14.449687353959316 -14.70699809671591 -14.86043266884764 -15.056947778344217 -15.218380466931654 -15.381879866548294 -15.523947555640818 -15.701863650080154 -15.832542779963406 -16.000000781521962 -16.13595746578077 -16.283801347658066 -16.426407817209697 -16.590502800881417 -16.7218538128016 -16.88320362898626 -16.999892591007768 -17.128785098548807 -17.280390893840433 -17.45096072031151 -17.596995733987526 -17.73866908108531 -17.875841352121956 -18.030951063203442
41
 -1.5805220187005984 -7.054235888345456 -7.425608999483053 -8.6710639345838 -9.892906822344292 -9.999964865720342 -9.396715947534597 -11.017564325191787 -11.190219864840218 -11.28735810353524 -11.202674066850106 -10.928370022862143 -12.269571562522836 -12.540028676050373 -12.40592292256031 -13.989590239992133 -14.378832145398578 -14.60857146600743 -14.796108383108573 -14.95486244981199 -15.138448596284146 -15.25014317757831 -15.438011919430117 -15.593688385011964 -15.74034617610957 -15.876907790263958 -16.052919325181353 -16.18599971352758 -16.34427018405246 -16.46623661257642 -16.619436025108268 -16.769711489693506 -16.854121278569824 -17.06132516624391 -17.18983398755374 -17.354674988017184 -17.495075698601593 -17.626953322789543 -17.78060689166355 -17.91969255405869 -18.06421489250673
41
 -1.5805220187005984 -7.043227681969422 -7.337714559551411 -8.518463360602727 -9.864180926500689 -9.939404695998332 -9.528478259727367 -10.957051427100938 -11.310592235229997 -11.398711313248452 -11.376354743066962 -11.145972317063919 -12.230539107732712 -12.601276619657424 -12.328387959381056 -13.769011798419053 -14.151728178761646 -14.420235007686326 -14.59402668125635 -14.829689257819577 -14.984490752031059 -15.1385553590294 -15.303668884447507 -15.358761263177241 -15.595223132623067 -15.752142846510706 -15.845029603685793 -16.047243822316073 -16.163280026832826 -16.32943099370396 -16.493215486544365 -16.636024752127568 -16.748274164621694 -16.93494916613295 -17.04676231950609 -17.20822324997329 -17.36177252053117 -17.477257299796012 -17.64836914331581 -17.79159687256689 -17.933840862308156
41
 -1.5805220187005984 -6.92863426685399 -7.483269094820018 -8.510755769858939 -9.860900742300457 -9.931937234226304 -9.52289758253651 -10.982623255001684 -11.299640579433676 -11.310260893467957 -11.21669822601016 -10.84049718871027 -12.286821892614897 -12.56818856105542 -12.308199863258684 -13.863713245598339 -14.236842323109519 -14.540983429174448 -14.672155450843135 -14.914639171184776 -15.063857952696658 -15.180714331481266 -15.393337650009276 -15.54564452628188 -15.699468155795753 -15.842994035133016 -15.985015513002422 -16.12970010058469 -16.27436985290086 -16.421287463267017 -16.57305151819672 -16.726842538811734 -16.862508362135838 -17.018539837867802 -17.127292564606417 -17.28322744131372 -17.427037699766615 -17.561435953159414 -17.722090975732147 -17.866655345507798 -18.009743406717863
41
 -1.5805220187005984 -7.185427398793963 -7.601807695708734 -8.626923977042082 -9.87606767221141 -9.954326483802491 -9.543760389318864 -10.960029191238604 -11.36253973089574 -11.37012275728651 -11.40483383585049 -11.031227113793925 -12.373733868268436 -12.693472994450511 -12.117213350282906 -13.903481600703254 -14.307082605767546 -14.579705556218258 -14.789406193861893 -14.972499962191339 -15.091657739446267 -15.286019158808761 -15.438870729204956 -15.606559218165337 -15.783362879910152 -15.909768133344933 -16.058370286651225 -16.224196975821535 -16.370016915278875 -16.52439484101071 -16.682406791612554 -16.816503191865955 -16.972658215189696 -17.077123444759756 -17.26101958078728 -17.398094725546404 -17.553875734167384 -17.70181504581046 -17.8399666711426 -17.991810723600405 -18.135408724153937
ADAPTDoubling
10
41
 -1.5805220187005984 -6.680541093784301 -7.40432182977486 -7.971744751140434 -8.33592897834189 -8.155592213408998 -9.239710885550494 -9.10345078805639 -9.213371441174159 -9.910599244201753 -10.109609912036671 -10.595154167784342 -10.364299827125619 -10.697923227138789 -11.098089142220298 -10.606513251020658 -11.628832886240751 -11.254170443596978 -11.528546727932072 -12.122039110314509 -12.303212068248751 -12.501069812488806 -12.641752653225552 -12.68158812589039 -12.969015555892941 -13.138307189942056 -13.216904229215261 -12.78029692923225 -13.664352349992797 -13.799204748727542 -13.869526123565263 -14.052550924554051 -14.301072873378661 -14.486184141706591 -14.615697393436685 -14.492193237044633 -15.085911244066398 -15.266493628841342 -15.262243410901382 -15.331806615533676 -15.712747404783702
41
 -1.5805220187005984 -6.3373163971489594 -7.370841978401934 -7.9791229451456465 -8.225574812946068 -8.317986915952435 -9.200766053095423 -9.129568051526391 -9.622974305287647 -9.989069826616554 -10.036494400020507 -10.311037041105138 -10.508336964077001 -10.385239006225596 -10.561605641833848 -10.987122854753222 -10.858554532778687 -11.295647677022114 -11.714560260095348 -11.916633812653913 -11.795416221052681 -12.293802989971077 -12.41301350109464 -12.628756596289632 -12.813916494223824 -13.223729145079364 -13.369726753426182 -13.100312818314642 -13.547784329454112 -12.289756519103513 -13.920150196027219 -13.99068536679477 -14.091701786031607 -14.39172978659859 -14.565128424400767 -14.435237944839466 -14.9297722690431 -15.134509508751865 -14.906356961942867 -15.424145570643185 -15.677920019899288
41
 -1.5805220187005984 -6.463099938741083 -7.038796402932926 -7.330263822200217 -8.341976916017888 -8.298461190583128 -8.647723783581801 -9.134636731090026 -9.548605205415205 -9.842580528807707 -10.140495475097548 -10.516320236664571 -10.695334728791527 -10.845662264815099 -11.027725999413063 -11.129664437069456 -11.419844232229458 -11.227395225661777 -11.832475910059772 -11.883674620600821 -12.03292002256329 -11.646755802530825 -12.173184417070196 -12.636583744607416 -12.745569406913134 -12.745009973141126 -12.908432855261218 -13.263503537573856 -13.333206279056602 -13.339751939369467 -13.772692639225832 -14.047484725619444 -14.31011598761812 -14.478979572512428 -14.722041769013389 -14.678567521307398 -14.614623481817393 -15.125550404541844 -15.18915662044321 -15.365134189391048 -15.450315356409973
41
 -1.5805220187005984 -6.196407024230358 -7.307400745014203 -7.959468748083063 -8.073701504697347 -8.536411141627172 -9.167092748823931 -9.47008750617508 -9.70502436385389 -9.605606801006934 -10.040427387885202 -10.268050899731277 -10.522342747428242 -10.183908255002502 -10.708433987446279 -10.848453695889633 -11.271459447041856 -10.453486699981697 -11.534432558062907 -11.689312254526714 -11.424030185048219 -12.441005580397114 -12.471285343885954 -12.728870493543784 -12.671747814788887 -13.003914279467882 -13.19995360691828 -13.474388725909995 -13.50545590588225 -13.373811835855978 -13.911587523953497 -14.058302710472903 -14.257640674237127 -14.469628715164676 -14.61896231983988 -14.748105743976407 -14.759243924332498 -14.9591357067445 -15.170976025600085 -15.243005982885672 -15.56396718136963
41
 -1.5805220187005984 -6.494888980517918 -7.153354474850965 -7.711911267082995 -8.238999544662835 -8.530339372900539 -8.65299596727428 -9.006134956224193 -9.190475802486066 -8.676929398093268 -10.272551430742979 -10.125086792488473 -10.486767939348969 -10.677545889504874 -10.859792936414136 -11.033882768524139 -11.170935974979692 -11.394176278188045 -11.58939259965155 -11.19265860057807 -11.939882026621282 -11.76009667228537 -12.338217758643914 -12.56783854552948 -12.718738328929383 -12.574098686895478 -13.121277514434254 -13.163873684191431 -13.383548784124647 -13.649174319273353 -13.771273624922513 -13.604353090808496 -14.164053142669008 -14.265240783590562 -14.39382269987361 -14.651472745575735 -14.735341447045165 -14.764155018843509 -15.079136030994093 -14.330140541013309 -15.411659743949901
41
 -1.5805220187005984 -6.1349978681132615 -6.995752311906931 -7.698584926515708 -8.279385637577652 -8.675717999521108 -8.970687469005133 -8.979260212387512 -9.121143178192296 -9.747469244779072 -9.995366375312637 -10.112482650201759 -10.200914801773143 -10.615773771277148 -10.889020609559124 -10.491160842112473 -10.384707276924457 -11.181620231056852 -11.171322879388404 -11.16683824225521 -11.559318613537341 -11.23586736561044 -12.091116735018767 -12.25777914425937 -12.201164383825416 -12.515186344995382 -12.908747773396987 -13.045875923574725 -12.956336567434116 -13.398923800968584 -12.650776566228544 -13.826865813119237 -13.888404203068205 -14.133660958272424 -14.21604024233626 -14.550554766341595 -14.33705245664861 -14.928747496354465 -15.024584975898533 -14.987029302409992 -15.334418935289923
41
 -1.5805220187005984 -6.515911239023472 -7.4170814243059855 -7.98795080336662 -8.396298882395646 -8.618655501614855 -9.09558371274457 -9.04056926524207 -9.628093222765619 -9.888417915866215 -9.948428236592385 -10.465463041432354 -10.545645398113319 -10.522082489487929 -10.838471803951853 -11.11169411087399 -10.856445959829903 -11.491725645075952 -11.579856861356612 -11.727162064291349 -12.06811016622452 -12.318529740812572 -12.342681922514275 -12.677359763592897 -12.826094697737927 -13.095994136380224 -12.940260045982217 -13.113396984881595 -12.993118542251354 -13.691395754440496 -13.665728534113414 -13.471426997661572 -14.104563369495079 -14.375336741384173 -14.502504782055356 -14.476370103176594 -14.84124072173287 -14.536071630049967 -15.089135323010801 -15.234436059566837 -15.55721062604681
41
 -1.5805220187005984 -6.059684899995903 -7.070589085944935 -7.795451197789968 -8.034281858434444 -8.479784734505193 -8.380331908578265 -8.941379478938831 -9.253574662243581 -9.429848740977029 -9.549360998632235 -9.628105012018816 -10.371201803826384 -10.613521480864971 -10.569998875905052 -11.075645800947164 -11.028117999344712 -10.749193054728698 -11.416152830305236 -11.839313029818566 -12.068434015943708 -11.57874228473767 -11.84241376357008 -12.504085390935103 -12.178589655230889 -12.875909682663798 -12.95292766855876 -12.858692567910238 -13.510163169573234 -13.390342646766042 -13.305340646593637 -13.45855656600709 -14.22542915384464 -14.39567021370209 -14.004627176983892 -14.743425810848368 -14.868770573555794 -14.76707662385276 -15.136535072707069 -15.307543066836725 -15.227785036897778
41
 -1.5805220187005984 -6.083081238297292 -7.000731861666139 -7.528532900104098 -7.856676788562164 -8.354115665797973 -8.885704219127394 -8.785506208177068 -9.49883363058605 -9.557760967825866 -9.76503348447119 -9.787110907757635 -10.03753719941314 -10.529826684631887 -10.470803925558322 -10.920503741947064 -11.078405994082939 -11.218662573366613 -11.211117880344924 -11.395167915462103 -11.788559499040476 -12.055987074662166 -11.906635935095244 -12.346412217323865 -12.53258468270619 -12.726911361897018 -12.812373868451807 -12.634426823130996 -13.288121354033956 -13.382069235595985 -13.10886129336284 -13.671024146418254 -13.950259104612933 -13.876737139107505 -13.26294561325734 -14.321531152663134 -14.500606475365247 -14.725102595357933 -14.800245325713298 -14.740874740949355 -15.353936100819752
41
 -1.5805220187005984 -6.305403661827854 -6.966224722390886 -7.830987440973554 -8.46144971756065 -8.901385496095342 -9.330931362834285 -9.155093519809084 -9.587727010877913 -9.944262222178496 -10.116332988282853 -10.313573834634157 -10.226231815301592 -10.79874305056037 -10.780153843074775 -10.986024505699715 -11.198137944445012 -11.455769624752781 -11.656627415667467 -11.704140186452303 -11.421026717401151 -12.120800819864446 -12.001774838351269 -12.694452092198135 -12.883150360320723 -12.87893896724745 -12.807133131098636 -12.92880844086719 -13.594036193887733 -13.552501359669968 -13.174564780039958 -14.091369303653977 -14.256881679360045 -13.407781485132936 -14.67880604766556 -14.127395300943466 -14.726492491927484 -14.786926656330737 -15.20250921095532 -15.391983700343332 -15.54614062534181
MainSSVRG
10
41
 -1.5805220187005984 -5.101974142083875 -6.148835216863728 -6.903519567857947 -7.365647942287808 -7.365647942287808 -7.916927699234554 -7.916927699234554 -7.916927699234554 -7.916927699234554 -7.916927699234554 -8.261615484956296 -9.317423643664894 -9.438061750320884 -9.438061750320884 -9.438061750320884 -9.438061750320884 -9.438061750320884 -9.438061750320884 -9.438061750320884 -10.188313585318847 -10.39196058123009 -10.39196058123009 -10.39196058123009 -10.39196058123009 -10.39196058123009 -10.39196058123009 -10.39196058123009 -10.716908148764071 -11.24068162669994 -11.266441287023735 -11.266441287023735 -11.266441287023735 -11.266441287023735 -11.266441287023735 -11.266441287023735 -11.266441287023735 -11.561735568335795 -11.561735568335795 -11.561735568335795 -11.561735568335795
41
 -1.5805220187005984 -4.520728225935866 -5.001123693713813 -5.878296867071407 -6.591728890919832 -6.591728890919832 -6.826923645943297 -6.826923645943297 -6.826923645943297 -6.826923645943297 -6.826923645943297 -7.519009283402839 -7.879110818509729 -7.879110818509729 -7.879110818509729 -7.879110818509729 -7.879110818509729 -7.879110818509729 -7.879110818509729 -8.672004782174984 -9.442247590465094 -9.442247590465094 -9.442247590465094 -9.442247590465094 -9.442247590465094 -9.442247590465094 -9.442247590465094 -9.52552615718626 -10.074146649335201 -10.074146649335201 -10.074146649335201 -10.074146649335201 -10.074146649335201 -10.074146649335201 -10.074146649335201 -10.146867921303652 -10.812241513352856 -10.89464439572336 -10.89464439572336 -10.89464439572336 -10.89464439572336
41
 -1.5805220187005984 -5.074045070368951 -5.450239945999317 -5.944097391413152 -5.944097391413152 -6.28888548851804 -6.28888548851804 -6.28888548851804 -6.28888548851804 -6.28888548851804 -7.207120686880735 -7.328401586817485 -7.328401586817485 -7.328401586817485 -7.328401586817485 -7.328401586817485 -7.328401586817485 -7.328401586817485 -8.219718083701302 -8.426692816706856 -8.426692816706856 -8.426692816706856 -8.426692816706856 -8.426692816706856 -8.426692816706856 -8.426692816706856 -8.74351612777938 -8.74351612777938 -8.74351612777938 -8.74351612777938 -8.74351612777938 -8.74351612777938 -8.74351612777938 -8.99522028166218 -9.851794639000419 -9.851794639000419 -9.851794639000419 -9.851794639000419 -9.851794639000419 -9.851794639000419 -9.851794639000419
41
 -1.5805220187005984 -4.320126300450512 -5.092792106599044 -5.85443664950996 -5.906027294478358 -7.385663491673456 -7.9421407129044885 -7.9421407129044885 -7.9421407129044885 -7.9421407129044885 -7.9421407129044885 -8.466647083316065 -9.299359759875164 -9.299359759875164 -9.299359759875164 -9.299359759875164 -9.299359759875164 -9.299359759875164 -9.299359759875164 -9.391075221040131 -10.192189142149491 -10.214421837965807 -10.214421837965807 -10.214421837965807 -10.214421837965807 -10.214421837965807 -10.214421837965807 -10.214421837965807 -10.80576904129605 -10.900923898045994 -10.900923898045994 -10.900923898045994 -10.900923898045994 -10.900923898045994 -10.900923898045994 -10.900923898045994 -10.982386767987064 -11.049926563088713 -11.049926563088713 -11.049926563088713 -11.049926563088713
41
 -1.5805220187005984 -5.349806924052767 -6.235966389507017 -7.762907160156588 -8.106541863703631 -8.106541863703631 -8.579680089319663 -8.684439815933699 -8.684439815933699 -8.684439815933699 -8.684439815933699 -8.684439815933699 -9.921225537153802 -10.366001605781332 -10.366001605781332 -10.366001605781332 -10.366001605781332 -10.366001605781332 -10.366001605781332 -10.366001605781332 -10.842436607676964 -11.038288778112552 -11.038288778112552 -11.038288778112552 -11.038288778112552 -11.038288778112552 -11.038288778112552 -11.038288778112552 -11.333950881014795 -11.333950881014795 -11.333950881014795 -11.333950881014795 -11.333950881014795 -11.333950881014795 -11.333950881014795 -11.705313808925945 -11.75614292859763 -11.681936036511559 -11.681936036511559 -11.681936036511559 -11.681936036511559
41
 -1.5805220187005984 -4.707451196959928 -5.2243666602542564 -5.844485578707414 -5.849521066617002 -6.730147233909295 -6.730147233909295 -6.730147233909295 -6.730147233909295 -6.730147233909295 -7.547410849060038 -8.627040121834202 -8.632120822091911 -8.632120822091911 -8.632120822091911 -8.632120822091911 -8.632120822091911 -8.632120822091911 -8.632120822091911 -8.89385033754364 -8.89385033754364 -8.89385033754364 -8.89385033754364 -8.89385033754364 -8.89385033754364 -8.89385033754364 -9.3813490663691 -9.3813490663691 -9.3813490663691 -9.3813490663691 -9.3813490663691 -9.3813490663691 -9.3813490663691 -9.3813490663691 -10.305485577426301 -10.305485577426301 -10.305485577426301 -10.305485577426301 -10.305485577426301 -10.305485577426301 -10.305485577426301
41
 -1.5805220187005984 -5.383299337418128 -6.366495200644925 -7.2749050589424 -7.299714270978259 -7.97175408891974 -7.981129159031665 -7.981129159031665 -7.981129159031665 -7.981129159031665 -7.981129159031665 -9.059711856162938 -9.103722215986666 -9.103722215986666 -9.103722215986666 -9.103722215986666 -9.103722215986666 -9.103722215986666 -9.103722215986666 -10.014284344330429 -10.26102993020959 -10.26102993020959 -10.26102993020959 -10.26102993020959 -10.26102993020959 -10.26102993020959 -10.26102993020959 -10.399355729729354 -10.399355729729354 -10.399355729729354 -10.399355729729354 -10.399355729729354 -10.399355729729354 -10.399355729729354 -10.83983467397544 -11.484784990385329 -11.594450549647227 -11.594450549647227 -11.594450549647227 -11.594450549647227 -11.594450549647227
41
 -1.5805220187005984 -4.307674161797288 -5.477456371074876 -6.213208651445119 -6.860694340618811 -6.860694340618811 -6.971256780148898 -6.971256780148898 -6.971256780148898 -6.971256780148898 -6.971256780148898 -7.842508512950448 -7.842508512950448 -7.842508512950448 -7.842508512950448 -7.842508512950448 -7.842508512950448 -7.842508512950448 -7.842508512950448 -8.439193551231662 -8.439193551231662 -8.439193551231662 -8.439193551231662 -8.439193551231662 -8.439193551231662 -8.439193551231662 -8.735970515007198 -9.584527548260311 -9.584527548260311 -9.584527548260311 -9.584527548260311 -9.584527548260311 -9.584527548260311 -9.584527548260311 -9.584527548260311 -10.37072315318593 -10.441138052433843 -10.441138052433843 -10.441138052433843 -10.441138052433843 -10.441138052433843
41
 -1.5805220187005984 -4.266962725926546 -5.193892202356568 -5.95159508866616 -6.583964151696442 -6.583964151696442 -7.8089757980188255 -8.132281310064219 -8.132281310064219 -8.132281310064219 -8.132281310064219 -8.132281310064219 -8.764351643218818 -9.192259937370231 -9.192259937370231 -9.192259937370231 -9.192259937370231 -9.192259937370231 -9.192259937370231 -9.192259937370231 -9.580311699904636 -10.26439360574371 -10.26439360574371 -10.26439360574371 -10.26439360574371 -10.26439360574371 -10.26439360574371 -10.26439360574371 -10.298484843004516 -10.662646673248313 -10.670237943816213 -10.670237943816213 -10.670237943816213 -10.670237943816213 -10.670237943816213 -10.670237943816213 -10.670237943816213 -10.855533004588432 -10.855533004588432 -10.855533004588432 -10.855533004588432
41
 -1.5805220187005984 -4.225124453377731 -6.44612105818242 -6.800365322950067 -6.800365322950067 -7.455023345208881 -7.455023345208881 -7.455023345208881 -7.455023345208881 -7.455023345208881 -8.050398379446401 -8.050398379446401 -8.050398379446401 -8.050398379446401 -8.050398379446401 -8.050398379446401 -8.050398379446401 -8.050398379446401 -9.22865316842777 -9.86701311611455 -9.86701311611455 -9.86701311611455 -9.86701311611455 -9.86701311611455 -9.86701311611455 -9.86701311611455 -10.005329935105937 -10.870478182123856 -10.946422612432126 -10.946422612432126 -10.946422612432126 -10.946422612432126 -10.946422612432126 -10.946422612432126 -10.946422612432126 -11.115647327330683 -11.115647327330683 -11.115647327330683 -11.115647327330683 -11.115647327330683 -11.115647327330683
SGD:0.05
10
41
 -1.5805220187005984 -4.987574508789762 -5.488511923477317 -5.527225809986048 -4.938382993699394 -6.022855288681299 -6.4299923777061085 -5.997189720699159 -4.711714220280352 -4.325237105363601 -6.235262729355241 -3.8519149958531247 -5.608819080655936 -4.608978744004463 -6.2283310319306215 -4.641310580685689 -5.56603359284621 -6.896378137176644 -6.67712950467363 -6.4065741073741975 -6.7428824371239084 -5.475474024494513 -6.461822221995042 -6.143934663188174 -5.2184833217739515 -5.857838588960185 -5.426288132320244 -5.588852089566331 -6.123164914636346 -4.625490416714439 -5.4641868554217226 -5.398123035515009 -6.5319102159830305 -6.221130698055554 -6.907279828308108 -6.602565545573173 -5.84193864851183 -6.246125040397597 -4.5088404674919005 -6.066521053331706 -7.241888629016312
41
 -1.5805220187005984 -7.179517355352404 -7.679779766453354 -6.914346789970056 -4.870261322692346 -6.5641560607999985 -7.091780193685809 -5.761997558641827 -4.8046800489732595 -5.05731018253287 -5.397948888438581 -6.268337220004082 -6.219887476179207 -6.269280713659522 -5.430548536523507 -6.350814526636478 -5.970343711410625 -4.153085716874281 -5.739682698914762 -6.086008586457078 -4.417315979007773 -6.52309143119059 -6.208347944288131 -5.482389353936297 -5.250147582938837 -6.246464101545608 -5.575409879415129 -5.7815464080317085 -6.353378053572318 -6.146987992487341 -5.747276320908959 -5.428202873763038 -6.1155392028338165 -6.670482418836368 -5.413597932887544 -5.863181852900943 -6.807905186620695 -6.091301657799787 -5.944179078375601 -6.013620491912455 -6.606342595056529
41
 -1.5805220187005984 -6.301023273356366 -6.619508421202547 -6.186558932186608 -6.582725481140194 -6.498648977061503 -5.076351572907989 -5.176300298014312 -4.965905852875116 -6.633272461359445 -5.922038336171304 -5.019675209108098 -6.574701280955601 -4.476574849798874 -6.903969170294937 -6.848688901182027 -6.1671985755618435 -5.515998342736824 -5.614763855946367 -5.451316424242063 -6.0450323212065245 -6.88627917361 -6.207966121037934 -5.8158738138226855 -6.52230976866879 -4.206030641082441 -6.3076198046222025 -5.131650574026669 -6.528681024711879 -5.8960954385603905 -6.308692426182233 -6.920569347844552 -6.386566126132137 -5.94163688020405 -5.936498010529726 -6.832348041847801 -7.072752012702766 -5.667990844558343 -5.442482348955877 -4.816487270471607 -6.915313326137632
41
 -1.5805220187005984 -5.780571243482079 -5.366181458496454 -4.125769664732933 -6.456153024751071 -6.336644537890142 -6.011058153509972 -5.126100510971005 -6.698570933467733 -6.652265092410242 -5.857203013112733 -5.472787397991495 -5.982202477768508 -5.995290595804395 -4.839286621316916 -4.7741808908084495 -4.851695546161111 -4.795086534881768 -4.7890623930087415 -4.9727743755156455 -6.527078949344512 -6.542069829130445 -4.949900728676308 -6.178620692549174 -6.195725320652848 -6.73933240860471 -6.631377852381294 -4.164399103166749 -5.671989109311572 -6.108970125078778 -3.947113595771323 -4.962198734494674 -6.960496058722334 -6.735087891808204 -6.1101555546247335 -6.317845513923023 -4.555252126407678 -5.334579314954782 -5.372411712213315 -6.8118324349479416 -6.457774433593155
41
 -1.5805220187005984 -5.7029266790441895 -7.025119955407788 -6.067700518812322 -3.8056153779835737 -6.988064736451035 -4.679628252278948 -6.277614467065391 -6.184886982808314 -5.904642024759756 -6.873490420390524 -6.812470568688476 -5.15892659279759 -6.5768906708934916 -6.4846134628168555 -6.503676334466076 -5.89132934444886 -5.98150119834632 -5.4332484872084805 -6.6015837340162085 -5.570813516628174 -5.9730875267978645 -5.454787911804978 -6.054615517479522 -5.3423360343933615 -6.251104142598137 -4.959992342989511 -5.84953306891856 -5.465315729874023 -6.471992123819187 -4.673935110967958 -4.416997235447108 -5.059487473184403 -5.135526958184882 -6.719034962896081 -5.404168903139721 -5.126662485361744 -6.741171300951192 -5.771844352175359 -6.783135004061262 -7.3524285520441115
41
 -1.5805220187005984 -6.747226565595516 -6.591429649635528 -4.934996263811825 -6.167393920771761 -6.163536000087269 -6.349257174104678 -6.74403729569717 -6.76267398493158 -6.178453084210344 -5.672393207923994 -6.417711421621184 -4.786112184033765 -6.561246747057159 -5.547423653178772 -5.229425396966436 -6.890328047354904 -4.989745686915605 -6.445638136177657 -6.0087875156444 -5.896082580758462 -6.205596303661066 -6.518570230935783 -5.277568508974473 -5.659272838935358 -5.9082374610450925 -6.550793916808897 -6.619732412402383 -5.169794822726187 -6.405410413317326 -3.959665963142793 -3.531257515096416 -5.981591422034474 -5.771181866374971 -7.081990645478591 -6.826377468241097 -6.236334928263361 -3.660271215719488 -7.054097565977157 -5.835943406248781 -4.997714222674795
41
 -1.5805220187005984 -5.886170362826701 -6.832031639345952 -6.99294327241099 -6.48284520293235 -6.170219648151544 -7.288963048028615 -5.064122878364589 -6.957370904166507 -6.799954347926843 -6.710209159287809 -4.920230862968256 -5.574294836425551 -7.255982594585238 -6.529528866391964 -6.730793022257347 -6.48579573066388 -4.750347696767818 -6.761062724957829 -6.371364792645353 -6.690629294273143 -4.1553430812581 -6.924679019690045 -5.846562758039218 -6.105734720922102 -5.933295857441642 -6.313558075061861 -6.095241451905732 -7.532238291130635 -5.790080227620453 -5.297142243367327 -5.8684358276879145 -4.893737678267488 -6.433402722826978 -6.627070891585369 -6.057476571082247 -6.142460300376996 -5.917803373361814 -6.4342964818890245 -6.795095365888178 -5.276571701927362
41
 -1.5805220187005984 -6.251892753376737 -6.694994328420265 -4.965555615256756 -7.165319458228918 -6.619723135316577 -7.064435097931211 -6.631756873372948 -6.127542858539104 -6.537412611152983 -6.8992715413643255 -6.235725971906034 -5.250856078689548 -5.840704382035658 -5.4445053531091485 -5.908538679420163 -6.696191690550603 -6.890923504232825 -6.250893218362412 -6.539006687218365 -6.2058906134075835 -6.213349316540118 -6.425244374203028 -3.929039987032385 -5.513542075485212 -6.832214425212753 -6.144295044719158 -4.616305645045998 -5.326792874516101 -6.312314314646755 -5.360056352145963 -5.0990215475619545 -3.904402615187362 -6.854357337545939 -6.892449432097914 -6.609902000217189 -5.618943857301891 -4.841071741497617 -6.15005997343651 -5.415059589989554 -7.232241068566673
41
 -1.5805220187005984 -6.104166133561528 -6.3328559127063855 -6.035026320990655 -5.880729286965687 -5.58799388749202 -5.6423791618822765 -6.5807475309200205 -5.82230589294064 -5.63235722753295 -5.590803797942267 -5.727672831175016 -4.903578455352141 -6.649022966574583 -6.038370851655905 -5.366178566510409 -4.535629449195278 -5.836255223906722 -6.8334358485322895 -7.1040019236200465 -6.258080429965555 -6.668261494848558 -4.910668190301757 -6.01612149145305 -6.525159143999783 -5.990918445370053 -5.7168936181803325 -6.286013566518726 -6.027399421837536 -5.73302830271331 -6.169250291522891 -6.177908976292497 -5.455722085669875 -6.84848766017981 -4.569192159730696 -5.2103870799554075 -6.2116885812690485 -6.158988284341106 -6.247519597838811 -5.082029061246839 -6.091628130430231
41
 -1.5805220187005984 -5.847978461892459 -6.177973435710871 -5.621454883675002 -6.947241228065267 -5.0108438908504915 -6.338130080875235 -5.928039253719859 -6.452435661376485 -6.229276519234971 -5.485563886739624 -5.518034387994597 -6.011939156098972 -5.306647712533752 -6.331151866717113 -5.324797850761808 -6.184928250555012 -4.369389399101284 -5.799811373162034 -4.662077896848251 -6.817438687283119 -6.184662041297004 -5.093979079725279 -4.944190515566386 -5.944327262040548 -6.459235960157942 -5.397401104671945 -3.9852117628079498 -5.092992457482046 -6.446954891844682 -6.048833558569403 -6.5111694072627335 -6.3570135986853655 -6.025164095839133 -6.220714341316691 -5.82666348720382 -6.677792155991907 -6.650899836346967 -5.953121675098639 -6.193503448039924 -6.2131333499954415
SGD:0.005
10
41
 -1.5805220187005984 -5.408087942717494 -6.852779533747551 -7.913097294018347 -6.664077170609711 -7.76750757801896 -8.483324473081467 -8.634852655166506 -10.005998101962001 -7.963735251948761 -9.053302037800208 -7.937838292304463 -9.653527709478045 -9.899447227242826 -9.297251879463778 -10.338725647208253 -9.875640269418982 -9.621033039205264 -8.678750916346369 -7.7206265618677765 -7.913769143938647 -10.474525136275817 -10.244648564897105 -7.613592091214597 -8.89136414950657 -9.263608499715323 -8.431141690473222 -10.014082258503127 -8.780280271018947 -8.438268274689127 -9.862087949054278 -10.130757090882264 -10.18537540595701 -9.847221650847784 -9.396427789815386 -10.901010495547348 -7.927554049794463 -8.946058920929184 -8.848539154643877 -8.901940057479234 -9.931190891637602
41
 -1.5805220187005984 -5.69286008897377 -7.035021613819188 -6.404365930002001 -8.572789547949144 -8.938810463246538 -9.521427022692555 -9.809481546002978 -9.78616161742081 -9.836714364328502 -9.365712308111013 -9.64608552443764 -9.518110112604958 -10.491031615425532 -8.175551007541923 -7.386624588580691 -9.511029886056113 -9.499756964307922 -9.875282913582113 -9.549606133610315 -8.289802686933479 -9.772894552584992 -8.503167408533287 -9.354419359155349 -8.529473650694438 -8.123299685797264 -9.897157661456603 -9.404605447729086 -9.258482061906019 -9.867217518485178 -8.551788890681246 -8.829048331447135 -7.499747081930183 -8.008720282756466 -9.50799302045369 -9.783130347802606 -9.514959722751119 -9.74458600641111 -9.34329278706791 -8.836617454528257 -10.129707243966983
41
 -1.5805220187005984 -5.594746761727258 -7.14990841738552 -7.358407195670198 -7.705608604338296 -9.179314672720608 -8.723288915707167 -9.763234694756084 -9.532130768346333 -9.843891752058603 -8.22467075596036 -9.317144461540558 -9.71216991595675 -10.201441780850205 -9.842183417415521 -7.799401244009741 -9.238552232814278 -9.182816675461066 -7.24406832941514 -9.545551585962652 -9.196806815134574 -8.211252371933842 -10.031145134763827 -9.121474958232007 -9.596156330166243 -8.798210444561278 -9.770121139327001 -8.138996028831562 -8.566418642841205 -8.7177113444876 -10.08437892637806 -9.910752011110745 -8.781233574167402 -10.044567203519932 -10.05018130124185 -8.794980961296945 -9.17586944779827 -9.655666716654608 -9.347323970013942 -10.238662818033536 -9.189153981756732
41
 -1.5805220187005984 -5.656191743654986 -6.958141021809456 -6.394346639973745 -7.955510578855417 -9.02600142167152 -10.002692340267416 -7.448514843970284 -10.163787442735698 -10.09433554439254 -8.281880808030243 -8.691488149674607 -6.919859613239719 -8.07084418419541 -8.35374585394118 -8.684644114153155 -9.876905361470971 -8.379892822438036 -8.294351423685283 -10.437336447809137 -10.510270139398239 -8.729967295706402 -9.840992339519245 -11.010043190843758 -10.057513261010163 -10.07673944827015 -9.385784318267572 -10.208826488557479 -8.02135250811793 -10.674603944162653 -8.499346683757498 -9.422343061432512 -8.786171316698166 -9.8116160092917 -9.447168742564868 -8.954912166313242 -9.19765367082467 -7.949122187890811 -9.322557219931586 -8.488963713809277 -9.104473096763304
41
 -1.5805220187005984 -5.4588126070965854 -6.8356650157215855 -7.949992651834646 -8.785647951357326 -9.174050033136023 -9.452325991044855 -8.19966078272317 -8.333565403430532 -9.24629045909492 -9.993410886594798 -9.56130268370847 -9.348615837330817 -10.238587970021664 -9.801529830148088 -7.096969475311268 -9.1458706670494 -9.562131946736425 -9.639859493705984 -7.620651691009016 -7.964977309253716 -9.704663240906497 -10.0061083498665 -9.519728313524332 -9.839767000521379 -9.08094840645638 -10.331077285156608 -9.133485407057417 -9.779035067391794 -10.135620747627732 -9.858962238167381 -10.324124178099677 -8.549106232608796 -10.624722862536954 -8.463544193845744 -10.178904533613334 -9.232368694049665 -9.822659227291773 -8.359487278302122 -8.502514649246114 -8.313497419406069
41
 -1.5805220187005984 -5.5205334474749685 -6.946741044469906 -7.90443964206124 -7.159569812142201 -9.321654622604893 -8.99085625787951 -9.046779017502683 -9.521545479625525 -9.231961347476307 -7.855190792164716 -9.728939204935584 -8.734909756208028 -10.068693019646444 -8.683128465958859 -9.810689847003315 -10.888030898916142 -9.403958076558675 -9.442897274781634 -7.707382257280268 -9.692171499107726 -8.616059099529046 -9.842462639078272 -9.491936401646738 -9.69835946193059 -8.07866394458769 -9.010246915418739 -9.67665416912468 -10.379776899413152 -8.152757965458042 -7.1423213339856515 -10.207177987318145 -9.306680977714155 -9.835245864128401 -8.74688633494168 -9.462300183355895 -9.339683370045362 -10.831886402021203 -9.439248752060553 -9.515635439065136 -9.024498941584435
41
 -1.5805220187005984 -5.6105368435424126 -6.935176963682536 -7.94683408694803 -8.367569479216916 -9.089189252556636 -9.354760737248004 -8.833416892693046 -9.857394682107236 -9.659989699045068 -7.469939914423093 -10.02521868828997 -8.621844856685028 -9.697168488990394 -9.757518311586503 -8.724497077337777 -7.401614050983809 -9.726244827385708 -8.242079434170126 -8.705466811267 -8.379424600981412 -10.019025764172511 -10.069092839735408 -9.898235897045808 -8.912095042987218 -8.085228126521251 -8.979142179830255 -9.261530695717019 -9.357548919373249 -9.793459549335013 -9.460017590212523 -9.37500712016815 -9.293580538621969 -8.341817947449044 -9.592480052110403 -10.066573538174826 -10.281999979842166 -9.250971700117656 -9.95091658309288 -10.681599006704142 -10.04939511599467
41
 -1.5805220187005984 -5.67468820657329 -6.795254635129412 -7.680187225066997 -8.191291050591472 -8.919866564170837 -9.414753653984542 -9.38923400643084 -9.187822311280016 -9.857260510369196 -8.59678368597318 -9.614582324087522 -9.765056691419232 -9.040839551449576 -8.256298675434895 -7.9808536791028475 -8.074829630263343 -9.330970214230412 -10.378182972996274 -9.989834702065334 -8.581337026595873 -9.899040391488175 -10.019075620375302 -9.300595180160693 -8.70849684582924 -7.878573523063361 -8.984199928829435 -9.648084417741462 -7.626779401707733 -9.946183024802552 -7.757903518283528 -10.0976212514772 -9.138579149386427 -10.323842900286134 -9.577531127889205 -8.949860215281312 -9.590160083643575 -8.713515884323698 -9.415305095133816 -10.152014218904561 -10.156385137684698
41
 -1.5805220187005984 -5.652579337505811 -6.795105981920339 -7.442423013984331 -7.140778455401304 -7.707771975977582 -8.652273358382761 -7.342775515601784 -8.725983153615328 -8.607013556511692 -9.640214937763224 -8.973759025892342 -9.545663460880036 -10.137343631126502 -9.182610962203363 -9.94362788714744 -10.227419276859013 -7.593493309066789 -8.12995288591278 -10.009672884471167 -8.413264845065319 -9.681153844705811 -8.851247784353765 -10.724778204670717 -9.842530748474413 -9.318245725470081 -10.417944656618282 -8.859055143730753 -9.643167312754777 -8.056130109553663 -7.716243166046243 -9.628382763682067 -7.7004158810637735 -8.638999439720102 -7.354582697899775 -10.390516677329039 -9.195701551649796 -9.97550399747934 -8.86451853676053 -10.217299905169273 -7.917569043963077
41
 -1.5805220187005984 -5.720970100688887 -6.808251917488169 -8.07399765967837 -7.422050991796813 -8.881943950401748 -9.2819845701609 -8.847877249994685 -9.44188516951631 -9.568738897061799 -10.10641915465829 -8.241029796448306 -8.38489515027438 -10.107295975668004 -8.851896071729394 -9.936376787233659 -9.223719182507487 -10.70811823337347 -8.52609212698012 -7.843476339836325 -9.428294262645 -9.474440662997871 -9.85460468457273 -10.212262827433534 -10.33195252637473 -8.310142257799352 -7.502987170263103 -9.356333956596178 -10.22633803174741 -10.30705865953264 -9.702515497396211 -9.142268182216032 -8.799659081115545 -9.928321361768472 -9.98483391744528 -10.522262162047499 -8.231713231279178 -8.646223757576571 -9.446030486033655 -8.538158937680713 -8.433787841883554
StreamingSVRG
10
41
 -1.5805220187005984 -5.862355302983076 -6.8110546817895905 -8.345156653660826 -8.19639614017463 -9.434981707125086 -8.662418683932085 -8.964158693374134 -6.721455756789606 -8.841920624692301 -7.8783403251626 -8.04336131889098 -8.844038435302172 -8.844038435302172 -8.270155085272338 -9.857205468614593 -8.790652363622028 -9.381191889394177 -9.722116133363423 -8.589915788908769 -8.814410989956427 -10.134121223210515 -10.134121223210515 -10.134121223210515 -10.134121223210515 -10.134121223210515 -9.332747346936221 -8.345176806481252 -10.133794999373336 -7.103872055934547 -10.3451459153932 -10.3451459153932 -10.3451459153932 -10.3451459153932 -10.3451459153932 -10.3451459153932 -10.3451459153932 -11.227304514276135 -10.514892197303466 -8.658846481681213 -8.535443168456132
41
 -1.5805220187005984 -6.410621164773441 -7.227673675936002 -8.329357647715915 -8.786494045531814 -8.11664593166442 -9.077821468513529 -9.404137382101592 -7.269193432971411 -8.2632551035709 -9.091567880517808 -9.655834929129906 -8.601178248813532 -9.23812007820692 -8.51108392367724 -9.59713510400699 -9.77409054451639 -9.77409054451639 -9.86855282955432 -9.86855282955432 -9.86855282955432 -9.86855282955432 -9.86855282955432 -10.28295083724992 -9.61043055839518 -10.532288767241392 -9.220365673972506 -10.329474987788714 -10.362480547701145 -10.362480547701145 -10.362480547701145 -10.362480547701145 -10.362480547701145 -10.362480547701145 -10.362480547701145 -10.39516487361129 -10.69541788211323 -10.69541788211323 -10.69541788211323 -10.69541788211323 -10.69541788211323
41
 -1.5805220187005984 -6.084665114887208 -7.772636922446529 -8.184863081394885 -9.012660260315798 -7.8036571871197244 -7.009720416487445 -9.67169607901589 -9.13375200662514 -8.899513508911845 -8.738858934102003 -9.069324419992768 -8.577488778072922 -8.585659561361892 -9.009894471486103 -8.894373965562115 -9.669850430481592 -10.152955760280612 -10.364426538776964 -8.793307472650675 -9.64763145299125 -9.027138771448211 -9.027138771448211 -9.027138771448211 -9.027138771448211 -9.027138771448211 -9.24909127707059 -9.551766741854715 -9.309476218621729 -9.681070640895138 -9.631048374466104 -9.640704487805142 -9.142381694101983 -9.142381694101983 -9.142381694101983 -9.142381694101983 -9.142381694101983 -9.142381694101983 -9.142381694101983 -9.050435963848273 -10.700314730794531
41
 -1.5805220187005984 -6.026763970165411 -7.716781936852818 -7.8244539457965265 -8.963746985897554 -8.145509156875505 -7.548719911706392 -8.61108476570082 -9.051983003602182 -9.051799213029824 -7.702418779446823 -8.700841425759403 -9.912699571265515 -7.57895360445092 -8.744777762786287 -7.487156882127524 -9.489660811667282 -7.65834688411824 -8.414437434431585 -7.357526553755427 -9.18680951412181 -9.186832848437625 -7.354928812846828 -8.601634932140287 -9.495297834986571 -8.82363483364961 -9.396635994508971 -9.665964877161885 -9.665964877161885 -9.665964877161885 -9.665964877161885 -9.665964877161885 -9.81445250096626 -9.96808366407116 -9.91133705715491 -10.025265255607975 -9.958641066799176 -10.222679838823892 -10.222679838823892 -10.222679838823892 -10.222679838823892
41
 -1.5805220187005984 -6.268210078477236 -7.284992618160901 -7.70759426791048 -8.94688377944593 -6.861115314753218 -9.060188090425592 -9.111499420016205 -8.746335790864677 -8.74303208835446 -8.328736121823646 -8.673862339278273 -10.132552858482834 -9.3746122240744 -9.069609167700438 -9.069609167700438 -9.069609167700438 -9.069609167700438 -9.069609167700438 -8.709342337799663 -10.698090525120602 -9.508495733994812 -10.625508378400964 -9.973582705365958 -9.74724443796151 -10.448452630114454 -10.448452630114454 -10.448452630114454 -10.448452630114454 -10.448452630114454 -10.448452630114454 -10.448452630114454 -10.448452630114454 -10.81631437068977 -8.992104834056915 -8.764882235587688 -9.640746662626904 -10.363810371813068 -10.16869268874751 -11.092861557407144 -11.092861557407144
41
 -1.5805220187005984 -6.077810650129544 -6.697802932209149 -8.732000753387695 -7.995699791272321 -9.166752084393968 -8.584542527010603 -9.26418713439568 -8.775482449304377 -8.91393535529165 -10.559439345917385 -7.867281862425504 -8.24769156777039 -8.24769156777039 -8.24769156777039 -8.24769156777039 -8.24769156777039 -10.919922309937546 -8.838139270814072 -9.325660263535962 -10.044642453187636 -9.857965521071947 -8.66264263715427 -8.66264263715427 -8.66264263715427 -8.66264263715427 -8.66264263715427 -8.66264263715427 -8.66264263715427 -8.66264263715427 -10.18090955840541 -8.360894652941802 -8.360894652941802 -8.360894652941802 -8.360894652941802 -8.360894652941802 -8.360894652941802 -8.360894652941802 -8.360894652941802 -10.210437327064918 -9.253454972752769
41
 -1.5805220187005984 -5.600871239453358 -7.7732750653459055 -7.211836228992862 -8.37241659602554 -9.053066777818396 -9.305251007123383 -9.281194149201227 -8.534461588951629 -9.063132437777664 -8.975892316132507 -9.403372782094298 -9.10750291130299 -9.545845769202892 -8.98038182930124 -7.2107153012458225 -8.53248166189417 -9.517633869537901 -9.887607041120214 -9.744772491703475 -9.744772491703475 -9.744772491703475 -9.744772491703475 -9.744772491703475 -8.826078854663841 -10.355555513476997 -9.288753516940497 -9.78710068188968 -10.218660127038389 -10.438695397983698 -9.735803188131145 -9.425469192813305 -9.425469192813305 -9.425469192813305 -9.425469192813305 -9.425469192813305 -9.425469192813305 -9.425469192813305 -9.846233595897472 -9.58165826164309 -10.051351642785894
41
 -1.5805220187005984 -6.24381465235391 -7.690916563983182 -6.069288916208258 -9.113644604929647 -9.653611347803654 -8.792079638379017 -7.403717833700026 -9.130831558857473 -9.053702405222294 -9.155065822513816 -10.00272391566681 -9.959046039453753 -8.64264093237328 -7.563422462351981 -8.168161095338663 -9.798332563569907 -9.798332563569907 -9.08331363182357 -7.232983848685997 -9.078769607992022 -9.572325663174716 -9.572325663174716 -9.572325663174716 -9.572325663174716 -9.572325663174716 -9.314901205513209 -7.608814074125156 -7.608814074125156 -7.608814074125156 -7.608814074125156 -7.608814074125156 -7.608814074125156 -7.608814074125156 -9.07965315543053 -9.911169245859673 -10.217865461763628 -9.992492789463395 -9.428301752837172 -10.86687718392514 -8.912326260946822
41
 -1.5805220187005984 -6.21106415209682 -7.341200140030877 -8.315790844189268 -8.818560333302548 -9.40398214933774 -9.506182264323655 -8.956073756231214 -9.42782889237371 -8.715081240269777 -9.200694436618411 -8.567052621756194 -9.024761928744898 -8.313820897500031 -8.345278599057357 -8.612823695890535 -9.36066743639647 -9.992467205183525 -8.793219520573397 -8.602413986411545 -8.602413986411545 -7.311599458883901 -8.618489579615488 -7.890519201708364 -9.006940453719835 -9.006940453719835 -9.006940453719835 -9.006940453719835 -9.006940453719835 -9.44866111737342 -9.94626148812941 -9.94626148812941 -9.94626148812941 -9.94626148812941 -9.94626148812941 -9.94626148812941 -9.94626148812941 -10.44700387789175 -10.321256966791063 -11.0516612576248 -10.60626944691245
41
 -1.5805220187005984 -5.995457383365024 -7.2184396112814815 -7.989594654339704 -8.116269069482614 -8.628182726418805 -8.514476005456267 -9.75955906602855 -7.92312873277633 -9.543495221713473 -8.218063178377834 -9.844641030711095 -8.792772492812576 -8.792772492812576 -8.37046348203438 -6.77175112061743 -6.77175112061743 -6.77175112061743 -6.77175112061743 -6.77175112061743 -11.023233227119201 -10.51656482524319 -10.51656482524319 -10.51656482524319 -10.51656482524319 -10.51656482524319 -10.51656482524319 -10.51656482524319 -9.539077229890788 -7.146990948139987 -10.310667996028286 -9.421592477022173 -9.421592477022173 -9.421592477022173 -9.421592477022173 -9.421592477022173 -9.421592477022173 -9.421592477022173 -9.231402596136979 -9.3317913414183 -9.99600998813931
ADAPTIID
10
41
 -1.5805220187005984 -6.761696761345381 -7.461934788585905 -8.369424593638104 -8.702760351692154 -9.162489755425348 -9.260027995484492 -9.624045109878834 -9.762229732616822 -9.828869076972662 -9.932787447136707 -9.970503432752151 -10.395731546372591 -10.153893925281064 -10.815107600051133 -10.958701226946678 -11.360118843107784 -10.428950885014526 -11.645662216554111 -11.720090797100578 -12.261564445769192 -11.598060230206972 -12.48716349666224 -12.394381895483043 -12.828376258119997 -13.081868665398375 -13.21262744276463 -13.06825144828727 -13.093432912187787 -13.684268437059611 -13.922432226235445 -14.096975903396217 -13.988044906768748 -14.385832315126821 -13.821392702263589 -14.491353287600614 -14.922740100008099 -15.226354057111635 -14.660991176431187 -15.423694986731535 -15.515877377598573
41
 -1.5805220187005984 -6.780649165162265 -7.710161967667492 -7.838436046550147 -8.729353026147633 -9.043392938520071 -9.345374458016648 -9.127159447060762 -9.662031001820157 -10.17517790406912 -10.31265340123724 -10.469384708598621 -9.592414786703554 -10.797728718772781 -11.104757278293519 -11.566750428136725 -11.36558444130542 -11.730370290281423 -11.099029102299005 -12.059792851434878 -12.430293144807962 -12.617232186316446 -12.851279220352625 -12.45050701248335 -12.60744986139347 -13.347167259613022 -13.682990716517539 -13.313280783482325 -13.923316105224014 -14.125172399835321 -14.192127470638265 -13.359715439299498 -13.433227126280398 -14.269063197394596 -14.90477634038256 -14.909052934698492 -15.346271808331938 -15.45879743213288 -15.651685484293095 -15.853751218814462 -14.773040869116818
41
 -1.5805220187005984 -6.910497224651624 -7.8923699676428125 -8.374280856358457 -8.797214885195592 -9.331050062453182 -9.456329292521351 -9.133462724483072 -9.679702930726243 -10.141995269362102 -10.155659189621636 -10.270987619345957 -9.955055975588337 -10.725663929153534 -10.53356497313634 -10.707871325875136 -11.568501009048822 -11.61459955046861 -11.816008492421632 -12.16536526646281 -12.508520070787615 -12.37331489747635 -12.855375482552907 -12.49317080557363 -12.867723947670413 -13.253623095104706 -12.905367971072444 -13.675711765875604 -13.845523643185889 -13.262993845003004 -14.049426207710296 -13.829810816225256 -13.571167565865887 -14.174658294908223 -14.531470800452121 -14.631846881058731 -14.976246701168565 -15.018228581334899 -15.273077812139734 -15.36657972932995 -15.257204890475405
41
 -1.5805220187005984 -7.00076125388372 -7.977440383308006 -8.295634869331755 -8.686916639470505 -8.365107195276439 -9.623269519484772 -9.540723582789276 -10.23803064295987 -10.355824907028781 -10.151193448001429 -10.129040575733532 -10.503182701726521 -10.809910144558328 -10.819829609467744 -11.232929655383224 -11.688741389426239 -11.960925006013223 -11.92724249294768 -12.274582824135006 -12.392853950586769 -11.79604928677079 -12.657619440054743 -12.80125795894943 -13.076910614199056 -13.149785342390697 -13.42280785516103 -13.386914283741786 -13.432239750715436 -13.831764353351197 -13.55555564798538 -13.98322311363323 -14.09124264249389 -14.354734387796325 -14.706950257083896 -14.849278921923545 -15.184322611032435 -14.874931018641988 -15.450179812690358 -15.503371652137476 -15.52387702527039
41
 -1.5805220187005984 -6.521360550814664 -6.543834193488875 -8.214414412446343 -8.79348460760925 -9.151616788122842 -9.291021315397684 -9.37808480023213 -9.314378797647237 -9.723103930490572 -9.864371510005961 -9.92465741693058 -10.516234419848107 -10.742672194426598 -10.944303605952648 -11.07980711133094 -10.841226502693205 -11.463023872670554 -11.343177843872851 -12.236445866860608 -12.033377793629672 -12.151622199022784 -12.780792490668022 -13.01958467929384 -12.729805620825733 -13.171918356975699 -13.270884361836409 -13.834711309918005 -12.82998114333625 -13.170948773026812 -13.368678531771742 -14.555797809657387 -14.345442852207322 -14.794404028789383 -14.884461155228923 -15.206101497599533 -15.31579226193171 -15.461258589741247 -13.665147818993598 -15.720335835296495 -15.958386182958382
41
 -1.5805220187005984 -6.796335783365303 -7.482570401236233 -8.075336795701586 -9.155555125966263 -9.268485431520402 -9.252110014505321 -9.639668796141688 -9.894347223348223 -9.974591942967983 -10.304701084700719 -10.231794702003924 -10.28814444020327 -10.723302627762065 -10.98671257989644 -10.482532606324469 -11.636542357131736 -11.323527558427111 -11.840919216597994 -12.303974330403713 -12.427960186565327 -12.52957890533995 -12.84269740894964 -12.703342160380437 -12.771902049195537 -12.433352223023197 -13.001064350872795 -13.18955126880923 -13.205090804510947 -13.842017436837315 -13.879450206620186 -14.168313489160672 -13.916473761688005 -14.51289719907621 -14.720013827864278 -14.762322873318553 -14.562939937772489 -15.180777436232285 -14.496252880192461 -15.617998746106643 -15.655766269315446
41
 -1.5805220187005984 -6.289017660359041 -7.768084296012907 -8.012448109200363 -8.760447012222956 -9.383959493976397 -9.467702536650904 -9.449410886961685 -9.712157134886288 -9.255435966329637 -10.4515308507729 -10.596942040293152 -10.318605623554651 -11.026764890442871 -11.053886953737585 -11.327048507440308 -11.198969175467193 -11.655044321838899 -11.084108540252656 -11.17883025024189 -12.734345472602481 -12.086667864403957 -13.109010028215938 -12.589341889871871 -13.397495871080038 -12.836971503791869 -13.300883414095754 -13.608124505286757 -12.257830883847125 -14.07687300926822 -14.291125123580972 -13.978517930901708 -14.567076007851481 -14.627652378057354 -14.88565735852743 -14.9853423380883 -14.820925499471317 -14.548167408214319 -14.902372755805953 -15.57932034118457 -15.816849885633486
41
 -1.5805220187005984 -6.56705233978573 -7.605978841831448 -7.834301291985966 -8.945077196466507 -8.854269622398096 -9.275216311283014 -9.04807874837557 -9.315265667732229 -9.783087877566915 -10.272342798001686 -9.46977363421545 -10.691445189443492 -10.046932202595736 -10.302155095013356 -11.214359888540482 -11.7346605733565 -11.814054370992181 -11.748204270247143 -12.257337822578949 -12.408727792619386 -12.72013156903695 -12.820271146874331 -12.943549355292344 -12.549646672997918 -13.04631892070067 -13.555687185867448 -13.719123153474266 -13.97410979399658 -13.768333107923109 -14.221842731268056 -14.517788586652259 -14.623048217793379 -14.633976709137357 -14.608265951388125 -14.506338046057865 -14.93357341267497 -15.543178456158934 -15.666221585734855 -14.754186998838547 -13.72087192407659
41
 -1.5805220187005984 -6.248073820029777 -7.454838998774263 -7.99320250905796 -8.614582352806247 -7.956888072614603 -8.882665521382197 -9.356971376838784 -10.084687850209711 -9.810415873126688 -10.26603259493923 -10.03130000542819 -10.76995485752191 -10.718939523055033 -10.802229244128208 -10.924388250993742 -11.411452061135503 -11.139614633203491 -11.794675692343501 -11.961047144574726 -12.089703449359625 -11.64863795135184 -12.288013537012171 -12.715117606525627 -12.830156728726912 -12.850340680488214 -13.158443212724329 -13.400462021257805 -13.630297087988845 -13.55458389549117 -13.557816907423337 -13.991893215296585 -13.44794666465318 -14.463168526249316 -14.359236419011113 -14.80537271276531 -14.959675964979823 -14.883744189182908 -15.06974428733187 -15.294210080352343 -15.495891246860369
41
 -1.5805220187005984 -6.982304191104917 -7.789676858172486 -8.394080411951077 -8.661386974413878 -9.050060504294397 -9.746225970732207 -9.798552849394182 -9.981657973363557 -10.102903286551488 -9.863417110956481 -10.104035320993592 -10.398602665220213 -10.275578673635028 -10.985463273296503 -11.304092529616808 -11.598000495228163 -11.457233678515545 -10.742925674555885 -12.004538398974203 -12.21707130105807 -11.737101690749055 -12.579949446585111 -12.87510111106332 -12.671735018645727 -12.931278535747042 -12.38407858943837 -13.428180566970337 -13.720762746271324 -13.382674256495507 -13.77925523013696 -13.51074597891252 -14.240716229540045 -14.332990818956883 -14.819204691935484 -13.925996989610624 -14.256746186162802 -15.254966592508392 -15.41248091517447 -14.78304455769398 -15.732981673606691
steps
10
41
 0 4100 8200 12300 16400 20500 24600 28700 32800 36900 41000 45100 49200 53300 57400 61500 65600 69700 73800 77900 82000 86100 90200 94300 98400 102500 106600 110700 114800 118900 123000 127100 131200 135300 139400 143500 147600 151700 155800 159900 164000
41
 0 4100 8200 12300 16400 20500 24600 28700 32800 36900 41000 45100 49200 53300 57400 61500 65600 69700 73800 77900 82000 86100 90200 94300 98400 102500 106600 110700 114800 118900 123000 127100 131200 135300 139400 143500 147600 151700 155800 159900 164000
41
 0 4100 8200 12300 16400 20500 24600 28700 32800 36900 41000 45100 49200 53300 57400 61500 65600 69700 73800 77900 82000 86100 90200 94300 98400 102500 106600 110700 114800 118900 123000 127100 131200 135300 139400 143500 147600 151700 155800 159900 164000
41
 0 4100 8200 12300 16400 20500 24600 28700 32800 36900 41000 45100 49200 53300 57400 61500 65600 69700 73800 77900 82000 86100 90200 94300 98400 102500 106600 110700 114800 118900 123000 127100 131200 135300 139400 143500 147600 151700 155800 159900 164000
41
 0 4100 8200 12300 16400 20500 24600 28700 32800 36900 41000 45100 49200 53300 57400 61500 65600 69700 73800 77900 82000 86100 90200 94300 98400 102500 106600 110700 114800 118900 123000 127100 131200 135300 139400 143500 147600 151700 155800 159900 164000
41
 0 4100 8200 12300 16400 20500 24600 28700 32800 36900 41000 45100 49200 53300 57400 61500 65600 69700 73800 77900 82000 86100 90200 94300 98400 102500 106600 110700 114800 118900 123000 127100 131200 135300 139400 143500 147600 151700 155800 159900 164000
41
 0 4100 8200 12300 16400 20500 24600 28700 32800 36900 41000 45100 49200 53300 57400 61500 65600 69700 73800 77900 82000 86100 90200 94300 98400 102500 106600 110700 114800 118900 123000 127100 131200 135300 139400 143500 147600 151700 155800 159900 164000
41
 0 4100 8200 12300 16400 20500 24600 28700 32800 36900 41000 45100 49200 53300 57400 61500 65600 69700 73800 77900 82000 86100 90200 94300 98400 102500 106600 110700 114800 118900 123000 127100 131200 135300 139400 143500 147600 151700 155800 159900 164000
41
 0 4100 8200 12300 16400 20500 24600 28700 32800 36900 41000 45100 49200 53300 57400 61500 65600 69700 73800 77900 82000 86100 90200 94300 98400 102500 106600 110700 114800 118900 123000 127100 131200 135300 139400 143500 147600 151700 155800 159900 164000
41
 0 4100 8200 12300 16400 20500 24600 28700 32800 36900 41000 45100 49200 53300 57400 61500 65600 69700 73800 77900 82000 86100 90200 94300 98400 102500 106600 110700 114800 118900 123000 127100 131200 135300 139400 143500 147600 151700 155800 159900 164000
