9
newton:0
1
8
 0.37025868188021843 0.058414283971873704 0.013871849002030257 0.0023513290641783424 1.7793780840075213E-4 2.4740301109993368E-6 8.177906130057977E-10 1.0E-14
steps1
1
8
 0.0 1.0 2.0 3.0 4.0 5.0 6.0 7.0
time2
1
8
 0.0 11.381 22.79 33.926 45.141000000000005 56.304 67.431 78.57
newton:1
1
21
 31.268583655292627 15.057394052492597 10.171310736642162 6.922531399247909 4.532815912846498 3.8391921718015407 2.3525700937374734 1.6754122129477547 0.8826579389696161 0.5268960496754074 0.31790697004865437 0.2774050225608848 0.19824068728355387 0.1157363596739201 0.08306748855634782 0.03400252023931788 0.00326802209166005 1.0667204829173382E-4 7.914288058241681E-7 8.741274371004693E-11 4.385380947269368E-15
steps4
1
21
 0.0 1.0 2.0 3.0 4.0 5.0 6.0 7.0 8.0 9.0 10.0 11.0 12.0 13.0 14.0 15.0 16.0 17.0 18.0 19.0 20.0
time5
1
21
 0.0 12.342 24.641 36.692 48.701 60.667 72.737 84.40799999999999 96.09099999999998 107.83099999999997 119.35599999999998 131.19699999999997 142.83399999999997 154.60799999999998 166.04299999999998 177.73399999999998 189.20199999999997 200.30999999999997 211.42299999999997 222.58899999999997 233.78199999999998
newton:2
1
18
 105.12892695313592 63.52111856323617 29.563201155257563 17.434029544691903 8.635600758765563 6.925075017916129 4.268401897766016 2.3486366575263564 1.3519453258076417 0.6769796722006618 0.46785784832795113 0.3059077449075502 0.11397247360556612 0.007098869361539251 3.8685592574216887E-4 4.7221282916121154E-6 1.7775018124055464E-9 2.3314683517128287E-15
steps7
1
18
 0.0 1.0 2.0 3.0 4.0 5.0 6.0 7.0 8.0 9.0 10.0 11.0 12.0 13.0 14.0 15.0 16.0 17.0
time8
1
18
 0.0 12.206 24.283 36.266000000000005 48.28 60.35 72.366 84.491 96.357 108.04599999999999 119.642 131.17499999999998 142.707 154.184 165.334 176.52100000000002 187.693 198.857
