4
loss
1
20
 0.3274667820453379 0.3249670818440517 0.3241243557112907 0.3236970190915104 0.32343413251436404 0.3232532031158039 0.32311934926311275 0.3230152768523063 0.3229314052657288 0.32286197288696744 0.3228032886680884 0.322752866535682 0.3227089626550566 0.3226703122136996 0.32263597181522846 0.3226052209502326 0.3225774980918679 0.3225523579124261 0.322529441837492 0.32250845728191896
omega
1
20
 12.669003621058936 16.13850471409083 18.189252307280174 19.66520789037892 20.839070230992903 21.829199050315964 22.69621079126948 23.47474938155175 24.186255567267697 24.844836964860427 25.46024320083107 26.039490768936503 26.58780466471883 27.109191164621183 27.606800627639732 28.08316535470281 28.540360256232418 28.98011425868415 29.40388937298175 29.81293799688316
distances
1
20
 16.59715828050244 13.387526316517189 11.411434320130923 9.948451418845458 8.783426705506749 7.819430907701246 7.002683087816315 6.2994107259163385 5.686630340137924 5.147806735294807 4.670554289470708 4.245309094400447 3.8645091467719723 3.522061033041588 3.21297810997045 2.933126463141164 2.6790413876422576 2.4477916034161353 2.2368767245516636 2.044148474117179
lambda
1
20
 0.002 0.001 6.666666666666666E-4 5.0E-4 4.0E-4 3.333333333333333E-4 2.8571428571428574E-4 2.5E-4 2.2222222222222223E-4 2.0E-4 1.818181818181818E-4 1.6666666666666666E-4 1.5384615384615385E-4 1.4285714285714287E-4 1.3333333333333334E-4 1.25E-4 1.1764705882352942E-4 1.1111111111111112E-4 1.0526315789473685E-4 1.0E-4
