9
dyna-newton:0
1
15
 0.37025868188021843 0.08820952560983758 0.062146522997187814 0.060975139456820926 0.05187057930737177 0.04438301055868482 0.03225801706194453 0.019296388463569347 0.011318132992073793 0.005148553082881646 0.001888301491412614 1.931425194209857E-4 2.8203328417131246E-7 6.0359495179795886E-12 4.163336342344337E-15
steps1
1
15
 0.0 0.012592137592137592 0.025184275184275184 0.04077941577941578 0.0616980616980617 0.08978296478296478 0.14595277095277095 0.2582923832923833 0.482971607971608 0.9323300573300574 1.831046956046956 2.831046956046956 3.831046956046956 4.831046956046956 5.831046956046956
time2
1
15
 0.0 0.151 0.302 0.495 0.6930000000000001 0.9500000000000001 1.282 1.96 3.2720000000000002 5.865 11.045 21.131999999999998 32.047 43.293 54.519
dyna-newton:1
1
25
 31.268583655292627 17.362264835769526 10.833298493399944 7.182392872883931 2.9717140362672065 2.422316969830725 1.7335442597738986 1.3724739446910965 0.6160927518771815 0.5195069711058553 0.17607866465742228 0.0814844146260501 0.05902892494716172 0.05987403547912484 0.046448927858432576 0.0359150992579117 0.027494021816524383 0.02105017414649263 0.01490128407034269 0.007227466445912045 0.003584319737746422 0.0015213327530959053 7.644121153838057E-6 9.230837760831889E-10 7.771561172376096E-16
steps4
1
25
 0.0 0.012592137592137592 0.025184275184275184 0.03777641277641278 0.05036855036855037 0.06296068796068796 0.07555282555282555 0.08814496314496315 0.10073710073710074 0.11332923832923833 0.12592137592137592 0.13851351351351351 0.1511056511056511 0.1667007917007917 0.1876194376194376 0.21355446355446356 0.24836199836199835 0.317977067977068 0.4572072072072072 0.7356674856674856 1.2925880425880425 2.2925880425880427 3.2925880425880427 4.292588042588043 5.292588042588043
time5
1
25
 0.0 0.152 0.306 0.45499999999999996 0.605 0.755 0.905 1.058 1.208 1.3559999999999999 1.505 1.6529999999999998 1.8009999999999997 1.9579999999999997 2.178 2.472 2.782 3.184 4.009 5.618 8.807 15.170000000000002 26.090000000000003 37.408 48.643
dyna-newton:2
1
25
 105.12892695313592 52.51193794256813 39.65647508141788 24.145345213753973 15.953234846037168 8.622004413352997 4.258904773070678 2.8268014702826014 1.0047383099567737 0.5186557752914402 0.4222974212380544 0.19794563888902722 0.10042311404707377 0.06177808174796773 0.05942983218661552 0.04132667650083044 0.027650474079930487 0.019080849531851907 0.007302066298818355 0.004025357577151445 0.001272523294271466 3.151513050183019E-4 3.485997602248325E-7 4.7690740245798224E-12 3.2751579226442118E-15
steps7
1
25
 0.0 0.012592137592137592 0.025184275184275184 0.03777641277641278 0.05036855036855037 0.06296068796068796 0.07555282555282555 0.08814496314496315 0.10073710073710074 0.11332923832923833 0.12592137592137592 0.13851351351351351 0.1511056511056511 0.1636977886977887 0.17929292929292928 0.20577395577395577 0.2587360087360087 0.36466011466011466 0.5765083265083265 1.0002047502047502 1.8475975975975976 2.8475975975975976 3.8475975975975976 4.847597597597598 5.847597597597598
time8
1
25
 0.0 0.15 0.298 0.44699999999999995 0.597 0.746 0.897 1.045 1.1949999999999998 1.3439999999999999 1.4909999999999999 1.6389999999999998 1.7869999999999997 1.9359999999999997 2.0949999999999998 2.28 2.5869999999999997 3.202 4.414 6.843 11.721 21.262999999999998 32.192 43.498 54.709999999999994
