15
newton-static
1
8
 0.37025868188021843 0.058414283971873704 0.013871849002030257 0.0023513290641783424 1.7793780840075213E-4 2.4740301109993368E-6 8.177906130057977E-10 1.0E-14
steps1
1
8
 0.0 1.0 2.0 3.0 4.0 5.0 6.0 7.0
time2
1
8
 0.0 3.628 7.198 10.494 13.847999999999999 17.131 20.402 23.702
static-lbfgs
1
102
 0.37025868188021843 0.20757782843055722 0.16910173842620335 0.09999423793723883 0.07369968163988433 0.043373382014685435 0.03209251298396909 0.02164786299704302 0.010549200003010517 0.006066916090821772 0.004251597229604498 0.0031812479110654435 0.002373333641447928 0.0018875994751446634 0.0013617506132729273 0.0012917415060660908 0.001124495337741338 0.001050857390119786 9.033041476029235E-4 7.506887313373234E-4 5.894973219188748E-4 5.432454943636866E-4 4.3958559729262436E-4 4.140635723625108E-4 3.780239063824742E-4 3.393218684379362E-4 2.6433756730193103E-4 2.390108076420483E-4 1.6867952632726446E-4 1.4739868165580816E-4 1.187889573904255E-4 1.0930654636343018E-4 8.581356904796555E-5 7.779234685167946E-5 6.980076466195362E-5 5.708529752657121E-5 4.186714930265456E-5 3.890994109817525E-5 3.028901730517397E-5 2.8021959640522898E-5 2.3381843476499853E-5 2.1205959667536245E-5 1.6732749148651305E-5 1.4559772091249368E-5 1.236947827043533E-5 9.063357165217667E-6 8.348438053362717E-6 6.092054081030529E-6 5.576325917966418E-6 4.9203170221501225E-6 4.290768489123575E-6 3.302734441823496E-6 3.0607090161227646E-6 2.576103611484637E-6 2.3675463095562677E-6 2.1588634760427716E-6 1.7763487704103298E-6 1.2288693585493782E-6 1.107323417737227E-6 8.145416828253538E-7 7.509152600282398E-7 6.326740131790132E-7 4.6193996972032636E-7 4.133731954514275E-7 3.1875415401616536E-7 2.923922433062387E-7 2.6239771638847387E-7 2.1022671847781282E-7 1.982517053855659E-7 1.4924440933095084E-7 1.316649950178217E-7 1.0838747349639632E-7 7.541751784190254E-8 6.472301977700212E-8 4.426916672128911E-8 4.166103279024114E-8 3.871641873764986E-8 3.461035413820923E-8 2.717212488345666E-8 2.217577338425869E-8 1.4989423813283054E-8 1.3463328452090195E-8 1.2441708940880147E-8 1.1397111532307491E-8 9.083313101676538E-9 6.1849304011651896E-9 5.598748076263149E-9 3.6411841874972595E-9 3.4335597698387232E-9 3.1261189192832717E-9 2.5276667425799815E-9 2.3345393951323956E-9 1.8525580514072715E-9 1.6289850024442387E-9 1.3575003343646586E-9 1.0149042162233002E-9 8.852296673467208E-10 6.226328341796261E-10 5.322131624296844E-10 4.448656443223342E-10 3.5272834653099494E-10 2.764315443215537E-10
steps4
1
102
 0.0 1.0 2.0 3.0 4.0 5.0 6.0 7.0 8.0 9.0 10.0 11.0 12.0 13.0 14.0 15.0 16.0 17.0 18.0 19.0 20.0 21.0 22.0 23.0 24.0 25.0 26.0 27.0 28.0 29.0 30.0 31.0 32.0 33.0 34.0 35.0 36.0 37.0 38.0 39.0 40.0 41.0 42.0 43.0 44.0 45.0 46.0 47.0 48.0 49.0 50.0 51.0 52.0 53.0 54.0 55.0 56.0 57.0 58.0 59.0 60.0 61.0 62.0 63.0 64.0 65.0 66.0 67.0 68.0 69.0 70.0 71.0 72.0 73.0 74.0 75.0 76.0 77.0 78.0 79.0 80.0 81.0 82.0 83.0 84.0 85.0 86.0 87.0 88.0 89.0 90.0 91.0 92.0 93.0 94.0 95.0 96.0 97.0 98.0 99.0 100.0 101.0
time5
1
102
 0.0 1.2 2.4290000000000003 3.5520000000000005 4.723000000000001 5.9670000000000005 7.066000000000001 8.233 9.465 10.568999999999999 11.762999999999998 12.934999999999999 14.04 15.228 16.393 17.558 18.697 19.875999999999998 21.019999999999996 22.185999999999996 23.428999999999995 24.530999999999995 25.731999999999996 26.915999999999997 28.030999999999995 29.211999999999996 30.339999999999996 31.534999999999997 32.706999999999994 33.836999999999996 35.059 36.196 37.355999999999995 38.54599999999999 39.65099999999999 40.84799999999999 42.01499999999999 43.135999999999996 44.340999999999994 45.462999999999994 46.64099999999999 47.779999999999994 48.913999999999994 50.102999999999994 51.214999999999996 52.388999999999996 53.54599999999999 54.66899999999999 55.82799999999999 56.96399999999999 58.12399999999999 59.27199999999999 60.44699999999999 61.61499999999999 62.77099999999999 63.91599999999999 65.073 66.166 67.378 68.538 69.667 70.84100000000001 71.94600000000001 73.16700000000002 74.30600000000001 75.45400000000001 76.587 77.735 78.914 80.052 81.19300000000001 82.32800000000002 83.46400000000001 84.64400000000002 85.80300000000003 86.92000000000003 88.04900000000004 89.20300000000003 90.32400000000003 91.49400000000003 92.59600000000003 93.75200000000004 94.91700000000004 96.07800000000005 97.27500000000005 98.45300000000005 99.55000000000004 100.68500000000004 101.85400000000004 103.01900000000005 104.21000000000005 105.35600000000005 106.49800000000005 107.64800000000005 108.80700000000006 109.97500000000007 111.14000000000007 112.31700000000008 113.47100000000007 114.60300000000008 115.79000000000008 116.88200000000008
dyna-reg-lbfgs
1
127
 0.37025868188021843 0.2049119526575453 0.1722957282190813 0.12139012048449438 0.09359672358883803 0.05517660794960466 0.04199458486015545 0.038480742733899787 0.03848074273389973 0.03848074273389973 0.038480742733899675 0.03848074273389973 0.038480742733899675 0.038480742733899787 0.029128332595508233 0.028989900135918734 0.02772029728113956 0.022702141127728503 0.020533109332189492 0.020533109332189603 0.017389546044122184 0.010584454734924698 0.010152573478619809 0.007485055922812733 0.006314680300858022 0.005945654229998654 0.0047007092409137585 0.004253782177975174 0.003673446784330181 0.0028926653402573943 0.002400602609495317 0.0020587811185336924 0.0017773224690483258 0.0014833053316041234 0.0013277085041122905 0.0011243413174237826 9.714653988965871E-4 8.517050479453503E-4 7.55666538887978E-4 6.155058350642006E-4 5.172179820581713E-4 4.7311588141235594E-4 4.3243421720878805E-4 3.5799671552688705E-4 2.865288934321697E-4 2.560779017833359E-4 2.0704808067828484E-4 1.843226212762672E-4 1.480084139834914E-4 1.1332473519287678E-4 8.977276403981937E-5 7.86164158798619E-5 7.149017400043256E-5 5.774258513396857E-5 5.4151207660890766E-5 4.6418323821739715E-5 4.067139818619836E-5 3.485130326075225E-5 2.7589520193105344E-5 2.1180149149535588E-5 1.8529977458436875E-5 1.633638341624888E-5 1.4643990971618948E-5 1.3566039534340657E-5 1.174833144446108E-5 1.0287603531722311E-5 9.463089676864378E-6 8.821754956256367E-6 7.809043106266067E-6 7.335335563463108E-6 6.68526352282095E-6 6.418687541087653E-6 5.992440341939798E-6 5.481797373252384E-6 5.076283035476692E-6 4.751060559304854E-6 4.429874990885541E-6 4.1150219126095955E-6 3.943795243155357E-6 3.61974427126599E-6 3.520133643186707E-6 3.402998754453712E-6 3.2812518366287513E-6 3.091623216266992E-6 2.9923548352517315E-6 2.897280745484121E-6 2.849624692269348E-6 2.7787357194108964E-6 2.6973032373756034E-6 2.602281299668441E-6 2.5094806474501574E-6 2.4484161411097993E-6 2.388754456184028E-6 2.359373752702787E-6 2.3256883388000915E-6 2.2547166084740944E-6 2.1495163501916714E-6 2.0349206678038634E-6 1.936528891410827E-6 1.8648397137610573E-6 1.8123808215864123E-6 1.6396445932098658E-6 1.5540386656964778E-6 1.4284658395591343E-6 1.324551876458191E-6 1.2830947262454373E-6 1.2341156010453602E-6 1.2018676838754239E-6 1.164655405838655E-6 1.0760082730931764E-6 9.321449338517418E-7 8.283146250565032E-7 7.22630001670499E-7 6.515840537124618E-7 5.991751295675307E-7 5.01118594231631E-7 4.646562916654773E-7 3.7834343319387287E-7 3.6230706124129597E-7 3.58780173459472E-7 3.440388068320921E-7 3.3327948451011835E-7 3.075350276104949E-7 2.759275846697662E-7 2.362265104638439E-7 2.0612503437433816E-7 1.819986553130981E-7
steps7
1
127
 0.0 0.012592137592137592 0.025184275184275184 0.03777641277641278 0.05036855036855037 0.06296068796068796 0.07555282555282555 0.08814496314496315 0.10073710073710074 0.11332923832923833 0.12592137592137592 0.13851351351351351 0.1511056511056511 0.1762899262899263 0.20147420147420148 0.22665847665847666 0.27702702702702703 0.3273955773955774 0.37776412776412777 0.4785012285012285 0.5792383292383292 0.6799754299754299 0.8814496314496314 1.0829238329238329 1.2843980343980343 1.6873464373464373 2.0902948402948405 2.4932432432432434 3.2991400491400493 4.105036855036855 4.910933660933661 5.910933660933661 6.910933660933661 7.910933660933661 8.910933660933662 9.910933660933662 10.910933660933662 11.910933660933662 12.910933660933662 13.910933660933662 14.910933660933662 15.910933660933662 16.91093366093366 17.91093366093366 18.91093366093366 19.91093366093366 20.91093366093366 21.91093366093366 22.91093366093366 23.91093366093366 24.91093366093366 25.91093366093366 26.91093366093366 27.91093366093366 28.91093366093366 29.91093366093366 30.91093366093366 31.91093366093366 32.91093366093366 33.91093366093366 34.91093366093366 35.91093366093366 36.91093366093366 37.91093366093366 38.91093366093366 39.91093366093366 40.91093366093366 41.91093366093366 42.91093366093366 43.91093366093366 44.91093366093366 45.91093366093366 46.91093366093366 47.91093366093366 48.91093366093366 49.91093366093366 50.91093366093366 51.91093366093366 52.91093366093366 53.91093366093366 54.91093366093366 55.91093366093366 56.91093366093366 57.91093366093366 58.91093366093366 59.91093366093366 60.91093366093366 61.91093366093366 62.91093366093366 63.91093366093366 64.91093366093367 65.91093366093367 66.91093366093367 67.91093366093367 68.91093366093367 69.91093366093367 70.91093366093367 71.91093366093367 72.91093366093367 73.91093366093367 74.91093366093367 75.91093366093367 76.91093366093367 77.91093366093367 78.91093366093367 79.91093366093367 80.91093366093367 81.91093366093367 82.91093366093367 83.91093366093367 84.91093366093367 85.91093366093367 86.91093366093367 87.91093366093367 88.91093366093367 89.91093366093367 90.91093366093367 91.91093366093367 92.91093366093367 93.91093366093367 94.91093366093367 95.91093366093367 96.91093366093367 97.91093366093367 98.91093366093367 99.91093366093367 100.91093366093367
time8
1
127
 0.0 0.047 0.078 0.094 0.109 0.128 0.14400000000000002 0.16100000000000003 0.22500000000000003 0.276 0.329 0.379 0.433 0.487 0.516 0.553 0.625 0.713 0.7949999999999999 0.9749999999999999 1.093 1.209 1.352 1.61 1.8370000000000002 2.0820000000000003 2.5580000000000003 3.1160000000000005 3.7940000000000005 4.764 5.787 6.753 8.018 9.242 10.473 11.700000000000001 12.933000000000002 14.169000000000002 15.427000000000003 16.626000000000005 17.864000000000004 19.082000000000004 20.313000000000006 21.546000000000006 22.760000000000005 24.061000000000003 25.298000000000002 26.519000000000002 27.793000000000003 29.015000000000004 30.228000000000005 31.495000000000005 32.661 33.909 35.135999999999996 36.407999999999994 37.617999999999995 38.852 40.07299999999999 41.32899999999999 42.529999999999994 43.85999999999999 45.08299999999999 46.34799999999999 47.526999999999994 48.660999999999994 49.84499999999999 51.053999999999995 52.333 53.562999999999995 54.824 56.077999999999996 57.498 58.701 59.996 61.226 62.479 63.763999999999996 64.946 66.201 67.387 68.662 69.897 71.126 72.352 73.572 74.815 76.077 77.254 78.498 79.708 80.947 82.168 83.38300000000001 84.60700000000001 85.82000000000001 87.007 88.28200000000001 89.47300000000001 90.69700000000002 91.93100000000001 93.12400000000001 94.34700000000001 95.563 96.809 98.039 99.255 100.461 101.728 102.91999999999999 104.17799999999998 105.35599999999998 106.62199999999999 107.83599999999998 109.07999999999998 110.33399999999999 111.60499999999999 112.85099999999998 114.13099999999999 115.44599999999998 116.69799999999998 117.99999999999999 119.24399999999999 120.56899999999999 121.78399999999999 123.07499999999999 124.34199999999998
saga
1
62
 0.37025868188021843 0.039044983459328164 0.010280989235312177 0.0033173649339555134 0.001081775474672364 6.950033930527288E-4 1.2499714784047766E-4 1.328482890769478E-4 2.985653232429053E-5 3.0927585697171356E-5 4.852313476855219E-6 4.06300900845924E-6 2.9895504564114717E-6 8.143019029627219E-7 4.1320031812785984E-7 2.0228148822631908E-7 9.469142014939536E-8 8.035300375075494E-8 3.254164371302437E-8 2.7950068814952544E-8 1.8021087566655325E-8 2.7603813013143963E-8 5.398309022019987E-9 3.50336459842282E-9 2.436906509917236E-9 1.8212371610815126E-9 1.0804164785049863E-9 7.221299669346593E-10 4.98518393232672E-10 3.437096163239062E-10 2.363174100850074E-10 1.6614093434341726E-10 1.1412598643900651E-10 7.934974899370673E-11 5.527794888493531E-11 3.849193186411526E-11 2.727135184343865E-11 1.8897716724808333E-11 1.3131773446417583E-11 9.17033116110133E-12 6.570854971243989E-12 4.670874798051727E-12 3.309463814105129E-12 2.3721025144141095E-12 1.6857071294396064E-12 1.1995959781074816E-12 8.619216451677403E-13 6.195599588920686E-13 4.4020342926387457E-13 3.2068792066297647E-13 2.3314683517128287E-13 1.680877659282487E-13 1.2295719997723609E-13 9.009459844833145E-14 6.306066779870889E-14 4.601874437071274E-14 3.5360603334311236E-14 2.4147350785597155E-14 1.7486012637846216E-14 1.6431300764452317E-14 1.2823075934420558E-14 8.1601392309949E-15
steps10
1
62
 0.0 1.0 2.0 3.0 4.0 5.0 6.0 7.0 8.0 9.0 10.0 11.0 12.0 13.0 14.0 15.0 16.0 17.0 18.0 19.0 20.0 21.0 22.0 23.0 24.0 25.0 26.0 27.0 28.0 29.0 30.0 31.0 32.0 33.0 34.0 35.0 36.0 37.0 38.0 39.0 40.0 41.0 42.0 43.0 44.0 45.0 46.0 47.0 48.0 49.0 50.0 51.0 52.0 53.0 54.0 55.0 56.0 57.0 58.0 59.0 60.0 61.0
time11
1
62
 0.0 0.6870000000000005 1.3209999999999653 2.240999999999892 2.941999999999815 3.928999999999734 4.64199999999994 5.340000000000173 6.252000000000395 6.973000000000636 7.868000000000864 8.553000000000601 9.446000000000215 10.149999999999824 10.841999999999441 11.740999999999055 12.43399999999867 13.3319999999983 14.01899999999792 14.90299999999756 15.592999999997177 16.500999999997298 17.211999999998167 18.121999999999037 18.814999999999884 19.50700000000073 20.397000000001572 21.087000000002416 21.99400000000328 22.68200000000412 23.604000000004984 24.28800000000582 25.184000000006638 25.86600000000747 26.760000000008265 27.446000000009104 28.33800000000992 29.03300000001077 29.934000000011622 30.62800000001247 31.346000000013337 32.24000000001333 32.93200000001172 33.82300000001011 34.51000000000851 35.41900000000686 36.11300000000524 37.03000000000361 37.711000000002024 38.606000000000485 39.292999999998884 40.19199999999735 40.89699999999571 41.571999999994134 42.48299999999249 43.15399999999092 44.07499999998925 44.74399999998769 45.659999999986034 46.333999999984464 47.253999999982796 47.91799999998125
DataDrivenNewton
1
13
 0.37025868188021843 0.07959949300206781 0.047283152116138816 0.045376651830488224 0.03439734299590297 0.026059551500398348 0.022572029117720382 0.014717937590067287 0.005574168002400404 0.001487434558857248 5.544164772219862E-6 1.2258425940991913E-9 2.1649348980190553E-15
steps13
1
13
 0.0 0.012592137592137592 0.025184275184275184 0.03982391482391483 0.06149331149331149 0.09353671853671854 0.14755664755664755 0.3096164346164346 0.7957957957957958 1.7957957957957957 2.795795795795796 3.795795795795796 4.7957957957957955
time14
1
13
 0.0 0.359 0.946 1.015 1.097 1.213 1.366 1.605 2.164 4.211 7.5680000000000005 11.186 15.01
