11
SGD
10
41
 -1.4751581605140345 -5.357882253140888 -7.134294458933715 -7.420715170229647 -7.9607928560978864 -7.886167776244586 -7.339509511151223 -8.268817276427452 -8.828769945194479 -8.916684281585333 -8.780654745429297 -9.241247215513654 -9.286526019197613 -9.39948621905798 -9.48343169173981 -9.20499480900555 -9.333848081132833 -9.530181334552084 -9.378319214993383 -9.704851118256697 -9.423138329170683 -9.427338499356926 -8.816534561697342 -9.531950075272286 -9.773184821361768 -9.588213714571056 -10.044615864349895 -9.969340150026166 -9.910606501040313 -10.026187932115871 -9.884177575368541 -10.138054079981812 -10.199269480783856 -9.015993555691153 -10.03310741309629 -9.104296513473757 -10.242287444711138 -10.02863462595843 -10.370311643883369 -10.3313162419061 -10.298214316976251
41
 -1.4751581605140345 -6.4927351233448 -6.814180926326223 -7.08157203338894 -7.918768698585326 -8.181479668192116 -7.205383335639633 -8.48592086606217 -9.033686022519896 -9.130586765896355 -8.912325932303608 -9.034027732687674 -9.33290932526153 -9.176023204297783 -9.412065674526929 -9.339561754720856 -9.51007720996994 -9.457110612322255 -9.745378295208406 -9.794731671675082 -9.463751084344038 -9.934551369603787 -9.929635784635423 -9.927060210750133 -10.043816228148366 -9.936574557289633 -9.534955201738027 -9.458812317750606 -10.009882132218875 -10.118335383005359 -10.111783235056963 -10.287032430320249 -9.65012478465798 -10.21604320897537 -10.103080490117371 -10.29175392523643 -10.240417251671177 -10.41827913658866 -10.16364683830697 -9.83087639157385 -10.2920707400971
41
 -1.4751581605140345 -6.423792002222497 -7.0456716991988815 -7.8173024550809425 -7.645498119458038 -8.276582001173445 -8.237529244226938 -8.633818416178407 -8.531225683112558 -8.831099474394462 -8.798217985577718 -8.108097192887945 -9.27348912117596 -9.470477550841592 -8.87645999018089 -9.597754280237465 -9.696701976727837 -9.249489145725265 -9.491477696178494 -9.879359444750152 -9.639396477950063 -9.381837708443431 -9.873475587789951 -10.04680858600722 -10.08358856149008 -9.752046899003572 -9.974578053184347 -9.520870302317226 -9.683555874854973 -10.024204990505503 -10.17308155585404 -9.830700412973972 -9.825817284023818 -10.18404827830893 -10.34063162560875 -10.219449691985965 -9.865951751798038 -10.140139399129989 -10.312406140054307 -10.413467943987154 -9.889004998073624
41
 -1.4751581605140345 -6.513001917811989 -6.840596864970024 -8.213120090424107 -8.63729358166176 -8.829392653879063 -8.953918244534085 -9.165826488761617 -8.40066310779801 -8.883983593555831 -9.634052553730122 -9.328963918359335 -8.100621932273455 -9.726523717366819 -9.402434269727982 -9.369231198968093 -9.732527297363117 -9.716152528390095 -9.79052784948519 -9.562555253115608 -9.657384963928605 -9.906534867471999 -9.777492505986007 -9.181334567289968 -9.716389401355864 -9.961892150041937 -10.239475344249207 -10.337382347504015 -10.287744832885926 -10.147565911047478 -9.880950116583845 -10.215607158694924 -10.382239948115249 -10.398906081499018 -9.981019489745693 -10.387859366628078 -10.030445125730644 -10.358346791066667 -10.39596908503573 -10.520534375322905 -10.136085925986965
41
 -1.4751581605140345 -5.623461580410865 -7.641862364372556 -7.232698376782438 -8.082878951142154 -8.94203604929821 -8.639488098193379 -9.196434348828404 -9.13296896829295 -8.993939150084652 -9.393876296434584 -8.600591398334078 -7.840462909389087 -9.608018801271491 -9.272886036454912 -9.61483400084747 -9.93780115997804 -9.282422128503164 -8.827743832104852 -9.656123187857876 -10.319430373081703 -10.233605667226689 -10.281342571137616 -9.566784877411147 -10.222763253685729 -10.115973263774633 -10.344193874557094 -10.275055621682757 -10.432387738458987 -10.433368514807785 -10.326636519623067 -10.405115667643251 -9.764984833899767 -10.426600269711983 -10.583732596516965 -9.964442218135053 -10.371539089332455 -10.570780277047964 -10.237724838786345 -10.734512907904438 -10.43399282104991
41
 -1.4751581605140345 -5.437381148432081 -7.34876610074515 -7.447147122350204 -7.677906802578034 -7.784391901595037 -8.845937025305414 -8.970855129381718 -9.021786153473412 -9.258766954757373 -9.256129421027666 -9.186981680654059 -9.431486560521577 -9.313993295429762 -8.709755142984747 -9.493645663578993 -9.696443666481517 -9.518274602875962 -9.710132735935193 -9.615328339784233 -9.566180883001772 -9.658878411924679 -10.06818715500261 -10.222330875497322 -10.118609365749576 -10.264108835725597 -9.087350989447835 -10.438017563088135 -10.14388531577696 -9.551323556417229 -9.559067338921807 -10.464955698424735 -10.511130531082516 -10.226766280656388 -10.372338520467729 -10.136815330153363 -10.42877141677038 -9.181810719373924 -9.810485577717195 -9.973198417443898 -10.43807772736404
41
 -1.4751581605140345 -6.310938358180553 -7.08550369624749 -7.55891863350506 -8.129299094265814 -7.880328689206931 -8.213249170881758 -8.412485418571327 -8.469314189629378 -8.723000578773618 -8.798051683221633 -9.115447800407932 -9.194424287942494 -9.193399693216358 -9.36182264061476 -9.431383906713883 -9.435512002414427 -9.397086996403555 -8.851465843716257 -9.237956152837487 -9.632424280725532 -9.710561698575416 -9.74426236331999 -9.334152073276893 -9.568502753875691 -9.61958496117428 -9.86181882306649 -9.842007931933301 -9.786959826446676 -9.967261897807376 -9.89992299857508 -8.90124807168661 -9.990942284002687 -9.707320303059944 -10.104131109911057 -10.16310634933857 -10.215309962838651 -9.843233495663979 -10.240555428367063 -10.176307402484017 -10.109788452662352
41
 -1.4751581605140345 -6.693898158158653 -7.286600569663235 -8.148704486585542 -8.144376742201496 -8.654761633219966 -9.166474510678594 -9.15001202502399 -8.930625274828149 -8.252116341957601 -8.587260121890004 -9.564337049936661 -9.270775667063733 -9.631915006876005 -9.539672029399743 -8.877415400615899 -9.475289250975074 -9.796501460029523 -9.94504307481106 -9.889340537223099 -9.475592996561799 -9.926029687675431 -9.714936199413911 -10.023247024382803 -10.127694466342096 -9.738209477485778 -9.701425793512973 -10.235629153733314 -10.11411701703866 -9.095028095238618 -10.320387179287328 -10.320367987537155 -10.426184209728232 -10.07029817673205 -10.456204434983297 -10.249895506574708 -10.251744246518545 -10.387465094171699 -10.164095591810318 -9.910127114738042 -10.385059201910567
41
 -1.4751581605140345 -6.46115737661453 -5.936714706308086 -7.631020171254427 -7.012302589929755 -8.173712726506459 -8.746439466560963 -7.988910903341325 -8.296128083949537 -8.82168784526202 -9.256451232263144 -8.91249496259895 -8.978732194589163 -8.85363348586292 -9.339231210044147 -9.438309533005746 -9.018976348822966 -8.554940268673706 -8.87919628891263 -9.91538076283235 -9.812642076066762 -9.765710720407565 -9.730640185622022 -9.806237457376033 -9.926645350387977 -10.12142350787344 -10.137115113268612 -10.043630176361372 -9.838502231255523 -10.19531817008738 -10.28996504689719 -9.121555053424467 -10.359414994651118 -10.371608115781141 -10.12736676727269 -10.042759814672882 -10.407723106099272 -9.90613360271874 -10.593992711178684 -10.330251779819239 -10.69313448303091
41
 -1.4751581605140345 -5.955956244342724 -6.520221479025275 -7.244455192591732 -7.561062903512422 -8.586777899585233 -7.8716301935232 -8.433492619221212 -9.260968770462728 -9.03244276650752 -9.284642851019635 -9.204879021067333 -8.214909749554517 -9.297134367599654 -9.71396732501268 -9.3247302074169 -9.75287105332627 -9.580473825691161 -9.957355285634437 -9.66096564542921 -9.906105704310427 -9.52217297089554 -10.042522420777825 -9.469644293733563 -9.651695051750501 -9.99031133978903 -9.929018692583496 -10.043261024615184 -10.142391968300359 -10.10825223200561 -10.21955889684888 -10.251594385321141 -10.28349242696231 -10.239854254706774 -10.172999080279086 -10.061136935786504 -9.426538587180843 -10.103875272971505 -10.242549008070906 -10.193163669154629 -10.112698647966125
SAGA
10
41
 -1.4751581605140345 -5.596880246235604 -6.210039247050638 -7.480115685064704 -8.040361819859122 -8.245930341051722 -8.442514640805229 -9.365652684235982 -9.117656121521627 -9.815775903719526 -9.380454019824409 -9.099880434215768 -10.635662543345074 -10.919286156397014 -10.63749471415598 -9.178431056276006 -10.01091481843514 -10.566844911855592 -11.910874931472144 -11.128560524122465 -10.757795918598449 -11.716242410526135 -12.67901443059066 -11.088120065178018 -12.995777690582791 -12.852942409575107 -12.778002698459474 -12.65830133989388 -12.872601034753593 -13.854528802335693 -14.094300302085864 -14.354002180683567 -13.846131765012956 -13.433517156116682 -14.183251155628845 -14.283025722091272 -14.9852675012013 -14.571986530811563 -15.06316037586634 -14.18134629654793 -15.801396850469914
41
 -1.4751581605140345 -5.473451366112608 -6.432106266333769 -7.451525716188328 -7.91215676534481 -7.147530152187146 -8.45188325494346 -8.757267658691138 -9.54506190857143 -9.544488721469405 -8.62436212284071 -10.65022915437453 -10.851371136242774 -10.526714339808073 -10.372425233511253 -11.542532079689819 -10.201965191116651 -11.51661973513912 -11.794747873342846 -12.163558434129515 -12.284713701541254 -11.457485367332387 -12.672580736434714 -12.634107129781244 -12.953530618989078 -13.478729616667547 -13.658869929791363 -14.032518900812569 -12.513435730019493 -13.601313452942348 -12.784350097129485 -15.064362759920696 -15.166909063651703 -13.281782193157781 -15.062608802300586 -15.110396947052449 -15.610106843824523 -15.43734208869692 -15.523994122946203 -15.934265495567654 -16.295071602549797
41
 -1.4751581605140345 -5.432506852337272 -6.630059905203525 -7.304155566654299 -7.2455066909422925 -8.117102218268293 -8.76845024392222 -7.897332817594175 -8.939526495346078 -9.73710243981007 -9.408129526350931 -10.220222681378413 -9.813572656264938 -10.099368066829317 -11.099597906951972 -10.345335197958166 -11.305127225971317 -11.496912048928593 -11.896331208973693 -11.97976933564108 -12.04557092496176 -12.654051617831856 -11.681255503973967 -12.749618664717712 -13.262073254642836 -12.05640584017322 -13.49211875835467 -13.676016916812818 -12.879014767873525 -13.289987056989727 -13.648042498804672 -14.214921164985155 -14.793193642944555 -15.056542419136855 -14.229910723371951 -14.91766444328207 -15.226598518961142 -15.332480312445409 -15.462307497150654 -15.309215022830696 -16.259500255653226
41
 -1.4751581605140345 -5.54808847791116 -6.664212346370498 -7.377235681549621 -7.747954910927162 -8.226612098430145 -8.305101009624675 -8.974808764876114 -8.91680177994406 -9.167840336946604 -9.859380003051637 -10.032922971231645 -10.387376146683495 -10.537133962163475 -10.810508782528276 -11.428930595291105 -11.192330811758767 -11.494480314313211 -11.654139242001172 -11.505524940835809 -12.145289733418657 -11.510223229923628 -11.940630428673815 -12.691543902981772 -12.114346389383337 -13.458171261032625 -12.967298398593545 -13.037277582377005 -13.715812284634197 -13.163643072197255 -13.374384161778922 -13.646563409019699 -14.65674009446896 -14.494473583027213 -14.255739180631707 -14.657842076283549 -14.941530902218242 -15.555351011254933 -15.458891054203582 -15.721882645448371 -16.152273754786634
41
 -1.4751581605140345 -5.65962405751357 -6.345474565247564 -7.394674903321601 -7.858732361502462 -8.044222793774827 -8.769090040062277 -9.077459634328244 -8.145485823432177 -9.75394484512735 -9.941752135377994 -9.330594336899884 -10.503584360138177 -9.867417109885917 -10.124273579154341 -11.11632334612446 -11.806290597357444 -11.438179100753718 -10.473469397732941 -11.557154138015266 -10.52224235954785 -12.01234974052979 -12.525881496995828 -11.031717682178297 -12.886270974832316 -12.610396713984978 -13.154607487684315 -12.848853720720342 -13.822086954011272 -14.021740181803496 -14.249465476424891 -13.848806856736882 -14.257276428775487 -15.066659684019653 -14.900769631395411 -14.96667832715149 -15.614923368606146 -15.044157845355667 -15.372326431620259 -15.465584025736039 -16.60953902855204
41
 -1.4751581605140345 -5.64801065554021 -6.587969462245829 -7.564926124122987 -8.279130402001064 -8.607456438096609 -8.661069984333905 -8.218172408620182 -9.112179834926524 -9.823161366583548 -9.99084467108263 -10.327905264504034 -9.35433906573752 -9.85082934673067 -10.488981728963397 -10.686812228922582 -11.43905800434745 -10.465514281583271 -10.12772916035755 -11.627958684795269 -12.247699044535649 -12.687550634997622 -12.086565087203947 -12.249603001094547 -12.267069269899835 -12.409681961286683 -12.744119095664914 -13.131709825709748 -13.362529892725716 -14.055529847654388 -14.137098632744227 -13.983411474111277 -14.594303859487795 -12.671395207815854 -13.420190306423768 -15.0386689478041 -14.72670553233623 -15.27513756611261 -15.715596949468464 -15.709800371680835 -16.203912628313727
41
 -1.4751581605140345 -5.499676930877405 -6.1453209841822245 -7.38098845670091 -8.150323022299968 -8.164113481556662 -8.52134762208522 -9.316824266601117 -9.40450234621078 -9.659866803187692 -9.952682580642309 -9.945345610687244 -10.041507707822765 -10.525863894602567 -10.88190782168848 -9.112033986589688 -10.344583549829453 -11.84220370059202 -9.901824920557154 -12.314744829813138 -11.754843361710503 -12.268632235006706 -10.326579623508398 -13.134158079053137 -13.20182445825286 -13.625839437135713 -13.115051713162888 -13.32347626777393 -13.12352558202308 -13.65981086727433 -14.735081513122312 -14.890019158674985 -14.806630553303567 -14.952193895535823 -15.188590556130753 -15.601751309751302 -16.06247678441222 -15.71097436673405 -15.708903149428982 -15.829708194976932 -16.165742424369345
41
 -1.4751581605140345 -5.587542114140548 -6.602054109445125 -6.716390931269037 -7.909238222967403 -8.312789418224312 -8.6606430381329 -7.665770849048684 -8.209090448860172 -9.818285838170178 -9.950146779578457 -10.372634718802624 -10.698124835181444 -11.020352118984555 -11.267392895747399 -11.05430340755873 -11.402771840969015 -10.632747298664665 -11.723467063961197 -11.79759937909886 -11.641992830406995 -11.155219534899171 -12.128400697522926 -12.555263112473591 -13.136890996667942 -13.361505955878062 -13.501520965692308 -13.413637130538218 -12.696007285640992 -12.87348131926139 -14.1858610127536 -14.405868707916746 -13.260345227925086 -15.239642639368547 -15.102311866738772 -13.460282650915195 -15.209106357206629 -15.795411986583138 -15.520028794014708 -15.888025793380232 -16.02233996589778
41
 -1.4751581605140345 -5.549552775780688 -6.6880871644893265 -7.091763140200065 -8.00605226822526 -8.320267311554334 -8.765557032951145 -7.813032490783715 -9.849462412060527 -9.785653831945378 -9.817034231559498 -8.249502586482203 -10.41737162111053 -10.24464764939797 -10.786838811814645 -10.948995470771171 -11.717056615695988 -11.315805858821214 -11.858949534649645 -11.264888314889198 -12.251442166416439 -12.144358970998491 -12.934089439836969 -12.370840080754421 -12.736709275021948 -12.5223268424046 -12.806261154426036 -12.945958977257991 -14.163683838597494 -12.582637916421778 -14.26415435073472 -13.539315544607964 -14.757398977868421 -14.229796591192784 -15.093992126952276 -14.904221454942133 -15.761232313172805 -14.672397407592774 -15.212576233335305 -16.220268634760345 -13.890086337680662
41
 -1.4751581605140345 -5.318100274945003 -6.380852010166873 -6.977977950020664 -7.801122577874019 -8.31192945339799 -8.229086436887085 -9.12285081846843 -9.665214739790716 -10.125680032325507 -10.294974561385082 -10.138588522263683 -10.126727307053498 -10.286441126887885 -10.918913066448557 -10.826578881219886 -9.409560394808734 -10.070103897224152 -10.559793479606201 -11.774551529720743 -12.125697905680495 -12.352332257139587 -12.240978442889453 -11.787382721259469 -11.88455192338129 -13.10735218457033 -13.515972674401716 -13.893486491523372 -13.689721107744166 -14.154797206781165 -14.233741684671136 -14.541345624806816 -14.772411315992613 -14.560215738462176 -15.088541531404857 -14.398816384140805 -15.242219590017315 -15.813929155258611 -14.953675102761185 -16.011401590455822 -15.746818897353718
dyna-SAGA
20
41
 -1.4751581605140345 -6.226831135015013 -6.544155097188825 -6.948910118373227 -7.18900757215561 -6.312892213506964 -7.490539965881117 -7.4778434068652855 -9.096763019626726 -9.351192106519177 -9.723262585015798 -9.560868826109884 -10.52791344605849 -9.0371649165565 -8.065297431300426 -12.202602868725513 -13.771263108861117 -14.11069707665775 -14.144508103127514 -14.802453085960858 -14.730865539290315 -14.977426660843657 -15.180888847021746 -15.26580877497764 -14.94066488985838 -14.82958503355588 -15.956380310991307 -16.13812221234732 -16.160705334689908 -15.690277927810314 -16.47905762462236 -16.726976167156806 -16.71607205081369 -15.992245176000374 -17.463010804861543 -17.534338736802166 -17.038331862148333 -17.773381142563345 -17.839672433729955 -18.10928795576602 -17.93667812612941
41
 -1.4751581605140345 -5.116296651557887 -6.668304972613119 -7.831473495566044 -7.965350727220712 -8.063787992897415 -6.789558252504176 -8.662533003651633 -7.210562476862489 -8.942912175184123 -8.585058569359733 -10.174991824980298 -8.301004315451395 -9.508722020478114 -10.564817279406107 -12.280498973628626 -12.46291093914333 -14.034930299426849 -14.347195029123206 -14.206869843502226 -14.461727169942643 -15.101820145457182 -15.162635554109587 -15.27011578849657 -15.224414278351912 -15.528048933480033 -14.94560078676074 -16.220619463204105 -16.05098417095608 -16.399486384574637 -15.825743922836557 -16.37607795143063 -16.954504103787066 -16.2177764303527 -15.808520003479687 -17.321727537966577 -17.25040119382065 -17.262339838250455 -18.009344868660982 -17.903045170295062 -18.21562318256855
41
 -1.4751581605140345 -5.634855563440757 -6.278202089760393 -6.721075957511398 -6.531039535632354 -6.824410170932781 -7.339932200900294 -7.279803824901525 -9.004192338008275 -9.56962830093475 -9.664794855435728 -9.438346237337647 -10.273499397756465 -8.914080240115572 -8.33179123213383 -12.754391152078588 -13.71061071062101 -13.973074598291173 -14.145280989947853 -14.447510476517857 -14.835437883145802 -14.624434515644126 -15.376900608559701 -13.98299324828351 -15.396642891556683 -15.683071764231947 -15.588824790189754 -16.219712416209877 -16.340696326668606 -16.463738901694434 -16.469491053992332 -16.79726166445532 -16.876599266991175 -16.11300736702914 -16.45510419215814 -17.3043274542485 -17.54329328829202 -17.43110755997654 -17.603944181446277 -17.568679139943775 -18.184131283799267
41
 -1.4751581605140345 -5.8885311853958076 -6.6317098372951016 -7.530744927736121 -8.057305067368437 -7.9834355886887085 -6.721576856083044 -8.743163104227467 -7.426326295711038 -9.334773106711998 -8.576720039864691 -10.085605984713103 -8.660915240559543 -9.609596993949237 -10.246820985911214 -12.458401285110721 -13.597999375559782 -13.56365575029388 -14.725219734051047 -14.78281176424954 -14.309032129861832 -15.028896244015364 -15.582742080654779 -15.776135774473968 -15.81203260826135 -16.03992627588654 -15.128932487518608 -16.43214266821826 -16.003089468374608 -16.79568307318745 -16.910800938975758 -16.937987666366315 -17.231889748457284 -17.129562627545823 -17.131020261943974 -17.62712846633099 -17.64895263765275 -16.572936081892266 -17.98956170050922 -18.360640545010185 -18.43412880010451
41
 -1.4751581605140345 -6.283328170684687 -6.515516540774365 -6.954754088532292 -7.207844544462716 -6.9690128658272315 -7.394692906769808 -7.833053791507481 -9.09623866862931 -8.863085882777673 -9.656899682697077 -9.281850071085328 -10.386132395687456 -8.87349973058659 -8.274024675093237 -13.00994655721812 -13.614106223343729 -14.029380923361686 -14.461047574711552 -14.931509147595488 -14.614059295887918 -15.048920114178612 -15.193969560689652 -15.403974491713333 -14.95646070404431 -15.75171104298297 -15.903910174958524 -16.033490105097776 -16.05910555760517 -16.34387366900486 -16.48313789022878 -16.070346868810006 -16.092350419338686 -16.087260391959397 -16.97270174747434 -17.480709151088604 -17.008291112447477 -17.748595103647833 -17.671332650209436 -18.097316257023337 -18.19603853864151
41
 -1.4751581605140345 -4.536919033108708 -6.840932408440605 -7.689731863958008 -7.809841045017117 -8.186071897219003 -6.982292828475727 -8.741081467166195 -7.507476469597347 -9.191572585493013 -8.773626615388734 -10.073138926872035 -8.382600069051946 -9.438451850031466 -10.734079844527443 -12.421468760922755 -13.505303359561864 -13.730634517460533 -14.054195305429513 -14.739178747176163 -14.62678916682037 -14.340880841559919 -14.435215466471535 -15.02287796401582 -15.342789269347348 -15.31263466467985 -16.0525852705184 -15.481337962584274 -14.071595036536294 -16.15185348848179 -16.161686195018987 -15.396242632296289 -16.653382143038808 -16.510767620648164 -17.24129859088441 -16.871694162791513 -17.477346605038544 -17.23762837185931 -17.691759128194857 -17.977278976772947 -17.9657418329182
41
 -1.4751581605140345 -6.130944767779856 -6.646282987342537 -6.80338715931227 -7.150487471184463 -7.018193272168811 -7.472598603393237 -8.019107667336375 -8.59226543786732 -9.51353638550413 -9.475791115573703 -9.950242932355055 -10.48700276474169 -9.22175475129509 -8.244247306462665 -12.721676644109854 -13.575237158001242 -14.07874139281184 -14.408475333433028 -13.794812263119486 -14.891460344985015 -14.877708983923073 -15.227337670071153 -15.59813862236786 -15.686613029730143 -15.732151292127345 -15.924156441313285 -16.0885512707176 -16.06715460242918 -16.508632777392343 -15.71727140793657 -16.605306915228933 -16.672824558795778 -16.851337400651108 -17.12271648601678 -16.334265133485083 -17.413367501820794 -17.63414445857584 -17.684328449809154 -17.91546729615932 -17.143929697426287
41
 -1.4751581605140345 -6.724475513775283 -6.741530545682109 -7.8397021421947874 -8.055170537380485 -8.29756327499353 -6.7704428220543 -8.726276579293376 -7.21042302102858 -9.076459994605635 -8.936596594380832 -10.200203866370641 -8.376644551125583 -9.505306577690618 -10.417316896581408 -12.622098541895008 -13.480144300696203 -12.141524450219597 -14.477989502276877 -14.598708749507455 -14.459611298589843 -15.214814872313479 -15.086135227298529 -15.53106137415145 -15.991128026962768 -16.167393047402555 -16.023658771998196 -16.26116246222517 -16.38748098375872 -16.577488354270812 -15.913791300033905 -17.09176357525364 -17.123889953964845 -16.83557703097201 -17.21060317506413 -17.068432634235684 -17.172829431030255 -17.852426760167507 -18.064259023466033 -17.99067782300715 -18.45094467554835
41
 -1.4751581605140345 -5.166965745163008 -6.483533829054647 -6.382714475649643 -7.284891510602847 -7.131537973791577 -7.767641310052138 -7.110018208441691 -8.37723858298035 -9.171213638210189 -9.477878111933498 -9.47763225888297 -10.281021655497339 -9.162969451647564 -7.996459367557275 -12.71836563379557 -12.411411991904771 -13.446242719135068 -14.448748421441788 -14.535021589954534 -14.559975352678908 -15.022146373650507 -14.969685642263146 -15.220563032734036 -15.315578387559345 -15.647989920929682 -15.633692283422977 -16.128843136935103 -16.0617299457831 -16.39005564562337 -16.5313263805439 -16.77268433612961 -16.302602839699993 -17.07723317593038 -17.145427207237304 -16.39130025776267 -17.135531659924045 -17.715126559227404 -17.86417349056331 -17.84851029809786 -18.11124765042719
41
 -1.4751581605140345 -6.388111116561306 -6.480809160371449 -7.535412810669529 -7.581445032532699 -8.089117807736322 -6.950612991390441 -9.058811260653233 -7.174382841043376 -9.325190598977127 -8.566543787438501 -9.947942297235535 -8.584667481740718 -9.48382284841447 -10.78707849064673 -12.396838068552423 -13.638200044838003 -13.745177817046475 -13.416476551864541 -14.471746505828095 -14.84669364100361 -14.644787353452118 -15.180985776252026 -15.38455261064508 -15.35733930755805 -15.486307351750607 -15.815843278205323 -15.928782385104176 -15.603426014463308 -16.11964109288243 -16.377189610475266 -16.547629233929683 -16.565087872490714 -16.648855910228942 -17.085289192266842 -16.461076502611515 -16.929567966350962 -17.091429340285135 -17.388718192415414 -17.78750166280791 -17.754571497675897
41
 -1.4751581605140345 -5.9703957703417 -6.408196529231171 -6.901409595260885 -6.874387182986334 -6.581769155279349 -7.340038325086253 -7.801135246656725 -9.230357136757549 -9.322502120810645 -9.611464681524064 -9.700045155450995 -10.511881952516996 -9.263554997469903 -8.37745911629701 -12.814581787367235 -13.73723656284074 -13.561092995955443 -14.632763457264772 -14.65082110053572 -14.684956581605226 -15.180328032924683 -15.384827127286192 -15.477477034630054 -15.86510898236764 -15.659354124900855 -16.071700333672624 -15.498985604882678 -15.662797333341155 -16.00229857286906 -16.618221852777825 -16.932043557136762 -16.87737425638976 -17.04406386583303 -17.32845569580534 -17.20560504388014 -17.59321643795247 -16.355071555710648 -17.574660357581916 -17.958227599295153 -18.25467258479895
41
 -1.4751581605140345 -6.674033524346678 -7.0266551459771485 -7.678598529153729 -8.039597127884635 -8.070260635031147 -6.878800246634988 -9.104281803093533 -7.370998922108404 -8.966105708981829 -8.781243783827778 -10.310668809242683 -8.62567780672009 -9.384409451343483 -10.79089449221837 -12.596121980132502 -13.502034888248216 -13.965483022333697 -14.275966929090957 -14.670392636071535 -15.083534567408945 -15.207961751650318 -15.275054281299932 -14.766051214451334 -15.687410146208348 -15.823050035292477 -15.33492078525366 -16.32173803611156 -16.29198061251311 -16.202676667604393 -16.825720236693005 -16.142297361326182 -17.021452165418722 -16.789947071610996 -16.99196713732014 -17.522830917101274 -17.579717328291014 -17.87589813534415 -18.032691933303724 -18.24543508654009 -17.94271752369694
41
 -1.4751581605140345 -6.4882599702107004 -6.685997157997791 -6.803406353464822 -7.248204545655073 -7.240938259949743 -7.330737556893941 -7.673329926551201 -9.233543921626643 -9.599186237038875 -9.526645614096706 -9.678977429599904 -10.310934299680046 -9.205609218227146 -8.212174468925785 -12.667813418481785 -13.975236490643105 -14.151475646778078 -14.314424432959983 -14.208408862389557 -14.438497280344862 -14.825285199146059 -15.047592168214479 -15.064749588590743 -15.430016800394826 -14.779064114406145 -15.35833247090222 -15.90798945086796 -15.771146373066887 -16.214117663939582 -16.09664621861473 -16.351816431449215 -15.910186856444014 -16.75782012350179 -16.747861643101977 -17.177270880737524 -17.103300391334795 -17.382629756744446 -17.50573834516833 -17.682932634680633 -17.876495927633957
41
 -1.4751581605140345 -6.948146264421834 -6.985129686243777 -7.877002871709706 -8.177801139792336 -8.203457194629953 -6.566909686884872 -8.726746446056485 -7.452637999586971 -9.116133674601775 -9.03222602880459 -9.95396561464909 -8.411372630673954 -9.554827561069066 -10.394483478482643 -12.537195244251821 -12.754798171894116 -13.542381851266432 -14.75397727592783 -14.763346873866068 -14.178990960954856 -15.270183403322934 -15.363755326617499 -15.588852364871622 -15.85532572983574 -15.774424099168716 -15.786850073056886 -15.715928835545274 -14.790076653193273 -16.33839523280751 -16.177774415528656 -16.864381130244155 -16.88385992823058 -17.259154598656426 -17.20751200242683 -17.379069759146017 -17.235894022597716 -17.66984894433536 -17.662758283400468 -17.933874214400454 -17.902880815483424
41
 -1.4751581605140345 -6.0270370235903465 -6.68315441604994 -7.134910232353214 -7.601115327364165 -7.0032963972508036 -7.350966174251494 -7.076445647713086 -9.097386091558148 -9.430189421925048 -9.693649978268152 -9.373107280888167 -10.331443269290395 -9.329300232551851 -8.492592089430932 -12.848345379515624 -13.323077783114686 -14.027407683602043 -14.497517462153018 -13.962844826621922 -14.66641295875116 -14.400921451129271 -14.09163009942094 -14.075924982236089 -15.51784182669927 -15.430184721478424 -15.604527913225677 -15.880934206295517 -16.012064343613204 -16.269605811648695 -16.25995308156906 -16.493194045113388 -16.72503643934961 -16.735475518919788 -17.166525637525204 -17.015498087864067 -17.461052344832197 -15.053283810109576 -17.718368273911143 -17.881254488187512 -17.38223233687534
41
 -1.4751581605140345 -5.607435930919925 -6.655101433712595 -7.735997179244725 -7.666834243860578 -8.137797875541914 -7.04434850182308 -8.945417770262894 -7.181944082639918 -9.148108149706706 -9.050487191632747 -10.210896127523851 -8.733552760277739 -9.354190125896581 -10.3986745552681 -12.292970237545267 -13.347005893611465 -14.15042513950524 -14.585220789999505 -14.863344276357557 -14.904584527000797 -15.097877769911337 -14.77058904918713 -14.828939769203197 -15.469642164520756 -15.905906496436378 -16.085728834833876 -16.016046102381353 -16.09576493627809 -16.32130337793791 -16.383862880566802 -16.4229336083993 -16.981133789579 -16.882184852727722 -17.27102029043008 -17.2080956841843 -17.522513365757685 -17.7785716542679 -17.659235825314983 -17.542456985382415 -17.18302941522634
41
 -1.4751581605140345 -5.86030788449489 -6.44738072096094 -6.894664020321714 -6.744881670369517 -6.720028347065249 -7.695514179868517 -7.745169116181039 -9.216536796703469 -9.39738836724966 -9.71135046016969 -9.487785338844029 -10.416384839612647 -8.829087436874879 -7.818071072608602 -12.917786596944984 -13.45600334470511 -13.869365221797972 -14.226245738519632 -14.604409628067017 -15.04243528310833 -14.522789309249113 -14.810331704248176 -15.599056152075782 -15.683387536041696 -15.604583568553322 -16.082084228436493 -16.3025921041685 -16.367579981265674 -16.501701821931224 -16.84701654965371 -15.734588477370593 -16.950054280074987 -16.91672651281016 -17.097326880794668 -17.446805304684336 -17.710032783540175 -16.280627522870407 -18.06031919412349 -18.028152970345012 -18.392107748380223
41
 -1.4751581605140345 -5.85093539647889 -7.023734205492935 -7.767960032799132 -8.152626850295457 -8.164594344448494 -6.954291897046068 -9.171831066561051 -7.438315434240955 -9.077656771177955 -8.794917909986124 -10.046756990801764 -8.653609414480107 -9.334059970135687 -10.429672276257584 -12.703733603818463 -12.57157114494729 -13.491988652918495 -14.59772238115168 -14.729160036551235 -15.037172230449679 -15.279780067704486 -15.201673387477541 -14.86840424821784 -15.616128114270024 -15.712843224479828 -15.644343322954382 -16.10466581645926 -16.35354125691036 -16.55961318739208 -16.773590396984428 -16.973491843776618 -16.92703787320555 -17.23496582067807 -17.05418575575011 -17.261519232118772 -17.838273915779375 -17.5374097992289 -17.919921475220168 -18.258495671018018 -18.256504970969782
41
 -1.4751581605140345 -6.43013072111553 -6.599803656318572 -6.70130602772693 -7.0090872071796655 -6.9864422569519 -7.726263569867679 -7.609305386815411 -8.770508473023023 -9.122953260657464 -9.846665332172083 -9.505923781779886 -10.470276128832621 -9.359952416148667 -8.380425297202633 -12.763258675120944 -13.745928647575589 -13.506677079247233 -14.639853190529653 -14.908043918367081 -15.085422640538438 -15.265524369042888 -15.358835265975358 -15.725859254001692 -15.376478611873763 -15.988555587766298 -16.11410120080687 -15.933141769126694 -16.10039826811361 -16.43392251338045 -16.58417409688412 -16.69794600264512 -17.130079715987733 -17.197936688232996 -17.450592654821065 -17.50397112121704 -17.720243034478987 -17.58917219429602 -17.962975984710774 -18.060233082926796 -18.276300316077265
41
 -1.4751581605140345 -6.706323862078952 -6.896997328124622 -8.067597335520116 -7.92518266221998 -8.143964255011703 -6.821274023837367 -9.048881427010906 -7.205543264737079 -8.97792300109783 -8.483349580563255 -10.014250452896766 -8.33805317900661 -9.43324682739144 -10.432927733684142 -12.235324841330112 -13.33021606290248 -13.76669381682374 -14.014864159425937 -13.698016699214163 -15.244545703700892 -15.011932663046196 -15.68346157030919 -15.117504467075385 -15.753835748790731 -15.275734489490619 -15.858334403164607 -16.447608084019354 -16.658047187500973 -16.393440347591735 -16.5342947425301 -17.157418302959307 -17.22479240319103 -17.307129294403246 -17.63140062663746 -17.6545704252624 -17.530842208602625 -18.006215930212168 -17.991158334985155 -18.208659189039945 -18.35929229338815
dyna-alternating
10
41
 -1.4751581605140345 -5.382565895180468 -7.358614171879481 -7.454689649411043 -7.758609301802533 -8.435417382284818 -8.54623954995051 -7.991103060862524 -8.203588610666895 -8.67317508171592 -9.835241397889245 -9.815182456322203 -10.3969044953706 -9.153363547560977 -10.122718731565783 -10.92503487963075 -9.524910810855488 -10.658306522282675 -10.708959251300733 -10.944114408278057 -10.867278577950152 -11.77462987273716 -11.286837199065667 -11.42247409339346 -11.36666431262195 -9.63692085637839 -12.44425809316924 -12.56980744334005 -12.919777015637418 -12.853092996586147 -13.40412787263433 -13.733574261066593 -13.536390216149313 -14.058245134416383 -13.83707805471581 -14.56656677885483 -13.756207213932345 -11.493642900092683 -14.836657136980735 -15.067213362775462 -14.762214657774111
41
 -1.4751581605140345 -6.340207622098835 -6.408249868092407 -7.1996107707827415 -7.95843273559212 -8.562146691980514 -6.919353460110873 -9.382807313473005 -9.577950616498706 -9.540928633696845 -9.64683902155668 -9.397263475700411 -8.821148967134436 -10.032670745165497 -9.422638398916087 -10.720507388629791 -9.759091129967084 -10.678987243499181 -10.054306731506816 -10.939110129964522 -11.151611017781835 -11.638006587094152 -10.78226070187807 -11.951971153130035 -12.346412024328766 -12.367787068873643 -12.863658336008378 -12.4361162698621 -13.143163815339577 -12.749462443279043 -13.097484741479708 -13.905419512463947 -13.788873685709337 -11.950526557350374 -13.903091084656058 -13.899724121445148 -14.392285412720211 -14.505309237922944 -14.155887039586084 -14.700616092026568 -15.480249921812675
41
 -1.4751581605140345 -6.606664229436693 -6.821034936665773 -6.806630215909747 -8.291456524907671 -8.111585129158797 -8.760794057054905 -8.683664402886073 -7.230032385496741 -7.965590084059776 -9.710811667611047 -8.168391872709023 -7.590273352921235 -9.861012181341415 -9.408026621586282 -9.789815957073653 -8.894964859721629 -11.065975451887567 -10.64099671135155 -11.240640770900916 -11.36083906781268 -11.769907558499668 -11.564365961259817 -11.637110514133886 -11.576283606973167 -12.005472041927339 -12.384253203957886 -12.569082508289398 -12.75292880175843 -13.496634782263154 -12.736628472774967 -13.453049694721326 -13.983433236626137 -13.837108132281026 -14.171116466367963 -13.616154997337981 -14.178457180335466 -14.765563280437101 -14.132899912283628 -14.66104375234235 -15.306295883773888
41
 -1.4751581605140345 -5.881820921575524 -6.521880373311207 -6.41198533212345 -7.6842102052379335 -8.010622996897093 -8.475329148039263 -9.019407132180872 -8.982742508549965 -8.639995380161626 -9.020074416864833 -8.523601130522598 -9.306669908255309 -7.902089312421949 -10.308395658238508 -10.21616900151863 -10.383910987607567 -10.989780774578602 -10.746800090381246 -10.413096615015103 -9.232371521245035 -10.834430088555855 -12.070819604792364 -12.275542984847178 -11.521481577124685 -11.978358035738662 -12.076614120678556 -10.830895445127503 -13.023579580247278 -12.894259663036523 -12.842255562025587 -13.473255142420523 -13.631338027281146 -13.772894610155749 -14.35378114484678 -14.013465398767494 -14.121456702528471 -14.12586816209155 -14.577554459619211 -14.729740533104831 -14.95233126978444
41
 -1.4751581605140345 -5.497540127447617 -5.691704620080805 -5.840222204952718 -7.26470493680224 -8.042224793637718 -8.342760688628813 -8.745378526257957 -8.822604534292843 -9.78880159719834 -8.960114476122701 -9.626080855719389 -9.8554155863294 -10.52750160133802 -10.187809800809488 -10.285392505780482 -10.791781968434261 -9.807652441994803 -10.99171163830162 -10.54530998167642 -10.889637797461795 -11.526892771610695 -12.170951642119377 -11.937553687158445 -11.861899613815249 -11.94201357063618 -12.908315332300555 -11.66551688527429 -13.249882084224888 -12.272228224215517 -12.950794436299148 -13.636722706461715 -13.774068846706982 -13.474792995422305 -13.716462457986038 -13.854816826999695 -14.131629421229606 -14.315722728020694 -13.274116024420211 -15.101589000118475 -14.886055168444058
41
 -1.4751581605140345 -6.226048446082748 -5.758274336412265 -7.288691951972359 -8.265096427172097 -7.33725148294973 -8.477794907125206 -8.062264914587086 -9.499483834517564 -9.53394503905837 -9.97077585760762 -9.174152992637886 -9.251611271735841 -10.05571177998223 -9.131759681180514 -10.327362465994023 -9.162895971309268 -10.930350473930087 -10.487779523959336 -11.540015065364948 -12.107621430443947 -11.07501688256076 -12.266552894985729 -11.292372154296407 -11.987922618493016 -12.342325417292777 -11.78823526922093 -12.48164441311296 -12.664338707094224 -13.404714632954377 -13.462597022586955 -13.839747243472388 -13.367234688701451 -14.005913409940911 -12.639793291198039 -14.360846212887235 -14.149778728727322 -14.91815290871613 -15.260005152238154 -15.493389907790638 -14.54102891604381
41
 -1.4751581605140345 -4.807600103224257 -6.407085787305065 -7.502716024322818 -7.618887274734725 -8.67443473301975 -8.252598988276107 -7.746458605296955 -8.97155734378387 -8.690259684935329 -9.378286552152147 -8.774195225056902 -8.697926124030364 -8.943874878389268 -9.779224026187801 -10.264339658306845 -9.298115596842381 -10.518029618989855 -10.167758422733932 -10.491913634020642 -11.441800773605594 -11.265650551831211 -11.382782878315085 -12.527369960648452 -11.920754296546413 -12.381076573250308 -12.835910284299397 -12.199904841390303 -12.683237956087684 -12.725500219898294 -12.46204645899411 -12.923137798381024 -13.801245142831805 -13.668079596169745 -14.11874407508758 -14.048513466757425 -13.919061156316184 -14.005149647784306 -12.30458992175633 -14.815794166165041 -15.318147015401777
41
 -1.4751581605140345 -5.682547911929194 -6.908013062490676 -7.459208100110019 -8.025051078888241 -7.846430105205328 -8.339609244538952 -8.086635343555445 -9.226472303402787 -8.828559059872964 -9.820430465294177 -9.66449203116107 -9.513053864239312 -9.75029188694918 -10.224051978237101 -10.058189448020174 -9.874602269851684 -10.47946119796627 -10.856673084597574 -9.349350096304192 -10.697860985594843 -11.48961188090369 -11.3028194817817 -12.019352328259554 -11.900953491445415 -11.806942566655412 -12.567748196153776 -12.630128274716418 -12.704990749525685 -12.753525806569392 -11.414482276311574 -12.784850410567637 -13.261445621399846 -13.716178938407209 -14.085664542101249 -12.3628705862109 -13.724563741226529 -14.71546084177554 -13.230356837220215 -15.39803506030429 -15.221274727729805
41
 -1.4751581605140345 -5.077231251057508 -6.954106707027444 -7.453074846288532 -6.6022532586819604 -8.364309148894282 -8.625685346461164 -8.696749992816596 -8.777919084126344 -8.782707339376815 -9.336512815104294 -9.90541304750622 -10.309291634230332 -9.55176336095697 -10.724639494936753 -9.72974120268259 -10.025762168475273 -10.603319348541891 -9.774002662374432 -11.241974773867478 -11.461720416691403 -11.626522676360297 -10.850929926556722 -12.09569123535118 -11.144171490592683 -11.74375128786074 -12.292407647151352 -12.23904636286362 -12.06981086058709 -13.149962002425266 -11.676863830703963 -13.207223759461883 -13.603750331288326 -13.645733744415892 -13.730423415559091 -14.254004051325529 -14.17329070669992 -13.464595643071247 -14.296779778626803 -14.891227630613956 -14.960243562478745
41
 -1.4751581605140345 -5.887702032844116 -7.4013713459162735 -7.100050991120208 -6.739532717336439 -7.1492523045166365 -8.831740530230451 -8.750120074394799 -9.318812706607 -9.198568797478949 -8.926912190600872 -9.824227292971203 -8.046796692163978 -9.596612494617114 -8.986576570757984 -9.454010129121585 -9.848064679744247 -11.15299706232797 -9.194815376199992 -11.237945945945869 -11.046744950666605 -11.638944373118061 -11.973308993618042 -11.499530506561655 -12.226484546405914 -12.101725584571485 -10.915527016519638 -12.045339011524598 -11.979356077895288 -13.141073767997142 -13.29257617707113 -13.552109983570919 -13.364057668882408 -13.22251224491024 -13.850864179373417 -13.857206895895906 -14.480003178956872 -14.645076629066889 -14.63948292547525 -14.467094055365983 -14.338510541683949
MainSSVRG
10
41
 -1.4751581605140345 -4.798355353770372 -5.457303955467359 -5.26734228893978 -5.360890596909432 -5.168408102672181 -4.90274975996135 -5.472867545619895 -6.226592097280384 -6.740652003362526 -7.025846696025135 -7.280005921092253 -7.466571262333819 -7.5714486670097525 -7.651830273804543 -7.814964207431201 -7.782641841716071 -7.782641841716071 -7.782641841716071 -7.850466082276014 -8.494764492871266 -8.863704921877616 -9.056242265129113 -9.20421435158591 -9.278936282730442 -9.357748337784166 -9.374747366911668 -9.410584051000587 -9.410584051000587 -9.410584051000587 -9.410584051000587 -9.410584051000587 -9.410584051000587 -9.410584051000587 -10.134792753983008 -10.650987078342576 -10.801782269733232 -10.944265889912637 -10.983324218743967 -10.960990464636236 -10.960990464636236
41
 -1.4751581605140345 -4.745182829266412 -5.357517260869354 -5.463079463356631 -5.525889222045759 -5.379949212655608 -5.764828750511668 -6.368925273717546 -6.67175977148582 -6.72403743166478 -6.927815472312865 -6.973754619615832 -6.973754619615832 -6.973754619615832 -7.387658082727709 -8.04325479904274 -8.475521293634603 -8.823390991781968 -8.975525656480723 -8.975525656480723 -8.975525656480723 -8.975525656480723 -8.975525656480723 -8.975525656480723 -8.975525656480723 -8.975525656480723 -9.550426634764625 -9.764110730467253 -9.864290376267048 -9.969799867930014 -9.986538521867002 -10.041984885400685 -10.062856020690559 -10.060453156552045 -10.151799176818383 -10.151799176818383 -10.151799176818383 -10.151799176818383 -10.151799176818383 -10.151799176818383 -10.151799176818383
41
 -1.4751581605140345 -4.830146559363126 -5.808237347195048 -5.254247485967319 -5.280186415436861 -5.180203687993942 -4.735621505631051 -4.948862020936907 -4.663237169780949 -5.707634922318362 -6.3478323657826055 -6.793164922413461 -6.957884813853108 -6.957884813853108 -6.957884813853108 -7.339489467031236 -8.022509452440405 -8.344228729334626 -8.587783629821327 -8.611958963010544 -8.611958963010544 -8.611958963010544 -8.611958963010544 -8.611958963010544 -8.611958963010544 -8.611958963010544 -8.941759448871275 -9.131303917459471 -9.27432445704382 -9.36826004034723 -9.45692501590366 -9.538008554754347 -9.573281217463606 -9.573281217463606 -9.573281217463606 -9.573281217463606 -9.573281217463606 -9.573281217463606 -9.573281217463606 -9.578761762315473 -9.956203542152291
41
 -1.4751581605140345 -4.599602719836504 -5.285069266278275 -5.521443911003583 -5.366240575100718 -5.39617779257267 -5.363189078291048 -5.279259836267486 -5.369930243584413 -6.354731748086928 -6.730539499681752 -7.056997654791799 -7.220762753696237 -6.941492381520002 -7.405332517648273 -7.4225727277969495 -7.567524383482347 -7.527157096019794 -7.527157096019794 -7.527157096019794 -7.527157096019794 -8.537133891332903 -8.713510093110024 -8.771517457245409 -8.776531344060858 -8.77058773874088 -8.74777082087081 -8.705863733649684 -8.716587762558717 -8.735577590658645 -8.735577590658645 -8.735577590658645 -8.735577590658645 -8.735577590658645 -8.735577590658645 -8.735577590658645 -8.735577590658645 -9.685317394985889 -10.020782551723501 -10.020782551723501 -10.020782551723501
41
 -1.4751581605140345 -4.625774465878248 -5.700107612550338 -5.841950660512947 -5.665891363332886 -5.603198752935903 -5.688494735057083 -6.525457600638507 -7.018725717561552 -7.294921220210616 -7.528688136470128 -7.595529407002106 -7.595529407002106 -7.595529407002106 -7.806886305316294 -8.325684079583931 -8.59441322533006 -8.701617798094249 -8.918237245285347 -9.009754606473019 -9.009754606473019 -9.009754606473019 -9.009754606473019 -9.009754606473019 -9.009754606473019 -9.009754606473019 -9.08371470511182 -9.511204992747253 -9.624227860395564 -9.79314621335336 -9.7398677595753 -9.785784096226232 -9.836592387684782 -9.876653656703507 -9.981788765509071 -9.981788765509071 -9.981788765509071 -9.981788765509071 -9.981788765509071 -9.981788765509071 -9.981788765509071
41
 -1.4751581605140345 -4.6893771156302595 -5.35654246190422 -6.0020308382534475 -5.987649411545884 -6.989463606901844 -7.485555180564689 -7.7102076192765825 -7.796016213880268 -7.855144648689495 -7.855144648689495 -7.855144648689495 -8.57626899060185 -8.724261124684933 -8.724261124684933 -8.724261124684933 -8.724261124684933 -8.724261124684933 -8.724261124684933 -8.724261124684933 -8.724261124684933 -9.321220141052018 -9.640157227053114 -9.756005407522535 -9.756005407522535 -9.756005407522535 -9.756005407522535 -9.756005407522535 -9.756005407522535 -9.756005407522535 -9.870232703501786 -10.15121341615253 -10.15121341615253 -10.15121341615253 -10.15121341615253 -10.15121341615253 -10.15121341615253 -10.15121341615253 -10.15121341615253 -10.082237875185928 -10.017129252397938
41
 -1.4751581605140345 -4.685159582050914 -5.420980879270731 -5.187639365011021 -4.923848338976877 -4.835642879567177 -4.548178913533184 -4.465181511543639 -4.382136681820521 -4.382136681820521 -5.2874038212781445 -5.769035928011716 -6.099167062954442 -6.322691155690944 -6.5250333242033065 -6.731965648659614 -6.756201583496382 -6.756201583496382 -6.756201583496382 -7.219584435635196 -7.62728078324761 -7.790557788878853 -7.790557788878853 -7.790557788878853 -7.790557788878853 -7.790557788878853 -7.790557788878853 -7.790557788878853 -8.046308918485357 -8.548455466113563 -8.86089243312681 -8.86089243312681 -8.86089243312681 -8.86089243312681 -8.86089243312681 -8.86089243312681 -8.86089243312681 -8.86089243312681 -9.272593986052858 -9.43513602976761 -9.542850971573007
41
 -1.4751581605140345 -4.657567879878211 -5.3889925039753575 -5.239677693689837 -5.817840911899969 -6.779003313133982 -7.253586257866918 -7.362052743482321 -7.373828750650655 -7.373828750650655 -7.373828750650655 -7.373828750650655 -8.326765925929596 -8.69322533857481 -8.869680110772611 -8.956472485264618 -9.120399518610832 -9.142668177643758 -9.078832915019087 -9.124376472928152 -9.124376472928152 -9.124376472928152 -9.124376472928152 -9.124376472928152 -9.124376472928152 -9.124376472928152 -9.74926300193083 -10.04396460353251 -10.252645547964292 -10.360201732281913 -10.342056232790387 -10.312667732315079 -10.278174566947428 -10.27185672352644 -10.30540071112405 -10.30540071112405 -10.30540071112405 -10.30540071112405 -10.30540071112405 -10.30540071112405 -10.30540071112405
41
 -1.4751581605140345 -4.58019636956133 -5.433012211045368 -5.879399636458689 -5.642593843603037 -5.7147833788914735 -5.813694544647521 -5.262714195248356 -5.3401865374295685 -5.28839314504626 -6.050119630157434 -7.076836260813564 -7.457647988323346 -7.565674513954524 -7.605759017701857 -7.645212301327714 -7.513311414853945 -7.5730505677974 -7.613795090348904 -7.613795090348904 -7.613795090348904 -8.163065757351925 -8.49219124776143 -8.659664040013363 -8.689087264467123 -8.765217581166706 -8.678072514012827 -8.773709945076746 -8.883825918993939 -8.954075354784377 -8.954075354784377 -8.954075354784377 -8.954075354784377 -8.954075354784377 -8.954075354784377 -8.954075354784377 -9.218033555234475 -9.60107837312142 -9.757529398476356 -9.889777935666572 -9.894131277944037
41
 -1.4751581605140345 -4.71321542011724 -4.714934925887038 -6.099911855414881 -6.76921975881297 -7.095127352476112 -7.255700155008175 -7.357607927805928 -7.357607927805928 -7.357607927805928 -7.745358702216833 -8.40437465430008 -8.711875050533607 -8.889477838664783 -8.923565480710296 -8.923565480710296 -8.923565480710296 -8.923565480710296 -8.923565480710296 -8.923565480710296 -8.923565480710296 -9.260088284686427 -9.605940462320278 -9.617690423162413 -9.617690423162413 -9.617690423162413 -9.617690423162413 -9.617690423162413 -9.617690423162413 -9.617690423162413 -9.777796376591876 -9.744746223205803 -9.722632635206315 -9.706963610860472 -9.706963610860472 -9.706963610860472 -9.706963610860472 -9.706963610860472 -9.706963610860472 -9.706963610860472 -9.706963610860472
SGD:0.05
10
41
 -1.4751581605140345 -6.338760935427723 -6.520546688297299 -5.792867908013687 -6.178398139626106 -6.261677791892327 -5.582449948830511 -4.545554641178473 -3.873957609683301 -7.171985529759002 -5.797202735718617 -5.594516471672155 -6.832730964050591 -6.138304826267546 -6.498098936362604 -7.030054821206867 -5.528164212515374 -6.129764048931887 -5.959564266815504 -5.476593448746847 -6.002820394834973 -6.4303202234850625 -6.2177729542221565 -6.3558449377814945 -5.078620810684212 -6.434584381066021 -4.7600184243448105 -6.510582800726276 -5.072830311910179 -6.113776802878519 -6.606552016121079 -5.25284317652831 -6.772992860185078 -5.544062145814029 -6.316994225138198 -5.545144803472706 -6.605300648893736 -4.754697677417426 -6.461218783875433 -6.0924632110912675 -4.332045916592026
41
 -1.4751581605140345 -6.592836335487044 -6.270780552388062 -5.045835504409925 -6.134490345268886 -5.830478642028505 -5.590446350467717 -6.389327436119905 -5.4023392985491085 -6.799118581148747 -6.724616336705988 -5.70865684676475 -5.243450181475541 -5.351820786041898 -6.663324755780715 -3.3256988197253787 -5.297165533010278 -5.535644390096881 -6.354526342473913 -4.704154410085411 -5.9248464952162525 -5.286286807045877 -5.249529102436547 -6.569547042285336 -5.9559223326175745 -5.6941505239962655 -7.083877503875302 -6.494784264997308 -7.162284597375484 -5.3703953512076055 -4.697465874409302 -6.285877929402788 -6.627911996932313 -5.5319574406396645 -6.5066611657106055 -5.26700357862537 -4.898823396145267 -5.2566950987698675 -6.365494265960941 -6.318314250836631 -6.673085795066215
41
 -1.4751581605140345 -6.428212599318548 -5.869092680576719 -6.082526312248285 -7.000792629418482 -6.608426300535124 -5.5120335112277274 -6.499826119635027 -6.40391727494373 -7.117497032416484 -4.795793817060846 -4.336362321032862 -4.522464601035435 -6.693013948268659 -4.990675526428061 -5.8650148213212985 -5.7853436094542 -6.58173787812012 -3.6777922163254266 -5.491772470485507 -6.759203745825897 -6.913820043374672 -6.00638282550858 -6.743891288726487 -5.678022751198774 -6.124216392804093 -4.695353478263526 -5.959111512047541 -4.52336552228065 -4.552592622361963 -6.503157572741913 -6.034456193747561 -5.9054155357044165 -6.756993932372267 -6.508976877184108 -6.9678637007631385 -6.334644726486614 -6.396382669489968 -5.0328305120090215 -5.062190634888714 -4.807243122130647
41
 -1.4751581605140345 -7.730388332369357 -4.7232925904732195 -6.51909717419467 -5.819430858200453 -5.251415600527988 -6.879331171808261 -5.734590876839795 -6.220787607940946 -6.63992540136933 -4.620955376272885 -5.3756758019871125 -6.146673524379417 -6.583859944354538 -5.940833700176515 -3.8135970170444162 -6.483917059097019 -6.13114690657142 -5.668691100108098 -4.848912271866269 -5.305018365383431 -4.483725397939779 -6.791432022499384 -6.277112115103244 -6.819256644478518 -5.715254521431198 -5.610582065496456 -6.304555784121303 -6.400202771149984 -6.429944781785864 -5.109109108872814 -6.906004303460261 -5.800784547629365 -7.370441886110591 -5.181145819462465 -6.276523706826241 -6.24131068027591 -6.027465836400282 -5.656364930838026 -6.195965414318623 -5.605194022891294
41
 -1.4751581605140345 -6.207871435618992 -5.339777359048534 -6.197796382132161 -6.074511690052433 -5.873071348588359 -5.36422816530424 -4.919687206550014 -6.516465258993873 -6.505405576506951 -6.256117971726407 -6.442721987174329 -4.926266647581065 -7.332267914282875 -5.669701546326982 -4.791303436160231 -5.465572033619335 -6.386526482630857 -6.669633557782229 -5.8024983199505 -6.805261870496272 -6.175052094525025 -3.2771056124333158 -3.0108309038782437 -7.2741672257917065 -5.274676561863192 -4.383714246037245 -4.99323736265146 -6.059683171565762 -6.441844734775307 -6.5264029991466534 -6.661660633490166 -6.412311550479033 -6.326588141064939 -6.55388048288415 -6.5646228873618595 -4.343493334701376 -6.355814295276486 -6.029629785647166 -6.5568250145395215 -6.068450764446125
41
 -1.4751581605140345 -6.384763284136853 -5.052847908923819 -6.808034281495835 -6.188656705223134 -5.004366427990384 -5.1761814200351415 -6.46996130275994 -6.357005635329612 -5.795909318864865 -6.547022870383828 -5.917533952001581 -5.121215806198258 -4.960474997995865 -5.610575431991579 -6.151705472969733 -5.910626396047364 -5.543196953896222 -7.019793470280938 -6.17586088730884 -5.071667971271285 -4.542278798744817 -6.327908942575494 -6.071655834778988 -5.574870207847439 -6.701733494565746 -5.73931332378101 -5.105869014909084 -6.085880831328959 -7.111448930283464 -5.874102752398839 -5.4531035471867195 -6.801623650686122 -6.775519859823466 -6.475736315353466 -5.4025243052802105 -6.047487763378566 -6.037941936928737 -6.5407559691964625 -5.222604891039338 -7.179455668530536
41
 -1.4751581605140345 -5.3233148745329855 -5.810357586513164 -6.644850118019746 -4.841755725487928 -5.439362810381639 -6.472746311754163 -6.434584931039128 -5.540679791936018 -4.056375923803104 -6.458605312476468 -5.597697439531308 -5.639491333787612 -6.556471598861495 -5.235086237115116 -5.391714727827137 -4.990603073535662 -5.71108313364091 -3.5810948823829776 -5.770121216557859 -6.334875863650457 -5.392212680970246 -6.278489003358069 -6.0128983407733285 -5.574075729795267 -5.382499052067107 -6.057653205092681 -6.328037816396593 -5.844681341916368 -6.168736434759084 -3.435486998857494 -6.256865832860441 -6.222819193691346 -5.474917093309537 -5.892274536730515 -6.740716199809164 -4.228977390691761 -6.167574650184538 -6.979952247684231 -6.6015800123805315 -5.613494108432651
41
 -1.4751581605140345 -6.527862810601184 -6.817813551709565 -5.812561102351692 -6.039950339459881 -6.543327129433103 -6.422743309347739 -5.052417174854894 -6.304647703885803 -5.125532911380849 -6.421199710341802 -5.410391501868432 -6.661745720375074 -4.003527083124812 -5.804642481207282 -6.726149747666993 -4.824997933310077 -5.564056315539078 -6.9529948263454395 -6.345286103586359 -5.319474398852403 -6.235220760178488 -5.7453554363554895 -6.6364915092282715 -6.397008466084935 -6.113557977546154 -4.362751936272615 -6.429282153182965 -5.067224504728643 -6.706811168442722 -6.386120065520096 -6.839495246534887 -6.084978330239884 -6.0033603069470605 -7.0347585447530845 -6.111138639668909 -6.25382328815035 -6.242500539269528 -6.686542316303457 -6.782577702262573 -6.549852332730151
41
 -1.4751581605140345 -6.350643996498397 -6.779025252378998 -3.998067390474561 -5.924259308438341 -5.194460641793641 -4.678442353435493 -3.99258911938824 -3.9038293832071487 -6.384350821919995 -6.349681984176058 -5.116548373891688 -5.703320554872471 -5.781637363004365 -4.668488386631573 -5.289348037436616 -5.542242588234963 -5.4955613282156035 -6.659619316145889 -6.259691309425747 -5.947846735156097 -4.922421369210994 -6.211100133735354 -6.108880821492453 -6.661585286812085 -5.197313844191058 -5.878033407864986 -6.859810640755284 -6.187608171181148 -5.665381501081416 -5.292068548209119 -5.192492214925862 -6.526035802308374 -7.00215099746435 -6.2754171529046925 -5.918729556059815 -6.27728623186497 -5.370702423679588 -5.369636326924991 -5.427942261143719 -4.873062567672082
41
 -1.4751581605140345 -4.308184240680141 -3.4512636175249987 -6.267133686030863 -4.403981008100207 -5.823780047626493 -5.837789746458476 -4.866236357859954 -5.703309089405539 -6.0135349660672395 -6.550860863609095 -6.03395888839893 -6.8362005145668885 -5.618653925371671 -6.233984510651057 -6.27918741322442 -6.533203588523585 -4.636112126702329 -6.224660736596025 -5.662110416706035 -6.332981232339175 -6.583942059002943 -5.026283961684552 -6.175879553057304 -6.737545350805538 -6.940543526822915 -6.117066432211138 -7.041382445562037 -6.307881085989282 -6.7838791833529015 -6.113687226736192 -6.517863742192422 -5.092334904096323 -6.531332387859387 -6.313318631118767 -5.113053334714396 -6.712707393079735 -5.801369809800517 -6.088408184873992 -5.787240733177082 -6.585138005643143
SGD:0.005
10
41
 -1.4751581605140345 -4.715463597166154 -5.580436562952613 -6.129579921328671 -6.770843277208499 -7.23205286091399 -7.5170237612132595 -7.806109714957704 -8.063178950486089 -8.14722867006936 -8.347307062612831 -8.792196934371253 -8.972739684586193 -8.919195837198847 -7.735988982211369 -8.379734917643082 -8.935290218234776 -8.172042868415659 -8.964143820280677 -8.614068116612405 -9.598217356699768 -9.264697973496153 -8.972048564878317 -9.188030244101036 -9.657499379074618 -10.01229186224011 -9.014271820122337 -10.132916569370822 -10.350341551595903 -9.297330998218365 -9.94986212662213 -9.175278850406947 -9.902877310754038 -9.90052969248029 -8.238313039944465 -9.961638712243879 -10.765930535807298 -9.744712297765679 -10.610559635456157 -10.081336666815917 -8.021845687159955
41
 -1.4751581605140345 -4.793499824468605 -5.706124560285355 -6.255664442119401 -6.770060845757384 -7.278692720051396 -7.63690932955489 -7.54226115639471 -7.369792654393964 -8.355196641600338 -8.247372047541154 -8.461479926933666 -7.9499173810911685 -9.294198950363455 -8.987178660979081 -9.12723255750478 -9.045163752258722 -7.961509539494095 -8.520123572418013 -8.617648553420993 -7.632368350489856 -9.349629893353576 -9.191791233379998 -10.155976463956328 -9.478337727856175 -9.011263974968797 -9.130982547153108 -8.822640426083938 -7.7883215861619055 -9.279455059948074 -9.363507633730723 -9.74323149083005 -9.489101205527922 -8.334406828401985 -10.662045860715521 -10.076264615741767 -10.165645172632958 -8.146159871190461 -9.235705535444744 -10.676171667109454 -8.835280313437524
41
 -1.4751581605140345 -4.875567772589955 -5.717275234536018 -6.356529586930012 -6.605581369047535 -7.081889080779934 -7.45679582306739 -7.2988626058336585 -7.410117401143346 -7.485899355338103 -8.572330984383353 -8.455659207304437 -7.293487439812609 -8.343118135441967 -7.869114682672788 -7.400189453019969 -7.9927805006390535 -9.133032395224966 -9.284832408682616 -9.81114360101674 -9.994350046047487 -9.692149918501942 -9.52561731652478 -8.892578030424708 -9.413022768440385 -9.936363845169922 -9.811907483182493 -9.155353788645508 -9.655192605377094 -8.570518555877412 -9.489460752336575 -9.710121032895156 -9.607758919230818 -10.41119247769112 -9.801487468033443 -9.999588162876462 -9.2089720399592 -9.32605276747576 -7.53363297916341 -8.690492017065143 -8.982479113218774
41
 -1.4751581605140345 -4.68327744015265 -5.532286429723354 -6.3051988482690176 -6.517498395635445 -6.176157218898972 -7.238119969072875 -7.993560349533474 -7.43183343342577 -8.04848328113948 -7.5914074603941755 -8.6195990942251 -8.352685659936062 -8.142737674261472 -8.06641894733144 -8.644690112145437 -9.183221125728373 -6.6333661349334205 -9.212031709570441 -9.617323973457927 -9.563710316197941 -9.873196645719897 -8.496083837862207 -9.409429717128672 -9.660792639144187 -9.428163393894831 -9.038751375426829 -10.24215743413858 -7.114686796476002 -9.166465217485378 -10.019885855253346 -10.464126286309755 -9.77723924543154 -8.580845083072361 -9.515245491015607 -9.9867230216325 -9.34893811674702 -9.453432679621873 -10.10860996498182 -8.218833973754712 -10.200312748033733
41
 -1.4751581605140345 -4.800362154196258 -5.805521873662473 -6.381868682080051 -6.786501487774662 -6.267296069637233 -7.441492139513367 -7.8674495188581215 -8.00067303071724 -7.856976576404283 -8.6325580655034 -7.93220745922236 -8.846433735986432 -8.016232662807006 -8.632170006572615 -8.954614745537096 -9.057204766131157 -9.096506550942678 -9.332599587509014 -9.945160578965124 -9.778613019096104 -8.835015859319014 -9.067693138241284 -9.903641655229785 -10.47938037002973 -10.445442096814835 -9.828842741448891 -7.885656850069348 -9.760318268341889 -10.073453294946436 -10.036075122789361 -8.538940141989846 -10.34169617242554 -9.488592651181758 -8.141347158675197 -8.028560312010285 -8.687901998720228 -8.94462640960276 -8.927596233774356 -9.780187323188494 -9.191222499018926
41
 -1.4751581605140345 -4.833108228474977 -5.53402516390889 -6.366971976389751 -6.943055192803574 -6.9042126056896205 -7.511460833356016 -7.275487155323022 -7.533360474484242 -8.17024228731064 -8.600896109520562 -7.745583534315904 -8.484171418200326 -8.068809741309858 -8.521306141445145 -9.176587457469816 -8.941706968275843 -9.123390819533533 -8.142613692915496 -9.230646363572845 -6.9961996452698125 -9.928785912115648 -9.816527730191712 -7.471448898362209 -9.096512876702908 -9.128195038736358 -9.67976139187699 -9.161865449114103 -10.006284447212316 -9.481090714194234 -8.303868700111357 -7.4280422198195035 -9.88725328773542 -9.587041795531327 -8.67741774403656 -9.71589839645596 -8.564159686543004 -9.906183209848205 -9.406371938780508 -7.77576716436005 -9.264675502969876
41
 -1.4751581605140345 -4.729962903768508 -5.666626735315786 -6.190134138930274 -6.913073339306685 -7.394053955914125 -7.627172313590465 -8.061731625883438 -7.516057100502981 -6.767725463152324 -7.953610488227094 -8.663041176962311 -7.226920633681612 -8.650261681523768 -8.556513144485114 -9.476890142762043 -8.420719971317574 -8.285269455288816 -9.045558082149707 -9.706979690297066 -9.906197998073825 -9.886528270458388 -9.471693292325089 -8.847355912965204 -9.477442120895915 -9.86637431042079 -9.543320101166307 -9.613353701256523 -9.301492516626087 -9.743855719427872 -9.938095260791865 -10.081440285594214 -8.637316921801705 -9.616565318133864 -10.043889722122628 -10.318551573660434 -9.557222886004658 -9.32863563273887 -8.874025841262457 -7.700489985196894 -10.027852601771846
41
 -1.4751581605140345 -4.7385921853353565 -5.606357240874526 -6.371581762285198 -6.778180524946176 -7.117699968384661 -7.468836898780978 -7.815666813151046 -7.240893478864772 -8.380686423153659 -7.961955936338641 -8.737071199773583 -9.033083271863951 -9.157644278264739 -9.383692903147516 -9.209985247067785 -9.47036264065424 -9.246845311368647 -8.163192588874619 -9.377055548857893 -8.25592243149853 -9.009648211466082 -8.836724169768981 -8.496611236902961 -9.230726636181595 -9.650702433165854 -9.702118174284484 -8.694145265507826 -10.459868709251833 -9.262679877747365 -9.35127110019592 -9.361336645290134 -8.928266311777382 -9.584230889664093 -8.060441833043265 -8.258665835962 -9.679950329791025 -8.866237132026074 -9.197336512134067 -10.164562613859186 -9.08550768522356
41
 -1.4751581605140345 -4.833783001238142 -5.7628069411424665 -6.253006854809259 -6.7537133039461485 -7.208808036815858 -7.584297155008738 -7.983468250194564 -8.321513995875778 -7.542835809393596 -8.478869641718639 -8.25310981972961 -9.074570595941601 -8.926012945326297 -8.650250475937893 -8.172430083787235 -8.413173357607793 -8.518853172848617 -7.40253573324832 -9.322554850548778 -8.504428399689163 -9.35981633802236 -9.443475879013752 -8.41539143689785 -8.866447892229033 -9.324656841686556 -9.317971599491308 -9.07799264309472 -9.451555819333104 -9.947094898600515 -9.881428720738597 -9.083066787197463 -10.228777141639213 -9.441676885301659 -7.980151874982527 -10.218805214320348 -10.1662595189515 -10.193819381550233 -9.985407936954891 -9.804291677578654 -10.236118470908242
41
 -1.4751581605140345 -4.854692464961596 -5.187641662973427 -6.433115789495572 -6.677327626019985 -6.779461446958993 -7.167582142874093 -8.12791334405068 -7.9350332195843265 -8.216946946768262 -8.257806494269431 -8.041084281679474 -8.474211894153811 -8.975202710608455 -8.211981358953809 -9.261317039385188 -8.641760462061411 -8.729018818438705 -8.85410221261146 -9.624169253688075 -9.150227597042273 -9.251352819317699 -8.721315660243743 -9.952833669023171 -8.508695217395983 -9.726256186494158 -7.8925438835326895 -9.94111420686146 -9.98153823266356 -9.846894177400998 -9.814066686744573 -9.002606851689107 -9.096429259525872 -8.383037032923431 -7.771595803776898 -9.915487539443433 -7.054631518038814 -9.266771773849856 -9.703975763372943 -9.507846117600716 -9.46098232178737
StreamingSVRG
10
41
 -1.4751581605140345 -4.7527920655609295 -6.08782745571981 -6.668107154884788 -6.676533102467171 -6.816780575765395 -8.22507260926017 -8.213432065791313 -8.26732379481519 -8.927270967140917 -7.738030430127965 -8.419716445856277 -8.969102651066509 -8.73325320353857 -9.314987427473499 -9.225310431452282 -8.62386474848943 -8.806620541385644 -8.347297239574335 -7.530618831005351 -6.553374926401901 -7.966943725601046 -8.399740553843813 -8.331622412388871 -7.508763427659818 -8.989873166428248 -9.294539282340427 -8.984154990674181 -8.88554893416107 -8.491106159525712 -9.220738497425709 -9.49559960920709 -9.400245473329438 -9.061380350428859 -8.633118181740928 -9.60453971455135 -8.821177284223822 -8.852117364176948 -8.639287265385153 -6.810139584752208 -8.051212299754472
41
 -1.4751581605140345 -4.651605604675151 -5.652196549644469 -6.549457304863071 -6.95970482370983 -7.236749845500789 -7.751654426417464 -7.723839672286313 -8.302293341398247 -7.108923527798794 -8.693249072361764 -8.80577816019862 -8.481308106234117 -9.022138538112463 -8.129452454345335 -7.555502252420167 -9.72613209794614 -9.237734026423434 -8.034831162830997 -8.755346268362876 -8.775371498361578 -8.551525003141695 -8.931679401504574 -8.915651656151809 -9.521642703322392 -8.219049905860984 -9.017108307624392 -9.703492149167392 -10.418178688984641 -8.842243353546595 -9.734023827609054 -9.339201182875211 -9.26033613370301 -8.791646985423338 -8.669712061442972 -7.984453880171566 -7.984453880171566 -7.984453880171566 -9.053888376975928 -7.799556718237619 -9.333752253212872
41
 -1.4751581605140345 -4.7830330391757006 -5.89604322265481 -6.8193494044255445 -7.371164942554246 -7.258279752965509 -7.726492773583071 -7.733914220207894 -8.089243399504534 -7.194999687226153 -8.295344295191462 -8.444249983764543 -8.705934696884732 -9.000122838314793 -8.825484866462878 -8.71678105348663 -8.825858707421496 -7.895761895116178 -8.864979471418527 -7.87483990373766 -8.941131585426472 -7.202313982932977 -9.61639821361002 -9.011189934207353 -8.818269373021028 -8.745805338247543 -9.32613400126766 -8.138214875119413 -9.33687398657161 -8.538945377464895 -9.422175707841248 -9.6546858787591 -8.319811837225034 -8.211705852672024 -7.741725184523889 -8.808680066092858 -9.080845512939959 -7.116079054930673 -9.373931143923176 -8.07393501176892 -10.017350738977443
41
 -1.4751581605140345 -4.6640125485429484 -5.846942974700497 -6.132631774964632 -6.993394020596346 -7.339363270937727 -7.85754413487786 -8.013006260040527 -7.867913115167609 -7.705039130892229 -8.74485884821231 -8.758346592197684 -8.706509424020812 -8.784365548347235 -8.061065607703846 -8.028812480629016 -7.712378687414115 -7.014157218191593 -8.121734423489125 -9.301054552017764 -9.332742697163608 -6.463954318402503 -9.208965136882528 -6.675913606132159 -8.066201934403937 -10.074972969460775 -7.782020186073992 -7.7957250060912875 -10.06246647201858 -9.059587321330993 -8.973734606361852 -10.014765992282454 -10.018122675912483 -7.302323509821279 -8.760425451544345 -8.061272076707255 -8.54369137842352 -9.619001194216299 -8.788811664320884 -9.340460300826965 -10.044422803380078
41
 -1.4751581605140345 -4.689170368335015 -5.9596866355763325 -6.827500997578336 -6.75356704110158 -6.793737740604109 -7.663091896841448 -8.267540144311086 -8.23084001520314 -8.473275527374222 -8.424291135749476 -8.574079856735217 -8.880724957294756 -8.60238796161872 -8.743144476451226 -9.396863015806453 -8.427789003749856 -9.157076769316536 -7.233433297493279 -8.883559714051849 -8.955723459515276 -9.111805190018043 -9.579193596222497 -9.589189153684137 -10.034159736923192 -8.819857203371335 -9.100375452850601 -9.934908449878606 -8.878385592920818 -9.465416266789356 -9.860700920745273 -9.67500864007774 -7.966806739946299 -7.86108042542708 -9.8355553696442 -9.633722267257008 -9.61888917860638 -8.25377702338364 -9.965615754867626 -9.832754366671848 -9.304717614320296
41
 -1.4751581605140345 -4.645637342426815 -6.002021055478166 -6.650780620037256 -7.127166978949298 -7.358836206215774 -7.9397691010538 -7.321593238612136 -8.631295344374255 -8.415123689048913 -7.955859301207484 -8.268618072374112 -8.824397296538399 -7.976872655098752 -7.52295290891786 -9.119572211111128 -8.394579662284112 -8.49536215537942 -8.846710555030219 -7.950732520438575 -8.707209285899792 -8.30938473848443 -7.315139010245178 -8.995330561525991 -8.10617631734538 -8.449504106748789 -10.023702050884726 -9.11270043472567 -6.765762394322944 -9.369432610145404 -6.445495035866557 -9.158602762241943 -9.8218515509213 -8.994378858097724 -9.672071272722846 -9.891349566890803 -9.182714201619675 -8.991864489518171 -9.843700988690573 -8.593581866742703 -8.593581866742703
41
 -1.4751581605140345 -4.669332234003411 -5.77597378803217 -6.594216501200767 -7.070008537037997 -7.591531624226515 -6.7928274361305006 -7.778918409328135 -7.031475599280354 -8.340064519465802 -6.500429571524058 -8.525143382701039 -8.991631046483857 -7.571851924577684 -7.9851770770980846 -9.228797278358174 -9.071069672540604 -6.747884162697691 -6.819900648908579 -9.663226838234479 -9.68238721105415 -9.542916056382161 -8.67695299315609 -8.786105355636145 -9.560497068406448 -9.389466470210786 -7.294342979153909 -8.985844784489998 -9.439351729011902 -8.81911077821575 -9.689774417484246 -8.740716819844334 -9.144168726966273 -9.857375576950368 -9.145300461757492 -9.98257842078386 -9.753882928415926 -9.036707869799967 -9.114249932089715 -8.286945500846942 -9.38276768479502
41
 -1.4751581605140345 -4.774350592520798 -5.901689216785857 -6.7242812091575885 -7.430400449193561 -7.865971775418178 -6.952052509871171 -8.062946432350476 -7.865263504809512 -8.026594041354219 -8.20769954752679 -8.83208601650629 -7.93779329341086 -9.188055170555769 -9.560447604923523 -8.641007627717297 -7.840084113573304 -7.756124094994922 -10.083325163341947 -8.730664318607252 -7.572946324873819 -8.617530726620501 -7.4620157070638555 -8.969342607725716 -9.259161656341147 -9.91821734151856 -7.918018192230764 -8.560956924672235 -9.434294404300731 -9.537821383002179 -7.005484591925982 -9.119387770058736 -10.024627875667148 -9.43167285357075 -7.806849546182601 -6.908655210020681 -10.230164270031562 -9.21950995761348 -9.128711417531553 -7.555889591715895 -9.601046342256762
41
 -1.4751581605140345 -4.788974322475365 -6.092825850665289 -6.732357175829074 -7.334671905818145 -7.685961196232848 -7.857884755976131 -8.03176065545788 -6.878658783253769 -7.896908973012452 -8.76882495169758 -7.426086393841524 -7.368071214530029 -9.18186769021718 -9.58835071221463 -9.023275145860367 -8.378033511268114 -9.016442032339016 -8.588727837306793 -8.588727837306793 -8.588727837306793 -7.180166242395454 -7.773914453932253 -8.892014157631655 -9.535831123505124 -9.008988755114439 -8.44274025373746 -9.363102460043933 -9.363102460043933 -9.363102460043933 -9.363102460043933 -9.363102460043933 -9.363102460043933 -9.363102460043933 -9.363102460043933 -10.180515072256341 -10.373955469448148 -10.208546652690565 -8.631817614837502 -8.472042111931366 -8.718027849694606
41
 -1.4751581605140345 -4.663028023008886 -5.932715776998907 -6.78290268778762 -6.617808987093873 -7.57329045423365 -7.927887864798678 -7.187232388107323 -8.59550528194682 -8.523850563476161 -8.379140741118384 -7.3181190116537085 -9.373955646639185 -9.409586519863687 -8.003491973475988 -7.406063515081486 -9.096274806299757 -8.332990911543352 -8.812397602061402 -7.567122608795242 -7.700541137764835 -9.367726846012058 -7.490393254876821 -8.348813941073095 -8.589721628562836 -8.728603967570503 -9.585732576451308 -9.200680216531369 -9.753470156058569 -9.292470632052307 -9.999849266559496 -9.542415092087174 -7.975721755537903 -8.14317425456056 -7.273017032864229 -10.020947030209474 -8.410752757199035 -9.965423967375951 -10.32281094928242 -10.142582519694797 -8.708031623879329
dyna-linear
10
41
 -1.4751581605140345 -5.569335151041309 -6.128219724354134 -7.084271945578205 -6.0850299899691045 -8.241604399693472 -8.318831173036678 -7.767970023010291 -8.149209019510092 -9.006439685418648 -8.863254925730478 -9.184136377627619 -8.950200965832723 -8.79584475475841 -7.843347496237974 -9.70707339816859 -10.392893687900889 -10.290512249349442 -9.463214919021574 -10.666203274973308 -11.259409387038962 -11.183720280702904 -11.328900322316455 -11.835335658008088 -11.886714433540469 -11.24488138508673 -11.506130029482314 -11.842837515139143 -12.016825818178276 -12.48331321402929 -12.167452708915954 -12.872725350877063 -12.684848530291763 -11.700853921775876 -13.53628019696456 -13.356257792609494 -14.245061191303583 -14.627903775206807 -14.459267172026493 -14.35731129923354 -14.520351926284848
41
 -1.4751581605140345 -5.184249755548425 -6.1492199161699785 -6.545615235244613 -7.475317287853763 -7.942317941564033 -7.067065388835504 -8.268241930760654 -8.92441894300693 -8.961623967499925 -9.231966843065099 -8.463520363725818 -9.537078266317312 -9.532784976788294 -9.35045238318096 -9.022770417822437 -10.777060278418341 -9.809041945798768 -8.11444691444689 -10.144637916022273 -10.466570975469862 -11.293968650926859 -11.370090582843646 -11.88288373682175 -12.197892333837656 -12.413564865238637 -12.494013869637486 -12.552732217886392 -11.364013419886431 -12.057472795928618 -13.286794784385004 -11.79338960593349 -12.80069610539667 -13.770284299347347 -13.451015220930481 -13.343029976886147 -13.96526136783158 -14.81318967071599 -15.013421273054377 -13.205796087843733 -14.479518654545835
41
 -1.4751581605140345 -5.745050141956273 -6.408920661569069 -7.128222566529108 -6.578355906887084 -7.809490538045928 -6.589654547102453 -7.533073515829157 -8.755104012644884 -8.812601395466595 -8.153938604684436 -8.214057122182162 -8.755030436008003 -8.754716355528194 -9.651059693930286 -8.674682871950203 -9.810451352416962 -10.392000398306736 -10.240246912557836 -11.353472781584937 -9.577265409640889 -11.866632247833557 -10.866709427057605 -11.676141128101035 -10.652981220415173 -12.41133588255139 -12.263147157428373 -12.303854568852621 -12.707011813125913 -13.610000625456069 -12.427719755559103 -13.062267689716084 -13.67262338485787 -13.508096517958245 -13.60443547403234 -14.104737067138513 -13.553528346725194 -13.102741658766158 -14.150508907710154 -14.82053344018594 -14.40199103015009
41
 -1.4751581605140345 -5.379329293489492 -6.232437556129554 -6.895974978854343 -6.317947663373974 -6.71863757504357 -8.115249275732543 -8.461622111892147 -8.98642645262063 -9.047417620992357 -9.459400633891214 -9.346528153513553 -9.728227047055865 -9.631714071259923 -10.282074316388245 -9.27141377934165 -9.762514808564909 -10.422968542006414 -9.335231603559537 -10.19089234099751 -9.692892147841727 -11.371535171794427 -11.102024580322372 -11.955670898495727 -10.290587883508001 -12.185626496806922 -11.556053269022653 -11.972134720920135 -13.018605573503839 -12.871570406967631 -12.965747311972784 -12.001224051250547 -13.57935489304157 -12.524492272857197 -13.839576340703587 -13.554498353822929 -14.399710620970412 -13.918441556567114 -14.61546729854646 -14.449822068243313 -15.067773036242398
41
 -1.4751581605140345 -5.56797592054821 -6.246360666298499 -6.4931611305714325 -7.492646410668669 -7.179276777776323 -7.163133237729018 -8.268239959480347 -8.573882074534259 -8.905633540683844 -8.847142122895388 -9.579552780260817 -9.290508154156035 -9.683920647035121 -9.592011513063387 -8.923191427786296 -9.931280182539803 -10.141206898375525 -10.42555349266994 -10.748435137351315 -10.793439399033335 -11.149617986018967 -10.869872210317542 -12.164205387475864 -10.026205226582087 -11.73195742826317 -12.219550736425266 -11.359172057167314 -12.60338186691706 -10.90060152401245 -12.695852077516703 -12.970804730423643 -13.469802284281036 -13.453176158432834 -13.00456143350333 -14.17362575670241 -14.54598469395266 -14.456033676622663 -12.005309996157164 -14.743797304205502 -14.024035155394838
41
 -1.4751581605140345 -5.424025137679363 -6.037551073332868 -6.892737572156607 -7.2493711718852625 -7.367181792129384 -7.502200946286872 -8.11272646636654 -8.31366692345805 -8.707352310865451 -9.12145183492473 -9.730607197454974 -8.60183229868076 -9.09462409768071 -9.44035624913685 -10.698834309340786 -10.5238507797559 -10.820901716670432 -11.02619637568383 -10.071911790963952 -10.050758525158274 -11.927224588524789 -11.333202132290381 -9.740392790684048 -12.387792829834355 -11.446751492314526 -12.3993255477914 -12.675715217033332 -11.821493303637856 -13.050157591795683 -12.746555901624216 -13.908141385702134 -13.109411005152667 -13.594105419017556 -13.581569560850498 -13.762299931023389 -14.209734764478494 -14.013822775010848 -15.022238104751606 -14.41600136134254 -15.192757037227908
41
 -1.4751581605140345 -5.489262636210251 -6.580744690262713 -7.143678833036842 -6.5288764340483025 -7.817917134360839 -8.551560084674229 -7.755409886236243 -8.381925852204555 -8.063339155379971 -9.535659418674621 -8.986854835558306 -7.545832588271137 -9.327688227889807 -9.738605413386582 -10.065031395759558 -9.46801999514785 -10.35045144547971 -10.068274461452834 -10.298659691748153 -9.967764509256162 -11.471004185585365 -10.152698474390986 -10.941709530649245 -12.250662110635258 -12.439633747999963 -11.49084370787235 -11.727470924426592 -11.871160022027153 -10.094659638314289 -13.38279758300347 -12.99602764630983 -13.405110935046523 -11.59968793331825 -12.651888621222744 -13.118460669902536 -14.287726157780236 -13.801535726179596 -14.472083968394548 -13.82945300967149 -14.409324871371446
41
 -1.4751581605140345 -4.767905981243504 -4.157618807417721 -6.585264390674811 -6.409394628182673 -7.138261861369455 -6.928305463108652 -8.572767006548963 -7.616656929991771 -7.778549166183795 -9.098388490790933 -9.031659546448388 -9.131133965850344 -9.933206807159518 -9.322220505676729 -9.348215809041863 -10.526804361146764 -7.696488886237788 -10.641916017768066 -9.323143181106031 -10.901957139751078 -11.63210404449086 -9.975015561285952 -11.07908717777375 -10.380208010950852 -12.001053191568221 -11.536628006081383 -12.156740038055082 -13.187531051755219 -12.584648628623466 -13.075323287954612 -13.471819967296728 -13.797606106534271 -13.76561242961205 -14.214695063657356 -14.350661078588288 -13.805401003256826 -13.658725888796308 -11.507611651449208 -14.923495858413245 -15.317942458921156
41
 -1.4751581605140345 -5.4696574517589704 -5.885143593930194 -6.953912275040679 -7.380203026907214 -7.210151624363257 -8.28113598637341 -8.463331266897411 -8.327225669859496 -8.09825739976304 -9.413919134884816 -8.492303486924301 -10.446821362247448 -8.449056066648264 -9.740060978310582 -10.12464427471155 -9.795826846216588 -11.046276459314884 -11.093959052968499 -10.134328151426217 -11.26401909560416 -9.79698173405742 -9.6593994424361 -10.493712836010321 -11.988508879027773 -12.365112514498584 -13.116121894115643 -12.296255167494405 -11.879395884522355 -11.832330807039163 -13.191017093096503 -11.546923432756572 -13.481992841636293 -13.491486398486963 -14.355659809501152 -13.940413602781199 -14.185615921359547 -12.678468638259835 -14.188661455646562 -14.094534689188345 -14.724803438961962
41
 -1.4751581605140345 -6.049105645312577 -5.524688001361566 -6.746696577376953 -7.584801975474403 -7.037897168103799 -8.145976907972152 -7.227137005600194 -7.4631435798728045 -8.441064270281622 -8.96574637791065 -9.071069914467683 -9.128359925921739 -9.324114017351974 -9.46968436010154 -9.602036572630293 -9.9716443646509 -10.12219153052817 -8.83539595992156 -8.067211764080538 -11.757575191271261 -11.273209466246875 -11.562301479135371 -11.469355895515358 -12.144531900406447 -10.329489736503563 -12.349398321707366 -12.280905582216105 -11.331554643704367 -13.175819876518187 -13.372050057918226 -12.946501008913495 -12.270624271579702 -13.033400144152933 -12.012063545852106 -14.70987694850147 -14.51531884516647 -13.517876198344723 -15.058571931185305 -14.704308925148721 -15.146095704518812
dyna-SAGA
20
41
 -1.4751581605140345 -6.226831135015013 -6.544155097188825 -6.948910118373227 -7.18900757215561 -6.312892213506964 -7.490539965881117 -7.4778434068652855 -9.096763019626726 -9.351192106519177 -9.723262585015798 -9.560868826109884 -10.52791344605849 -9.0371649165565 -8.065297431300426 -12.202602868725513 -13.771263108861117 -14.11069707665775 -14.144508103127514 -14.802453085960858 -14.730865539290315 -14.977426660843657 -15.180888847021746 -15.26580877497764 -14.94066488985838 -14.82958503355588 -15.956380310991307 -16.13812221234732 -16.160705334689908 -15.690277927810314 -16.47905762462236 -16.726976167156806 -16.71607205081369 -15.992245176000374 -17.463010804861543 -17.534338736802166 -17.038331862148333 -17.773381142563345 -17.839672433729955 -18.10928795576602 -17.93667812612941
41
 -1.4751581605140345 -5.116296651557887 -6.668304972613119 -7.831473495566044 -7.965350727220712 -8.063787992897415 -6.789558252504176 -8.662533003651633 -7.210562476862489 -8.942912175184123 -8.585058569359733 -10.174991824980298 -8.301004315451395 -9.508722020478114 -10.564817279406107 -12.280498973628626 -12.46291093914333 -14.034930299426849 -14.347195029123206 -14.206869843502226 -14.461727169942643 -15.101820145457182 -15.162635554109587 -15.27011578849657 -15.224414278351912 -15.528048933480033 -14.94560078676074 -16.220619463204105 -16.05098417095608 -16.399486384574637 -15.825743922836557 -16.37607795143063 -16.954504103787066 -16.2177764303527 -15.808520003479687 -17.321727537966577 -17.25040119382065 -17.262339838250455 -18.009344868660982 -17.903045170295062 -18.21562318256855
41
 -1.4751581605140345 -5.634855563440757 -6.278202089760393 -6.721075957511398 -6.531039535632354 -6.824410170932781 -7.339932200900294 -7.279803824901525 -9.004192338008275 -9.56962830093475 -9.664794855435728 -9.438346237337647 -10.273499397756465 -8.914080240115572 -8.33179123213383 -12.754391152078588 -13.71061071062101 -13.973074598291173 -14.145280989947853 -14.447510476517857 -14.835437883145802 -14.624434515644126 -15.376900608559701 -13.98299324828351 -15.396642891556683 -15.683071764231947 -15.588824790189754 -16.219712416209877 -16.340696326668606 -16.463738901694434 -16.469491053992332 -16.79726166445532 -16.876599266991175 -16.11300736702914 -16.45510419215814 -17.3043274542485 -17.54329328829202 -17.43110755997654 -17.603944181446277 -17.568679139943775 -18.184131283799267
41
 -1.4751581605140345 -5.8885311853958076 -6.6317098372951016 -7.530744927736121 -8.057305067368437 -7.9834355886887085 -6.721576856083044 -8.743163104227467 -7.426326295711038 -9.334773106711998 -8.576720039864691 -10.085605984713103 -8.660915240559543 -9.609596993949237 -10.246820985911214 -12.458401285110721 -13.597999375559782 -13.56365575029388 -14.725219734051047 -14.78281176424954 -14.309032129861832 -15.028896244015364 -15.582742080654779 -15.776135774473968 -15.81203260826135 -16.03992627588654 -15.128932487518608 -16.43214266821826 -16.003089468374608 -16.79568307318745 -16.910800938975758 -16.937987666366315 -17.231889748457284 -17.129562627545823 -17.131020261943974 -17.62712846633099 -17.64895263765275 -16.572936081892266 -17.98956170050922 -18.360640545010185 -18.43412880010451
41
 -1.4751581605140345 -6.283328170684687 -6.515516540774365 -6.954754088532292 -7.207844544462716 -6.9690128658272315 -7.394692906769808 -7.833053791507481 -9.09623866862931 -8.863085882777673 -9.656899682697077 -9.281850071085328 -10.386132395687456 -8.87349973058659 -8.274024675093237 -13.00994655721812 -13.614106223343729 -14.029380923361686 -14.461047574711552 -14.931509147595488 -14.614059295887918 -15.048920114178612 -15.193969560689652 -15.403974491713333 -14.95646070404431 -15.75171104298297 -15.903910174958524 -16.033490105097776 -16.05910555760517 -16.34387366900486 -16.48313789022878 -16.070346868810006 -16.092350419338686 -16.087260391959397 -16.97270174747434 -17.480709151088604 -17.008291112447477 -17.748595103647833 -17.671332650209436 -18.097316257023337 -18.19603853864151
41
 -1.4751581605140345 -4.536919033108708 -6.840932408440605 -7.689731863958008 -7.809841045017117 -8.186071897219003 -6.982292828475727 -8.741081467166195 -7.507476469597347 -9.191572585493013 -8.773626615388734 -10.073138926872035 -8.382600069051946 -9.438451850031466 -10.734079844527443 -12.421468760922755 -13.505303359561864 -13.730634517460533 -14.054195305429513 -14.739178747176163 -14.62678916682037 -14.340880841559919 -14.435215466471535 -15.02287796401582 -15.342789269347348 -15.31263466467985 -16.0525852705184 -15.481337962584274 -14.071595036536294 -16.15185348848179 -16.161686195018987 -15.396242632296289 -16.653382143038808 -16.510767620648164 -17.24129859088441 -16.871694162791513 -17.477346605038544 -17.23762837185931 -17.691759128194857 -17.977278976772947 -17.9657418329182
41
 -1.4751581605140345 -6.130944767779856 -6.646282987342537 -6.80338715931227 -7.150487471184463 -7.018193272168811 -7.472598603393237 -8.019107667336375 -8.59226543786732 -9.51353638550413 -9.475791115573703 -9.950242932355055 -10.48700276474169 -9.22175475129509 -8.244247306462665 -12.721676644109854 -13.575237158001242 -14.07874139281184 -14.408475333433028 -13.794812263119486 -14.891460344985015 -14.877708983923073 -15.227337670071153 -15.59813862236786 -15.686613029730143 -15.732151292127345 -15.924156441313285 -16.0885512707176 -16.06715460242918 -16.508632777392343 -15.71727140793657 -16.605306915228933 -16.672824558795778 -16.851337400651108 -17.12271648601678 -16.334265133485083 -17.413367501820794 -17.63414445857584 -17.684328449809154 -17.91546729615932 -17.143929697426287
41
 -1.4751581605140345 -6.724475513775283 -6.741530545682109 -7.8397021421947874 -8.055170537380485 -8.29756327499353 -6.7704428220543 -8.726276579293376 -7.21042302102858 -9.076459994605635 -8.936596594380832 -10.200203866370641 -8.376644551125583 -9.505306577690618 -10.417316896581408 -12.622098541895008 -13.480144300696203 -12.141524450219597 -14.477989502276877 -14.598708749507455 -14.459611298589843 -15.214814872313479 -15.086135227298529 -15.53106137415145 -15.991128026962768 -16.167393047402555 -16.023658771998196 -16.26116246222517 -16.38748098375872 -16.577488354270812 -15.913791300033905 -17.09176357525364 -17.123889953964845 -16.83557703097201 -17.21060317506413 -17.068432634235684 -17.172829431030255 -17.852426760167507 -18.064259023466033 -17.99067782300715 -18.45094467554835
41
 -1.4751581605140345 -5.166965745163008 -6.483533829054647 -6.382714475649643 -7.284891510602847 -7.131537973791577 -7.767641310052138 -7.110018208441691 -8.37723858298035 -9.171213638210189 -9.477878111933498 -9.47763225888297 -10.281021655497339 -9.162969451647564 -7.996459367557275 -12.71836563379557 -12.411411991904771 -13.446242719135068 -14.448748421441788 -14.535021589954534 -14.559975352678908 -15.022146373650507 -14.969685642263146 -15.220563032734036 -15.315578387559345 -15.647989920929682 -15.633692283422977 -16.128843136935103 -16.0617299457831 -16.39005564562337 -16.5313263805439 -16.77268433612961 -16.302602839699993 -17.07723317593038 -17.145427207237304 -16.39130025776267 -17.135531659924045 -17.715126559227404 -17.86417349056331 -17.84851029809786 -18.11124765042719
41
 -1.4751581605140345 -6.388111116561306 -6.480809160371449 -7.535412810669529 -7.581445032532699 -8.089117807736322 -6.950612991390441 -9.058811260653233 -7.174382841043376 -9.325190598977127 -8.566543787438501 -9.947942297235535 -8.584667481740718 -9.48382284841447 -10.78707849064673 -12.396838068552423 -13.638200044838003 -13.745177817046475 -13.416476551864541 -14.471746505828095 -14.84669364100361 -14.644787353452118 -15.180985776252026 -15.38455261064508 -15.35733930755805 -15.486307351750607 -15.815843278205323 -15.928782385104176 -15.603426014463308 -16.11964109288243 -16.377189610475266 -16.547629233929683 -16.565087872490714 -16.648855910228942 -17.085289192266842 -16.461076502611515 -16.929567966350962 -17.091429340285135 -17.388718192415414 -17.78750166280791 -17.754571497675897
41
 -1.4751581605140345 -5.9703957703417 -6.408196529231171 -6.901409595260885 -6.874387182986334 -6.581769155279349 -7.340038325086253 -7.801135246656725 -9.230357136757549 -9.322502120810645 -9.611464681524064 -9.700045155450995 -10.511881952516996 -9.263554997469903 -8.37745911629701 -12.814581787367235 -13.73723656284074 -13.561092995955443 -14.632763457264772 -14.65082110053572 -14.684956581605226 -15.180328032924683 -15.384827127286192 -15.477477034630054 -15.86510898236764 -15.659354124900855 -16.071700333672624 -15.498985604882678 -15.662797333341155 -16.00229857286906 -16.618221852777825 -16.932043557136762 -16.87737425638976 -17.04406386583303 -17.32845569580534 -17.20560504388014 -17.59321643795247 -16.355071555710648 -17.574660357581916 -17.958227599295153 -18.25467258479895
41
 -1.4751581605140345 -6.674033524346678 -7.0266551459771485 -7.678598529153729 -8.039597127884635 -8.070260635031147 -6.878800246634988 -9.104281803093533 -7.370998922108404 -8.966105708981829 -8.781243783827778 -10.310668809242683 -8.62567780672009 -9.384409451343483 -10.79089449221837 -12.596121980132502 -13.502034888248216 -13.965483022333697 -14.275966929090957 -14.670392636071535 -15.083534567408945 -15.207961751650318 -15.275054281299932 -14.766051214451334 -15.687410146208348 -15.823050035292477 -15.33492078525366 -16.32173803611156 -16.29198061251311 -16.202676667604393 -16.825720236693005 -16.142297361326182 -17.021452165418722 -16.789947071610996 -16.99196713732014 -17.522830917101274 -17.579717328291014 -17.87589813534415 -18.032691933303724 -18.24543508654009 -17.94271752369694
41
 -1.4751581605140345 -6.4882599702107004 -6.685997157997791 -6.803406353464822 -7.248204545655073 -7.240938259949743 -7.330737556893941 -7.673329926551201 -9.233543921626643 -9.599186237038875 -9.526645614096706 -9.678977429599904 -10.310934299680046 -9.205609218227146 -8.212174468925785 -12.667813418481785 -13.975236490643105 -14.151475646778078 -14.314424432959983 -14.208408862389557 -14.438497280344862 -14.825285199146059 -15.047592168214479 -15.064749588590743 -15.430016800394826 -14.779064114406145 -15.35833247090222 -15.90798945086796 -15.771146373066887 -16.214117663939582 -16.09664621861473 -16.351816431449215 -15.910186856444014 -16.75782012350179 -16.747861643101977 -17.177270880737524 -17.103300391334795 -17.382629756744446 -17.50573834516833 -17.682932634680633 -17.876495927633957
41
 -1.4751581605140345 -6.948146264421834 -6.985129686243777 -7.877002871709706 -8.177801139792336 -8.203457194629953 -6.566909686884872 -8.726746446056485 -7.452637999586971 -9.116133674601775 -9.03222602880459 -9.95396561464909 -8.411372630673954 -9.554827561069066 -10.394483478482643 -12.537195244251821 -12.754798171894116 -13.542381851266432 -14.75397727592783 -14.763346873866068 -14.178990960954856 -15.270183403322934 -15.363755326617499 -15.588852364871622 -15.85532572983574 -15.774424099168716 -15.786850073056886 -15.715928835545274 -14.790076653193273 -16.33839523280751 -16.177774415528656 -16.864381130244155 -16.88385992823058 -17.259154598656426 -17.20751200242683 -17.379069759146017 -17.235894022597716 -17.66984894433536 -17.662758283400468 -17.933874214400454 -17.902880815483424
41
 -1.4751581605140345 -6.0270370235903465 -6.68315441604994 -7.134910232353214 -7.601115327364165 -7.0032963972508036 -7.350966174251494 -7.076445647713086 -9.097386091558148 -9.430189421925048 -9.693649978268152 -9.373107280888167 -10.331443269290395 -9.329300232551851 -8.492592089430932 -12.848345379515624 -13.323077783114686 -14.027407683602043 -14.497517462153018 -13.962844826621922 -14.66641295875116 -14.400921451129271 -14.09163009942094 -14.075924982236089 -15.51784182669927 -15.430184721478424 -15.604527913225677 -15.880934206295517 -16.012064343613204 -16.269605811648695 -16.25995308156906 -16.493194045113388 -16.72503643934961 -16.735475518919788 -17.166525637525204 -17.015498087864067 -17.461052344832197 -15.053283810109576 -17.718368273911143 -17.881254488187512 -17.38223233687534
41
 -1.4751581605140345 -5.607435930919925 -6.655101433712595 -7.735997179244725 -7.666834243860578 -8.137797875541914 -7.04434850182308 -8.945417770262894 -7.181944082639918 -9.148108149706706 -9.050487191632747 -10.210896127523851 -8.733552760277739 -9.354190125896581 -10.3986745552681 -12.292970237545267 -13.347005893611465 -14.15042513950524 -14.585220789999505 -14.863344276357557 -14.904584527000797 -15.097877769911337 -14.77058904918713 -14.828939769203197 -15.469642164520756 -15.905906496436378 -16.085728834833876 -16.016046102381353 -16.09576493627809 -16.32130337793791 -16.383862880566802 -16.4229336083993 -16.981133789579 -16.882184852727722 -17.27102029043008 -17.2080956841843 -17.522513365757685 -17.7785716542679 -17.659235825314983 -17.542456985382415 -17.18302941522634
41
 -1.4751581605140345 -5.86030788449489 -6.44738072096094 -6.894664020321714 -6.744881670369517 -6.720028347065249 -7.695514179868517 -7.745169116181039 -9.216536796703469 -9.39738836724966 -9.71135046016969 -9.487785338844029 -10.416384839612647 -8.829087436874879 -7.818071072608602 -12.917786596944984 -13.45600334470511 -13.869365221797972 -14.226245738519632 -14.604409628067017 -15.04243528310833 -14.522789309249113 -14.810331704248176 -15.599056152075782 -15.683387536041696 -15.604583568553322 -16.082084228436493 -16.3025921041685 -16.367579981265674 -16.501701821931224 -16.84701654965371 -15.734588477370593 -16.950054280074987 -16.91672651281016 -17.097326880794668 -17.446805304684336 -17.710032783540175 -16.280627522870407 -18.06031919412349 -18.028152970345012 -18.392107748380223
41
 -1.4751581605140345 -5.85093539647889 -7.023734205492935 -7.767960032799132 -8.152626850295457 -8.164594344448494 -6.954291897046068 -9.171831066561051 -7.438315434240955 -9.077656771177955 -8.794917909986124 -10.046756990801764 -8.653609414480107 -9.334059970135687 -10.429672276257584 -12.703733603818463 -12.57157114494729 -13.491988652918495 -14.59772238115168 -14.729160036551235 -15.037172230449679 -15.279780067704486 -15.201673387477541 -14.86840424821784 -15.616128114270024 -15.712843224479828 -15.644343322954382 -16.10466581645926 -16.35354125691036 -16.55961318739208 -16.773590396984428 -16.973491843776618 -16.92703787320555 -17.23496582067807 -17.05418575575011 -17.261519232118772 -17.838273915779375 -17.5374097992289 -17.919921475220168 -18.258495671018018 -18.256504970969782
41
 -1.4751581605140345 -6.43013072111553 -6.599803656318572 -6.70130602772693 -7.0090872071796655 -6.9864422569519 -7.726263569867679 -7.609305386815411 -8.770508473023023 -9.122953260657464 -9.846665332172083 -9.505923781779886 -10.470276128832621 -9.359952416148667 -8.380425297202633 -12.763258675120944 -13.745928647575589 -13.506677079247233 -14.639853190529653 -14.908043918367081 -15.085422640538438 -15.265524369042888 -15.358835265975358 -15.725859254001692 -15.376478611873763 -15.988555587766298 -16.11410120080687 -15.933141769126694 -16.10039826811361 -16.43392251338045 -16.58417409688412 -16.69794600264512 -17.130079715987733 -17.197936688232996 -17.450592654821065 -17.50397112121704 -17.720243034478987 -17.58917219429602 -17.962975984710774 -18.060233082926796 -18.276300316077265
41
 -1.4751581605140345 -6.706323862078952 -6.896997328124622 -8.067597335520116 -7.92518266221998 -8.143964255011703 -6.821274023837367 -9.048881427010906 -7.205543264737079 -8.97792300109783 -8.483349580563255 -10.014250452896766 -8.33805317900661 -9.43324682739144 -10.432927733684142 -12.235324841330112 -13.33021606290248 -13.76669381682374 -14.014864159425937 -13.698016699214163 -15.244545703700892 -15.011932663046196 -15.68346157030919 -15.117504467075385 -15.753835748790731 -15.275734489490619 -15.858334403164607 -16.447608084019354 -16.658047187500973 -16.393440347591735 -16.5342947425301 -17.157418302959307 -17.22479240319103 -17.307129294403246 -17.63140062663746 -17.6545704252624 -17.530842208602625 -18.006215930212168 -17.991158334985155 -18.208659189039945 -18.35929229338815
steps
10
41
 0 4100 8200 12300 16400 20500 24600 28700 32800 36900 41000 45100 49200 53300 57400 61500 65600 69700 73800 77900 82000 86100 90200 94300 98400 102500 106600 110700 114800 118900 123000 127100 131200 135300 139400 143500 147600 151700 155800 159900 164000
41
 0 4100 8200 12300 16400 20500 24600 28700 32800 36900 41000 45100 49200 53300 57400 61500 65600 69700 73800 77900 82000 86100 90200 94300 98400 102500 106600 110700 114800 118900 123000 127100 131200 135300 139400 143500 147600 151700 155800 159900 164000
41
 0 4100 8200 12300 16400 20500 24600 28700 32800 36900 41000 45100 49200 53300 57400 61500 65600 69700 73800 77900 82000 86100 90200 94300 98400 102500 106600 110700 114800 118900 123000 127100 131200 135300 139400 143500 147600 151700 155800 159900 164000
41
 0 4100 8200 12300 16400 20500 24600 28700 32800 36900 41000 45100 49200 53300 57400 61500 65600 69700 73800 77900 82000 86100 90200 94300 98400 102500 106600 110700 114800 118900 123000 127100 131200 135300 139400 143500 147600 151700 155800 159900 164000
41
 0 4100 8200 12300 16400 20500 24600 28700 32800 36900 41000 45100 49200 53300 57400 61500 65600 69700 73800 77900 82000 86100 90200 94300 98400 102500 106600 110700 114800 118900 123000 127100 131200 135300 139400 143500 147600 151700 155800 159900 164000
41
 0 4100 8200 12300 16400 20500 24600 28700 32800 36900 41000 45100 49200 53300 57400 61500 65600 69700 73800 77900 82000 86100 90200 94300 98400 102500 106600 110700 114800 118900 123000 127100 131200 135300 139400 143500 147600 151700 155800 159900 164000
41
 0 4100 8200 12300 16400 20500 24600 28700 32800 36900 41000 45100 49200 53300 57400 61500 65600 69700 73800 77900 82000 86100 90200 94300 98400 102500 106600 110700 114800 118900 123000 127100 131200 135300 139400 143500 147600 151700 155800 159900 164000
41
 0 4100 8200 12300 16400 20500 24600 28700 32800 36900 41000 45100 49200 53300 57400 61500 65600 69700 73800 77900 82000 86100 90200 94300 98400 102500 106600 110700 114800 118900 123000 127100 131200 135300 139400 143500 147600 151700 155800 159900 164000
41
 0 4100 8200 12300 16400 20500 24600 28700 32800 36900 41000 45100 49200 53300 57400 61500 65600 69700 73800 77900 82000 86100 90200 94300 98400 102500 106600 110700 114800 118900 123000 127100 131200 135300 139400 143500 147600 151700 155800 159900 164000
41
 0 4100 8200 12300 16400 20500 24600 28700 32800 36900 41000 45100 49200 53300 57400 61500 65600 69700 73800 77900 82000 86100 90200 94300 98400 102500 106600 110700 114800 118900 123000 127100 131200 135300 139400 143500 147600 151700 155800 159900 164000
