8
gd
10
40
 0.20073099577432402 0.021068432876194032 0.003247599427537773 -0.011320918527799873 -0.023597671159445888 -0.03403843540705792 -0.042976848182762095 -0.05067847504145223 -0.05735691644544527 -0.06318430917885931 -0.06829974936362926 -0.07281608166827841 -0.07682529402580268 -0.08040276708603505 -0.08361061034046607 -0.08650028128257142 -0.08911464592782814 -0.0914896052160315 -0.0936553840028439 -0.095637557294872 -0.09745787123603888 -0.09913490315632723 -0.10068459488874348 -0.10212068583523637 -0.10345506635513019 -0.10469806752426442 -0.10585869983710305 -0.10694485074534738 -0.10796344885395986 -0.10892060098574796 -0.10982170706974942 -0.11067155682464319 -0.1114744114341164 -0.1122340727987729 -0.11295394246344703 -0.11363707193105077 -0.11428620576392928 -0.11490381862404908 -0.11549214720201428 -0.1160532178215048
40
 0.20073099577432402 0.021068432876194032 0.003247599427537773 -0.011320918527799873 -0.023597671159445888 -0.03403843540705792 -0.042976848182762095 -0.05067847504145223 -0.05735691644544527 -0.06318430917885931 -0.06829974936362926 -0.07281608166827841 -0.07682529402580268 -0.08040276708603505 -0.08361061034046607 -0.08650028128257142 -0.08911464592782814 -0.0914896052160315 -0.0936553840028439 -0.095637557294872 -0.09745787123603888 -0.09913490315632723 -0.10068459488874348 -0.10212068583523637 -0.10345506635513019 -0.10469806752426442 -0.10585869983710305 -0.10694485074534738 -0.10796344885395986 -0.10892060098574796 -0.10982170706974942 -0.11067155682464319 -0.1114744114341164 -0.1122340727987729 -0.11295394246344703 -0.11363707193105077 -0.11428620576392928 -0.11490381862404908 -0.11549214720201428 -0.1160532178215048
40
 0.20073099577432402 0.021068432876194032 0.003247599427537773 -0.011320918527799873 -0.023597671159445888 -0.03403843540705792 -0.042976848182762095 -0.05067847504145223 -0.05735691644544527 -0.06318430917885931 -0.06829974936362926 -0.07281608166827841 -0.07682529402580268 -0.08040276708603505 -0.08361061034046607 -0.08650028128257142 -0.08911464592782814 -0.0914896052160315 -0.0936553840028439 -0.095637557294872 -0.09745787123603888 -0.09913490315632723 -0.10068459488874348 -0.10212068583523637 -0.10345506635513019 -0.10469806752426442 -0.10585869983710305 -0.10694485074534738 -0.10796344885395986 -0.10892060098574796 -0.10982170706974942 -0.11067155682464319 -0.1114744114341164 -0.1122340727987729 -0.11295394246344703 -0.11363707193105077 -0.11428620576392928 -0.11490381862404908 -0.11549214720201428 -0.1160532178215048
40
 0.20073099577432402 0.021068432876194032 0.003247599427537773 -0.011320918527799873 -0.023597671159445888 -0.03403843540705792 -0.042976848182762095 -0.05067847504145223 -0.05735691644544527 -0.06318430917885931 -0.06829974936362926 -0.07281608166827841 -0.07682529402580268 -0.08040276708603505 -0.08361061034046607 -0.08650028128257142 -0.08911464592782814 -0.0914896052160315 -0.0936553840028439 -0.095637557294872 -0.09745787123603888 -0.09913490315632723 -0.10068459488874348 -0.10212068583523637 -0.10345506635513019 -0.10469806752426442 -0.10585869983710305 -0.10694485074534738 -0.10796344885395986 -0.10892060098574796 -0.10982170706974942 -0.11067155682464319 -0.1114744114341164 -0.1122340727987729 -0.11295394246344703 -0.11363707193105077 -0.11428620576392928 -0.11490381862404908 -0.11549214720201428 -0.1160532178215048
40
 0.20073099577432402 0.021068432876194032 0.003247599427537773 -0.011320918527799873 -0.023597671159445888 -0.03403843540705792 -0.042976848182762095 -0.05067847504145223 -0.05735691644544527 -0.06318430917885931 -0.06829974936362926 -0.07281608166827841 -0.07682529402580268 -0.08040276708603505 -0.08361061034046607 -0.08650028128257142 -0.08911464592782814 -0.0914896052160315 -0.0936553840028439 -0.095637557294872 -0.09745787123603888 -0.09913490315632723 -0.10068459488874348 -0.10212068583523637 -0.10345506635513019 -0.10469806752426442 -0.10585869983710305 -0.10694485074534738 -0.10796344885395986 -0.10892060098574796 -0.10982170706974942 -0.11067155682464319 -0.1114744114341164 -0.1122340727987729 -0.11295394246344703 -0.11363707193105077 -0.11428620576392928 -0.11490381862404908 -0.11549214720201428 -0.1160532178215048
40
 0.20073099577432402 0.021068432876194032 0.003247599427537773 -0.011320918527799873 -0.023597671159445888 -0.03403843540705792 -0.042976848182762095 -0.05067847504145223 -0.05735691644544527 -0.06318430917885931 -0.06829974936362926 -0.07281608166827841 -0.07682529402580268 -0.08040276708603505 -0.08361061034046607 -0.08650028128257142 -0.08911464592782814 -0.0914896052160315 -0.0936553840028439 -0.095637557294872 -0.09745787123603888 -0.09913490315632723 -0.10068459488874348 -0.10212068583523637 -0.10345506635513019 -0.10469806752426442 -0.10585869983710305 -0.10694485074534738 -0.10796344885395986 -0.10892060098574796 -0.10982170706974942 -0.11067155682464319 -0.1114744114341164 -0.1122340727987729 -0.11295394246344703 -0.11363707193105077 -0.11428620576392928 -0.11490381862404908 -0.11549214720201428 -0.1160532178215048
40
 0.20073099577432402 0.021068432876194032 0.003247599427537773 -0.011320918527799873 -0.023597671159445888 -0.03403843540705792 -0.042976848182762095 -0.05067847504145223 -0.05735691644544527 -0.06318430917885931 -0.06829974936362926 -0.07281608166827841 -0.07682529402580268 -0.08040276708603505 -0.08361061034046607 -0.08650028128257142 -0.08911464592782814 -0.0914896052160315 -0.0936553840028439 -0.095637557294872 -0.09745787123603888 -0.09913490315632723 -0.10068459488874348 -0.10212068583523637 -0.10345506635513019 -0.10469806752426442 -0.10585869983710305 -0.10694485074534738 -0.10796344885395986 -0.10892060098574796 -0.10982170706974942 -0.11067155682464319 -0.1114744114341164 -0.1122340727987729 -0.11295394246344703 -0.11363707193105077 -0.11428620576392928 -0.11490381862404908 -0.11549214720201428 -0.1160532178215048
40
 0.20073099577432402 0.021068432876194032 0.003247599427537773 -0.011320918527799873 -0.023597671159445888 -0.03403843540705792 -0.042976848182762095 -0.05067847504145223 -0.05735691644544527 -0.06318430917885931 -0.06829974936362926 -0.07281608166827841 -0.07682529402580268 -0.08040276708603505 -0.08361061034046607 -0.08650028128257142 -0.08911464592782814 -0.0914896052160315 -0.0936553840028439 -0.095637557294872 -0.09745787123603888 -0.09913490315632723 -0.10068459488874348 -0.10212068583523637 -0.10345506635513019 -0.10469806752426442 -0.10585869983710305 -0.10694485074534738 -0.10796344885395986 -0.10892060098574796 -0.10982170706974942 -0.11067155682464319 -0.1114744114341164 -0.1122340727987729 -0.11295394246344703 -0.11363707193105077 -0.11428620576392928 -0.11490381862404908 -0.11549214720201428 -0.1160532178215048
40
 0.20073099577432402 0.021068432876194032 0.003247599427537773 -0.011320918527799873 -0.023597671159445888 -0.03403843540705792 -0.042976848182762095 -0.05067847504145223 -0.05735691644544527 -0.06318430917885931 -0.06829974936362926 -0.07281608166827841 -0.07682529402580268 -0.08040276708603505 -0.08361061034046607 -0.08650028128257142 -0.08911464592782814 -0.0914896052160315 -0.0936553840028439 -0.095637557294872 -0.09745787123603888 -0.09913490315632723 -0.10068459488874348 -0.10212068583523637 -0.10345506635513019 -0.10469806752426442 -0.10585869983710305 -0.10694485074534738 -0.10796344885395986 -0.10892060098574796 -0.10982170706974942 -0.11067155682464319 -0.1114744114341164 -0.1122340727987729 -0.11295394246344703 -0.11363707193105077 -0.11428620576392928 -0.11490381862404908 -0.11549214720201428 -0.1160532178215048
40
 0.20073099577432402 0.021068432876194032 0.003247599427537773 -0.011320918527799873 -0.023597671159445888 -0.03403843540705792 -0.042976848182762095 -0.05067847504145223 -0.05735691644544527 -0.06318430917885931 -0.06829974936362926 -0.07281608166827841 -0.07682529402580268 -0.08040276708603505 -0.08361061034046607 -0.08650028128257142 -0.08911464592782814 -0.0914896052160315 -0.0936553840028439 -0.095637557294872 -0.09745787123603888 -0.09913490315632723 -0.10068459488874348 -0.10212068583523637 -0.10345506635513019 -0.10469806752426442 -0.10585869983710305 -0.10694485074534738 -0.10796344885395986 -0.10892060098574796 -0.10982170706974942 -0.11067155682464319 -0.1114744114341164 -0.1122340727987729 -0.11295394246344703 -0.11363707193105077 -0.11428620576392928 -0.11490381862404908 -0.11549214720201428 -0.1160532178215048
gd_steps
10
40
 0.0 2.0 3.0 4.0 5.0 6.0 7.0 8.0 9.0 10.0 11.0 12.0 13.0 14.0 15.0 16.0 17.0 18.0 19.0 20.0 21.0 22.0 23.0 24.0 25.0 26.0 27.0 28.0 29.0 30.0 31.0 32.0 33.0 34.0 35.0 36.0 37.0 38.0 39.0 40.0
40
 0.0 2.0 3.0 4.0 5.0 6.0 7.0 8.0 9.0 10.0 11.0 12.0 13.0 14.0 15.0 16.0 17.0 18.0 19.0 20.0 21.0 22.0 23.0 24.0 25.0 26.0 27.0 28.0 29.0 30.0 31.0 32.0 33.0 34.0 35.0 36.0 37.0 38.0 39.0 40.0
40
 0.0 2.0 3.0 4.0 5.0 6.0 7.0 8.0 9.0 10.0 11.0 12.0 13.0 14.0 15.0 16.0 17.0 18.0 19.0 20.0 21.0 22.0 23.0 24.0 25.0 26.0 27.0 28.0 29.0 30.0 31.0 32.0 33.0 34.0 35.0 36.0 37.0 38.0 39.0 40.0
40
 0.0 2.0 3.0 4.0 5.0 6.0 7.0 8.0 9.0 10.0 11.0 12.0 13.0 14.0 15.0 16.0 17.0 18.0 19.0 20.0 21.0 22.0 23.0 24.0 25.0 26.0 27.0 28.0 29.0 30.0 31.0 32.0 33.0 34.0 35.0 36.0 37.0 38.0 39.0 40.0
40
 0.0 2.0 3.0 4.0 5.0 6.0 7.0 8.0 9.0 10.0 11.0 12.0 13.0 14.0 15.0 16.0 17.0 18.0 19.0 20.0 21.0 22.0 23.0 24.0 25.0 26.0 27.0 28.0 29.0 30.0 31.0 32.0 33.0 34.0 35.0 36.0 37.0 38.0 39.0 40.0
40
 0.0 2.0 3.0 4.0 5.0 6.0 7.0 8.0 9.0 10.0 11.0 12.0 13.0 14.0 15.0 16.0 17.0 18.0 19.0 20.0 21.0 22.0 23.0 24.0 25.0 26.0 27.0 28.0 29.0 30.0 31.0 32.0 33.0 34.0 35.0 36.0 37.0 38.0 39.0 40.0
40
 0.0 2.0 3.0 4.0 5.0 6.0 7.0 8.0 9.0 10.0 11.0 12.0 13.0 14.0 15.0 16.0 17.0 18.0 19.0 20.0 21.0 22.0 23.0 24.0 25.0 26.0 27.0 28.0 29.0 30.0 31.0 32.0 33.0 34.0 35.0 36.0 37.0 38.0 39.0 40.0
40
 0.0 2.0 3.0 4.0 5.0 6.0 7.0 8.0 9.0 10.0 11.0 12.0 13.0 14.0 15.0 16.0 17.0 18.0 19.0 20.0 21.0 22.0 23.0 24.0 25.0 26.0 27.0 28.0 29.0 30.0 31.0 32.0 33.0 34.0 35.0 36.0 37.0 38.0 39.0 40.0
40
 0.0 2.0 3.0 4.0 5.0 6.0 7.0 8.0 9.0 10.0 11.0 12.0 13.0 14.0 15.0 16.0 17.0 18.0 19.0 20.0 21.0 22.0 23.0 24.0 25.0 26.0 27.0 28.0 29.0 30.0 31.0 32.0 33.0 34.0 35.0 36.0 37.0 38.0 39.0 40.0
40
 0.0 2.0 3.0 4.0 5.0 6.0 7.0 8.0 9.0 10.0 11.0 12.0 13.0 14.0 15.0 16.0 17.0 18.0 19.0 20.0 21.0 22.0 23.0 24.0 25.0 26.0 27.0 28.0 29.0 30.0 31.0 32.0 33.0 34.0 35.0 36.0 37.0 38.0 39.0 40.0
dyna-sgd
10
80
 0.20073099577432402 -0.07570555897270781 -0.09489220118335323 -0.10398525661932756 -0.10957342156288252 -0.11373747773876736 -0.11601999013388081 -0.1180832610664107 -0.11890482350668252 -0.11967776477668163 -0.12029387151695003 -0.1203965005318755 -0.12062209791165712 -0.12080060547200944 -0.12089834391252391 -0.12127351870500247 -0.12184467815906097 -0.12237241484952638 -0.12279115832070903 -0.12307652881313885 -0.1233899559666159 -0.12364271407427757 -0.12383779719182908 -0.12404059442050336 -0.12426709819455073 -0.12462168805779633 -0.1250403157594444 -0.12538413423071199 -0.1256367537887918 -0.12581095541547627 -0.12602642687339377 -0.12622342937807463 -0.12633806223634092 -0.1264672728125426 -0.12665461433794878 -0.12680650732021387 -0.12702663855896434 -0.12718786006980326 -0.1273582206519126 -0.12751438657953246 -0.12767728560986208 -0.12784798754672067 -0.12795924688077814 -0.1280468441744912 -0.12811802882872703 -0.12819012107514033 -0.12830454829597787 -0.12840996424209067 -0.12853460712247539 -0.1286643586205412 -0.12877405431043865 -0.12887836873724812 -0.12895646048065118 -0.1290276666398526 -0.1290766215442492 -0.12913936521603148 -0.12921680801482893 -0.12932361554069588 -0.12942667693203125 -0.1295569907639847 -0.129664163087933 -0.12977805777871348 -0.12988039489074316 -0.12993904057801225 -0.1299954501093648 -0.13006344608725584 -0.13012991901163357 -0.1301661225112955 -0.13022265923756415 -0.13028942555880407 -0.13032323397856788 -0.13034247244627756 -0.13037174204270385 -0.13039564612346455 -0.13044564941242975 -0.13048122594465883 -0.13050495297242526 -0.13054154362899784 -0.13058634237249067 -0.13062155569154138
80
 0.20073099577432402 -0.07570555897270781 -0.09489220118335323 -0.10398525661932756 -0.10957342156288252 -0.11373747773876736 -0.11601999013388081 -0.1180832610664107 -0.11890482350668252 -0.11967776477668163 -0.12029387151695003 -0.1203965005318755 -0.12062209791165712 -0.12080060547200944 -0.12089834391252391 -0.12127351870500247 -0.12184467815906097 -0.12237241484952638 -0.12279115832070903 -0.12307652881313885 -0.1233899559666159 -0.12364271407427757 -0.12383779719182908 -0.12404059442050336 -0.12426709819455073 -0.12462168805779633 -0.1250403157594444 -0.12538413423071199 -0.1256367537887918 -0.12581095541547627 -0.12602642687339377 -0.12622342937807463 -0.12633806223634092 -0.1264672728125426 -0.12665461433794878 -0.12680650732021387 -0.12702663855896434 -0.12718786006980326 -0.1273582206519126 -0.12751438657953246 -0.12767728560986208 -0.12784798754672067 -0.12795924688077814 -0.1280468441744912 -0.12811802882872703 -0.12819012107514033 -0.12830454829597787 -0.12840996424209067 -0.12853460712247539 -0.1286643586205412 -0.12877405431043865 -0.12887836873724812 -0.12895646048065118 -0.1290276666398526 -0.1290766215442492 -0.12913936521603148 -0.12921680801482893 -0.12932361554069588 -0.12942667693203125 -0.1295569907639847 -0.129664163087933 -0.12977805777871348 -0.12988039489074316 -0.12993904057801225 -0.1299954501093648 -0.13006344608725584 -0.13012991901163357 -0.1301661225112955 -0.13022265923756415 -0.13028942555880407 -0.13032323397856788 -0.13034247244627756 -0.13037174204270385 -0.13039564612346455 -0.13044564941242975 -0.13048122594465883 -0.13050495297242526 -0.13054154362899784 -0.13058634237249067 -0.13062155569154138
80
 0.20073099577432402 -0.07570555897270781 -0.09489220118335323 -0.10398525661932756 -0.10957342156288252 -0.11373747773876736 -0.11601999013388081 -0.1180832610664107 -0.11890482350668252 -0.11967776477668163 -0.12029387151695003 -0.1203965005318755 -0.12062209791165712 -0.12080060547200944 -0.12089834391252391 -0.12127351870500247 -0.12184467815906097 -0.12237241484952638 -0.12279115832070903 -0.12307652881313885 -0.1233899559666159 -0.12364271407427757 -0.12383779719182908 -0.12404059442050336 -0.12426709819455073 -0.12462168805779633 -0.1250403157594444 -0.12538413423071199 -0.1256367537887918 -0.12581095541547627 -0.12602642687339377 -0.12622342937807463 -0.12633806223634092 -0.1264672728125426 -0.12665461433794878 -0.12680650732021387 -0.12702663855896434 -0.12718786006980326 -0.1273582206519126 -0.12751438657953246 -0.12767728560986208 -0.12784798754672067 -0.12795924688077814 -0.1280468441744912 -0.12811802882872703 -0.12819012107514033 -0.12830454829597787 -0.12840996424209067 -0.12853460712247539 -0.1286643586205412 -0.12877405431043865 -0.12887836873724812 -0.12895646048065118 -0.1290276666398526 -0.1290766215442492 -0.12913936521603148 -0.12921680801482893 -0.12932361554069588 -0.12942667693203125 -0.1295569907639847 -0.129664163087933 -0.12977805777871348 -0.12988039489074316 -0.12993904057801225 -0.1299954501093648 -0.13006344608725584 -0.13012991901163357 -0.1301661225112955 -0.13022265923756415 -0.13028942555880407 -0.13032323397856788 -0.13034247244627756 -0.13037174204270385 -0.13039564612346455 -0.13044564941242975 -0.13048122594465883 -0.13050495297242526 -0.13054154362899784 -0.13058634237249067 -0.13062155569154138
80
 0.20073099577432402 -0.07570555897270781 -0.09489220118335323 -0.10398525661932756 -0.10957342156288252 -0.11373747773876736 -0.11601999013388081 -0.1180832610664107 -0.11890482350668252 -0.11967776477668163 -0.12029387151695003 -0.1203965005318755 -0.12062209791165712 -0.12080060547200944 -0.12089834391252391 -0.12127351870500247 -0.12184467815906097 -0.12237241484952638 -0.12279115832070903 -0.12307652881313885 -0.1233899559666159 -0.12364271407427757 -0.12383779719182908 -0.12404059442050336 -0.12426709819455073 -0.12462168805779633 -0.1250403157594444 -0.12538413423071199 -0.1256367537887918 -0.12581095541547627 -0.12602642687339377 -0.12622342937807463 -0.12633806223634092 -0.1264672728125426 -0.12665461433794878 -0.12680650732021387 -0.12702663855896434 -0.12718786006980326 -0.1273582206519126 -0.12751438657953246 -0.12767728560986208 -0.12784798754672067 -0.12795924688077814 -0.1280468441744912 -0.12811802882872703 -0.12819012107514033 -0.12830454829597787 -0.12840996424209067 -0.12853460712247539 -0.1286643586205412 -0.12877405431043865 -0.12887836873724812 -0.12895646048065118 -0.1290276666398526 -0.1290766215442492 -0.12913936521603148 -0.12921680801482893 -0.12932361554069588 -0.12942667693203125 -0.1295569907639847 -0.129664163087933 -0.12977805777871348 -0.12988039489074316 -0.12993904057801225 -0.1299954501093648 -0.13006344608725584 -0.13012991901163357 -0.1301661225112955 -0.13022265923756415 -0.13028942555880407 -0.13032323397856788 -0.13034247244627756 -0.13037174204270385 -0.13039564612346455 -0.13044564941242975 -0.13048122594465883 -0.13050495297242526 -0.13054154362899784 -0.13058634237249067 -0.13062155569154138
80
 0.20073099577432402 -0.07570555897270781 -0.09489220118335323 -0.10398525661932756 -0.10957342156288252 -0.11373747773876736 -0.11601999013388081 -0.1180832610664107 -0.11890482350668252 -0.11967776477668163 -0.12029387151695003 -0.1203965005318755 -0.12062209791165712 -0.12080060547200944 -0.12089834391252391 -0.12127351870500247 -0.12184467815906097 -0.12237241484952638 -0.12279115832070903 -0.12307652881313885 -0.1233899559666159 -0.12364271407427757 -0.12383779719182908 -0.12404059442050336 -0.12426709819455073 -0.12462168805779633 -0.1250403157594444 -0.12538413423071199 -0.1256367537887918 -0.12581095541547627 -0.12602642687339377 -0.12622342937807463 -0.12633806223634092 -0.1264672728125426 -0.12665461433794878 -0.12680650732021387 -0.12702663855896434 -0.12718786006980326 -0.1273582206519126 -0.12751438657953246 -0.12767728560986208 -0.12784798754672067 -0.12795924688077814 -0.1280468441744912 -0.12811802882872703 -0.12819012107514033 -0.12830454829597787 -0.12840996424209067 -0.12853460712247539 -0.1286643586205412 -0.12877405431043865 -0.12887836873724812 -0.12895646048065118 -0.1290276666398526 -0.1290766215442492 -0.12913936521603148 -0.12921680801482893 -0.12932361554069588 -0.12942667693203125 -0.1295569907639847 -0.129664163087933 -0.12977805777871348 -0.12988039489074316 -0.12993904057801225 -0.1299954501093648 -0.13006344608725584 -0.13012991901163357 -0.1301661225112955 -0.13022265923756415 -0.13028942555880407 -0.13032323397856788 -0.13034247244627756 -0.13037174204270385 -0.13039564612346455 -0.13044564941242975 -0.13048122594465883 -0.13050495297242526 -0.13054154362899784 -0.13058634237249067 -0.13062155569154138
80
 0.20073099577432402 -0.07570555897270781 -0.09489220118335323 -0.10398525661932756 -0.10957342156288252 -0.11373747773876736 -0.11601999013388081 -0.1180832610664107 -0.11890482350668252 -0.11967776477668163 -0.12029387151695003 -0.1203965005318755 -0.12062209791165712 -0.12080060547200944 -0.12089834391252391 -0.12127351870500247 -0.12184467815906097 -0.12237241484952638 -0.12279115832070903 -0.12307652881313885 -0.1233899559666159 -0.12364271407427757 -0.12383779719182908 -0.12404059442050336 -0.12426709819455073 -0.12462168805779633 -0.1250403157594444 -0.12538413423071199 -0.1256367537887918 -0.12581095541547627 -0.12602642687339377 -0.12622342937807463 -0.12633806223634092 -0.1264672728125426 -0.12665461433794878 -0.12680650732021387 -0.12702663855896434 -0.12718786006980326 -0.1273582206519126 -0.12751438657953246 -0.12767728560986208 -0.12784798754672067 -0.12795924688077814 -0.1280468441744912 -0.12811802882872703 -0.12819012107514033 -0.12830454829597787 -0.12840996424209067 -0.12853460712247539 -0.1286643586205412 -0.12877405431043865 -0.12887836873724812 -0.12895646048065118 -0.1290276666398526 -0.1290766215442492 -0.12913936521603148 -0.12921680801482893 -0.12932361554069588 -0.12942667693203125 -0.1295569907639847 -0.129664163087933 -0.12977805777871348 -0.12988039489074316 -0.12993904057801225 -0.1299954501093648 -0.13006344608725584 -0.13012991901163357 -0.1301661225112955 -0.13022265923756415 -0.13028942555880407 -0.13032323397856788 -0.13034247244627756 -0.13037174204270385 -0.13039564612346455 -0.13044564941242975 -0.13048122594465883 -0.13050495297242526 -0.13054154362899784 -0.13058634237249067 -0.13062155569154138
80
 0.20073099577432402 -0.07570555897270781 -0.09489220118335323 -0.10398525661932756 -0.10957342156288252 -0.11373747773876736 -0.11601999013388081 -0.1180832610664107 -0.11890482350668252 -0.11967776477668163 -0.12029387151695003 -0.1203965005318755 -0.12062209791165712 -0.12080060547200944 -0.12089834391252391 -0.12127351870500247 -0.12184467815906097 -0.12237241484952638 -0.12279115832070903 -0.12307652881313885 -0.1233899559666159 -0.12364271407427757 -0.12383779719182908 -0.12404059442050336 -0.12426709819455073 -0.12462168805779633 -0.1250403157594444 -0.12538413423071199 -0.1256367537887918 -0.12581095541547627 -0.12602642687339377 -0.12622342937807463 -0.12633806223634092 -0.1264672728125426 -0.12665461433794878 -0.12680650732021387 -0.12702663855896434 -0.12718786006980326 -0.1273582206519126 -0.12751438657953246 -0.12767728560986208 -0.12784798754672067 -0.12795924688077814 -0.1280468441744912 -0.12811802882872703 -0.12819012107514033 -0.12830454829597787 -0.12840996424209067 -0.12853460712247539 -0.1286643586205412 -0.12877405431043865 -0.12887836873724812 -0.12895646048065118 -0.1290276666398526 -0.1290766215442492 -0.12913936521603148 -0.12921680801482893 -0.12932361554069588 -0.12942667693203125 -0.1295569907639847 -0.129664163087933 -0.12977805777871348 -0.12988039489074316 -0.12993904057801225 -0.1299954501093648 -0.13006344608725584 -0.13012991901163357 -0.1301661225112955 -0.13022265923756415 -0.13028942555880407 -0.13032323397856788 -0.13034247244627756 -0.13037174204270385 -0.13039564612346455 -0.13044564941242975 -0.13048122594465883 -0.13050495297242526 -0.13054154362899784 -0.13058634237249067 -0.13062155569154138
80
 0.20073099577432402 -0.07570555897270781 -0.09489220118335323 -0.10398525661932756 -0.10957342156288252 -0.11373747773876736 -0.11601999013388081 -0.1180832610664107 -0.11890482350668252 -0.11967776477668163 -0.12029387151695003 -0.1203965005318755 -0.12062209791165712 -0.12080060547200944 -0.12089834391252391 -0.12127351870500247 -0.12184467815906097 -0.12237241484952638 -0.12279115832070903 -0.12307652881313885 -0.1233899559666159 -0.12364271407427757 -0.12383779719182908 -0.12404059442050336 -0.12426709819455073 -0.12462168805779633 -0.1250403157594444 -0.12538413423071199 -0.1256367537887918 -0.12581095541547627 -0.12602642687339377 -0.12622342937807463 -0.12633806223634092 -0.1264672728125426 -0.12665461433794878 -0.12680650732021387 -0.12702663855896434 -0.12718786006980326 -0.1273582206519126 -0.12751438657953246 -0.12767728560986208 -0.12784798754672067 -0.12795924688077814 -0.1280468441744912 -0.12811802882872703 -0.12819012107514033 -0.12830454829597787 -0.12840996424209067 -0.12853460712247539 -0.1286643586205412 -0.12877405431043865 -0.12887836873724812 -0.12895646048065118 -0.1290276666398526 -0.1290766215442492 -0.12913936521603148 -0.12921680801482893 -0.12932361554069588 -0.12942667693203125 -0.1295569907639847 -0.129664163087933 -0.12977805777871348 -0.12988039489074316 -0.12993904057801225 -0.1299954501093648 -0.13006344608725584 -0.13012991901163357 -0.1301661225112955 -0.13022265923756415 -0.13028942555880407 -0.13032323397856788 -0.13034247244627756 -0.13037174204270385 -0.13039564612346455 -0.13044564941242975 -0.13048122594465883 -0.13050495297242526 -0.13054154362899784 -0.13058634237249067 -0.13062155569154138
80
 0.20073099577432402 -0.07570555897270781 -0.09489220118335323 -0.10398525661932756 -0.10957342156288252 -0.11373747773876736 -0.11601999013388081 -0.1180832610664107 -0.11890482350668252 -0.11967776477668163 -0.12029387151695003 -0.1203965005318755 -0.12062209791165712 -0.12080060547200944 -0.12089834391252391 -0.12127351870500247 -0.12184467815906097 -0.12237241484952638 -0.12279115832070903 -0.12307652881313885 -0.1233899559666159 -0.12364271407427757 -0.12383779719182908 -0.12404059442050336 -0.12426709819455073 -0.12462168805779633 -0.1250403157594444 -0.12538413423071199 -0.1256367537887918 -0.12581095541547627 -0.12602642687339377 -0.12622342937807463 -0.12633806223634092 -0.1264672728125426 -0.12665461433794878 -0.12680650732021387 -0.12702663855896434 -0.12718786006980326 -0.1273582206519126 -0.12751438657953246 -0.12767728560986208 -0.12784798754672067 -0.12795924688077814 -0.1280468441744912 -0.12811802882872703 -0.12819012107514033 -0.12830454829597787 -0.12840996424209067 -0.12853460712247539 -0.1286643586205412 -0.12877405431043865 -0.12887836873724812 -0.12895646048065118 -0.1290276666398526 -0.1290766215442492 -0.12913936521603148 -0.12921680801482893 -0.12932361554069588 -0.12942667693203125 -0.1295569907639847 -0.129664163087933 -0.12977805777871348 -0.12988039489074316 -0.12993904057801225 -0.1299954501093648 -0.13006344608725584 -0.13012991901163357 -0.1301661225112955 -0.13022265923756415 -0.13028942555880407 -0.13032323397856788 -0.13034247244627756 -0.13037174204270385 -0.13039564612346455 -0.13044564941242975 -0.13048122594465883 -0.13050495297242526 -0.13054154362899784 -0.13058634237249067 -0.13062155569154138
80
 0.20073099577432402 -0.07570555897270781 -0.09489220118335323 -0.10398525661932756 -0.10957342156288252 -0.11373747773876736 -0.11601999013388081 -0.1180832610664107 -0.11890482350668252 -0.11967776477668163 -0.12029387151695003 -0.1203965005318755 -0.12062209791165712 -0.12080060547200944 -0.12089834391252391 -0.12127351870500247 -0.12184467815906097 -0.12237241484952638 -0.12279115832070903 -0.12307652881313885 -0.1233899559666159 -0.12364271407427757 -0.12383779719182908 -0.12404059442050336 -0.12426709819455073 -0.12462168805779633 -0.1250403157594444 -0.12538413423071199 -0.1256367537887918 -0.12581095541547627 -0.12602642687339377 -0.12622342937807463 -0.12633806223634092 -0.1264672728125426 -0.12665461433794878 -0.12680650732021387 -0.12702663855896434 -0.12718786006980326 -0.1273582206519126 -0.12751438657953246 -0.12767728560986208 -0.12784798754672067 -0.12795924688077814 -0.1280468441744912 -0.12811802882872703 -0.12819012107514033 -0.12830454829597787 -0.12840996424209067 -0.12853460712247539 -0.1286643586205412 -0.12877405431043865 -0.12887836873724812 -0.12895646048065118 -0.1290276666398526 -0.1290766215442492 -0.12913936521603148 -0.12921680801482893 -0.12932361554069588 -0.12942667693203125 -0.1295569907639847 -0.129664163087933 -0.12977805777871348 -0.12988039489074316 -0.12993904057801225 -0.1299954501093648 -0.13006344608725584 -0.13012991901163357 -0.1301661225112955 -0.13022265923756415 -0.13028942555880407 -0.13032323397856788 -0.13034247244627756 -0.13037174204270385 -0.13039564612346455 -0.13044564941242975 -0.13048122594465883 -0.13050495297242526 -0.13054154362899784 -0.13058634237249067 -0.13062155569154138
dyna-sgd_steps
10
80
 0.0 0.5314632814632815 1.0211575211575212 1.5313950313950313 2.0336472836472836 2.5438847938847937 3.0314974064974063 3.5508463008463007 4.046853671853672 4.540711165711166 5.060776685776686 5.5373327873327876 6.072856947856948 6.561732186732187 7.073675948675949 7.566714441714442 8.079408954408954 8.568181818181818 9.077566202566203 9.558558558558559 10.056613431613432 10.571730821730823 11.105446355446356 11.603296478296478 12.059752934752934 12.58892983892984 13.073232323232324 13.571867321867321 14.085790335790335 14.615001365001365 15.090601965601966 15.578009828009828 16.078453453453452 16.592274092274092 17.119471744471745 17.582002457002456 18.134384384384383 18.619744744744743 19.116161616161616 19.623634998634998 20.142164892164892 20.672263172263172 21.123396123396123 21.676016926016928 22.145918645918645 22.62438574938575 23.112032487032486 23.609063609063607 24.115479115479115 24.631279006279005 25.156565656565657 25.691987441987443 26.127695877695878 26.681545181545182 27.131995631995633 27.704613704613706 28.17069342069342 28.643871143871145 29.124146874146874 29.734507234507234 30.23123123123123 30.735599235599235 31.247611247611246 31.636636636636638 32.162128037128035 32.69577532077532 33.237612612612615 33.64936527436527 34.20553508053508 34.77023614523615 35.19949494949495 35.77948402948403 36.220208845208845 36.66588179088179 37.268188643188644 37.726010101010104 38.18905268905269 38.65731640731641 39.28999453999454 39.77095277095277
80
 0.0 0.5314632814632815 1.0211575211575212 1.5313950313950313 2.0336472836472836 2.5438847938847937 3.0314974064974063 3.5508463008463007 4.046853671853672 4.540711165711166 5.060776685776686 5.5373327873327876 6.072856947856948 6.561732186732187 7.073675948675949 7.566714441714442 8.079408954408954 8.568181818181818 9.077566202566203 9.558558558558559 10.056613431613432 10.571730821730823 11.105446355446356 11.603296478296478 12.059752934752934 12.58892983892984 13.073232323232324 13.571867321867321 14.085790335790335 14.615001365001365 15.090601965601966 15.578009828009828 16.078453453453452 16.592274092274092 17.119471744471745 17.582002457002456 18.134384384384383 18.619744744744743 19.116161616161616 19.623634998634998 20.142164892164892 20.672263172263172 21.123396123396123 21.676016926016928 22.145918645918645 22.62438574938575 23.112032487032486 23.609063609063607 24.115479115479115 24.631279006279005 25.156565656565657 25.691987441987443 26.127695877695878 26.681545181545182 27.131995631995633 27.704613704613706 28.17069342069342 28.643871143871145 29.124146874146874 29.734507234507234 30.23123123123123 30.735599235599235 31.247611247611246 31.636636636636638 32.162128037128035 32.69577532077532 33.237612612612615 33.64936527436527 34.20553508053508 34.77023614523615 35.19949494949495 35.77948402948403 36.220208845208845 36.66588179088179 37.268188643188644 37.726010101010104 38.18905268905269 38.65731640731641 39.28999453999454 39.77095277095277
80
 0.0 0.5314632814632815 1.0211575211575212 1.5313950313950313 2.0336472836472836 2.5438847938847937 3.0314974064974063 3.5508463008463007 4.046853671853672 4.540711165711166 5.060776685776686 5.5373327873327876 6.072856947856948 6.561732186732187 7.073675948675949 7.566714441714442 8.079408954408954 8.568181818181818 9.077566202566203 9.558558558558559 10.056613431613432 10.571730821730823 11.105446355446356 11.603296478296478 12.059752934752934 12.58892983892984 13.073232323232324 13.571867321867321 14.085790335790335 14.615001365001365 15.090601965601966 15.578009828009828 16.078453453453452 16.592274092274092 17.119471744471745 17.582002457002456 18.134384384384383 18.619744744744743 19.116161616161616 19.623634998634998 20.142164892164892 20.672263172263172 21.123396123396123 21.676016926016928 22.145918645918645 22.62438574938575 23.112032487032486 23.609063609063607 24.115479115479115 24.631279006279005 25.156565656565657 25.691987441987443 26.127695877695878 26.681545181545182 27.131995631995633 27.704613704613706 28.17069342069342 28.643871143871145 29.124146874146874 29.734507234507234 30.23123123123123 30.735599235599235 31.247611247611246 31.636636636636638 32.162128037128035 32.69577532077532 33.237612612612615 33.64936527436527 34.20553508053508 34.77023614523615 35.19949494949495 35.77948402948403 36.220208845208845 36.66588179088179 37.268188643188644 37.726010101010104 38.18905268905269 38.65731640731641 39.28999453999454 39.77095277095277
80
 0.0 0.5314632814632815 1.0211575211575212 1.5313950313950313 2.0336472836472836 2.5438847938847937 3.0314974064974063 3.5508463008463007 4.046853671853672 4.540711165711166 5.060776685776686 5.5373327873327876 6.072856947856948 6.561732186732187 7.073675948675949 7.566714441714442 8.079408954408954 8.568181818181818 9.077566202566203 9.558558558558559 10.056613431613432 10.571730821730823 11.105446355446356 11.603296478296478 12.059752934752934 12.58892983892984 13.073232323232324 13.571867321867321 14.085790335790335 14.615001365001365 15.090601965601966 15.578009828009828 16.078453453453452 16.592274092274092 17.119471744471745 17.582002457002456 18.134384384384383 18.619744744744743 19.116161616161616 19.623634998634998 20.142164892164892 20.672263172263172 21.123396123396123 21.676016926016928 22.145918645918645 22.62438574938575 23.112032487032486 23.609063609063607 24.115479115479115 24.631279006279005 25.156565656565657 25.691987441987443 26.127695877695878 26.681545181545182 27.131995631995633 27.704613704613706 28.17069342069342 28.643871143871145 29.124146874146874 29.734507234507234 30.23123123123123 30.735599235599235 31.247611247611246 31.636636636636638 32.162128037128035 32.69577532077532 33.237612612612615 33.64936527436527 34.20553508053508 34.77023614523615 35.19949494949495 35.77948402948403 36.220208845208845 36.66588179088179 37.268188643188644 37.726010101010104 38.18905268905269 38.65731640731641 39.28999453999454 39.77095277095277
80
 0.0 0.5314632814632815 1.0211575211575212 1.5313950313950313 2.0336472836472836 2.5438847938847937 3.0314974064974063 3.5508463008463007 4.046853671853672 4.540711165711166 5.060776685776686 5.5373327873327876 6.072856947856948 6.561732186732187 7.073675948675949 7.566714441714442 8.079408954408954 8.568181818181818 9.077566202566203 9.558558558558559 10.056613431613432 10.571730821730823 11.105446355446356 11.603296478296478 12.059752934752934 12.58892983892984 13.073232323232324 13.571867321867321 14.085790335790335 14.615001365001365 15.090601965601966 15.578009828009828 16.078453453453452 16.592274092274092 17.119471744471745 17.582002457002456 18.134384384384383 18.619744744744743 19.116161616161616 19.623634998634998 20.142164892164892 20.672263172263172 21.123396123396123 21.676016926016928 22.145918645918645 22.62438574938575 23.112032487032486 23.609063609063607 24.115479115479115 24.631279006279005 25.156565656565657 25.691987441987443 26.127695877695878 26.681545181545182 27.131995631995633 27.704613704613706 28.17069342069342 28.643871143871145 29.124146874146874 29.734507234507234 30.23123123123123 30.735599235599235 31.247611247611246 31.636636636636638 32.162128037128035 32.69577532077532 33.237612612612615 33.64936527436527 34.20553508053508 34.77023614523615 35.19949494949495 35.77948402948403 36.220208845208845 36.66588179088179 37.268188643188644 37.726010101010104 38.18905268905269 38.65731640731641 39.28999453999454 39.77095277095277
80
 0.0 0.5314632814632815 1.0211575211575212 1.5313950313950313 2.0336472836472836 2.5438847938847937 3.0314974064974063 3.5508463008463007 4.046853671853672 4.540711165711166 5.060776685776686 5.5373327873327876 6.072856947856948 6.561732186732187 7.073675948675949 7.566714441714442 8.079408954408954 8.568181818181818 9.077566202566203 9.558558558558559 10.056613431613432 10.571730821730823 11.105446355446356 11.603296478296478 12.059752934752934 12.58892983892984 13.073232323232324 13.571867321867321 14.085790335790335 14.615001365001365 15.090601965601966 15.578009828009828 16.078453453453452 16.592274092274092 17.119471744471745 17.582002457002456 18.134384384384383 18.619744744744743 19.116161616161616 19.623634998634998 20.142164892164892 20.672263172263172 21.123396123396123 21.676016926016928 22.145918645918645 22.62438574938575 23.112032487032486 23.609063609063607 24.115479115479115 24.631279006279005 25.156565656565657 25.691987441987443 26.127695877695878 26.681545181545182 27.131995631995633 27.704613704613706 28.17069342069342 28.643871143871145 29.124146874146874 29.734507234507234 30.23123123123123 30.735599235599235 31.247611247611246 31.636636636636638 32.162128037128035 32.69577532077532 33.237612612612615 33.64936527436527 34.20553508053508 34.77023614523615 35.19949494949495 35.77948402948403 36.220208845208845 36.66588179088179 37.268188643188644 37.726010101010104 38.18905268905269 38.65731640731641 39.28999453999454 39.77095277095277
80
 0.0 0.5314632814632815 1.0211575211575212 1.5313950313950313 2.0336472836472836 2.5438847938847937 3.0314974064974063 3.5508463008463007 4.046853671853672 4.540711165711166 5.060776685776686 5.5373327873327876 6.072856947856948 6.561732186732187 7.073675948675949 7.566714441714442 8.079408954408954 8.568181818181818 9.077566202566203 9.558558558558559 10.056613431613432 10.571730821730823 11.105446355446356 11.603296478296478 12.059752934752934 12.58892983892984 13.073232323232324 13.571867321867321 14.085790335790335 14.615001365001365 15.090601965601966 15.578009828009828 16.078453453453452 16.592274092274092 17.119471744471745 17.582002457002456 18.134384384384383 18.619744744744743 19.116161616161616 19.623634998634998 20.142164892164892 20.672263172263172 21.123396123396123 21.676016926016928 22.145918645918645 22.62438574938575 23.112032487032486 23.609063609063607 24.115479115479115 24.631279006279005 25.156565656565657 25.691987441987443 26.127695877695878 26.681545181545182 27.131995631995633 27.704613704613706 28.17069342069342 28.643871143871145 29.124146874146874 29.734507234507234 30.23123123123123 30.735599235599235 31.247611247611246 31.636636636636638 32.162128037128035 32.69577532077532 33.237612612612615 33.64936527436527 34.20553508053508 34.77023614523615 35.19949494949495 35.77948402948403 36.220208845208845 36.66588179088179 37.268188643188644 37.726010101010104 38.18905268905269 38.65731640731641 39.28999453999454 39.77095277095277
80
 0.0 0.5314632814632815 1.0211575211575212 1.5313950313950313 2.0336472836472836 2.5438847938847937 3.0314974064974063 3.5508463008463007 4.046853671853672 4.540711165711166 5.060776685776686 5.5373327873327876 6.072856947856948 6.561732186732187 7.073675948675949 7.566714441714442 8.079408954408954 8.568181818181818 9.077566202566203 9.558558558558559 10.056613431613432 10.571730821730823 11.105446355446356 11.603296478296478 12.059752934752934 12.58892983892984 13.073232323232324 13.571867321867321 14.085790335790335 14.615001365001365 15.090601965601966 15.578009828009828 16.078453453453452 16.592274092274092 17.119471744471745 17.582002457002456 18.134384384384383 18.619744744744743 19.116161616161616 19.623634998634998 20.142164892164892 20.672263172263172 21.123396123396123 21.676016926016928 22.145918645918645 22.62438574938575 23.112032487032486 23.609063609063607 24.115479115479115 24.631279006279005 25.156565656565657 25.691987441987443 26.127695877695878 26.681545181545182 27.131995631995633 27.704613704613706 28.17069342069342 28.643871143871145 29.124146874146874 29.734507234507234 30.23123123123123 30.735599235599235 31.247611247611246 31.636636636636638 32.162128037128035 32.69577532077532 33.237612612612615 33.64936527436527 34.20553508053508 34.77023614523615 35.19949494949495 35.77948402948403 36.220208845208845 36.66588179088179 37.268188643188644 37.726010101010104 38.18905268905269 38.65731640731641 39.28999453999454 39.77095277095277
80
 0.0 0.5314632814632815 1.0211575211575212 1.5313950313950313 2.0336472836472836 2.5438847938847937 3.0314974064974063 3.5508463008463007 4.046853671853672 4.540711165711166 5.060776685776686 5.5373327873327876 6.072856947856948 6.561732186732187 7.073675948675949 7.566714441714442 8.079408954408954 8.568181818181818 9.077566202566203 9.558558558558559 10.056613431613432 10.571730821730823 11.105446355446356 11.603296478296478 12.059752934752934 12.58892983892984 13.073232323232324 13.571867321867321 14.085790335790335 14.615001365001365 15.090601965601966 15.578009828009828 16.078453453453452 16.592274092274092 17.119471744471745 17.582002457002456 18.134384384384383 18.619744744744743 19.116161616161616 19.623634998634998 20.142164892164892 20.672263172263172 21.123396123396123 21.676016926016928 22.145918645918645 22.62438574938575 23.112032487032486 23.609063609063607 24.115479115479115 24.631279006279005 25.156565656565657 25.691987441987443 26.127695877695878 26.681545181545182 27.131995631995633 27.704613704613706 28.17069342069342 28.643871143871145 29.124146874146874 29.734507234507234 30.23123123123123 30.735599235599235 31.247611247611246 31.636636636636638 32.162128037128035 32.69577532077532 33.237612612612615 33.64936527436527 34.20553508053508 34.77023614523615 35.19949494949495 35.77948402948403 36.220208845208845 36.66588179088179 37.268188643188644 37.726010101010104 38.18905268905269 38.65731640731641 39.28999453999454 39.77095277095277
80
 0.0 0.5314632814632815 1.0211575211575212 1.5313950313950313 2.0336472836472836 2.5438847938847937 3.0314974064974063 3.5508463008463007 4.046853671853672 4.540711165711166 5.060776685776686 5.5373327873327876 6.072856947856948 6.561732186732187 7.073675948675949 7.566714441714442 8.079408954408954 8.568181818181818 9.077566202566203 9.558558558558559 10.056613431613432 10.571730821730823 11.105446355446356 11.603296478296478 12.059752934752934 12.58892983892984 13.073232323232324 13.571867321867321 14.085790335790335 14.615001365001365 15.090601965601966 15.578009828009828 16.078453453453452 16.592274092274092 17.119471744471745 17.582002457002456 18.134384384384383 18.619744744744743 19.116161616161616 19.623634998634998 20.142164892164892 20.672263172263172 21.123396123396123 21.676016926016928 22.145918645918645 22.62438574938575 23.112032487032486 23.609063609063607 24.115479115479115 24.631279006279005 25.156565656565657 25.691987441987443 26.127695877695878 26.681545181545182 27.131995631995633 27.704613704613706 28.17069342069342 28.643871143871145 29.124146874146874 29.734507234507234 30.23123123123123 30.735599235599235 31.247611247611246 31.636636636636638 32.162128037128035 32.69577532077532 33.237612612612615 33.64936527436527 34.20553508053508 34.77023614523615 35.19949494949495 35.77948402948403 36.220208845208845 36.66588179088179 37.268188643188644 37.726010101010104 38.18905268905269 38.65731640731641 39.28999453999454 39.77095277095277
lbfgs
10
40
 0.20073099577432402 0.00449937852366028 -0.07989319041009008 -0.09796853995863752 -0.11625595472696987 -0.1223267482769268 -0.12680611115943463 -0.13147963041399452 -0.13299551263618453 -0.13336426371920646 -0.1335462344879998 -0.13358379149271032 -0.13361854191148836 -0.1336235252972618 -0.13362680815216332 -0.13362891581037556 -0.13362973404164202 -0.13362984526562816 -0.13362987531571363 -0.13362988124258357 -0.1336298859344347 -0.1336298872138772 -0.13362988739786819 -0.13362988744733623 -0.13362988745606208 -0.13362988746509114 -0.13362988747899812 -0.13362988749449828 -0.13362988749518578 -0.13362988750039756 -0.1336298875008443 -0.13362988750110055 -0.1336298875011872 -0.133629887501225 -0.13362988750122612 -0.13362988750123111 -0.13362988750123345 -0.1336298875012355 -0.13362988750123667 -0.133629887501237
40
 0.20073099577432402 0.00449937852366028 -0.07989319041009008 -0.09796853995863752 -0.11625595472696987 -0.1223267482769268 -0.12680611115943463 -0.13147963041399452 -0.13299551263618453 -0.13336426371920646 -0.1335462344879998 -0.13358379149271032 -0.13361854191148836 -0.1336235252972618 -0.13362680815216332 -0.13362891581037556 -0.13362973404164202 -0.13362984526562816 -0.13362987531571363 -0.13362988124258357 -0.1336298859344347 -0.1336298872138772 -0.13362988739786819 -0.13362988744733623 -0.13362988745606208 -0.13362988746509114 -0.13362988747899812 -0.13362988749449828 -0.13362988749518578 -0.13362988750039756 -0.1336298875008443 -0.13362988750110055 -0.1336298875011872 -0.133629887501225 -0.13362988750122612 -0.13362988750123111 -0.13362988750123345 -0.1336298875012355 -0.13362988750123667 -0.133629887501237
40
 0.20073099577432402 0.00449937852366028 -0.07989319041009008 -0.09796853995863752 -0.11625595472696987 -0.1223267482769268 -0.12680611115943463 -0.13147963041399452 -0.13299551263618453 -0.13336426371920646 -0.1335462344879998 -0.13358379149271032 -0.13361854191148836 -0.1336235252972618 -0.13362680815216332 -0.13362891581037556 -0.13362973404164202 -0.13362984526562816 -0.13362987531571363 -0.13362988124258357 -0.1336298859344347 -0.1336298872138772 -0.13362988739786819 -0.13362988744733623 -0.13362988745606208 -0.13362988746509114 -0.13362988747899812 -0.13362988749449828 -0.13362988749518578 -0.13362988750039756 -0.1336298875008443 -0.13362988750110055 -0.1336298875011872 -0.133629887501225 -0.13362988750122612 -0.13362988750123111 -0.13362988750123345 -0.1336298875012355 -0.13362988750123667 -0.133629887501237
40
 0.20073099577432402 0.00449937852366028 -0.07989319041009008 -0.09796853995863752 -0.11625595472696987 -0.1223267482769268 -0.12680611115943463 -0.13147963041399452 -0.13299551263618453 -0.13336426371920646 -0.1335462344879998 -0.13358379149271032 -0.13361854191148836 -0.1336235252972618 -0.13362680815216332 -0.13362891581037556 -0.13362973404164202 -0.13362984526562816 -0.13362987531571363 -0.13362988124258357 -0.1336298859344347 -0.1336298872138772 -0.13362988739786819 -0.13362988744733623 -0.13362988745606208 -0.13362988746509114 -0.13362988747899812 -0.13362988749449828 -0.13362988749518578 -0.13362988750039756 -0.1336298875008443 -0.13362988750110055 -0.1336298875011872 -0.133629887501225 -0.13362988750122612 -0.13362988750123111 -0.13362988750123345 -0.1336298875012355 -0.13362988750123667 -0.133629887501237
40
 0.20073099577432402 0.00449937852366028 -0.07989319041009008 -0.09796853995863752 -0.11625595472696987 -0.1223267482769268 -0.12680611115943463 -0.13147963041399452 -0.13299551263618453 -0.13336426371920646 -0.1335462344879998 -0.13358379149271032 -0.13361854191148836 -0.1336235252972618 -0.13362680815216332 -0.13362891581037556 -0.13362973404164202 -0.13362984526562816 -0.13362987531571363 -0.13362988124258357 -0.1336298859344347 -0.1336298872138772 -0.13362988739786819 -0.13362988744733623 -0.13362988745606208 -0.13362988746509114 -0.13362988747899812 -0.13362988749449828 -0.13362988749518578 -0.13362988750039756 -0.1336298875008443 -0.13362988750110055 -0.1336298875011872 -0.133629887501225 -0.13362988750122612 -0.13362988750123111 -0.13362988750123345 -0.1336298875012355 -0.13362988750123667 -0.133629887501237
40
 0.20073099577432402 0.00449937852366028 -0.07989319041009008 -0.09796853995863752 -0.11625595472696987 -0.1223267482769268 -0.12680611115943463 -0.13147963041399452 -0.13299551263618453 -0.13336426371920646 -0.1335462344879998 -0.13358379149271032 -0.13361854191148836 -0.1336235252972618 -0.13362680815216332 -0.13362891581037556 -0.13362973404164202 -0.13362984526562816 -0.13362987531571363 -0.13362988124258357 -0.1336298859344347 -0.1336298872138772 -0.13362988739786819 -0.13362988744733623 -0.13362988745606208 -0.13362988746509114 -0.13362988747899812 -0.13362988749449828 -0.13362988749518578 -0.13362988750039756 -0.1336298875008443 -0.13362988750110055 -0.1336298875011872 -0.133629887501225 -0.13362988750122612 -0.13362988750123111 -0.13362988750123345 -0.1336298875012355 -0.13362988750123667 -0.133629887501237
40
 0.20073099577432402 0.00449937852366028 -0.07989319041009008 -0.09796853995863752 -0.11625595472696987 -0.1223267482769268 -0.12680611115943463 -0.13147963041399452 -0.13299551263618453 -0.13336426371920646 -0.1335462344879998 -0.13358379149271032 -0.13361854191148836 -0.1336235252972618 -0.13362680815216332 -0.13362891581037556 -0.13362973404164202 -0.13362984526562816 -0.13362987531571363 -0.13362988124258357 -0.1336298859344347 -0.1336298872138772 -0.13362988739786819 -0.13362988744733623 -0.13362988745606208 -0.13362988746509114 -0.13362988747899812 -0.13362988749449828 -0.13362988749518578 -0.13362988750039756 -0.1336298875008443 -0.13362988750110055 -0.1336298875011872 -0.133629887501225 -0.13362988750122612 -0.13362988750123111 -0.13362988750123345 -0.1336298875012355 -0.13362988750123667 -0.133629887501237
40
 0.20073099577432402 0.00449937852366028 -0.07989319041009008 -0.09796853995863752 -0.11625595472696987 -0.1223267482769268 -0.12680611115943463 -0.13147963041399452 -0.13299551263618453 -0.13336426371920646 -0.1335462344879998 -0.13358379149271032 -0.13361854191148836 -0.1336235252972618 -0.13362680815216332 -0.13362891581037556 -0.13362973404164202 -0.13362984526562816 -0.13362987531571363 -0.13362988124258357 -0.1336298859344347 -0.1336298872138772 -0.13362988739786819 -0.13362988744733623 -0.13362988745606208 -0.13362988746509114 -0.13362988747899812 -0.13362988749449828 -0.13362988749518578 -0.13362988750039756 -0.1336298875008443 -0.13362988750110055 -0.1336298875011872 -0.133629887501225 -0.13362988750122612 -0.13362988750123111 -0.13362988750123345 -0.1336298875012355 -0.13362988750123667 -0.133629887501237
40
 0.20073099577432402 0.00449937852366028 -0.07989319041009008 -0.09796853995863752 -0.11625595472696987 -0.1223267482769268 -0.12680611115943463 -0.13147963041399452 -0.13299551263618453 -0.13336426371920646 -0.1335462344879998 -0.13358379149271032 -0.13361854191148836 -0.1336235252972618 -0.13362680815216332 -0.13362891581037556 -0.13362973404164202 -0.13362984526562816 -0.13362987531571363 -0.13362988124258357 -0.1336298859344347 -0.1336298872138772 -0.13362988739786819 -0.13362988744733623 -0.13362988745606208 -0.13362988746509114 -0.13362988747899812 -0.13362988749449828 -0.13362988749518578 -0.13362988750039756 -0.1336298875008443 -0.13362988750110055 -0.1336298875011872 -0.133629887501225 -0.13362988750122612 -0.13362988750123111 -0.13362988750123345 -0.1336298875012355 -0.13362988750123667 -0.133629887501237
40
 0.20073099577432402 0.00449937852366028 -0.07989319041009008 -0.09796853995863752 -0.11625595472696987 -0.1223267482769268 -0.12680611115943463 -0.13147963041399452 -0.13299551263618453 -0.13336426371920646 -0.1335462344879998 -0.13358379149271032 -0.13361854191148836 -0.1336235252972618 -0.13362680815216332 -0.13362891581037556 -0.13362973404164202 -0.13362984526562816 -0.13362987531571363 -0.13362988124258357 -0.1336298859344347 -0.1336298872138772 -0.13362988739786819 -0.13362988744733623 -0.13362988745606208 -0.13362988746509114 -0.13362988747899812 -0.13362988749449828 -0.13362988749518578 -0.13362988750039756 -0.1336298875008443 -0.13362988750110055 -0.1336298875011872 -0.133629887501225 -0.13362988750122612 -0.13362988750123111 -0.13362988750123345 -0.1336298875012355 -0.13362988750123667 -0.133629887501237
lbfgs_steps
10
40
 0.0 2.0 3.0 4.0 5.0 6.0 7.0 8.0 9.0 10.0 11.0 12.0 13.0 14.0 15.0 16.0 17.0 18.0 19.0 20.0 21.0 22.0 23.0 24.0 25.0 26.0 27.0 28.0 29.0 30.0 31.0 32.0 33.0 34.0 35.0 36.0 37.0 38.0 39.0 40.0
40
 0.0 2.0 3.0 4.0 5.0 6.0 7.0 8.0 9.0 10.0 11.0 12.0 13.0 14.0 15.0 16.0 17.0 18.0 19.0 20.0 21.0 22.0 23.0 24.0 25.0 26.0 27.0 28.0 29.0 30.0 31.0 32.0 33.0 34.0 35.0 36.0 37.0 38.0 39.0 40.0
40
 0.0 2.0 3.0 4.0 5.0 6.0 7.0 8.0 9.0 10.0 11.0 12.0 13.0 14.0 15.0 16.0 17.0 18.0 19.0 20.0 21.0 22.0 23.0 24.0 25.0 26.0 27.0 28.0 29.0 30.0 31.0 32.0 33.0 34.0 35.0 36.0 37.0 38.0 39.0 40.0
40
 0.0 2.0 3.0 4.0 5.0 6.0 7.0 8.0 9.0 10.0 11.0 12.0 13.0 14.0 15.0 16.0 17.0 18.0 19.0 20.0 21.0 22.0 23.0 24.0 25.0 26.0 27.0 28.0 29.0 30.0 31.0 32.0 33.0 34.0 35.0 36.0 37.0 38.0 39.0 40.0
40
 0.0 2.0 3.0 4.0 5.0 6.0 7.0 8.0 9.0 10.0 11.0 12.0 13.0 14.0 15.0 16.0 17.0 18.0 19.0 20.0 21.0 22.0 23.0 24.0 25.0 26.0 27.0 28.0 29.0 30.0 31.0 32.0 33.0 34.0 35.0 36.0 37.0 38.0 39.0 40.0
40
 0.0 2.0 3.0 4.0 5.0 6.0 7.0 8.0 9.0 10.0 11.0 12.0 13.0 14.0 15.0 16.0 17.0 18.0 19.0 20.0 21.0 22.0 23.0 24.0 25.0 26.0 27.0 28.0 29.0 30.0 31.0 32.0 33.0 34.0 35.0 36.0 37.0 38.0 39.0 40.0
40
 0.0 2.0 3.0 4.0 5.0 6.0 7.0 8.0 9.0 10.0 11.0 12.0 13.0 14.0 15.0 16.0 17.0 18.0 19.0 20.0 21.0 22.0 23.0 24.0 25.0 26.0 27.0 28.0 29.0 30.0 31.0 32.0 33.0 34.0 35.0 36.0 37.0 38.0 39.0 40.0
40
 0.0 2.0 3.0 4.0 5.0 6.0 7.0 8.0 9.0 10.0 11.0 12.0 13.0 14.0 15.0 16.0 17.0 18.0 19.0 20.0 21.0 22.0 23.0 24.0 25.0 26.0 27.0 28.0 29.0 30.0 31.0 32.0 33.0 34.0 35.0 36.0 37.0 38.0 39.0 40.0
40
 0.0 2.0 3.0 4.0 5.0 6.0 7.0 8.0 9.0 10.0 11.0 12.0 13.0 14.0 15.0 16.0 17.0 18.0 19.0 20.0 21.0 22.0 23.0 24.0 25.0 26.0 27.0 28.0 29.0 30.0 31.0 32.0 33.0 34.0 35.0 36.0 37.0 38.0 39.0 40.0
40
 0.0 2.0 3.0 4.0 5.0 6.0 7.0 8.0 9.0 10.0 11.0 12.0 13.0 14.0 15.0 16.0 17.0 18.0 19.0 20.0 21.0 22.0 23.0 24.0 25.0 26.0 27.0 28.0 29.0 30.0 31.0 32.0 33.0 34.0 35.0 36.0 37.0 38.0 39.0 40.0
dyna-lbfgs
10
41
 0.20073099577432402 -0.1300551315419044 -0.13129327317607042 -0.1325583110270997 -0.13313340521903 -0.13338706890398966 -0.13354621056145405 -0.13360446891660072 -0.13362054388874967 -0.13362671607770082 -0.13362927062631458 -0.1336296277821002 -0.13362978695197558 -0.1336298315019263 -0.1336298717626963 -0.1336298841553306 -0.1336298869527343 -0.13362988726227532 -0.1336298874377047 -0.13362988746447918 -0.1336298874744264 -0.1336298874827131 -0.1336298874882172 -0.133629887493334 -0.13362988749900095 -0.13362988750027227 -0.13362988750087007 -0.1336298875009676 -0.13362988750105426 -0.13362988750117033 -0.13362988750119598 -0.13362988750122495 -0.1336298875012315 -0.13362988750123378 -0.13362988750123594 -0.1336298875012365 -0.13362988750123694 -0.13362988750123744 -0.13362988750123744 -0.13362988750123744 -0.13362988750123744
41
 0.20073099577432402 -0.1300551315419044 -0.13129327317607042 -0.1325583110270997 -0.13313340521903 -0.13338706890398966 -0.13354621056145405 -0.13360446891660072 -0.13362054388874967 -0.13362671607770082 -0.13362927062631458 -0.1336296277821002 -0.13362978695197558 -0.1336298315019263 -0.1336298717626963 -0.1336298841553306 -0.1336298869527343 -0.13362988726227532 -0.1336298874377047 -0.13362988746447918 -0.1336298874744264 -0.1336298874827131 -0.1336298874882172 -0.133629887493334 -0.13362988749900095 -0.13362988750027227 -0.13362988750087007 -0.1336298875009676 -0.13362988750105426 -0.13362988750117033 -0.13362988750119598 -0.13362988750122495 -0.1336298875012315 -0.13362988750123378 -0.13362988750123594 -0.1336298875012365 -0.13362988750123694 -0.13362988750123744 -0.13362988750123744 -0.13362988750123744 -0.13362988750123744
41
 0.20073099577432402 -0.1300551315419044 -0.13129327317607042 -0.1325583110270997 -0.13313340521903 -0.13338706890398966 -0.13354621056145405 -0.13360446891660072 -0.13362054388874967 -0.13362671607770082 -0.13362927062631458 -0.1336296277821002 -0.13362978695197558 -0.1336298315019263 -0.1336298717626963 -0.1336298841553306 -0.1336298869527343 -0.13362988726227532 -0.1336298874377047 -0.13362988746447918 -0.1336298874744264 -0.1336298874827131 -0.1336298874882172 -0.133629887493334 -0.13362988749900095 -0.13362988750027227 -0.13362988750087007 -0.1336298875009676 -0.13362988750105426 -0.13362988750117033 -0.13362988750119598 -0.13362988750122495 -0.1336298875012315 -0.13362988750123378 -0.13362988750123594 -0.1336298875012365 -0.13362988750123694 -0.13362988750123744 -0.13362988750123744 -0.13362988750123744 -0.13362988750123744
41
 0.20073099577432402 -0.1300551315419044 -0.13129327317607042 -0.1325583110270997 -0.13313340521903 -0.13338706890398966 -0.13354621056145405 -0.13360446891660072 -0.13362054388874967 -0.13362671607770082 -0.13362927062631458 -0.1336296277821002 -0.13362978695197558 -0.1336298315019263 -0.1336298717626963 -0.1336298841553306 -0.1336298869527343 -0.13362988726227532 -0.1336298874377047 -0.13362988746447918 -0.1336298874744264 -0.1336298874827131 -0.1336298874882172 -0.133629887493334 -0.13362988749900095 -0.13362988750027227 -0.13362988750087007 -0.1336298875009676 -0.13362988750105426 -0.13362988750117033 -0.13362988750119598 -0.13362988750122495 -0.1336298875012315 -0.13362988750123378 -0.13362988750123594 -0.1336298875012365 -0.13362988750123694 -0.13362988750123744 -0.13362988750123744 -0.13362988750123744 -0.13362988750123744
41
 0.20073099577432402 -0.1300551315419044 -0.13129327317607042 -0.1325583110270997 -0.13313340521903 -0.13338706890398966 -0.13354621056145405 -0.13360446891660072 -0.13362054388874967 -0.13362671607770082 -0.13362927062631458 -0.1336296277821002 -0.13362978695197558 -0.1336298315019263 -0.1336298717626963 -0.1336298841553306 -0.1336298869527343 -0.13362988726227532 -0.1336298874377047 -0.13362988746447918 -0.1336298874744264 -0.1336298874827131 -0.1336298874882172 -0.133629887493334 -0.13362988749900095 -0.13362988750027227 -0.13362988750087007 -0.1336298875009676 -0.13362988750105426 -0.13362988750117033 -0.13362988750119598 -0.13362988750122495 -0.1336298875012315 -0.13362988750123378 -0.13362988750123594 -0.1336298875012365 -0.13362988750123694 -0.13362988750123744 -0.13362988750123744 -0.13362988750123744 -0.13362988750123744
41
 0.20073099577432402 -0.1300551315419044 -0.13129327317607042 -0.1325583110270997 -0.13313340521903 -0.13338706890398966 -0.13354621056145405 -0.13360446891660072 -0.13362054388874967 -0.13362671607770082 -0.13362927062631458 -0.1336296277821002 -0.13362978695197558 -0.1336298315019263 -0.1336298717626963 -0.1336298841553306 -0.1336298869527343 -0.13362988726227532 -0.1336298874377047 -0.13362988746447918 -0.1336298874744264 -0.1336298874827131 -0.1336298874882172 -0.133629887493334 -0.13362988749900095 -0.13362988750027227 -0.13362988750087007 -0.1336298875009676 -0.13362988750105426 -0.13362988750117033 -0.13362988750119598 -0.13362988750122495 -0.1336298875012315 -0.13362988750123378 -0.13362988750123594 -0.1336298875012365 -0.13362988750123694 -0.13362988750123744 -0.13362988750123744 -0.13362988750123744 -0.13362988750123744
41
 0.20073099577432402 -0.1300551315419044 -0.13129327317607042 -0.1325583110270997 -0.13313340521903 -0.13338706890398966 -0.13354621056145405 -0.13360446891660072 -0.13362054388874967 -0.13362671607770082 -0.13362927062631458 -0.1336296277821002 -0.13362978695197558 -0.1336298315019263 -0.1336298717626963 -0.1336298841553306 -0.1336298869527343 -0.13362988726227532 -0.1336298874377047 -0.13362988746447918 -0.1336298874744264 -0.1336298874827131 -0.1336298874882172 -0.133629887493334 -0.13362988749900095 -0.13362988750027227 -0.13362988750087007 -0.1336298875009676 -0.13362988750105426 -0.13362988750117033 -0.13362988750119598 -0.13362988750122495 -0.1336298875012315 -0.13362988750123378 -0.13362988750123594 -0.1336298875012365 -0.13362988750123694 -0.13362988750123744 -0.13362988750123744 -0.13362988750123744 -0.13362988750123744
41
 0.20073099577432402 -0.1300551315419044 -0.13129327317607042 -0.1325583110270997 -0.13313340521903 -0.13338706890398966 -0.13354621056145405 -0.13360446891660072 -0.13362054388874967 -0.13362671607770082 -0.13362927062631458 -0.1336296277821002 -0.13362978695197558 -0.1336298315019263 -0.1336298717626963 -0.1336298841553306 -0.1336298869527343 -0.13362988726227532 -0.1336298874377047 -0.13362988746447918 -0.1336298874744264 -0.1336298874827131 -0.1336298874882172 -0.133629887493334 -0.13362988749900095 -0.13362988750027227 -0.13362988750087007 -0.1336298875009676 -0.13362988750105426 -0.13362988750117033 -0.13362988750119598 -0.13362988750122495 -0.1336298875012315 -0.13362988750123378 -0.13362988750123594 -0.1336298875012365 -0.13362988750123694 -0.13362988750123744 -0.13362988750123744 -0.13362988750123744 -0.13362988750123744
41
 0.20073099577432402 -0.1300551315419044 -0.13129327317607042 -0.1325583110270997 -0.13313340521903 -0.13338706890398966 -0.13354621056145405 -0.13360446891660072 -0.13362054388874967 -0.13362671607770082 -0.13362927062631458 -0.1336296277821002 -0.13362978695197558 -0.1336298315019263 -0.1336298717626963 -0.1336298841553306 -0.1336298869527343 -0.13362988726227532 -0.1336298874377047 -0.13362988746447918 -0.1336298874744264 -0.1336298874827131 -0.1336298874882172 -0.133629887493334 -0.13362988749900095 -0.13362988750027227 -0.13362988750087007 -0.1336298875009676 -0.13362988750105426 -0.13362988750117033 -0.13362988750119598 -0.13362988750122495 -0.1336298875012315 -0.13362988750123378 -0.13362988750123594 -0.1336298875012365 -0.13362988750123694 -0.13362988750123744 -0.13362988750123744 -0.13362988750123744 -0.13362988750123744
41
 0.20073099577432402 -0.1300551315419044 -0.13129327317607042 -0.1325583110270997 -0.13313340521903 -0.13338706890398966 -0.13354621056145405 -0.13360446891660072 -0.13362054388874967 -0.13362671607770082 -0.13362927062631458 -0.1336296277821002 -0.13362978695197558 -0.1336298315019263 -0.1336298717626963 -0.1336298841553306 -0.1336298869527343 -0.13362988726227532 -0.1336298874377047 -0.13362988746447918 -0.1336298874744264 -0.1336298874827131 -0.1336298874882172 -0.133629887493334 -0.13362988749900095 -0.13362988750027227 -0.13362988750087007 -0.1336298875009676 -0.13362988750105426 -0.13362988750117033 -0.13362988750119598 -0.13362988750122495 -0.1336298875012315 -0.13362988750123378 -0.13362988750123594 -0.1336298875012365 -0.13362988750123694 -0.13362988750123744 -0.13362988750123744 -0.13362988750123744 -0.13362988750123744
dyna-lbfgs_steps
10
41
 0.0 1.998976248976249 2.998976248976249 3.998976248976249 4.998976248976249 5.998976248976249 6.998976248976249 7.998976248976249 8.998976248976248 9.998976248976248 10.998976248976248 11.998976248976248 12.998976248976248 13.998976248976248 14.998976248976248 15.998976248976248 16.99897624897625 17.99897624897625 18.99897624897625 19.99897624897625 20.99897624897625 21.99897624897625 22.99897624897625 23.99897624897625 24.99897624897625 25.99897624897625 26.99897624897625 27.99897624897625 28.99897624897625 29.99897624897625 30.99897624897625 31.99897624897625 32.99897624897625 33.99897624897625 34.99897624897625 35.99897624897625 36.99897624897625 37.99897624897625 38.99897624897625 39.99897624897625 40.99897624897625
41
 0.0 1.998976248976249 2.998976248976249 3.998976248976249 4.998976248976249 5.998976248976249 6.998976248976249 7.998976248976249 8.998976248976248 9.998976248976248 10.998976248976248 11.998976248976248 12.998976248976248 13.998976248976248 14.998976248976248 15.998976248976248 16.99897624897625 17.99897624897625 18.99897624897625 19.99897624897625 20.99897624897625 21.99897624897625 22.99897624897625 23.99897624897625 24.99897624897625 25.99897624897625 26.99897624897625 27.99897624897625 28.99897624897625 29.99897624897625 30.99897624897625 31.99897624897625 32.99897624897625 33.99897624897625 34.99897624897625 35.99897624897625 36.99897624897625 37.99897624897625 38.99897624897625 39.99897624897625 40.99897624897625
41
 0.0 1.998976248976249 2.998976248976249 3.998976248976249 4.998976248976249 5.998976248976249 6.998976248976249 7.998976248976249 8.998976248976248 9.998976248976248 10.998976248976248 11.998976248976248 12.998976248976248 13.998976248976248 14.998976248976248 15.998976248976248 16.99897624897625 17.99897624897625 18.99897624897625 19.99897624897625 20.99897624897625 21.99897624897625 22.99897624897625 23.99897624897625 24.99897624897625 25.99897624897625 26.99897624897625 27.99897624897625 28.99897624897625 29.99897624897625 30.99897624897625 31.99897624897625 32.99897624897625 33.99897624897625 34.99897624897625 35.99897624897625 36.99897624897625 37.99897624897625 38.99897624897625 39.99897624897625 40.99897624897625
41
 0.0 1.998976248976249 2.998976248976249 3.998976248976249 4.998976248976249 5.998976248976249 6.998976248976249 7.998976248976249 8.998976248976248 9.998976248976248 10.998976248976248 11.998976248976248 12.998976248976248 13.998976248976248 14.998976248976248 15.998976248976248 16.99897624897625 17.99897624897625 18.99897624897625 19.99897624897625 20.99897624897625 21.99897624897625 22.99897624897625 23.99897624897625 24.99897624897625 25.99897624897625 26.99897624897625 27.99897624897625 28.99897624897625 29.99897624897625 30.99897624897625 31.99897624897625 32.99897624897625 33.99897624897625 34.99897624897625 35.99897624897625 36.99897624897625 37.99897624897625 38.99897624897625 39.99897624897625 40.99897624897625
41
 0.0 1.998976248976249 2.998976248976249 3.998976248976249 4.998976248976249 5.998976248976249 6.998976248976249 7.998976248976249 8.998976248976248 9.998976248976248 10.998976248976248 11.998976248976248 12.998976248976248 13.998976248976248 14.998976248976248 15.998976248976248 16.99897624897625 17.99897624897625 18.99897624897625 19.99897624897625 20.99897624897625 21.99897624897625 22.99897624897625 23.99897624897625 24.99897624897625 25.99897624897625 26.99897624897625 27.99897624897625 28.99897624897625 29.99897624897625 30.99897624897625 31.99897624897625 32.99897624897625 33.99897624897625 34.99897624897625 35.99897624897625 36.99897624897625 37.99897624897625 38.99897624897625 39.99897624897625 40.99897624897625
41
 0.0 1.998976248976249 2.998976248976249 3.998976248976249 4.998976248976249 5.998976248976249 6.998976248976249 7.998976248976249 8.998976248976248 9.998976248976248 10.998976248976248 11.998976248976248 12.998976248976248 13.998976248976248 14.998976248976248 15.998976248976248 16.99897624897625 17.99897624897625 18.99897624897625 19.99897624897625 20.99897624897625 21.99897624897625 22.99897624897625 23.99897624897625 24.99897624897625 25.99897624897625 26.99897624897625 27.99897624897625 28.99897624897625 29.99897624897625 30.99897624897625 31.99897624897625 32.99897624897625 33.99897624897625 34.99897624897625 35.99897624897625 36.99897624897625 37.99897624897625 38.99897624897625 39.99897624897625 40.99897624897625
41
 0.0 1.998976248976249 2.998976248976249 3.998976248976249 4.998976248976249 5.998976248976249 6.998976248976249 7.998976248976249 8.998976248976248 9.998976248976248 10.998976248976248 11.998976248976248 12.998976248976248 13.998976248976248 14.998976248976248 15.998976248976248 16.99897624897625 17.99897624897625 18.99897624897625 19.99897624897625 20.99897624897625 21.99897624897625 22.99897624897625 23.99897624897625 24.99897624897625 25.99897624897625 26.99897624897625 27.99897624897625 28.99897624897625 29.99897624897625 30.99897624897625 31.99897624897625 32.99897624897625 33.99897624897625 34.99897624897625 35.99897624897625 36.99897624897625 37.99897624897625 38.99897624897625 39.99897624897625 40.99897624897625
41
 0.0 1.998976248976249 2.998976248976249 3.998976248976249 4.998976248976249 5.998976248976249 6.998976248976249 7.998976248976249 8.998976248976248 9.998976248976248 10.998976248976248 11.998976248976248 12.998976248976248 13.998976248976248 14.998976248976248 15.998976248976248 16.99897624897625 17.99897624897625 18.99897624897625 19.99897624897625 20.99897624897625 21.99897624897625 22.99897624897625 23.99897624897625 24.99897624897625 25.99897624897625 26.99897624897625 27.99897624897625 28.99897624897625 29.99897624897625 30.99897624897625 31.99897624897625 32.99897624897625 33.99897624897625 34.99897624897625 35.99897624897625 36.99897624897625 37.99897624897625 38.99897624897625 39.99897624897625 40.99897624897625
41
 0.0 1.998976248976249 2.998976248976249 3.998976248976249 4.998976248976249 5.998976248976249 6.998976248976249 7.998976248976249 8.998976248976248 9.998976248976248 10.998976248976248 11.998976248976248 12.998976248976248 13.998976248976248 14.998976248976248 15.998976248976248 16.99897624897625 17.99897624897625 18.99897624897625 19.99897624897625 20.99897624897625 21.99897624897625 22.99897624897625 23.99897624897625 24.99897624897625 25.99897624897625 26.99897624897625 27.99897624897625 28.99897624897625 29.99897624897625 30.99897624897625 31.99897624897625 32.99897624897625 33.99897624897625 34.99897624897625 35.99897624897625 36.99897624897625 37.99897624897625 38.99897624897625 39.99897624897625 40.99897624897625
41
 0.0 1.998976248976249 2.998976248976249 3.998976248976249 4.998976248976249 5.998976248976249 6.998976248976249 7.998976248976249 8.998976248976248 9.998976248976248 10.998976248976248 11.998976248976248 12.998976248976248 13.998976248976248 14.998976248976248 15.998976248976248 16.99897624897625 17.99897624897625 18.99897624897625 19.99897624897625 20.99897624897625 21.99897624897625 22.99897624897625 23.99897624897625 24.99897624897625 25.99897624897625 26.99897624897625 27.99897624897625 28.99897624897625 29.99897624897625 30.99897624897625 31.99897624897625 32.99897624897625 33.99897624897625 34.99897624897625 35.99897624897625 36.99897624897625 37.99897624897625 38.99897624897625 39.99897624897625 40.99897624897625
