10
SGD
10
41
 -1.4537636073852676 -5.189721513166797 -7.275680683757831 -7.648637059591171 -7.225523330203625 -6.49345130758839 -7.7865340908042615 -7.577918497905531 -7.338361959857008 -8.298209218699395 -8.621916328085483 -8.805657299906995 -8.922086289233386 -9.204078656422986 -9.1206330415292 -9.411996318765857 -9.604227474218492 -7.853101946462238 -9.770132800607474 -9.736012665202649 -9.918559111446083 -8.65187528874201 -8.685593121366784 -9.4738020125934 -8.145827680963926 -10.179175544219012 -10.260469271806745 -8.916430530785108 -10.334717925914038 -10.074279941504301 -8.32346916266331 -9.827177761097593 -9.431024705391009 -10.034247090471135 -9.763989130370282 -9.159476190683463 -10.150606612140136 -9.95020527099917 -9.886297891661854 -9.713567141896325 -10.465392140148976
41
 -1.4537636073852676 -5.50541067555502 -6.568913903905781 -6.315197223970404 -7.033344906436021 -8.261416667511607 -8.09434538311697 -7.296839561662047 -8.2697646522989 -6.715548754883904 -8.054133905320047 -8.389729426942665 -8.199491920042382 -9.193202656482084 -9.258622344125802 -9.416510918415698 -8.593256586210584 -9.33875155728472 -9.051102406724555 -9.353490082233405 -9.16953292415249 -9.384503562644294 -9.33747473394571 -9.309486200268214 -9.662130104933075 -9.41347922132473 -9.472724658759459 -9.86913639673766 -9.744675782718579 -8.67028574348042 -9.969373281596141 -9.182932463552023 -9.638285792154988 -9.956949355181761 -10.242149147147792 -9.682984204612314 -10.134132132287904 -9.355542040288162 -9.799336914878857 -9.926988505328183 -10.153519703643703
41
 -1.4537636073852676 -5.265244513551955 -6.768776488222476 -7.531183017990755 -7.421438437142843 -7.604559518207826 -8.341568542413698 -7.91556139169828 -9.05657257959679 -8.985234555374209 -8.880393644874628 -9.496976280230536 -8.17218473822773 -9.605007953872224 -9.653486227969067 -9.186816667511515 -8.744296757092432 -8.1679717942339 -9.508522525972406 -8.170960558310451 -8.988408525037501 -9.518125742688593 -9.034126422696115 -6.751131908862802 -9.160688755871272 -10.073031289329991 -10.062904314126037 -10.441402233312417 -10.431870223766394 -10.486444786808168 -10.495088472698756 -9.725116380059891 -10.50066034012463 -9.956738475918645 -9.553858124698698 -10.141850728918323 -8.833810630389328 -10.811112344471306 -11.020182770616383 -9.558421126883815 -9.811256801675471
41
 -1.4537636073852676 -4.691640420140926 -5.846372953562134 -7.432519832394181 -7.5450163624601325 -8.050851552216953 -8.176611399119952 -8.708709686195117 -9.250524537913808 -8.492726060178294 -8.732365993848825 -8.078140739712643 -9.48674653516492 -8.700654691323127 -9.575109507338572 -9.82767031516254 -9.843555766586729 -9.507649627119628 -9.880638172407577 -10.192721659488564 -9.302815127945799 -9.751575494839605 -9.695536412233242 -9.717063685146428 -9.81561714912286 -10.180208472983047 -10.088808415490078 -10.351077697164623 -9.92596900379011 -10.17483082314129 -9.552419151951032 -9.609375378426426 -9.425602644080994 -10.12481810843672 -9.870988969258468 -9.121223930700724 -10.490363433841594 -9.54196921477952 -10.38385690118212 -10.295783961624176 -10.134093513792383
41
 -1.4537636073852676 -5.610796444932078 -6.117061771458624 -6.699210894893286 -7.06139987598982 -8.245876419446912 -7.79197547014331 -7.338187328374905 -8.0618994695022 -9.124647652984564 -8.627163323050686 -8.158396227297159 -8.780658450820571 -8.737142679906714 -9.744595313141959 -8.0008684163193 -9.415479480989248 -9.552911447889436 -8.518895483821812 -9.425580537526375 -8.969836436997108 -10.056095920571517 -9.652011442382634 -10.012309897562181 -9.611290477180392 -9.990970120233639 -9.566564785982516 -10.013922621949119 -10.298891919529584 -10.289785009245186 -9.677529885609342 -10.373351316754592 -10.676553591459939 -9.081331930120196 -10.555110130293311 -10.443375716922441 -10.595306310200165 -10.475042870780651 -9.251602889371226 -10.59808648785879 -10.21118398873445
41
 -1.4537636073852676 -4.448813434660229 -6.15392125347016 -7.400065802506403 -7.821117728236042 -7.550063684638756 -6.657630838462077 -8.384020918105822 -8.26375931138681 -8.247739061455995 -9.023707123120197 -9.419829125971216 -8.633245780152224 -9.457842279935761 -8.925312061284208 -9.369139562039411 -7.758611210967571 -9.247656098581388 -9.422840312764373 -9.818082707747651 -9.573493365117397 -9.406846131281103 -9.996124113528456 -9.352110379124658 -10.050006574566693 -10.143200215567855 -9.661029378909145 -9.800525697198143 -9.680541468997106 -9.641863397698998 -9.709422376053393 -10.699540463246178 -10.150480095294474 -10.286700011268064 -9.257233984213707 -10.575089913512057 -10.323904606767043 -9.427737774857825 -9.736457576060406 -10.036818514459826 -10.053647493679808
41
 -1.4537636073852676 -5.281690465022069 -6.201292483785406 -6.919770300759443 -7.683432973591601 -8.102385993582537 -8.350275752617682 -8.08060558087253 -7.8929579906852325 -9.093526915436076 -8.005447318593257 -9.254448614407677 -9.285291939665932 -9.33599793014721 -9.465748656143482 -8.353805111746905 -9.072213423699912 -9.718300050173497 -9.04024211303112 -7.636128434083846 -9.019891965299204 -9.803224464821716 -9.077128240387411 -9.897963952617658 -9.942578415780636 -9.863145183592863 -9.834635041898258 -9.80660914180066 -10.122925509162615 -9.944956320921921 -10.147141041160117 -9.748536315832943 -9.696182575697797 -9.77065899310023 -10.209440548329582 -9.906381476964832 -10.131831752087336 -10.265915057527486 -9.64961171891146 -10.444496963284276 -10.21362183339735
41
 -1.4537636073852676 -5.434502158370542 -5.974567734227736 -6.892525394065206 -6.095651885955522 -7.947595537950313 -7.843553021633464 -7.899672259253767 -8.576786456986609 -7.937602995124214 -7.885687201241941 -8.752674658256755 -8.912761284224317 -9.02372107921091 -9.409328182257923 -8.462899034816921 -9.310066589144588 -7.801296719805037 -7.902344990784933 -9.744179291185915 -9.730665523750327 -10.111387164866095 -10.13723557814081 -10.104575822936221 -9.778372006334147 -10.051039123338684 -9.916733240739479 -8.853121958847392 -9.640601006588238 -9.375803163626562 -9.79030276507676 -10.308774017534246 -10.472388565025263 -10.535181789352684 -10.157568081476148 -10.213970588078361 -10.491879784117833 -10.57001652450026 -9.710978792890355 -10.299010931737628 -10.8486486244916
41
 -1.4537636073852676 -4.301483100406004 -6.990293775828594 -6.319298682778595 -7.427602274765798 -7.735038126255046 -7.575285379236565 -8.13144926233402 -8.150578308711562 -8.58814373156311 -8.626587310501485 -9.100873080565082 -9.625326649931612 -9.551031519922189 -9.300363566389256 -9.208179163019507 -10.017711348603152 -10.297809413626506 -9.696278073746225 -9.750047782086867 -9.369349618641381 -9.963613670138937 -10.315091447904084 -9.339405924642227 -9.427979670978566 -8.93401561380572 -10.256953537144948 -10.021658115249286 -10.062385473128504 -9.946407229597389 -9.876490024496169 -10.23605070852265 -10.590046291017405 -9.403854271981492 -10.524096766116758 -10.931324840752223 -10.64648775979805 -9.212066141487766 -10.659148804857223 -10.430033046049562 -10.676988974600357
41
 -1.4537636073852676 -4.863889918826122 -6.259799225622371 -7.731279439913722 -6.586005885717757 -8.245192916145465 -8.288578740688832 -8.419137220925817 -7.124527330694042 -8.666063192209304 -8.801435041150397 -9.199000913794912 -7.659455559157567 -8.042619914644527 -9.225346997568508 -9.219319567431935 -8.870479042702463 -9.490155783571518 -9.929048165718578 -9.024529985064596 -9.568731149286018 -9.209564176056123 -8.953897118763127 -9.535346955442103 -9.832883729916968 -9.981817926697396 -9.443402285514411 -9.230654893129255 -9.716550316177418 -9.916630167756546 -9.97693470017595 -10.117954878900607 -9.447081656820872 -10.124643471058727 -10.190697137594782 -10.248122637252818 -9.364651166985272 -10.51329514181188 -9.866409599613583 -10.163829599208993 -10.384607873106125
SAGA
10
41
 -1.4537636073852676 -5.474569635662507 -7.258910705881735 -7.569895116709227 -8.160772021111724 -7.497187887163937 -8.394016493419457 -8.64310208624984 -9.262983149697014 -9.109692544754328 -8.133731212758729 -9.187124134334583 -9.457449454226587 -8.814335685265368 -8.875052797322333 -11.198907569908474 -10.538576211653814 -9.735837228189665 -11.456969100554124 -11.043617473525881 -11.357339680941456 -11.331559309166012 -11.39200737042591 -11.813425073805634 -10.230600999559547 -12.947599020169712 -11.840557456453043 -12.63279739503782 -12.959357731875926 -13.030580200895145 -13.244373904516753 -13.096604730632922 -13.244577976814588 -11.95773333572974 -14.064576333516996 -14.762695095618474 -14.115640035115307 -14.158205051899873 -14.488113854189086 -14.62495953056761 -15.718997422377802
41
 -1.4537636073852676 -5.853928586907726 -7.0680723870390665 -6.924527157929089 -6.957395495130121 -6.466477398956049 -7.910609518373544 -8.953853353799772 -9.215591813458238 -9.515910204244195 -8.849399711445631 -9.92617495894281 -8.708985441418358 -8.951885135489654 -9.69371542328898 -9.512197210891294 -11.248975674208388 -11.133724511986522 -11.142106732863272 -9.601535940335612 -11.017950719378609 -10.61722033611576 -11.69932026383212 -10.21759965019793 -12.322605042714798 -13.102605359809406 -12.179269399107392 -11.861113567164615 -13.21245975224473 -13.921730855193989 -13.011122616305041 -13.293989645267539 -11.81833590590123 -14.267935395999972 -12.86947240383091 -15.166432346059246 -12.887110169487718 -14.457476297304824 -15.0962901073105 -15.38019371770861 -12.764802479708731
41
 -1.4537636073852676 -6.143479657616167 -6.252287271078934 -7.649271346937 -6.822673792265289 -8.422609079154705 -8.568971269864585 -8.30971942153603 -8.313969811233541 -8.430836390874353 -9.156944737861256 -8.361395435528502 -9.66890684862512 -10.478395841702026 -10.459457526625064 -10.8726705900898 -9.800141304892687 -10.724752327520788 -10.753483027648588 -9.913189500835701 -10.668578977817306 -11.57532548483988 -12.24642049699217 -10.237815313982189 -10.697059169195118 -11.292903697682823 -13.30235913247871 -12.503241942117919 -12.640680642161573 -12.473997926773201 -13.883879083786491 -12.968320234267491 -13.682579017011296 -12.924327245565673 -12.91295692183983 -15.256557629170914 -14.682969385309228 -15.124206258795331 -15.222280046419035 -14.6894686280877 -14.719379823909227
41
 -1.4537636073852676 -5.722517935075011 -7.482561030333847 -7.574759114071683 -8.300092394972713 -7.953305196549297 -8.58231061416921 -8.581001206263547 -8.980634285631345 -7.799509958610371 -9.776902969727091 -8.300919651604486 -9.24332863756269 -10.742067132559049 -9.420606838436644 -9.943259000820285 -10.642919253338512 -10.320383442679338 -11.049255979123492 -11.413865307675596 -11.494020126569612 -11.742661450547718 -10.963574143029463 -11.6177865288187 -12.460271987754172 -11.623170617210128 -12.835154466345013 -12.935777291732752 -13.35152720145554 -12.92330353288733 -13.757522018549574 -13.371281820183944 -13.691695851854098 -14.16729209874618 -14.577476399708305 -14.554100139280447 -12.992648657247583 -13.161641301993706 -14.334991143467152 -15.634698446694749 -15.398084385633979
41
 -1.4537636073852676 -5.971465027953263 -6.804561501936491 -7.903924920964041 -7.661974808756775 -8.945887750102175 -8.609895593018406 -9.435896786972252 -9.121638525954532 -9.668705697367614 -9.977198533581285 -9.670422869122246 -9.388082989801937 -9.114722547104849 -10.570270274988685 -10.610671504640216 -10.70601245613107 -9.45058033837309 -10.167973652062285 -10.636639545913496 -9.59409304251464 -10.705076916150361 -11.138989584424861 -12.328902182967 -9.905892891445928 -12.618324460782594 -12.260255655015163 -12.685312495242737 -12.398263991419068 -13.288523769167865 -12.81505044814422 -11.687166070148324 -13.385934614291948 -14.209625311082258 -13.834863437870279 -13.704797460633836 -13.627388477978265 -15.062786489272444 -14.834844503637045 -14.660499664322508 -14.765053740042724
41
 -1.4537636073852676 -6.005043670190652 -7.0014357205836735 -7.2019577586417745 -7.697069886208889 -7.7099941719927125 -8.31128671138437 -8.602981664413862 -8.897254474773858 -9.442455377567281 -7.295701359522621 -9.542043332493575 -9.925698516228495 -8.722638984428745 -9.757830379145396 -10.076500315248838 -10.926859499660042 -10.721869256769144 -8.879520160769593 -9.802065100115389 -11.546272462889133 -10.326315335073312 -12.55967350823949 -11.191535106688017 -11.946114275138273 -12.921303418545335 -12.859645760317429 -13.260260846385465 -13.0176842884212 -13.93681284394647 -11.238167273757147 -13.852982706473883 -13.817296615665244 -13.955230202968586 -12.933605880912376 -14.228544550811254 -13.97037698294296 -14.499300492245574 -13.924383482589828 -15.466108767166467 -15.882072180457282
41
 -1.4537636073852676 -6.125153344468813 -5.696129525950903 -8.061356861549783 -7.676050890497122 -6.3728065760908255 -7.811310851004227 -9.11594023418904 -8.735709354398763 -8.534989836012523 -9.179993798394856 -8.46386568974247 -8.773634253135647 -10.463257054354527 -9.479059988380406 -10.378408461078989 -11.691423044726683 -11.011458661275945 -10.789126869573657 -10.806986193781741 -10.011141045719409 -11.344888753239054 -12.217126297026745 -12.03031068597542 -11.741048916820816 -12.866709616021357 -12.172452506733082 -11.955393384954412 -12.724623059348163 -12.921247571064296 -13.856958982334264 -14.242959299383118 -13.550128906357937 -11.674331576852985 -14.792074833390133 -14.929446745153387 -13.41334824019585 -13.346810315349911 -14.943624500080999 -15.406036000075007 -15.776693320557166
41
 -1.4537636073852676 -6.235474989851531 -5.163810411029945 -7.702186686159491 -7.033894375269501 -7.6744974703241065 -8.571498035130618 -8.899464755828234 -9.393699320791235 -8.982151431729504 -9.027188304829162 -8.52301663948973 -9.562688573574556 -9.730816138906357 -9.984876623607938 -10.437800928322897 -9.686986046993823 -11.310117828534205 -10.792701640276276 -11.751327196933019 -9.133760768779483 -10.721415995760818 -11.960212221852249 -9.678995080264484 -10.962364633082762 -11.446504589699451 -12.66748317301681 -13.0276825950596 -13.373613927911155 -13.422278007945478 -13.499907970905983 -13.683164273924401 -13.867928671016504 -11.766722064294456 -13.160023908766878 -14.695310316337 -15.228651166143285 -10.96506887001024 -15.214328602343766 -14.681015829800371 -12.87875488024916
41
 -1.4537636073852676 -6.229574592060998 -7.165226764148051 -7.364464784459671 -6.8558815557187796 -8.460862719603975 -7.984179712603734 -8.320783225498243 -8.136652089083674 -8.088640496733618 -8.447193432966149 -9.087899759641592 -9.84264094146138 -9.98055084718114 -9.775662522593336 -10.51966170042762 -11.09524567440651 -11.45510940474116 -8.393973142151285 -10.939459025028105 -9.126848650411526 -11.860728820143084 -11.97710703742095 -11.761014502041132 -12.379030765511873 -12.695719807591125 -13.07437050203881 -12.544731783233251 -12.405246249879703 -11.698732362506563 -12.59108642679474 -14.240459976980397 -12.607394930185325 -13.649346234971874 -14.464460121991342 -14.870140855492997 -14.444381225095135 -15.005122843088293 -14.885882555737888 -14.133928628259104 -15.854271982374499
41
 -1.4537636073852676 -6.174602201031256 -7.208875969660817 -8.116988468147618 -7.026628719688356 -8.008955483789842 -8.298085172699539 -7.851668665841718 -8.74371178730235 -8.222161193882886 -9.44918086329317 -9.817105683100841 -7.895179916821847 -9.738920299244787 -9.677778893435512 -10.448740532303939 -10.732440082499865 -11.044994581035464 -10.897709381580054 -11.376426183565272 -9.854993314008082 -10.489169352066746 -11.500691937573244 -12.280099039976166 -11.136411228898668 -11.43392429715962 -12.042672833340408 -12.897712926360093 -13.795762731544686 -13.68349950759162 -13.702854987470586 -13.828068838651605 -13.73759662179547 -13.699205661037784 -14.429987124765857 -14.372100754115177 -14.365523500123855 -13.218847894247439 -15.311791563067688 -13.155822397846125 -14.955933700092077
ADAPTSAGA
10
41
 -1.4537636073852676 -5.811425629260782 -5.797158860475842 -5.083424223034143 -5.7589240026179676 -7.0757759545613625 -7.302402237567741 -6.99552183510303 -6.5438505375541345 -7.757487188851952 -9.117189086725721 -7.123449610464933 -9.09453353469987 -7.453782218630871 -8.157398320567134 -11.928263679867952 -11.802026028743835 -13.228354161830735 -13.077453907939056 -12.26970432258312 -13.568924323414196 -12.466295645566452 -12.69262985294138 -13.185547738378956 -13.46843977153855 -13.387994774428384 -14.684185350443522 -15.365813602846863 -15.431903059306268 -15.655423349567318 -14.651188411555617 -14.625123674476823 -15.90908635703861 -16.209773173516037 -15.217665540888648 -15.08459878380473 -16.638473690169313 -16.495600035149067 -17.27195648385281 -16.979027183795964 -16.488407082858043
41
 -1.4537636073852676 -4.886230926880997 -4.863576194917219 -6.2309690128374715 -5.565485610595204 -6.853388673743878 -7.488717058237037 -6.863672992601325 -6.279971135657932 -7.815179298635627 -8.420146010077216 -7.389399371539085 -9.17961231608982 -7.692915533611053 -7.713995425019453 -10.3428366681944 -12.05090461180757 -11.611527169719487 -13.156289596784575 -13.413357273088605 -13.981036372710758 -13.569501807742826 -12.579479685687838 -13.274430763265372 -13.725512132183495 -14.983279441602434 -14.827586931137278 -15.219654173249738 -15.009386129553631 -14.398522723951336 -15.287149187456022 -15.585589597907218 -12.458252142630293 -15.66203109821876 -15.776838948685235 -16.353683432977597 -16.759488126219757 -16.46415174436957 -15.843342133316952 -16.86919847576251 -16.58471705747811
41
 -1.4537636073852676 -5.188380423190485 -5.330276640403776 -5.84751730548475 -5.969133373264918 -6.877445108998315 -7.219194810636759 -6.412614046689224 -5.954383238038774 -7.210854452713677 -8.511809732233528 -7.564986399369289 -8.971594704373706 -8.28808746837443 -7.817037989230607 -11.551871736109774 -12.674810984596526 -12.643465823812681 -12.56204514111198 -13.491035792895877 -12.10842760168711 -14.325920692740352 -14.171228763226058 -14.636397084766184 -13.626960018557863 -14.441396759142734 -15.01268203659933 -14.910685576140592 -14.631896759916454 -15.68808411949057 -15.590541188419683 -15.290794273211077 -14.777215540600283 -15.596474768138 -16.14604264122532 -16.334922470675387 -16.658193142373378 -15.728270549031679 -17.463194008203367 -17.062170992739798 -17.5681593096067
41
 -1.4537636073852676 -5.021405623735654 -5.796317908437297 -5.275214575021788 -5.865267453777961 -6.565551905539445 -7.735028290967946 -7.001869873959751 -6.089358399498607 -7.539473920656407 -8.423100786613764 -7.12282388580659 -8.877081609595573 -7.586327011158681 -7.609860150559657 -11.503198030489969 -12.685724924937718 -12.239917795267147 -12.41500411275016 -12.916230103488411 -13.091857829553067 -13.692955963813462 -13.01897777158909 -14.501840721231133 -13.770426584702749 -14.599076374711768 -14.691148019751356 -15.050319984099634 -14.279985385848539 -15.15278281101128 -14.757937283356393 -15.713615009023032 -15.188662783161055 -16.30643301333119 -16.324513272336475 -14.745848215154801 -15.252091275712033 -16.58626969788462 -16.82852700639059 -16.681851713094915 -17.37636452552305
41
 -1.4537636073852676 -5.832155834426224 -6.260187419135298 -5.317795645103251 -5.459281180894807 -6.788206204238704 -7.44435508702145 -6.496620371154537 -6.399585230302331 -7.619135378306252 -9.15708198111478 -7.573191238159043 -8.683946167306605 -7.539083389601239 -7.741352202435308 -11.206107089803577 -13.083406273892617 -12.7732930913864 -13.158621023551342 -13.539673247399163 -13.692482509976038 -13.908451375327129 -14.115825682512707 -14.21813610609311 -14.285193858508228 -14.255762061938299 -14.690486063121933 -14.524237980535657 -14.97844308884951 -14.212178882892255 -15.862118649685074 -14.550181712599798 -15.868229203610142 -16.15343847839208 -15.033022259431137 -16.608191070772037 -16.27586498792819 -16.71996182727466 -16.670778251099538 -16.560394788440746 -16.87954563329589
41
 -1.4537636073852676 -5.536435127178634 -5.069131496870892 -5.4001843707586215 -5.516040298811037 -6.149520845547748 -7.551959512075406 -6.812844798613593 -6.753567391595386 -7.111224065454813 -8.505637808744604 -7.322139513906795 -8.766690745628296 -7.57334077564806 -7.67035973230485 -11.481050781008072 -12.6264738766836 -12.745313044375955 -12.309276057364382 -12.609673082794597 -13.053860878668978 -12.212854546093665 -14.344760652570477 -14.001271609770548 -11.247494156912307 -12.933354822348338 -14.278258795753683 -14.935938047174824 -14.631724657833246 -15.12345542861741 -15.321645928266088 -15.11491555144553 -15.15911689148545 -15.838881277588081 -15.195546776398055 -16.689090067790428 -14.739471893766588 -14.007012078176704 -13.369614209044952 -17.05037933286564 -17.576467010047892
41
 -1.4537636073852676 -5.631010429358565 -6.544380111693414 -5.2391208130017 -5.645833158866053 -6.633930856528999 -7.112285177065053 -6.6292594928020145 -6.3534438957793675 -7.748542827537215 -9.174600828579788 -8.023094894967965 -8.59150582406247 -8.333119206686021 -8.091744127522928 -11.201135629343492 -10.603823104626729 -10.552930594727487 -11.73178357781352 -12.637359308512442 -13.711087290433527 -12.347374052129862 -14.05187063425802 -14.207284204692728 -14.402859763256483 -13.569454087791645 -14.7267865823565 -14.622161333208009 -13.254045054707868 -14.936289254502894 -15.703288540220768 -15.214126049002402 -15.493207340514807 -16.053089234513134 -16.61982649271519 -12.859854318973104 -16.01668401674732 -16.871833027370634 -16.762876984803285 -17.3232417845093 -16.8562818236604
41
 -1.4537636073852676 -6.2947400085670315 -5.839519026608057 -5.471972415326026 -5.926465244631461 -6.781642353460536 -7.793959662849832 -6.941572985254456 -6.628255049945788 -7.130760798327658 -9.078871237682428 -7.493462359707996 -8.865345229614524 -8.075979827436482 -7.5872759157994 -11.708717269330906 -11.972873678249423 -12.803768948929289 -12.617456130687442 -13.519864229963105 -13.607226305709224 -13.655017346038596 -12.3365320045161 -13.848031575380093 -14.595112847488553 -14.757351307797636 -14.418301296813008 -15.388966342634017 -14.274123516517786 -15.324606956490697 -15.516027458952157 -15.658633584534245 -15.720351792456738 -16.14784841251863 -15.133050364079075 -16.042767873041875 -16.477894212549025 -16.95045526887953 -17.002221896213552 -15.999434849800886 -16.28456297500847
41
 -1.4537636073852676 -3.892760775673205 -5.130615118183106 -5.186993745887778 -4.988534269627609 -6.756059034522622 -7.442778004513094 -6.504754499818186 -6.75240466472259 -7.815426430398156 -8.518876951045586 -7.801557624392807 -8.765525898833781 -8.023569647690566 -7.652582149310085 -11.390963704924706 -12.768633333751488 -12.289180618325796 -13.027417845307204 -12.838185160578938 -13.386906193680595 -14.21985225653765 -14.200999075713398 -13.039458218150513 -13.161190932363724 -14.389253592300776 -14.888142529605464 -14.047319431295529 -15.356167031986667 -15.75580399809105 -14.796169402555236 -15.50440522362033 -15.781293049710863 -15.9732450938524 -16.2458690582198 -16.545932343797386 -16.108988992937896 -16.50546136796322 -15.87263857620048 -17.188421326756917 -16.433689053302437
41
 -1.4537636073852676 -5.373858522788582 -5.395079709553917 -6.03718609984741 -5.690215575418868 -7.0001781582663885 -7.419474917065255 -6.966660601866971 -5.887072462347981 -7.465226165724734 -9.047531067523765 -7.5029998846454005 -9.059979897554165 -8.029360252638263 -7.326466441272201 -11.507244777546681 -11.373152598610636 -12.881567682446047 -12.176107877417133 -11.266985423099186 -12.817863297262978 -13.46125564688655 -13.79486942758385 -14.147019530588592 -14.362863473322854 -13.66765382883192 -15.000414168107001 -14.178692045528928 -15.329181046723305 -15.164437146570533 -13.888588723609482 -15.781027955022868 -15.592282169898253 -15.780335186446091 -16.077858686062118 -14.675234869216588 -15.165988990805586 -16.945150522752073 -16.433182278570925 -17.176728207894303 -16.90409851971155
ADAPTDoubling
10
41
 -1.4537636073852676 -4.57503095821292 -4.983695316019937 -5.663497752947358 -7.19501167583364 -8.114007622320312 -8.45351448736103 -7.98665528862012 -9.643852215957969 -8.091796973145483 -7.979893444692995 -8.740794073714497 -8.88656846021194 -8.741983082977226 -9.284556118975907 -8.091674801485672 -10.271724541093006 -9.857909531689515 -9.09858789198796 -8.375700192230882 -11.09245361685103 -10.957821421987877 -10.634471541753687 -7.976615736232635 -9.939592890287408 -10.849644345935628 -11.999018473832729 -10.703630830512074 -10.776287775772175 -12.018335555941905 -11.141013812732798 -12.943462100701025 -12.534806488524934 -13.179009717512617 -11.343564905131476 -13.002018547573389 -12.63974080046802 -13.707469496866933 -11.98716415678012 -14.80831609424036 -15.018952303323742
41
 -1.4537636073852676 -4.482616291807615 -6.671089779214119 -7.265878684983904 -7.711445861982435 -8.0525290480529 -7.952368106743256 -7.959212179522067 -7.6699916039943545 -8.085607795990972 -7.003046526075162 -7.936332779842131 -9.192716304650418 -9.519524116395319 -8.71873072355037 -8.399496825781762 -10.109132053055705 -9.977297718043213 -9.963095539235889 -10.551537037486156 -9.34891512320941 -8.879596771913171 -10.499109881659077 -10.043918718875123 -11.39956764073511 -11.181547955944957 -11.632308746867604 -12.137183413942978 -12.687931613860608 -11.7464102983881 -11.71270429809316 -12.641257443369856 -11.518068796606881 -12.908223709501907 -11.570295903399128 -12.44992175476212 -13.487784083749121 -13.042634449990736 -14.244559188327905 -13.068367551580673 -14.529109674310963
41
 -1.4537636073852676 -5.677085486306122 -6.626342369128488 -7.16501716147064 -7.511304986573047 -7.760313744946492 -7.895484760150334 -7.167223097521383 -6.699292430819742 -7.465629142290393 -8.681154809719581 -9.116676537656506 -9.343757275705736 -9.716211998661638 -9.993624162347164 -8.940042459872318 -9.211129669210104 -10.386685142368314 -9.545302281201044 -9.475664942214465 -8.94466947522194 -10.721556159389099 -10.096876065689516 -11.37399238574669 -11.807982903956386 -9.363519386061277 -11.096040999036264 -12.102854753277214 -11.522547652157854 -12.045297007968061 -11.925207619397995 -12.566281752067088 -10.276337367337351 -14.332203335414912 -13.605630238501673 -14.007435875864463 -14.478002928236286 -14.266169051022965 -14.033778411185123 -13.201554793568553 -14.622256429075549
41
 -1.4537636073852676 -6.636944444164188 -5.325252733979568 -7.317964093168369 -6.54789802986494 -7.3276943557716265 -7.575791383560939 -7.663881032552255 -8.1600490837299 -7.790652600931263 -7.193319371444415 -7.638705681247399 -8.815759026719908 -7.596864120293228 -9.679373868005431 -9.804450600195446 -9.661302526169942 -10.445361172189624 -7.354487650742753 -10.006229994656213 -10.90135428464694 -9.79116987692936 -11.412653078104874 -11.930599623420054 -11.719513224467072 -9.788751668929685 -9.585797581431306 -11.784198808679088 -11.92943683967811 -12.339990996038066 -12.08476126717536 -12.582243618018326 -12.88866710577911 -13.183796899778375 -13.527340130821424 -12.878282590156203 -13.968080758278658 -12.614780759521777 -13.023293376929583 -14.929985543721292 -15.056867556670587
41
 -1.4537636073852676 -6.407019676241018 -6.080392826934862 -7.260889778745945 -7.223801682768531 -6.865413385709944 -7.929477334327115 -7.639953144419081 -8.180754274503387 -8.420447274246623 -8.756790754086012 -9.607337398957583 -8.303175933646518 -9.571866706866741 -8.47554500171857 -7.949583757141006 -10.457269975851437 -10.084241036786977 -10.251444161138696 -10.037102941220668 -10.3575672876146 -8.746098542008026 -10.978580421753184 -10.476055808155698 -11.679138675051322 -10.6322155137776 -12.236672928522713 -9.29387250988491 -12.507596465925742 -11.856505299118785 -12.986252917906663 -13.018686795518466 -12.862878476569907 -13.401276618258915 -14.27493441472775 -14.102652897709385 -14.12480706019068 -14.176072636669348 -13.556543026346294 -14.973227800460448 -15.366289523764227
41
 -1.4537636073852676 -4.500957498025114 -6.773044939635655 -5.221181362644374 -5.534926108423524 -7.844998305315748 -8.401598480767861 -7.170375441872451 -8.17858730597399 -8.565313004785578 -9.321010389959023 -7.829783673922427 -8.923755771239582 -7.333075298107279 -9.224307589226374 -7.911198129270248 -9.669870409467428 -9.379081673003494 -8.334258487791962 -10.416280946690268 -10.978160963452522 -11.021954344437189 -11.191601761148071 -10.614855815557533 -11.064636434633728 -11.611817216053911 -11.148858554875174 -11.680940404868347 -10.888282983636834 -11.696204288915578 -12.088157384761562 -13.358080766780475 -12.210526145216559 -13.107600740369007 -13.768004850551355 -13.28401437333811 -14.02499291117618 -14.68915901311456 -14.180978209856699 -14.862192617593681 -15.550460139633351
41
 -1.4537636073852676 -5.950752747624894 -6.33383645494944 -6.565524482879006 -7.10591883282268 -6.82955755398467 -7.44304097235168 -8.199983801279457 -8.143661297288103 -7.92212940948571 -9.426252494147414 -9.417607703671198 -8.896078304300756 -9.769050069930316 -8.389918577344128 -9.501802670224512 -9.534196685829276 -9.963078693943254 -9.488562774193992 -10.04682684577983 -10.10455962144787 -10.763710099305726 -10.91519001758659 -11.83138452439349 -10.780118688802144 -11.140044389039847 -12.091429850318658 -9.671092473042732 -12.309491549546653 -12.315141459494047 -10.963490002892398 -12.241917364505564 -12.498406197652201 -13.603040837036259 -12.850529834521843 -13.112218132812254 -13.934421111126298 -13.171574538986812 -14.586256125972426 -14.153756594313567 -14.22542855686685
41
 -1.4537636073852676 -6.161360355145759 -6.904640026558474 -6.966149661571493 -6.478950445858654 -7.608210908491706 -7.664919694754741 -7.476890089180068 -8.470719062290758 -9.024016759354076 -9.208193453501892 -8.29923828232924 -9.653686962108436 -9.531363050585092 -8.391793177529127 -10.08993252311078 -10.187167514149298 -9.43618263101732 -8.961963520680934 -10.766864012626169 -10.305738213365961 -10.66095384893016 -11.923882569893552 -11.01253151663401 -9.806315053630165 -10.675646126684795 -9.518322602520039 -11.661003694316221 -11.930130580092163 -11.015768894341353 -12.18483302300686 -12.426468412821563 -12.58811171494954 -13.632828288410822 -12.17470442997314 -13.732506430300495 -13.81035583165611 -11.504559666133082 -14.489128465035279 -14.171876638025651 -15.152637199679674
41
 -1.4537636073852676 -6.23311916869604 -6.911663506726384 -6.241517597166495 -7.250985552363547 -6.751279643644781 -7.919731788623955 -7.643419144233831 -8.158237919782975 -8.590114454599771 -8.117067489001279 -8.367010541637034 -7.708429607411752 -8.116677995712156 -8.925813389232598 -9.630708160014926 -8.767639534507836 -10.181493715986074 -8.630039690482855 -10.763386388609725 -10.641617843684202 -9.731824343987684 -9.799938032278082 -10.462397796294244 -11.548509913097458 -9.561501719456619 -12.160573335710723 -12.464963895705063 -12.48711374616745 -11.550420996972111 -11.664319314766166 -12.909796757008145 -13.320089649517673 -13.109873025856853 -12.636548731157923 -12.74886037439076 -13.122334791077561 -14.267720620134458 -13.22835018673865 -14.641048648014552 -12.909053521512378
41
 -1.4537636073852676 -5.262292295624356 -6.630423683834568 -7.109973130997542 -7.468361655974352 -7.792174952312889 -6.829451664829393 -7.590102310039583 -8.285486390083754 -8.803933684252742 -8.86610884835426 -9.655389114943077 -9.049059370073628 -8.97696083415948 -8.309059785210993 -9.751288076821316 -10.011044716301555 -10.331476185001844 -9.419258767558084 -9.475690881085043 -11.000814313600351 -10.804814541059663 -10.583225341933824 -10.512462479075547 -8.570894672774864 -11.405005898768302 -11.59690761977627 -11.725013124138181 -12.234623067715077 -11.438338934220017 -11.855018825418268 -11.546221149425525 -13.192071668497592 -12.843648342865814 -13.511846999075138 -12.662551175187147 -13.645317223808403 -9.701344901944147 -13.789626652206985 -13.2960578760674 -14.832157331545812
MainSSVRG
10
41
 -1.4537636073852676 -3.3346943818761248 -5.157913213457853 -5.4557950769577275 -5.399118784160796 -5.743733911331077 -5.660668864624048 -5.609384505709491 -5.709149810000107 -5.550898264440959 -5.472527755644525 -5.466947607928484 -5.155583092461305 -5.352952143588936 -5.2345643064342315 -5.254615603942399 -5.152788395941842 -5.14258090572762 -5.326190417823075 -5.441049437499413 -5.38741183087536 -5.38741183087536 -5.699544788450215 -6.228891242688165 -6.566238497566951 -6.828765143151027 -7.024321543688731 -7.1386408927414085 -7.248593263187457 -7.382109500157616 -7.468358143019162 -7.490139725857392 -7.538961703738253 -7.5759953569153815 -7.5759953569153815 -7.5759953569153815 -7.5759953569153815 -7.5759953569153815 -7.5759953569153815 -7.5759953569153815 -7.7958830832075545
41
 -1.4537636073852676 -3.4171618146413043 -5.047423995998818 -5.565911148396262 -5.647497090526114 -5.906363368720461 -5.826140716564291 -5.743070127757518 -5.72256837596911 -5.746300584287782 -5.6442991383618235 -5.771811890908951 -5.492969198315315 -5.586526989271493 -5.644107746358629 -5.498624601035977 -5.421694257032821 -5.421694257032821 -5.774780929735335 -6.673008604524239 -7.166435240699299 -7.576010805155043 -7.872727282121129 -8.082571577567586 -8.261255385188726 -8.357160070578557 -8.528243807226135 -8.473096036150151 -8.615992258562393 -8.638632933885956 -8.82843089680439 -8.846368418924303 -8.87438812577443 -8.847654934496656 -8.827098535102131 -8.66738449734064 -8.941896479414769 -8.837228140031103 -8.837228140031103 -8.837228140031103 -8.837228140031103
41
 -1.4537636073852676 -3.3572589680276916 -4.801517917101846 -4.801517917101846 -4.801517917101846 -5.767407910739804 -6.409419685449649 -6.897178041358137 -7.2150425561521265 -7.43759852354356 -7.631771514139174 -7.837244781150472 -7.900877905625917 -8.130679523199742 -8.097212824969613 -8.233463567677198 -8.26807482409623 -8.33845869359993 -8.368518665725341 -8.3522328146958 -8.227989677561306 -8.323917154602388 -8.238277592250325 -8.30477809241634 -8.30477809241634 -8.30477809241634 -8.30477809241634 -8.30477809241634 -8.30477809241634 -8.30477809241634 -8.522219612068076 -9.212032023536233 -9.528351183261071 -9.838537724545692 -9.96451170592987 -9.9681049402504 -10.053661383406366 -10.073052304213032 -10.12095909877026 -10.221856290678764 -10.018058046323192
41
 -1.4537636073852676 -3.3000707662312534 -5.1101454307214125 -5.699261844893128 -5.738182526949996 -5.6609346382981105 -5.6089551585026225 -5.6089551585026225 -5.6089551585026225 -6.744086852861028 -7.308431035096237 -7.63774978757492 -7.802130099122863 -8.010707157929966 -8.03036711476276 -8.03036711476276 -8.03036711476276 -8.03036711476276 -8.03036711476276 -8.03036711476276 -8.03036711476276 -8.414937077862966 -8.672263273159947 -8.880745771452316 -9.022139770630476 -9.159095112822584 -9.295953447531055 -9.40727810088983 -9.43896363426884 -9.474217117370113 -9.474217117370113 -9.474217117370113 -9.474217117370113 -9.474217117370113 -9.474217117370113 -9.474217117370113 -9.655185193179383 -10.037187582420362 -10.095342512355195 -10.113297242708299 -10.198692486921367
41
 -1.4537636073852676 -3.350835623778541 -5.171693288247561 -5.286497960712903 -5.705143837988142 -5.705143837988142 -5.996951474943825 -6.785266074833277 -7.222520712883628 -7.4964654458349615 -7.7610698344988815 -7.9951105906295155 -8.04266112137037 -8.04266112137037 -8.04266112137037 -8.04266112137037 -8.04266112137037 -8.04266112137037 -8.04266112137037 -8.38792216389567 -8.798219486712222 -8.974212371533683 -9.09094575660999 -9.153540436271626 -9.230405209086992 -9.264357293652392 -9.264357293652392 -9.264357293652392 -9.264357293652392 -9.264357293652392 -9.264357293652392 -9.264357293652392 -9.422872886880752 -9.864354278701832 -10.032916256908726 -10.141693140446524 -10.16055342568568 -10.25076184544091 -10.251800124823674 -10.21958060084082 -10.169476119948259
41
 -1.4537636073852676 -3.3768156094549147 -5.195283545900485 -5.792027412563078 -5.348952343480167 -5.853425883384186 -5.729050907335052 -5.9897220174269235 -5.808065899735453 -5.56720933625943 -5.535815399946303 -5.387692076368418 -5.3768498497932296 -5.234226932651774 -5.111161219080391 -4.900853953732397 -4.920078924866629 -5.125977449855424 -5.000014189462461 -5.000014189462461 -5.000014189462461 -5.521815339493584 -5.994132962689038 -6.36041849671316 -6.680856436892078 -6.913344512044485 -7.144963881302991 -7.144963881302991 -7.144963881302991 -7.144963881302991 -7.144963881302991 -7.144963881302991 -7.144963881302991 -7.144963881302991 -7.633229527576942 -7.9601970116661755 -8.240027367953251 -8.462413599973845 -8.619877882670409 -8.772871908472293 -8.863360849028634
41
 -1.4537636073852676 -3.330660709449064 -5.264762007920027 -5.58363148503561 -5.9822143443502025 -6.229442234311131 -6.3216461742719945 -6.501046735001653 -6.615318948084833 -6.407767738575197 -6.407767738575197 -6.407767738575197 -7.132085411263018 -7.557475914134894 -7.79435673279915 -7.9119061435872755 -7.99333831040709 -8.085088882062792 -8.088717271053985 -8.174747981133098 -8.232552439367879 -8.23395355624657 -8.15813629904715 -8.197966236604799 -8.210231668433602 -8.20311462554793 -8.302946363179009 -8.23750392946515 -8.233562679299002 -8.233562679299002 -8.233562679299002 -8.233562679299002 -8.233562679299002 -8.233562679299002 -8.233562679299002 -8.38510880628582 -8.949513117476165 -9.235272817004711 -9.416802692442245 -9.509131936072801 -9.509131936072801
41
 -1.4537636073852676 -3.3353617819400645 -5.039452245733214 -5.610537987268207 -5.854624359917384 -6.02212385592079 -6.178778534932963 -5.985829037829894 -5.90414323859981 -5.9996235835091385 -5.878921949141475 -5.7700434888776755 -5.8175057504663865 -5.728315270144066 -5.6499822915061255 -5.673179691016215 -5.673179691016215 -5.673179691016215 -6.184678192527727 -6.6105109555906685 -6.963574945426489 -7.243074881097321 -7.4176956697915895 -7.595960770259309 -7.709159614710555 -7.856690213233273 -7.893124714737078 -7.951013552679605 -7.951013552679605 -7.951013552679605 -7.951013552679605 -7.951013552679605 -7.951013552679605 -7.951013552679605 -8.217955450908777 -8.513979600196995 -8.745840226169479 -8.826528811793235 -8.87020688117018 -8.87020688117018 -8.87020688117018
41
 -1.4537636073852676 -3.4334544049405866 -5.13172645473522 -5.484992395723317 -5.484992395723317 -5.484992395723317 -6.2995927364002124 -6.589082721299977 -6.589082721299977 -6.589082721299977 -6.589082721299977 -6.589082721299977 -6.589082721299977 -6.589082721299977 -6.790346350114209 -7.268125690715198 -7.644168553722931 -7.941291344571953 -8.199316646148306 -8.423308612900438 -8.588884301687647 -8.742990888123009 -8.854481001928608 -9.018273803332894 -9.210026176984082 -9.284789299553205 -9.13335849214562 -9.411357254843029 -9.414846639146427 -9.552527034617958 -9.53110319382533 -9.550037710697396 -9.525739825082418 -9.525739825082418 -9.525739825082418 -9.525739825082418 -9.525739825082418 -9.525739825082418 -9.525739825082418 -9.525739825082418 -9.968000029571256
41
 -1.4537636073852676 -3.3242228401276868 -5.065092718800457 -5.065092718800457 -5.065092718800457 -5.752222158071189 -6.475131840550016 -6.94683157300726 -7.3828117549920975 -7.64139350828434 -7.875223526701785 -7.945555889485869 -8.043472226903406 -8.157699449245966 -8.157699449245966 -8.157699449245966 -8.157699449245966 -8.157699449245966 -8.157699449245966 -8.157699449245966 -8.615221059839875 -9.022837137104023 -9.229929253116246 -9.335254942017942 -9.443097694899597 -9.44118391944613 -9.60893023596587 -9.614874701624775 -9.670968915643845 -9.754784768236206 -9.788519669334844 -9.80936029267686 -9.840949971483052 -9.852858609450568 -9.734253090992675 -9.823594398732634 -9.86629398506828 -9.939048700699628 -9.898936299446207 -9.954776664000208 -9.946986589122242
SGD:0.05
10
41
 -1.4537636073852676 -5.828507226350673 -5.049430070213173 -5.940335811048484 -6.5456049837552275 -5.64678568505617 -6.141779168327739 -5.414366557746137 -6.780767188835171 -7.009967614021542 -6.136307590608524 -6.2078609833153 -6.0646264584467175 -6.847363636997475 -6.728154469255985 -4.668126890580852 -4.531147841302792 -5.419542686924467 -6.270728109202752 -6.220628047184435 -6.50370553899586 -6.499583622817041 -6.203092817527874 -6.391513892346235 -6.632719355898869 -6.145702998914904 -5.002735565199168 -3.9578685994673277 -4.493390177947183 -6.767593498353487 -6.650254865290279 -6.219443542729519 -4.216133068644094 -4.884884733186797 -5.375713043971163 -6.357378605085397 -5.556566803109565 -6.702782565341793 -4.882274962369027 -5.4150737023978195 -6.298219072977424
41
 -1.4537636073852676 -5.882064398244193 -6.1578685751940885 -6.953691475910923 -6.119882855332136 -5.858730070489417 -6.808533756877891 -6.128500949933134 -5.664775734816451 -5.377496773875307 -6.504167953962089 -6.501077399296538 -6.018144424455128 -7.087187612918767 -5.460469996617504 -6.124028749095995 -6.75148455899906 -5.580302412991662 -5.961827056032026 -5.842342088858408 -7.003498106411935 -5.790907808411044 -6.839819508946959 -5.457075623553818 -5.241665091141656 -6.663491303286835 -6.410772935570566 -6.33648613268519 -5.014694365450964 -4.4918911660957725 -5.938777986841586 -6.058277287091347 -5.169207333868389 -6.58064666406166 -6.6280673289748595 -6.379032818103832 -6.899520187501375 -5.122221716080829 -6.434417471540142 -6.4473768475610065 -5.437815120985187
41
 -1.4537636073852676 -5.539705046086124 -4.76326095916565 -6.031621297369878 -7.032931175608458 -5.265992272913131 -6.677861750357501 -6.321362968025392 -5.161451881492147 -7.059305227391669 -6.441786385938878 -6.141581591187371 -6.535097832617167 -4.797944343562152 -6.564971703667459 -4.5199852099826 -6.520556232224765 -5.907677905325893 -4.21347196280346 -6.783429277478085 -6.33550678410671 -5.952122618016852 -6.003139971579306 -5.68425407199457 -4.946673018032959 -5.859470602752972 -5.608829700934425 -6.608559350942428 -6.268333730645305 -6.103012533469131 -6.581778431457848 -4.979605155676553 -5.054219958245276 -5.3248463526576355 -5.608772179674967 -4.805333464946065 -7.187582699680698 -6.571716342906713 -5.408570844379149 -5.449734940646139 -6.884675673747427
41
 -1.4537636073852676 -4.232050764501022 -5.836319187109995 -5.8610099397692945 -5.080416782453125 -6.744025545691471 -6.527053234568089 -5.140007012614444 -4.209211602909159 -6.363031397102861 -5.878123235455057 -5.674329991027134 -5.420073939707769 -5.469362923695007 -6.414816531504776 -3.7492651375834987 -5.655511903208642 -6.248393438774342 -4.556274764158958 -7.526207603136269 -6.0688006301715465 -5.81431827077908 -6.290535550223857 -5.412784743212897 -5.752876502205722 -4.9389498144849755 -6.001249061127535 -6.1967589453134035 -4.624288343889283 -5.317072812071742 -5.296372954732525 -6.255133199019995 -6.1927084904112135 -6.138583257630281 -5.029584902146433 -6.415767301086038 -5.503745320077747 -6.128933690703197 -7.145517824787161 -6.071970584687984 -5.678602643088359
41
 -1.4537636073852676 -5.956984709259481 -6.360107259526238 -5.921617166240773 -4.622436706329632 -4.483003984976941 -7.1187767839372516 -5.88106385663591 -5.464589579049934 -6.963778589928374 -5.292179665070073 -5.867958934468266 -6.806363310652704 -4.901726040388669 -6.298732147175506 -4.35443060948047 -6.166314953384796 -5.446463244514697 -4.851713533756595 -5.139258685827021 -4.793892331145813 -4.62072602375043 -6.002715424527474 -6.244310304143442 -6.630050260573496 -5.395965914454274 -4.463424093097223 -6.330286395544832 -4.841247541149765 -7.004627093345976 -6.108936834422304 -4.614141650214186 -6.78961226102306 -6.447021822512194 -5.506116059696726 -5.598967796483576 -6.8440845132089265 -6.618121226731589 -6.372775896482462 -6.6242199690130255 -6.405316664231774
41
 -1.4537636073852676 -5.700185849819632 -6.2173292034005945 -5.0747008491595835 -5.948489252876099 -6.184375121586822 -6.022933896458853 -6.907931472557549 -3.8869059355890063 -4.544462359381841 -5.29473157637044 -5.86582258408057 -6.463744565320786 -6.269347657780366 -6.787684262791397 -6.07533484181997 -5.34825315817783 -5.48690989299504 -6.079327847926618 -4.955295375485238 -5.702213667560583 -4.982525105256358 -5.177908601689623 -6.670611437250644 -4.781239066485351 -6.661206884064578 -5.8180754057199895 -6.798047488077581 -6.374292831973963 -5.769781818322733 -6.2405484445715524 -6.341562780399164 -6.454888029440982 -5.674254863367206 -5.973051330384277 -5.311455019289352 -5.753707378588159 -5.545500012154352 -6.424513211045078 -6.0816240758673015 -5.7080166222539015
41
 -1.4537636073852676 -6.140509383246228 -6.381252009510459 -6.249866875975494 -5.4452331631868764 -6.486796951757589 -5.055529964518394 -6.008082120582776 -7.0107634527627605 -4.875137066139135 -4.139042215827195 -6.718696634851158 -5.096307837110593 -6.752633943781796 -6.028319243873354 -6.417156629169511 -6.577189897703187 -6.65848691649592 -4.310590523619357 -6.702257144902676 -6.844702117964325 -6.115386431947399 -5.888954465940485 -4.035250599354547 -5.937041607002247 -5.299641023415204 -6.503406439727381 -6.691193750410431 -5.311304806153986 -6.455245716955824 -3.918731195536927 -5.003383857288313 -6.892728225052103 -6.38214779466038 -6.4304896125554984 -6.126546278326237 -6.444716782330401 -5.855964627372575 -5.658424520591223 -4.775176225628821 -5.765831033331363
41
 -1.4537636073852676 -4.544498488059709 -4.847878184508255 -4.921955486492993 -5.210358483464491 -6.502397340536758 -7.339290814324749 -4.196578501291882 -7.1297780850670565 -6.180647007095569 -5.065449581212704 -6.63095306304655 -6.579331595695982 -6.158493802347876 -6.282439457654645 -5.285461948329217 -6.884184774885373 -5.890799885530945 -6.19082939862592 -5.597622766053858 -5.345084091232456 -6.787546551237102 -4.278846599767892 -6.923415773340316 -6.918086364236397 -7.139378589274748 -5.358312161596111 -6.481717167967315 -5.03164746428044 -5.2268501487349655 -5.924834844359652 -6.400236984085722 -4.534940459903553 -6.450729683463321 -5.255691125201404 -6.744355432602099 -5.374184016723516 -6.580266712544844 -6.584617075765719 -6.015859532455824 -5.3830257083117345
41
 -1.4537636073852676 -6.59059274789908 -4.652664759529286 -5.182688357110031 -4.771682124689111 -7.37969028722061 -4.765880471177088 -4.112675328213501 -5.357893793584832 -5.81922641601873 -6.903173912391877 -5.969513579200034 -6.752202490573179 -6.68237792712617 -6.537054459667227 -6.432110832540978 -6.5615176319140875 -7.065311207318538 -6.773540798958293 -5.71167982323957 -6.483912696102949 -6.147457929376494 -6.467872572194889 -6.313590958383307 -6.572869802620309 -6.198094053376184 -7.402384392799774 -6.279762707826623 -5.668271995052778 -5.483661737316129 -6.228434231780006 -5.143902146001415 -6.8272303068776905 -5.867661658020238 -6.736277436415573 -6.535480089338939 -4.957442983437726 -6.504400037317656 -6.823155560475474 -6.432508058167099 -4.794756221670832
41
 -1.4537636073852676 -5.9077243738704315 -6.281810596321837 -5.874264914836594 -6.524248321978794 -6.208316147639912 -6.28838415682335 -5.604503988241839 -7.08809634363094 -6.0468864759938645 -6.911940508658267 -7.2667674884922215 -6.426119080637149 -6.276100310006223 -6.63086897971792 -6.61968643320338 -6.830157881703485 -6.5962661692689055 -6.377717362576074 -5.037777597565557 -6.167974133177468 -5.65500540506715 -6.69819322458763 -6.012669999886129 -4.908989528227944 -5.464725752529211 -5.6017383280940045 -5.965956661457075 -6.160660861686753 -4.547070435497649 -6.370195083258078 -6.412625950244657 -5.833243262604179 -6.933573214660439 -6.420092622997996 -4.5433342115286734 -5.239402903332782 -6.162049764289722 -5.221715854627491 -4.497595152520327 -6.815633675804669
SGD:0.005
10
41
 -1.4537636073852676 -4.769669709971042 -5.421493131641062 -6.038094181414064 -6.54470899913837 -6.879990546119003 -7.1001912942422996 -7.4655493398342285 -7.666108729485541 -7.740029023857653 -6.928135465994163 -8.016861538925378 -7.5918621512344036 -7.327432361635586 -8.582975320179198 -8.344726226242418 -8.340087145273236 -7.919582359704891 -8.855924631352886 -8.903419244950257 -8.595554319257467 -8.180448480689948 -7.899933233407487 -8.924853412236535 -9.172225340802626 -9.398652308227847 -8.245149154469232 -8.299233077213623 -9.347172365688685 -8.940386563791705 -9.37148665105768 -9.141707348552236 -7.9807151633953275 -9.423393337984752 -9.151858251291188 -9.302270830498653 -9.048538113832954 -8.197268341980728 -7.05397886494151 -9.108036591602623 -8.332574339879008
41
 -1.4537636073852676 -4.7327634657602555 -5.362122910548561 -6.052300891307654 -6.461723346494985 -6.6613955620313 -7.042094444942899 -6.723794731630095 -7.568298237038431 -7.800287709986697 -7.64293205132959 -8.255803712717087 -8.498129400404254 -8.430479346032689 -8.110205595621448 -8.493213198507595 -8.697429609202173 -8.93031735670588 -8.631774634604124 -8.248085887148626 -8.337842220346573 -8.577534570345408 -9.316720586299786 -8.048381822198373 -8.21388978355077 -8.92368853024975 -9.57050331814632 -9.545648437777288 -8.948670937853134 -10.007532917829861 -9.089245222598556 -8.70244737287135 -9.64004739447797 -7.5359166070007335 -9.06219472855513 -9.713220531376793 -9.695249207744983 -9.057559240337788 -10.219789013554346 -7.853317847517682 -7.747767865519035
41
 -1.4537636073852676 -4.643416987482003 -5.348372535712883 -6.059075379978659 -6.518341650769223 -6.749245171540266 -6.798678878625248 -7.42719097616933 -7.552514776903462 -7.636943406789354 -8.209745535383245 -8.392659262657281 -8.508580869853741 -8.372431395828457 -8.27382119156679 -8.703352767240666 -8.541338589037554 -7.613673503126685 -9.217518217618977 -9.21813536762999 -9.361880488591183 -8.309589061306696 -8.729305132355039 -9.047866556806166 -8.779112602891646 -8.453736180763409 -9.609685913815076 -9.295743428775125 -7.474442027021063 -9.278978901506319 -9.814177508499506 -8.773629760496993 -9.750750607109705 -9.627433362017413 -9.392829118188192 -8.08179636808307 -8.81859950789814 -9.24339206485804 -10.047906069084522 -7.741567607035453 -8.726247441214342
41
 -1.4537636073852676 -4.730486814310516 -5.319607903278701 -6.043234323500217 -6.471559801752752 -6.610539431463661 -7.0489948532733395 -7.349772220184668 -7.622530839344231 -7.702409995196582 -7.691648067606174 -7.679718266541392 -7.891253735162874 -8.282071703384752 -8.348070908875417 -7.47375959130131 -8.099135191961203 -8.76874435209165 -9.464438233840937 -9.371666321458722 -8.656677862565557 -7.637636677922293 -8.479587694484126 -9.239096914974063 -8.980974721576407 -9.21538666522572 -9.307229225664067 -9.41629442317864 -9.326269385385592 -8.459838824037627 -9.57957221909459 -9.025064882016485 -9.708427275281073 -9.305113293336147 -9.408717476381414 -9.591564923852587 -9.546491520095246 -9.084872796762314 -10.159700435808936 -8.335902923692457 -9.401060252318205
41
 -1.4537636073852676 -4.549333806162299 -5.508053722064553 -6.019896573259728 -6.364239686463267 -6.373579737667861 -7.094031127787826 -7.294652780990994 -7.596305149303816 -7.923808408478817 -7.694931496464108 -8.320687873988842 -7.83911981102815 -7.991250751078147 -8.384172356675432 -8.647320301815759 -8.861747935880905 -8.819658653163522 -8.829123786625855 -8.01145566556818 -7.7418822207783276 -9.146868150029968 -8.316863286668964 -8.931991923631765 -9.421546573108301 -9.52945426054002 -8.816578591185861 -8.918659775241956 -7.914639527180732 -8.837625881917669 -9.77305347854389 -9.349826443243725 -7.419755641427575 -7.68098946943534 -9.629318875603843 -8.297355840656042 -8.558292869948493 -9.683145045253562 -7.410812274893926 -8.541794231714078 -9.4469132701486
41
 -1.4537636073852676 -4.684741963649757 -5.398740210056933 -6.127463273068275 -6.427056372792441 -6.801769300583871 -7.131659436165651 -7.379227251042605 -7.341916339356617 -7.637126501704179 -8.029663648439756 -8.230976032119075 -7.54699215909782 -8.132876078108678 -6.670316230645247 -7.402671287549655 -8.427163067289474 -8.50587520698938 -6.782676235506001 -8.747221396786559 -8.735825184821001 -9.364681318787717 -8.660054404151527 -9.738186609828245 -9.518366841398192 -9.08183452635193 -8.951280531695252 -8.427773652668161 -7.503508715697629 -8.784206630013994 -9.115786348845198 -9.399086007303188 -9.387441936257762 -8.866680565421044 -8.34461572118802 -8.38346577421598 -9.121860383621776 -9.048742944930225 -9.450006186835736 -7.093529233474691 -9.581455032567252
41
 -1.4537636073852676 -4.651740585315536 -5.449099565348253 -6.0210615524988444 -6.398709644003094 -6.843795926920724 -6.95832239861484 -7.392607774711807 -7.497897339286949 -7.926061005393657 -7.941936040023281 -8.039030127499956 -7.898100276333574 -8.385357212458809 -8.466811944194735 -8.230062730381109 -6.847382939023911 -8.132691243217298 -7.522459147702251 -9.201589795856117 -8.677218290323331 -7.156793180347104 -9.23537273029345 -9.207103466498955 -9.69049722269355 -9.004490374648974 -9.867644005439603 -8.491317085171422 -9.58049582229875 -9.604534952693443 -9.562423639711247 -9.606599062705351 -9.419829309223 -8.83011437159937 -9.046445407699096 -9.269987758316626 -9.656428611095327 -9.36839706665833 -6.220440839193638 -9.49084296532248 -9.130176345207216
41
 -1.4537636073852676 -4.494795977340079 -5.327810295498965 -6.11400085397541 -6.310213482465739 -6.749118887746304 -6.758223985341531 -6.829803462713465 -7.649800596192472 -7.478030689764428 -8.047749532000184 -7.803312594289898 -7.7735544002063675 -8.24181897662459 -8.23790721498476 -8.484460657873175 -6.880438604884754 -8.56662115270646 -8.85359954930883 -8.738343148417174 -9.349400456586793 -7.863222779998106 -8.688481167071762 -9.046854005259663 -9.139319927297201 -9.235661013033994 -8.154410232379334 -9.12951274346233 -8.920265093483813 -9.227277517983083 -9.161153836581692 -10.231876812625675 -9.739046639534523 -8.46001981190388 -9.499277212025785 -9.550516562475465 -7.581604150754877 -9.504713019696998 -9.513053455986759 -9.107961338713453 -8.488441306557245
41
 -1.4537636073852676 -4.616890373068688 -5.473240978835518 -6.010461086713751 -6.631047391551147 -6.949997194607633 -7.072545213738031 -7.314751713213686 -7.334018255660263 -7.428798390465412 -7.93245970680267 -7.670520211367643 -8.495473109494279 -8.402737373295759 -8.330933050445285 -8.838791827697497 -8.96847266337896 -8.353593984070594 -7.531167243474923 -7.542215094211654 -9.238865767083078 -9.365751555664135 -8.534731329076916 -8.843556139421258 -8.360467996935729 -8.430388553424795 -9.06199091973661 -9.50490027100544 -8.949692832305642 -9.844448640758264 -8.75645299935127 -9.303841404276447 -9.766823972086932 -9.65643920430181 -9.847996103526697 -8.865424443040897 -8.790372950237137 -8.712304312677205 -9.244420913655304 -9.358102260586653 -9.276230178589234
41
 -1.4537636073852676 -4.616651756563458 -5.353020972249567 -6.020724342942373 -6.141148170538812 -6.855542824424523 -7.174268804078599 -6.743342955709294 -7.392081980114173 -7.601933764608469 -7.906711597582926 -8.34296587401958 -8.003045079250825 -8.54975297148517 -7.940171530403607 -8.313766965555795 -8.317251951229162 -8.414096559966483 -8.34312891276916 -9.27741834516047 -8.84292588964581 -8.828994809086014 -9.020338148187555 -9.537300323360434 -9.343940196267443 -8.655193598890941 -8.977705365761082 -9.57380805619918 -9.399473525608142 -9.368551183887497 -9.387574420989452 -9.471249169384924 -9.63740852469889 -9.530769858438239 -9.70189739325922 -8.956614421357504 -10.115551201801143 -10.0102711003485 -9.168701828682794 -9.979753902045019 -8.703077394464218
StreamingSVRG
10
41
 -1.4537636073852676 -3.245122908755662 -5.374371228085212 -6.042370475327336 -6.710014551049528 -7.179844370303474 -7.472190274237034 -7.207343722334997 -6.182739335283358 -8.172176231200487 -8.425277980619104 -7.153684908166093 -7.9894944400124634 -8.088670582192822 -8.320380581241603 -8.61792404674343 -7.103335982175628 -8.860133450129517 -8.570413007102244 -8.764946389569623 -9.217246925127169 -8.524071011498469 -8.77627026532265 -8.77627026532265 -8.77627026532265 -9.458743632640399 -9.19153156053262 -9.337438406351994 -7.844158946485538 -9.510694660409536 -9.15468481617958 -9.780689300338798 -8.83985846100756 -9.924288889610102 -9.702810513356006 -9.973834980777202 -9.744450525330665 -9.475195574173851 -9.130049620004117 -8.923097213668623 -9.649095045909021
41
 -1.4537636073852676 -3.382526794479834 -5.214521390513282 -6.0096298151542635 -6.523821934565171 -6.9497899487551305 -7.318982741370238 -7.333715990120099 -7.875151638364319 -7.848696769602386 -8.170546469808382 -7.100388601331219 -8.423005509971272 -8.731359777323798 -7.222506702104762 -6.984963077393517 -8.267837582795899 -8.703769521690424 -8.954649698430048 -8.517214792742559 -8.823453553832891 -9.452482792426075 -9.654885379690672 -8.506453276512376 -8.507968049325592 -9.042093674109848 -7.985032971782554 -8.299539614498865 -7.879320764081931 -9.104791104609784 -7.861330912971866 -8.707430574656454 -9.095172174591669 -9.490614126763642 -9.482078458957433 -7.386830744780268 -8.910274351543242 -8.964926307811174 -8.58853647417613 -9.61291423905871 -8.994277352855386
41
 -1.4537636073852676 -3.364729988983432 -5.299440000742672 -6.151894350731602 -6.741950059979254 -6.920255688397574 -7.229566159122359 -7.1247244460287735 -7.1247244460287735 -7.1247244460287735 -7.927559085546033 -7.271204089313333 -8.018490752380343 -8.12878984666277 -8.086894503151429 -9.153001397935101 -8.348987522302957 -9.081468038720864 -8.87632921157218 -9.290109074963924 -9.532857789537236 -9.535525758060794 -9.038731532595255 -9.091533913653748 -8.000953166655796 -7.760960384518515 -9.327045892242339 -9.615515705517973 -9.518206572214138 -8.990211943443633 -9.597584301713995 -8.45694262273741 -9.704670776655696 -9.395925848769084 -9.515125624017625 -9.35215779506742 -9.55946298661499 -8.477129782706555 -8.323033025682633 -8.802399291180798 -9.131028797748044
41
 -1.4537636073852676 -3.3233489065046484 -5.326349249034816 -6.181807603796687 -6.66723560463117 -7.070401175363774 -6.815989945416829 -7.368871376864627 -7.9695735060850685 -7.386899393478207 -8.447055118902954 -7.6102594561297785 -8.404543962524121 -8.861401072904064 -8.517057987549427 -7.2782769351472005 -9.27743502414137 -6.998009619578777 -8.885705966245382 -8.450501936932998 -9.115768133156555 -8.819267275721348 -8.269188499787692 -8.540443474486157 -8.617834009674148 -9.150987144632023 -9.337436792308468 -7.993331069586504 -8.901144919488397 -8.156625641968585 -8.744620022337806 -9.16870375555843 -9.409175085421182 -8.26861369597312 -8.538474685038546 -8.295114695300736 -8.691093209446068 -8.796550303864967 -8.796550303864967 -7.082866504171826 -9.691280156579356
41
 -1.4537636073852676 -3.268238731822329 -5.184009208524087 -6.071132007103062 -6.577772567169065 -7.267271213412495 -7.114165943987577 -7.8909258830337 -7.9457532597495595 -7.959613688138288 -8.716348178190636 -7.57823945901369 -8.502573242914128 -8.474150063678485 -7.089297782278612 -8.451531708391297 -8.865632461212906 -8.838405096577741 -8.775837269360494 -9.359050576431661 -6.851391629238499 -8.785002192828614 -8.43109779554682 -9.566916596391803 -9.338208481210184 -8.955437344069841 -9.020631255228782 -9.090329842794036 -7.624589230969784 -8.946713231485461 -9.010992424533123 -6.247563241161267 -8.740857792329873 -9.118013754709708 -7.90076308761651 -9.572929376004177 -8.353721479707044 -8.904281054659231 -9.055126398856599 -7.582093326548114 -6.382137353130735
41
 -1.4537636073852676 -3.3196756810096186 -5.221093959522937 -6.19876948467427 -6.293879402833386 -7.013744538519004 -7.408526566317704 -7.7245144373161665 -7.724329812187772 -7.234885745859225 -8.270454858785502 -8.48260516826047 -8.39158050605127 -8.288590726179656 -8.785469676903912 -7.98992224394185 -8.936799949424916 -9.272951144175007 -8.74570175068741 -9.375712110608704 -7.282625464790596 -8.657252197334888 -8.97592551477288 -9.252992059672547 -7.872210996229556 -7.682562381748056 -8.734246641333607 -8.187941303442887 -8.27452561354169 -9.048339239390833 -9.336788561779207 -9.160345259039616 -8.481770934380044 -9.024986720054278 -8.78221337101619 -7.48976522813362 -10.162564326887283 -8.374839801815893 -7.628745422737294 -9.074160836062372 -9.04897820777607
41
 -1.4537636073852676 -3.2899652519508837 -5.094269952968599 -6.057639923920128 -6.636676836451057 -6.933576465073427 -7.294573737465351 -6.928052265791284 -7.8583505216560114 -8.10485300332552 -8.089791420024186 -6.198871296137309 -7.288798283671595 -8.52467487899231 -8.82743992328999 -7.945852057696806 -8.627734989736672 -8.9354953249591 -8.291463532847185 -8.807820951454339 -8.463721677809463 -9.204720201535133 -6.459037077416344 -9.604498068225809 -8.382848714829295 -7.698797942755454 -9.534692644043519 -8.767288085904985 -6.8495725339194635 -9.30994832454549 -8.606556338141267 -7.249574648602955 -9.638488680756748 -9.703611768229354 -7.758602025077027 -9.025742969355449 -8.579329197471589 -9.709993390501552 -7.3184665694140305 -9.673291939072975 -7.739017628188649
41
 -1.4537636073852676 -3.38631655978646 -5.271725519445029 -6.010144261053661 -6.664487798552963 -6.582602264370566 -7.526873953473711 -7.807880714703188 -7.725810043768504 -7.707689391225495 -7.85706824360585 -7.411452752531011 -8.368182887529118 -7.794127741766748 -8.482910091174718 -8.470856607684995 -8.646526173071594 -8.268101124026723 -8.130076837232666 -7.584118707270528 -7.584118707270528 -7.584118707270528 -8.7174010380349 -9.469381940872093 -8.21548290384887 -8.693569581420293 -8.19095801990403 -9.237487339006702 -9.649475432520433 -9.978322288887277 -10.030550214089109 -7.574781560284251 -9.440202259172558 -9.407031691633996 -8.101226694229998 -8.544809746888893 -9.719567706248952 -9.719567706248952 -9.719567706248952 -9.719567706248952 -9.719567706248952
41
 -1.4537636073852676 -3.221473717214194 -5.342985183315821 -5.445281001664809 -6.768596330606394 -7.015275271322986 -7.464700466265571 -7.673892916104681 -7.790578707466561 -8.229088980818199 -7.698137043530907 -8.49693251625085 -8.692971930466882 -8.40096333078749 -6.172728992509799 -8.272128969383258 -7.953357605078903 -9.119864077898786 -9.037319821978578 -8.342740144349513 -7.866468668180053 -7.799596611487769 -9.43448411232152 -7.210143756967023 -7.911382007372621 -7.911382007372621 -6.618146958583391 -8.852710537293623 -7.984162449696342 -9.280686316583559 -8.627689468953204 -8.755782192515998 -7.791958519201562 -9.126327205803427 -7.8038533649908075 -8.339809309724131 -7.76919772957882 -10.015541756351546 -9.40771929538803 -8.705988185534757 -8.770948869353164
41
 -1.4537636073852676 -3.3166826062040644 -5.3397625662236035 -6.207205585561616 -6.845329782950676 -6.914690998115482 -7.4818562853265576 -7.303781184748239 -7.8745164469011515 -7.878319659813365 -8.284193822221216 -8.535386594403986 -8.047222365520037 -8.623312850507185 -8.748224988821084 -5.960676002790302 -8.171176012568209 -6.861614999874507 -8.877852553506688 -7.509734272774013 -8.648081720142798 -8.397695981740851 -7.696674588142487 -8.92881116194244 -8.060297345077105 -8.150337685482938 -7.461997178566539 -8.455088468503394 -8.777493943367338 -8.341244336495196 -9.795636217438553 -9.138165128933768 -8.390265749273237 -8.551239073696262 -9.75720038540571 -8.321647992395368 -8.297265001043048 -8.706555170559925 -7.790981827474148 -10.074805147888096 -9.043417441045717
ADAPTIID
10
41
 -1.4537636073852676 -5.597465164665999 -6.658522850206105 -6.81514489379413 -6.637714486778991 -7.470621931563744 -5.759342525520947 -8.00147100301454 -8.307148944713285 -7.024095911459924 -8.428115710389307 -8.988035471186514 -8.370375588450388 -6.539304434751449 -9.10727671361759 -7.486679583639756 -9.36791428768441 -9.940588092090197 -9.709665952559412 -9.029860005324752 -8.930987811032237 -9.46812277461133 -10.188675060885062 -9.790765803653253 -10.394148102063662 -10.14753749858045 -11.462627410012525 -10.960262197533552 -11.846011374039447 -11.543716217612733 -12.001571668963386 -12.29619732369221 -12.291120284029336 -12.125516508302765 -10.421420802990662 -13.366056314728144 -13.433864582691193 -13.96153058528314 -12.799179747928743 -12.196406008773609 -14.814030172496533
41
 -1.4537636073852676 -5.507794305241531 -5.4255533194716055 -6.802323930722627 -7.441188719387731 -7.7424220115779905 -7.987975755111456 -8.153037571156839 -7.055173465334053 -7.248560660324865 -7.803773444079519 -8.247617362009239 -7.0852626753127375 -8.967330264141044 -9.7851931251244 -7.591509391566121 -9.691690031844916 -9.04123496769114 -8.960689978801042 -10.047548208487298 -9.887587960311988 -7.537914284269231 -9.734057555818612 -10.278153960759507 -11.188870467604719 -10.018427324394077 -11.082385872959469 -10.736781368854922 -10.472533179650743 -10.683843753932154 -11.810419536345718 -12.33531268073625 -12.120396594103859 -12.453074375621428 -12.708490206535423 -12.896528560738501 -13.68067417877077 -11.431114657253731 -11.042547869746981 -12.526751475406288 -12.838956718627248
41
 -1.4537636073852676 -5.751968629409429 -5.982356676806589 -4.627536707820533 -5.12604977708235 -7.220560341180336 -7.750728164154675 -7.952075117597483 -7.5291684798057 -7.251892493074749 -8.468604069944801 -7.77387263382785 -8.540325072865205 -6.704944617812591 -8.163149965526669 -9.168042606776718 -9.533931373334738 -9.93150167086086 -7.981845420477224 -10.000114336444282 -10.46721111743048 -9.734012261833959 -8.159084247872318 -9.20149338552679 -11.075902606246752 -11.321666671510613 -11.754614236900647 -11.270726800715504 -10.833026191131593 -11.065979919095025 -12.111586467566813 -12.026718707837269 -11.643012919731135 -13.116533338293541 -12.85497082857604 -12.76533429877553 -13.603278308093826 -12.903392541374854 -13.04148309114834 -13.31231008133504 -13.577187616906329
41
 -1.4537636073852676 -6.07707825550727 -6.423973524592685 -5.211664939874245 -6.848969413905894 -6.482446277733092 -7.346206155425459 -7.236602504801063 -7.900750479893434 -8.091589123511945 -7.875465625348744 -8.122172950456855 -8.310600816991414 -9.266789169865211 -9.057797340560278 -9.275337334594782 -9.254273821517573 -8.912654555833837 -9.54227082802088 -9.514628057653246 -10.194088812323201 -10.069534557621841 -10.790414015437001 -8.553915515021647 -11.279740364604562 -10.417746652657254 -10.982906191799513 -11.753910336335942 -11.479147622670741 -10.610914254865301 -11.852387780637985 -12.374551889427124 -12.819922720944845 -13.16458101110175 -13.318993631127425 -13.933721757896722 -13.257601918956814 -13.076498739666086 -14.00473710253567 -14.440979106281013 -13.817899807421787
41
 -1.4537636073852676 -6.16459940791383 -5.025573284589669 -6.433847102516496 -5.892219853035278 -5.395043058266542 -7.101716577307282 -6.8630277638878665 -7.803033792152845 -8.577151864776148 -9.100944803326241 -8.791686909145144 -8.220388180751627 -8.513794946235313 -8.78526916771052 -8.233289058186843 -6.8098892208437665 -9.029434210231612 -9.486404858727692 -9.036649994754146 -10.433862784577169 -9.77009950526691 -10.45794443428017 -11.241272888085044 -10.323482921154172 -12.056485419732693 -10.743302781743896 -11.357954660337978 -11.973241408004238 -12.1471625485624 -11.68023471153292 -12.42674151926022 -11.302127799855267 -12.912258779017368 -12.819356789937213 -11.72896751199083 -14.131333476238346 -12.111560143670971 -13.967532832793221 -13.095390707535728 -11.563604615323547
41
 -1.4537636073852676 -6.047704015333573 -6.759846345245212 -6.714831896953971 -6.960587535148549 -7.5953552373539415 -7.526008606655632 -7.123850928714355 -8.217719632856616 -7.811755179421571 -8.745960138325149 -8.759372718083254 -8.66198428194445 -8.17989893359143 -9.115144450916466 -9.654844189968864 -8.636650236442023 -9.399592217770033 -9.271924460526229 -10.415124447610141 -10.225195288420705 -8.608579799740438 -10.812827677850079 -11.191173635085883 -11.322471542231707 -7.89528286839636 -11.470787850431398 -11.675800633121858 -11.469249526560665 -11.462915564688066 -12.208138095788971 -12.586059152166332 -11.614990377513246 -13.004679281824838 -12.026031181665074 -13.190528449021448 -13.683100523694558 -13.441367980186211 -13.73201176188831 -13.939233394957988 -14.39892095279182
41
 -1.4537636073852676 -5.532506530601948 -6.3854439946032535 -6.624560524042015 -6.950575726862942 -7.338727176649467 -7.8487957397429176 -7.794804086527428 -7.973367698046938 -7.985132600063773 -6.521112250096325 -7.924049415361991 -8.290680275654084 -9.44105181857593 -8.597725737828268 -9.02102918316838 -7.255471355303456 -8.08023485696507 -9.434338615470072 -9.176587002440119 -10.087778985890733 -10.006270626560635 -10.10210043177415 -10.647658031594974 -11.197305601263126 -11.270855629474504 -11.299115182508126 -10.980359416076176 -12.152185107338667 -10.519521466616222 -12.63409338316434 -12.593365642191335 -11.452310597352591 -13.23336022564248 -12.804948961341097 -13.212695307460807 -11.226822796145715 -13.552145815005963 -13.540944863714115 -12.690073467767 -14.611733295345077
41
 -1.4537636073852676 -6.041979354824952 -6.052815432247317 -6.312572282914806 -6.227718175257756 -7.070523473333108 -7.520486865663536 -7.973782086689001 -7.683264366997113 -8.25424858046553 -7.74782532256065 -7.16858727697417 -8.010609894671624 -9.069110102959636 -6.65623513222177 -9.145461384411517 -8.801240283073865 -9.567828172785843 -10.37739717411703 -10.317451319839938 -10.16303855097463 -10.37139237614037 -10.753340895930908 -10.297025414940903 -11.197077354999658 -10.188924464126572 -11.210825781191579 -11.246043720585446 -12.154124703891043 -12.041569660443932 -12.374843981924743 -11.464913059376483 -12.327373677395462 -12.930192311142731 -13.483767101329839 -13.677871344610777 -13.159012328909936 -12.951392977666044 -14.114320386308773 -11.692355790985326 -14.302914979504592
41
 -1.4537636073852676 -6.365391978878349 -5.408005519081793 -7.183929632662591 -6.529596989070849 -7.428559360422933 -7.169417294582115 -7.65305881628255 -7.7936482201150366 -7.562263233218744 -7.945138823918674 -8.32580371308157 -8.433983750632729 -8.467738348985907 -9.233828019812883 -9.45058920340837 -9.580486211214472 -9.596812248100907 -9.711450945780838 -9.63618266894503 -9.348777245653581 -10.239105972297887 -10.216724870760563 -10.749348706264328 -10.262337018828783 -11.686760991111557 -10.333534996885021 -10.814172741606843 -12.030651572881895 -11.543835480511303 -11.567099357356494 -12.413319499375474 -12.99973324204541 -12.442872881854196 -12.330357653325002 -12.9960986048868 -12.773808239420548 -13.87979124665012 -13.385553552877859 -13.585868651014199 -14.065025212606113
41
 -1.4537636073852676 -5.890690474304019 -6.789986865113315 -6.368040293618592 -5.706027957362148 -6.103460297407457 -6.751759247498878 -8.206039198118653 -6.563741416688444 -7.301800370956838 -8.01792654783053 -7.773177350322546 -7.956783064442706 -8.815406476460083 -8.343518450463028 -8.846048414509983 -8.312703335655286 -8.023175242834336 -7.94480662172507 -10.614007480008562 -9.191952238266454 -10.129781147889307 -10.607934395077145 -9.338189525129 -9.81329169033801 -11.20780267961922 -9.623645463654778 -11.183734497703416 -12.261727920668012 -11.12494953458421 -12.33963378216195 -12.4182999654914 -12.963413402017142 -12.88048715794483 -12.12870569556446 -13.194068629037648 -13.541331322483119 -13.353945359581804 -9.188142189087742 -13.901467648860349 -14.675588584309663
steps
10
41
 0 4100 8200 12300 16400 20500 24600 28700 32800 36900 41000 45100 49200 53300 57400 61500 65600 69700 73800 77900 82000 86100 90200 94300 98400 102500 106600 110700 114800 118900 123000 127100 131200 135300 139400 143500 147600 151700 155800 159900 164000
41
 0 4100 8200 12300 16400 20500 24600 28700 32800 36900 41000 45100 49200 53300 57400 61500 65600 69700 73800 77900 82000 86100 90200 94300 98400 102500 106600 110700 114800 118900 123000 127100 131200 135300 139400 143500 147600 151700 155800 159900 164000
41
 0 4100 8200 12300 16400 20500 24600 28700 32800 36900 41000 45100 49200 53300 57400 61500 65600 69700 73800 77900 82000 86100 90200 94300 98400 102500 106600 110700 114800 118900 123000 127100 131200 135300 139400 143500 147600 151700 155800 159900 164000
41
 0 4100 8200 12300 16400 20500 24600 28700 32800 36900 41000 45100 49200 53300 57400 61500 65600 69700 73800 77900 82000 86100 90200 94300 98400 102500 106600 110700 114800 118900 123000 127100 131200 135300 139400 143500 147600 151700 155800 159900 164000
41
 0 4100 8200 12300 16400 20500 24600 28700 32800 36900 41000 45100 49200 53300 57400 61500 65600 69700 73800 77900 82000 86100 90200 94300 98400 102500 106600 110700 114800 118900 123000 127100 131200 135300 139400 143500 147600 151700 155800 159900 164000
41
 0 4100 8200 12300 16400 20500 24600 28700 32800 36900 41000 45100 49200 53300 57400 61500 65600 69700 73800 77900 82000 86100 90200 94300 98400 102500 106600 110700 114800 118900 123000 127100 131200 135300 139400 143500 147600 151700 155800 159900 164000
41
 0 4100 8200 12300 16400 20500 24600 28700 32800 36900 41000 45100 49200 53300 57400 61500 65600 69700 73800 77900 82000 86100 90200 94300 98400 102500 106600 110700 114800 118900 123000 127100 131200 135300 139400 143500 147600 151700 155800 159900 164000
41
 0 4100 8200 12300 16400 20500 24600 28700 32800 36900 41000 45100 49200 53300 57400 61500 65600 69700 73800 77900 82000 86100 90200 94300 98400 102500 106600 110700 114800 118900 123000 127100 131200 135300 139400 143500 147600 151700 155800 159900 164000
41
 0 4100 8200 12300 16400 20500 24600 28700 32800 36900 41000 45100 49200 53300 57400 61500 65600 69700 73800 77900 82000 86100 90200 94300 98400 102500 106600 110700 114800 118900 123000 127100 131200 135300 139400 143500 147600 151700 155800 159900 164000
41
 0 4100 8200 12300 16400 20500 24600 28700 32800 36900 41000 45100 49200 53300 57400 61500 65600 69700 73800 77900 82000 86100 90200 94300 98400 102500 106600 110700 114800 118900 123000 127100 131200 135300 139400 143500 147600 151700 155800 159900 164000
