9
DataDrivenNewton
1
16
 0.20710747385156286 0.1333869347986258 0.12200774046096957 0.08251233212852821 0.0504640878267158 0.023510560145586445 0.012185691516997998 0.0054681056264356265 0.0027145423309534733 9.970893247359114E-4 3.6292626637735026E-4 1.8203056054477695E-4 3.7225465451207196E-5 3.2166150587542575E-7 7.678618851869601E-10 2.531308496145357E-14
steps1
1
16
 0.0 6.0E-4 0.0018 0.0042 0.009 0.0186 0.0378 0.0762 0.153 0.3066 0.6138 1.2282 2.2282 3.2282 4.2282 5.2282
time2
1
16
 0.0 0.014 0.028 0.053000000000000005 0.10200000000000001 0.182 0.347 0.655 1.278 2.534 6.26 12.861 22.664 32.657000000000004 42.825 52.45
newton-static
1
10
 0.20710747385156286 0.056284996763324824 0.012980057717591365 0.0016007903088049447 2.2844007013611556E-4 2.665358900866277E-5 2.0009499541728815E-6 4.573681039454769E-8 4.6017301080780726E-11 5.551115123125783E-15
steps4
1
10
 0.0 1.0 2.0 3.0 4.0 5.0 6.0 7.0 8.0 9.0
time5
1
10
 0.0 8.701 18.146 26.783 35.265 43.83 52.298 60.804 69.333 77.851
saga
1
65
 0.20710747385156286 0.00647946215918066 7.737217577891697E-4 3.4052187414645996E-4 1.1888609466037536E-4 3.4705876014340387E-5 6.674473639139977E-5 1.184769265949459E-5 7.051540715063975E-6 1.8125126413637282E-6 7.962148839690819E-7 1.7555370379618296E-7 8.367137838138916E-8 1.3067303894498394E-7 3.443674517766837E-8 2.33314872977175E-8 1.89775448133922E-8 1.4391800251534193E-8 9.906994169472938E-9 9.4608457179568E-9 5.833778793373767E-9 4.522630991932175E-9 3.4600216580749077E-9 2.6663596885967422E-9 2.0478011508728855E-9 1.5801474018140027E-9 1.2124690695891616E-9 9.277049128897374E-10 7.196534479447791E-10 5.548861370385794E-10 4.271032971736588E-10 3.2986630094100633E-10 2.5365981537461835E-10 1.9575935317206472E-10 1.510940816906725E-10 1.1615403083808928E-10 8.970274523179E-11 6.9226124832511E-11 5.315825557516973E-11 4.108741125108395E-11 3.1711300252368346E-11 2.4440338641795734E-11 1.8870072171495167E-11 1.4518941604535485E-11 1.122862913760514E-11 8.646972027293032E-12 6.689870879483806E-12 5.1325055316908674E-12 3.977707052627011E-12 3.080535826427422E-12 2.3753221611855224E-12 1.8225976283758882E-12 1.4040435480922042E-12 1.0996203947399863E-12 8.573697307667771E-13 6.697420396051257E-13 5.33961763693469E-13 3.8957725934096743E-13 3.159139616570883E-13 2.4741320103771614E-13 2.0683454948766666E-13 1.4682699500667695E-13 1.1379786002407855E-13 1.0158540675320182E-13 8.054668043655511E-14
steps7
1
65
 0.0 1.0 2.0 3.0 4.0 5.0 6.0 7.0 8.0 9.0 10.0 11.0 12.0 13.0 14.0 15.0 16.0 17.0 18.0 19.0 20.0 21.0 22.0 23.0 24.0 25.0 26.0 27.0 28.0 29.0 30.0 31.0 32.0 33.0 34.0 35.0 36.0 37.0 38.0 39.0 40.0 41.0 42.0 43.0 44.0 45.0 46.0 47.0 48.0 49.0 50.0 51.0 52.0 53.0 54.0 55.0 56.0 57.0 58.0 59.0 60.0 61.0 62.0 63.0 64.0
time8
1
65
 0.0 4.30499999999982 9.49800000000045 15.114999999997533 20.807000000002496 26.883000000009506 32.302000000014694 38.23100000000156 43.89099999998918 49.459999999976795 54.39599999996529 60.07399999995276 65.57599999995179 71.4149999999783 76.71200000000228 82.23500000002724 87.58500000005154 93.00700000007613 99.30500000010105 105.78800000012673 111.07600000015198 117.22400000017628 123.60400000020151 130.00900000022662 136.24500000025182 141.7070000002779 148.13800000030344 154.43600000032842 160.75800000035343 165.87000000037784 171.91700000040228 178.1410000004272 183.40400000045233 189.76200000047774 196.11500000050304 201.35400000052806 207.56600000055286 213.5540000005774 219.69300000060213 225.02100000062757 231.10500000065178 237.2830000006767 242.68000000070245 248.84100000072692 254.90000000075156 260.40900000065255 266.8220000005311 272.9550000004087 278.1910000002849 284.2840000001625 290.3830000000408 295.59299999991777 301.6299999997972 307.69999999967587 313.01799999955034 319.2619999994269 325.4349999993047 330.58599999918295 336.84799999906033 342.9999999989389 348.3449999988126 354.45699999869163 360.69099999856985 366.7699999984261 373.2209999983005
