10
SGD
10
51
 -2.3282771158566553 -7.690437604330002 -7.5812392987052775 -7.045673491355346 -10.377422676621498 -9.313458987518013 -10.575344324981796 -10.373804381049405 -9.375784130194438 -11.118884311529644 -9.318311593580185 -8.933939760385615 -11.440670747532558 -9.860176872038764 -10.705054053910741 -11.119543812221297 -10.266343586563265 -12.06993359760895 -11.557229951834062 -12.222069607827812 -10.251018476830662 -12.527569691576055 -12.031966469413996 -11.753817431711244 -12.040665116866393 -12.628568269241574 -10.433391318033795 -11.807744339262607 -11.093765895042718 -12.930210487706555 -12.126608036398338 -11.704719893499574 -12.645638345367395 -12.908352250343059 -12.234591694558107 -11.421525312695488 -12.620693739397668 -13.104124293735458 -12.397409326015682 -11.18853628845238 -11.703194165017088 -12.505698437300303 -12.423015577705348 -12.180360766992566 -12.572585914772251 -10.996100306043425 -10.988195988462818 -13.255885292069255 -11.138413123010295 -12.969403334525914 -13.018302016277367
51
 -2.3282771158566553 -6.6972270803127 -7.4730984964508815 -10.401714083822188 -9.102193979814073 -11.02634616354626 -9.863110789837581 -10.60579814732993 -9.035631376457518 -10.961812591279742 -10.779484977915674 -11.545321357438134 -10.685337122677828 -11.79598564138138 -10.171211463979233 -12.311772733434196 -11.043753468413762 -12.56379723000036 -11.852847041290623 -11.14924098856116 -11.900582349789385 -10.57454830499875 -11.675636833973895 -13.020676098775988 -10.598335006371462 -11.359214779601501 -10.807683027680596 -12.480625510795045 -12.606746382290996 -12.062715930402033 -9.888237654039193 -12.448423405034015 -12.995737023458648 -12.162748963805022 -12.810796126013004 -11.786701746046191 -13.631613085181446 -11.884367342448572 -12.985735173748337 -13.413245097474974 -12.713557526715979 -13.258810186054598 -11.884726604025111 -11.547453211484571 -13.059427981181749 -11.4552824425648 -13.354301748542802 -12.65600012009449 -9.701412769980138 -13.835047348945775 -13.497744819233233
51
 -2.3282771158566553 -5.336415260863812 -7.130590052981349 -9.9487030377964 -10.014363217614141 -10.137432067097558 -8.999311759171567 -10.843099441502483 -9.419033516088476 -9.562056097381326 -11.263487356945454 -11.472589721091119 -11.699728727800766 -11.542870588243707 -12.099840501848934 -10.859645080386299 -10.583312705275349 -10.862635050918472 -12.24310523758737 -11.868100501476725 -10.909672976639822 -12.533945267724174 -12.639349068156644 -8.44520082506813 -12.969668613932575 -10.17123985096824 -12.986483495670344 -12.331794296994667 -12.744243843235447 -12.61679123795878 -12.323890221621717 -12.41446422689197 -12.86711335732036 -12.208794402751035 -13.035568714897332 -12.662196959064435 -12.665014308338467 -10.267435909099635 -12.573451359319717 -12.089182565007148 -12.445690847417932 -12.23541255854603 -12.288408578743725 -12.076627321624208 -13.280475333297069 -11.042871532129915 -13.371006709267535 -11.90030851417994 -12.045798347343862 -13.14895409258549 -12.46548647225125
51
 -2.3282771158566553 -8.472800968257445 -6.9448358714198 -8.415301153091082 -9.637091015571956 -10.369511900634327 -9.457462426065973 -9.372119700389822 -10.97128316864953 -9.80503133141238 -10.376529660471842 -11.440112397629122 -11.352690369548801 -10.993446533918918 -12.134893013182248 -11.169246207845331 -12.608822439095894 -11.005406941073064 -12.466044243406474 -11.074732700533236 -10.30448386138979 -11.514899440167257 -12.652718723843726 -12.515295992206688 -10.861477885214887 -12.631750139775802 -12.064917031540569 -12.041229117346768 -12.880258209918136 -10.299394486858304 -12.474328776241226 -13.110923865177542 -11.145230764396553 -13.55403602509429 -12.912321779075835 -11.352059617689108 -13.204068377231486 -12.66701426075759 -12.075678205566406 -13.288878993159152 -12.744525078163154 -12.93062082423665 -13.411989493682984 -12.80810534141528 -13.28007526002928 -13.652397553030811 -13.145305257462248 -12.40735681980617 -11.53344946284725 -11.985265839239387 -13.406518327465653
51
 -2.3282771158566553 -6.742731989167083 -9.042738523391987 -8.06123685559176 -8.619833290032345 -10.00381968875632 -8.506031551440024 -10.666625347321279 -7.569437844244039 -10.425660916040782 -9.571951269929045 -10.191767705097135 -9.594441213362032 -11.197085990856456 -11.847909884327253 -10.812003175514063 -11.033756898289033 -11.616525415437671 -12.48162512977669 -10.158692295638165 -12.560720769081144 -12.64136669128196 -10.028442846979525 -10.240121536957163 -10.488167259905074 -12.279595570943913 -11.62204047566339 -11.275117047578783 -10.530226217478416 -11.512654267950143 -12.971578525938392 -12.12692452117623 -11.708027204265013 -12.29561170686021 -12.109662101750114 -13.013384487310875 -12.31342370466968 -11.992122954761967 -10.854565990306055 -11.853742619014408 -11.487255291989406 -12.76503953466983 -12.66058814803408 -11.89275519622513 -10.627773972785505 -12.837055395801965 -13.52365834898928 -12.400436522369516 -12.63236055366256 -13.952837496515812 -12.120755963024967
51
 -2.3282771158566553 -9.081567611906374 -7.970101372695893 -8.979798239435596 -8.13677248073808 -9.980231643762366 -11.194423385645633 -9.479961012572495 -11.147621183793115 -11.094598418510431 -10.382866183068813 -11.793450258102867 -10.102183285172911 -11.183001398206887 -11.976082592429107 -11.42863168770394 -11.263949341120503 -10.28098024252926 -11.179187385909618 -12.111153100759713 -10.296697709427955 -12.583671708908026 -10.867690957244317 -11.366678475295583 -10.966946194118009 -10.744128581182224 -12.667045741741678 -12.686836246820866 -11.120888798020866 -12.052492343497946 -11.474312181364212 -12.737344380675225 -12.217043609664207 -10.66367602137437 -12.473724656512402 -11.173719883397192 -12.633422501148582 -10.83992009087202 -12.373447195206712 -13.160023876488275 -12.362973991128495 -12.61396852675415 -12.38068714375823 -12.796611209815156 -12.469809993712092 -12.981214147259085 -12.732074232203288 -13.162623818845155 -12.660406663317316 -12.718564646610306 -13.64869503031446
51
 -2.3282771158566553 -6.308021567476985 -8.47369485097072 -7.092816094825216 -10.747131177709852 -9.138329228738634 -10.87952149043754 -10.996746336815308 -9.98567242519012 -11.858645117412328 -10.153451057405743 -11.708503313112848 -10.096529979340074 -11.94650269022998 -11.013060177473783 -11.440665014406937 -10.721830868711926 -12.450162499389787 -10.734428381246454 -12.37424154908836 -10.245866762253007 -11.341651085195414 -13.036494295910073 -11.188349780893848 -12.348586693260605 -12.673282195168941 -13.186988888844349 -13.6399344563839 -12.457543709835926 -11.280674050882483 -12.576019030632162 -13.204807475050007 -11.340921713939695 -13.185196138258743 -11.396050567810011 -11.114421089411492 -11.990249010896667 -13.055198405637418 -11.77517033293497 -12.623719111132111 -13.307449694087268 -13.827611278643051 -11.984119867142029 -12.86481138792046 -13.130202348519763 -13.201791509306863 -11.319989233369089 -12.671895915806846 -13.733153921687672 -12.97749056433734 -12.896950434903387
51
 -2.3282771158566553 -7.172221327887513 -7.667926163090294 -9.84661818377124 -7.969364606494218 -10.780126753210915 -8.287835630056309 -11.226559936210121 -11.907559984005871 -10.993269336085095 -9.051386239651297 -9.920063959677162 -10.161452495189199 -10.606215771221528 -11.442646541043487 -11.903802703198197 -12.491059763699297 -11.943221678176615 -11.617056443246623 -10.822092804466857 -12.450618663372712 -10.075047033227715 -12.643005083420904 -10.622891700883308 -12.054588474257942 -11.686389935971151 -11.125725779882755 -11.774613068837748 -13.288457526292072 -12.388441698436365 -10.698586344191984 -12.99348214546462 -13.601209070010123 -13.532052010358544 -12.63892747936224 -12.126043952305938 -11.754029663365099 -12.948649790057042 -13.122812764248254 -11.980034434002247 -12.407168437318438 -13.111265573635746 -12.831002090011465 -13.163863961437826 -11.988861450058145 -12.611449802796137 -12.605915495364487 -13.525634501634533 -13.401049142361824 -12.354683968031718 -13.548156474518915
51
 -2.3282771158566553 -7.8544953288160855 -8.025068018695485 -9.704750740633559 -9.11385308016143 -10.815086909083167 -9.420762115557052 -11.229003555496032 -8.94805976421289 -11.887100109434764 -10.684718182820353 -11.01017919845586 -11.493820911319549 -11.9509108873098 -9.945799407562028 -10.940503282882503 -10.650475955488826 -12.59893963541096 -10.639577053959533 -11.453725527559032 -11.795953772369872 -12.774416812492195 -11.928576308894682 -12.12186613550244 -12.173689954795742 -12.500407068713034 -11.778184421626248 -12.52938884322235 -9.71995264303257 -11.140236289810302 -12.826853614697393 -10.587622621153818 -10.370308561639762 -12.308242285475322 -13.072219166931625 -12.859336838766577 -13.001013633297813 -11.94710474908048 -13.529092004449856 -12.336582666304897 -12.033834619388873 -12.843927034773515 -13.208050365415872 -12.472284460185765 -12.522274710774797 -11.695825358271629 -13.334697438796736 -13.879017283450047 -12.373047697888467 -13.410559590880428 -13.924270065249578
51
 -2.3282771158566553 -7.716148882822635 -10.144171135822951 -10.137916912048274 -8.69419531942058 -9.943567974265937 -10.961872159499773 -10.5597849008099 -11.757173262788136 -8.749224371641136 -11.265974639023455 -9.279378376686337 -10.787518831874948 -10.775434426551685 -10.875872990876603 -10.164124051477483 -11.10311142854792 -11.726570013023819 -10.491680478910789 -11.775887157008805 -10.264233905923161 -11.041370088448579 -12.446426821022554 -11.746959833002492 -11.286730474087513 -11.442682920395077 -11.767708154117626 -9.732341221197943 -13.333144218822548 -10.656946617301605 -12.43788551215995 -12.360587921260718 -12.392957379763244 -12.03967950721766 -11.144532364086468 -11.963162708294787 -13.301327713260072 -11.304149425900304 -13.651245776603208 -13.05685715541087 -13.558144499699464 -12.180480913838505 -12.18730233322321 -11.381526307012047 -13.527120382665416 -12.8605064112024 -12.114118531228902 -13.669701782656368 -13.243531928962312 -13.506420601128358 -11.469696721044581
SAGA
10
51
 -2.3282771158566553 -5.069844709184347 -6.287035255490276 -7.22186359828287 -7.884235694165793 -7.463255935136395 -9.142251384059154 -9.006387002600897 -8.853137440639125 -7.625763745885638 -10.538456959243476 -9.888606088701927 -9.999079872124566 -11.771679730084642 -10.280581553305383 -10.420173314245071 -11.879913249660907 -11.991171123427462 -11.793591454071146 -12.833792072637403 -12.61787420096316 -12.859481882539743 -13.232585583515034 -12.5053327132231 -11.751254343408913 -12.659491813863395 -13.74523897762658 -12.115386213782145 -12.973591369877223 -13.790924540943184 -14.970403890368972 -13.714692978429573 -15.71589373668771 -14.6970392590667 -13.577828392916201 -14.393906265074335 -16.092049374265798 -14.575001343324804 -16.78364962821913 -15.89456618697554 -15.316900382251104 -16.95223582924108 -16.464392505672524 -17.65205704579421 -17.14685167339572 -15.86036712290028 -16.990969189679564 -17.508922585217135 -15.449024103018756 -17.61087945616773 -18.35947306196463
51
 -2.3282771158566553 -5.161684037664893 -6.239858882214916 -6.946199876719167 -7.844960429008465 -8.535642499929006 -7.912679812644833 -8.067131353658967 -10.15393783020155 -10.054604613027811 -9.441802780942467 -9.88605320579301 -9.853003756656042 -11.385856221685236 -11.115739312520754 -11.902294850702287 -10.725281629276243 -10.948336650849237 -11.29359267758664 -12.739063601201364 -11.865464796715296 -12.517517355172311 -12.120817889522716 -13.844724906728477 -12.108321412092051 -12.940349588889049 -12.451252096671034 -11.162602968685997 -14.334041513153146 -14.99454541659737 -14.622875441746015 -14.99739540508142 -15.611890901610106 -13.004997196924696 -14.54318743722792 -14.581374646652911 -15.58444450434094 -13.38071308640856 -16.06136707811714 -15.278934889330353 -13.094398662281582 -16.202937891687238 -14.56924563033731 -15.719693271590033 -15.376940991019179 -16.35519607738656 -16.346850261342134 -18.2894649357298 -18.50029095512218 -15.906164520877093 -17.748435709020924
51
 -2.3282771158566553 -5.141060783975594 -5.888008852899753 -7.2559468445461155 -7.877200965545194 -8.334996857017721 -9.150041793622352 -9.521322905369734 -8.278065415335254 -9.864421701661477 -8.978036539993363 -10.853984253565852 -11.329655146601887 -11.272940681568825 -10.965639392140682 -11.314598161285046 -12.251951055238543 -11.974743508787446 -12.648612186309572 -12.242861406559724 -12.50812073175829 -11.291320535049568 -12.812178508555702 -12.78540617494311 -13.85280037792042 -12.38913801046298 -11.824588208726851 -14.100577118361688 -14.26086142417135 -14.412664144079194 -13.268127634412362 -11.568495248610255 -15.429210533197006 -13.934773646109672 -14.830357712878785 -15.123236863552847 -15.533614248658932 -16.105074109892843 -15.077962711237205 -16.744689242782847 -16.422848166855996 -16.959902815650047 -14.191990696694685 -16.84928609105489 -15.290217002975721 -16.37681341192873 -17.687495554677753 -16.62359596942292 -17.038574031888185 -17.700592408953636 -18.97469982423299
51
 -2.3282771158566553 -5.194218118538522 -6.276828277469501 -6.916329908386122 -7.930404780785469 -8.224090554699334 -7.826961803585419 -9.295219117079125 -9.145994396869213 -10.387987148881715 -9.795143885264608 -11.002715253259893 -9.622043639486494 -10.900318867021204 -11.271908580075847 -11.053286769826157 -11.661346063005587 -10.710617322924165 -12.725112052432014 -12.298440179875497 -12.228312359552644 -13.497110175446725 -12.479474446883135 -11.66585852936002 -10.962695615217989 -13.08059176075521 -13.47535346629954 -14.495493785347362 -14.106113816668204 -14.12518956296115 -15.038407047460506 -14.566135535205701 -15.310960678619399 -15.575822947012252 -14.797603827940463 -15.89168112032618 -14.51522091310436 -15.373169770261635 -15.680359435872179 -14.042759234498993 -14.398195456798595 -16.229053751046994 -16.738263588912325 -15.223965598409794 -16.96660855734723 -16.31417767311646 -15.129368150731695 -15.347286642094028 -18.2823927581285 -17.247697133102378 -15.370090265955241
51
 -2.3282771158566553 -5.0680257812402605 -6.031945218816259 -6.928493645294197 -7.598828528917187 -8.767615882520365 -8.99436054144664 -8.637889261564885 -8.951946151639751 -9.889942660692848 -9.210214138228556 -10.142223314707532 -11.037786092221463 -10.690068599014026 -11.519484428429369 -11.701984540471866 -9.477864733144926 -11.170898989711185 -12.664744797050734 -12.248729169941603 -11.75867670989046 -12.618310358865175 -13.298386557493373 -11.842774299087987 -12.7174739378331 -12.16699182213811 -13.575676416167491 -14.318328102045374 -13.029006384947083 -14.197214972957871 -13.558085863268207 -14.399742984694422 -13.046572556153619 -13.459437039298628 -15.53220096526543 -15.779596248005015 -14.935572219179763 -16.175739421930686 -14.787288556266795 -15.686645549790407 -15.192009787595854 -13.85839682949043 -17.802861177670803 -15.128874530746312 -16.640621591504136 -16.467471185067982 -17.480193316544597 -17.88639153651748 -18.253129116275222 -18.172166679021913 -13.841811910008017
51
 -2.3282771158566553 -4.712973290027205 -6.367895608824848 -7.054924497457037 -8.080424717638179 -8.317451640734447 -9.117419257696417 -9.28389043431983 -7.621538045089675 -9.55875725264194 -10.29481984021935 -9.409927718441148 -11.368404655691249 -9.78504019455418 -10.450122924739658 -9.834866389665487 -12.10795865677506 -11.884399770778964 -10.349837182291711 -11.54958462888613 -12.397097135156331 -12.655228424046337 -12.32328084311141 -13.779312286607489 -13.09634124121124 -13.6655083722706 -13.868590032954035 -14.631790343989266 -14.32484131324012 -15.055888821720192 -14.130611267614581 -14.641835008430562 -13.735296369097124 -11.126780612681886 -13.412612933650562 -15.42955344367482 -15.270935069985397 -14.462066576120204 -15.997342025907638 -16.52147131579499 -16.379109618466497 -17.211686211346667 -12.605531119598623 -17.156772198428033 -17.545464901919452 -16.85736043935574 -17.607365848084164 -17.792869905660083 -17.784298377702648 -17.939483491875215 -17.871184614478466
51
 -2.3282771158566553 -4.7696065896869575 -6.144430888476007 -7.118462594577156 -7.615364909602831 -8.57006020218185 -8.965335204384255 -9.581713780277678 -9.001036139332777 -10.075016719208078 -9.867965050259633 -10.790009182329918 -11.12381154156714 -11.32168092307684 -10.546067701821771 -11.461456785377157 -11.561974407733212 -10.685586011357202 -9.764530957054157 -11.676983067490957 -12.198500691279056 -13.474313775393695 -13.231811289700648 -13.686610922529136 -14.047004259599479 -10.77437413034117 -13.436014290123351 -12.82216003167351 -13.209286200103232 -14.10499936998208 -14.93940102364454 -13.592652234959548 -14.973289195999415 -14.798324657665148 -14.549066640992633 -16.002956430068302 -14.513552170085767 -14.170275502603715 -13.43761759658857 -13.849701590260123 -14.67577039462358 -16.59739186093567 -17.004676605302876 -15.912398838913573 -15.396421086931351 -17.223475176659775 -18.220580700379006 -17.703948200543923 -17.52679781221704 -17.818968719929163 -19.032027421720215
51
 -2.3282771158566553 -5.132811671792495 -6.3205258217661155 -7.2365956487358005 -7.032084287782766 -8.584724993296415 -9.259733283810851 -9.454076233222924 -10.20423902896055 -10.38553057568894 -10.427908136276889 -10.324570216775466 -9.681593511366243 -10.352288639544776 -11.99372523355214 -11.730480812037444 -11.254211586366297 -11.50093773706321 -12.191133084357864 -12.562828654254147 -10.922363586126309 -12.14139176784927 -13.12641013268256 -13.757719957727193 -11.070608817762757 -14.139774764691838 -12.600187638071887 -13.61597475502919 -14.52070649819718 -12.798420861771383 -13.618964106058565 -15.439859178629463 -11.905621956916223 -14.73561576468444 -15.590756351272447 -15.519776441600923 -16.067697990978427 -15.287642212658621 -16.083833316869992 -15.968773240695805 -16.775904973950283 -14.932330632154287 -17.099567606606218 -17.168493069064134 -14.334124107312954 -16.86733057543701 -16.599658194241385 -16.1864318142649 -14.289524208510839 -18.350790142833883 -17.713211940885362
51
 -2.3282771158566553 -5.144257695965072 -6.234908825216264 -7.2121908574409845 -7.930446724626796 -8.44069391099925 -8.714614039384038 -9.691469183094647 -9.681679376530443 -10.227378972724008 -10.633994902383957 -10.327549885525977 -11.041185333578884 -11.785778747496602 -10.408754280265201 -11.8421304053323 -11.915472123469815 -11.042784480487619 -11.62514766017969 -12.078845042645666 -9.831396666781707 -13.0424232605954 -13.68553351537935 -12.077618374715458 -12.521265087280462 -13.234843753260146 -13.239543107240502 -12.599741531546941 -14.3329571549915 -14.491995741404782 -14.69891892027387 -12.54639982529054 -15.902187150466009 -13.37761040324072 -12.850271189559628 -15.310318867000504 -16.028829840361496 -16.637265036489342 -15.342335500859793 -15.432525155766031 -14.98841034116108 -16.31595839523774 -14.695540393450582 -13.235101217649948 -17.020881144222038 -16.47261097045965 -16.249030335993677 -18.293677078297186 -17.813008783377924 -17.664410759815276 -16.374282223675433
51
 -2.3282771158566553 -5.214640399359748 -6.249596051219291 -7.26213093060243 -7.673235067725437 -8.134086177756751 -8.874418429716087 -9.384855375793046 -9.814822812501806 -10.171989586285562 -10.476364561467694 -10.77650875793185 -10.908630166762595 -11.427128285705882 -11.74443329665321 -11.314726974663303 -12.064645756763456 -12.621147601866573 -11.705294015395728 -11.842577049783069 -13.085278040278295 -11.68547652227908 -12.042881761855469 -10.625575533516736 -12.736930474466426 -13.859752571506707 -14.452390069795243 -14.117815045788204 -13.975899799913801 -14.385738534451567 -12.859945469017122 -14.689814476450913 -14.951370350815548 -15.155365333538121 -12.733378512323702 -13.735381730373572 -14.626249674654757 -15.141653909735245 -15.477852449093524 -15.197037360178596 -16.229834426376396 -17.04048742117079 -14.85827505174823 -16.7246300160691 -17.20605972632855 -16.263081690299362 -17.666632094358512 -13.8992783916878 -15.53223674815701 -12.995967024584289 -17.92599195780143
ADAPTSAGA
10
51
 -2.3282771158566553 -8.768635043089747 -7.416825509205633 -9.746779028823143 -8.573459171846883 -9.220496196882857 -9.181985559625026 -7.002414417907119 -9.746350987025382 -7.874196105915287 -10.193091249222807 -8.727373399887055 -9.574795654002605 -11.941961730407609 -11.686533408076448 -10.55488962074226 -10.044148308856824 -12.046474242354844 -9.161332350465237 -16.655446258510455 -16.284598866277687 -17.471528194823687 -18.197724784337968 -18.039389488409658 -15.690259056522347 -19.44489436601569 -17.54547082746924 -19.224820916806625 -19.163860279249118 -17.882739541707682 -20.309312249184625 -20.327505313065608 -17.340342334435483 -18.286136621727806 -20.094709584855533 -19.172069031547927 -19.897963355838694 -20.16665978740223 -20.514751517697167 -20.372741970108912 -19.03172035521967 -22.335067986807044 -21.301384625618557 -20.502563912031817 -22.092016033873737 -21.86137766425216 -21.488856931096876 -19.470509092492907 -22.65359630875404 -22.319136821881777 -21.76303046765576
51
 -2.3282771158566553 -8.533453756702627 -7.287491191684809 -9.84511975371167 -9.36602525045318 -9.381857328002042 -9.046836799708176 -6.626739345355999 -9.283456790728762 -7.847888230143066 -10.360450141012608 -8.701107742532017 -10.08125759337801 -11.71182005815445 -11.758860531278675 -10.438825743715688 -9.999791390733867 -11.761188328063131 -9.034098893350444 -16.245531595689222 -16.966902145931673 -17.091710831573593 -16.66259809753692 -18.43564321402156 -19.232238656762544 -18.92890416020616 -17.163418762014132 -17.738891497883277 -16.979482251967976 -15.670230454518903 -18.947934553440735 -20.26557921963639 -16.40078549060535 -20.167014603204954 -20.91000906705281 -19.35953818355668 -20.945407034717807 -21.93075398069629 -20.931650099431582 -19.859411056113217 -19.852676849564258 -22.343575736423933 -21.654346140139772 -20.32477472180867 -20.871755628698484 -19.445128663086855 -21.61030900687697 -21.243000357223206 -20.08614762552033 -21.984370039145304 -22.278331691553102
51
 -2.3282771158566553 -8.166003635852698 -7.147929212214309 -9.861773213838484 -9.772600115622987 -9.36916657247587 -9.140388416910884 -7.039208902647568 -9.683637746930076 -8.17933375667424 -10.255322854596628 -8.826475101685997 -9.897271650451017 -11.387711081699454 -11.401441976870128 -9.973940200616596 -10.489940691608265 -11.839405085525646 -9.292710535609913 -16.919390952421328 -16.292600800638702 -18.382843120360583 -15.953856990877576 -17.68706729249342 -18.828584661176137 -17.886013370829104 -17.020801042552577 -19.830873864429044 -18.42241317738003 -19.08881556322027 -18.113293641715202 -18.39596608148905 -18.69456202233918 -17.347845982701713 -19.26475579556814 -20.150068786248482 -17.784033136184924 -19.02934304810032 -20.06731098560791 -21.027137100473933 -20.35557699819027 -21.648413510114494 -22.342756166621992 -21.121479694318865 -21.774609235164725 -21.896448372436037 -20.420314868644752 -19.984911003492353 -22.071297568984843 -21.618164237716226 -22.342831225472192
51
 -2.3282771158566553 -8.408350414077033 -7.464879724419934 -9.197774225405869 -8.819756222859207 -9.25017183958671 -9.237773519136573 -6.563949276932656 -9.804335765221696 -7.8544509376232154 -10.290766893396494 -8.458571456990558 -10.117015630497532 -11.828677639109657 -11.709382665634553 -10.812828906494083 -10.171227789392285 -11.956609951138677 -9.304556371685221 -16.223192062900047 -15.027060397761085 -17.778476274946136 -17.644302390993367 -16.12253423185365 -17.650903388324856 -18.859541154065443 -17.92152252967049 -18.942295187107675 -16.467949961021844 -17.85217444318378 -16.3931486132062 -17.052312779856084 -18.705405270907722 -20.99550828895411 -20.17682646718415 -17.965680132174732 -19.581000093648704 -21.328363603006338 -20.753703645313696 -19.33503999404355 -20.868501778792815 -19.84141331566412 -20.62829828545162 -21.938937867109892 -20.397361454927374 -21.353534101235187 -21.688525693314382 -21.13292298886716 -22.57847235589621 -23.124846625005528 -21.37574513492666
51
 -2.3282771158566553 -8.571363948126768 -7.942210341572207 -9.680629366854557 -9.334287076881635 -9.769226531823424 -9.287020527946463 -6.489101421502628 -9.634370724556918 -8.229573738589606 -10.31135607548299 -8.563422424201597 -10.132979185015982 -11.67329885231807 -11.792959716781182 -10.403370225459222 -10.155505767143753 -11.916309156473917 -9.224578854568414 -16.09560832462847 -18.375966785045268 -18.030935349340403 -15.95785215650818 -17.275593311514264 -17.770635867783966 -18.44784072222428 -18.701216711809902 -19.405104118031776 -16.29343225251535 -16.994493579606797 -19.37965254524608 -17.25443342715236 -19.947666722186675 -20.448235620993245 -16.373163260495293 -19.557261752554414 -19.712509109761402 -21.253806062252362 -18.991957534162328 -20.27404898603101 -20.796167389007497 -20.660526198891574 -19.923110081127824 -20.52080342982643 -21.930537029102776 -22.52683610521481 -21.899997548300696 -22.90140046142571 -22.114945972491185 -20.92637040645284 -22.847895507132076
51
 -2.3282771158566553 -7.995866895095454 -7.1526496436640645 -9.412062277147792 -9.064363684911239 -9.435667407617498 -9.482998008566334 -6.928442172102892 -9.464743673530293 -7.867076387908265 -10.361950497986657 -8.59067074633872 -10.076104386505634 -11.812172956906823 -11.68924818682875 -10.28805937586966 -10.142688746526328 -11.653653258690927 -9.456938404961056 -17.57303777281373 -15.6851514671438 -16.287528348076272 -17.47958297583365 -18.4494775836029 -17.259253476557983 -16.239769715363888 -18.828958276543833 -19.031162243523646 -17.68284337278927 -20.1052177830715 -18.866069631698384 -18.27015853896732 -19.403374662398264 -20.273920207345476 -17.665925569648895 -18.062088384255436 -20.78095462754582 -19.315574320304318 -19.845042600776768 -20.613334338711965 -19.146054483990966 -18.902092885304814 -20.626429394470428 -22.879564348440187 -22.743105386686917 -21.065329594045636 -23.17283955020311 -22.605901762469838 -21.710283076299856 -20.540222772934737 -20.315831550652337
51
 -2.3282771158566553 -7.137890075525254 -7.155834082246211 -9.906139087220003 -9.225679347866922 -9.483788700033438 -9.203429201810463 -6.752587522823692 -9.780673929680352 -7.947804441275957 -10.319548537593294 -8.899285880327309 -10.469555873378637 -11.558475176018046 -11.807259168838367 -10.19997658364594 -9.902311221129219 -11.687090709578108 -9.02670146108851 -16.351313621189547 -16.777331184364197 -18.08193000391229 -18.634119854002776 -18.387446311045704 -17.23613487150762 -17.684427267550994 -18.670594997897627 -18.13380887721613 -16.870432100108513 -19.502304867021785 -17.768851168709833 -16.75633574006527 -18.469667555993812 -19.703006895547574 -21.174214805971275 -18.096797774032513 -20.15435729430205 -18.915768029317487 -19.34137999662241 -21.01942851989567 -22.005033767369998 -21.227694379233835 -19.719446302959238 -21.265781810428383 -21.770347581643062 -21.203634456252967 -22.620641420882116 -21.625568650275852 -20.879192763688284 -21.657962963567645 -21.537574724054632
51
 -2.3282771158566553 -6.84006042962029 -7.389025696361552 -10.117479083498095 -8.898700435487882 -9.322136691123358 -9.276791122778622 -6.537444596800787 -9.684110003642015 -8.025623846122363 -10.115140207747062 -8.717817797082043 -9.667252987735212 -11.58444462009485 -11.837717067886496 -10.266051743928063 -9.941695964904376 -11.96826965303922 -9.67825997478377 -16.117566717859603 -15.61775164100784 -14.91497248458704 -16.837959622389413 -17.66000652747402 -17.509999429624266 -18.418304795368684 -18.698944335100997 -18.473722412835386 -18.838461269256147 -18.547692088462902 -19.423467116111812 -19.865029927064448 -20.286959526460517 -20.552183108427982 -19.863807336516796 -19.553770145762247 -19.017693211809558 -20.19504505816699 -21.224918007147647 -20.914624940263923 -21.042740467952434 -18.411835385200867 -21.627513772719933 -21.532557319392996 -21.204335861514828 -21.385454040090046 -22.69924999491755 -20.22168889323292 -20.535195425484535 -21.261876054635817 -22.62152794952543
51
 -2.3282771158566553 -7.561561990493863 -7.766372384797133 -9.782975687247198 -9.274842189219692 -9.059469184146366 -9.228701284959671 -6.70850700421988 -9.305826017562415 -8.235701683622471 -9.811490844955728 -8.685342808937902 -10.236793483906618 -11.895273091384773 -11.646402327912714 -10.33447841191886 -10.220762583777848 -12.012656618721456 -9.017419102905782 -16.139055659507736 -18.22649925488887 -15.101015638353054 -19.741284229850287 -16.2826299248304 -16.12235940635124 -18.879772244173864 -19.19019146244777 -17.597334425437097 -19.490540102534958 -19.627108387748446 -18.15515706593196 -19.232729525833918 -18.251892451902552 -21.178307583059755 -17.720171586453677 -20.019683435824923 -19.539299081139685 -19.84356601770347 -20.726355228007876 -20.272064793031078 -20.203529094815366 -18.834111009455725 -22.055727315687182 -22.030587449039555 -21.93458577856149 -22.205415907240372 -21.572214537784475 -21.935395503401303 -22.14027350809313 -19.197053905623022 -20.955516872593748
51
 -2.3282771158566553 -7.772582101840817 -7.680297831175707 -9.286350349349155 -9.400752679660268 -9.617561343081503 -8.859953103600372 -6.479250279756377 -9.8016236408725 -7.685438165111929 -9.973178265433521 -8.93898569465486 -10.430862547297613 -11.846108943677615 -11.53785173250212 -10.103545183162824 -9.977895096833908 -12.141046638094403 -9.136987611901594 -16.899282621203874 -17.25486482787631 -18.07940921478269 -15.392926217404295 -14.987885857441764 -16.88721926871707 -19.223685365358516 -16.302338304344204 -16.635578094530704 -18.64005649574596 -20.116399865715778 -20.36094092603154 -19.3314725849287 -20.269201254151557 -20.042784792322763 -20.22458510152388 -21.674154501442374 -19.07651891847192 -21.243922962977287 -19.046507875545284 -21.035064557158815 -21.056879667576357 -22.228394542112575 -22.140495668382236 -21.486290286354482 -21.890598340453938 -21.395613193229924 -21.18050971621006 -22.750783524736573 -22.505895695914532 -21.792173500556192 -22.011131644063163
ADAPTDoubling
10
51
 -2.3282771158566553 -8.958200612977905 -8.039571031532544 -8.216945464948337 -9.13365821126817 -10.521103165693603 -9.363949856931457 -10.500946771212565 -10.991518467076084 -7.720082520206588 -10.91085018099609 -8.04424213426229 -10.22471259069691 -11.869925374225778 -10.984497795531789 -9.862746498539806 -10.794265319206335 -11.93869169382477 -12.003219937625868 -12.696109942388237 -10.65377558941443 -12.655161573604182 -11.155845595132625 -11.077754857660164 -12.628763553555673 -11.585325298495901 -13.2741836765064 -13.31300193115482 -12.011917060021887 -14.563191727018458 -13.827907370501514 -14.959440565454075 -10.407304939308043 -13.21569254725069 -13.785993522053701 -13.747569430004232 -14.80850729263714 -13.829533798937412 -14.403440413076208 -15.174280553535946 -14.080728846445561 -15.404834850418021 -14.125063145027925 -15.521153760032066 -15.847303400496727 -14.887957171356524 -17.188557119396965 -13.757877984392534 -15.513030214511994 -17.65221148457038 -15.802581533771754
51
 -2.3282771158566553 -8.727990806683025 -7.963021689371829 -7.224501065558389 -9.478987019701579 -9.151227957124389 -10.804407715412257 -8.740213238096965 -10.753645950148691 -11.541456437056388 -11.446010419484985 -10.959492223777893 -8.998239342787391 -12.391034459662599 -10.190489646641174 -11.208965976792069 -13.497709328906113 -12.910197958579655 -11.771771002028608 -11.671225270950085 -11.763501825503612 -10.536966045416824 -11.403113851429339 -9.731232103437845 -10.609233783829897 -12.854258974438586 -11.22813468736939 -13.068118706592601 -12.294612084149309 -14.65529416179291 -13.091151840226958 -13.017648351950513 -13.452351096142632 -14.362457664040544 -13.232722207985923 -14.797716370427453 -13.846879559118669 -11.871070487127483 -13.308698630319217 -11.60709111588115 -15.43776745751418 -14.396946407035697 -14.263000620288024 -16.20198533609264 -16.114847888024592 -13.439313523068872 -16.143417864694666 -15.918055024905424 -15.770427593246612 -16.612856398560513 -18.233590200325896
51
 -2.3282771158566553 -7.237594654345444 -9.185550319912243 -9.158978344502923 -8.679892601924541 -8.311179550159546 -10.074497324953922 -11.983569673982533 -8.374849865069915 -10.46814254678602 -11.021910926636851 -9.21534136647824 -12.688647152161833 -10.368816447831698 -10.090573169972613 -12.188098180095471 -12.948071531356463 -12.57568830710097 -11.590137245944005 -12.56908776740943 -13.098683368721092 -8.870073436676948 -12.220761086723012 -12.919502275033013 -14.091207308693404 -13.107073894612043 -13.302788476314042 -10.461397921113198 -13.885698386084098 -14.68595913616033 -11.438158867338823 -13.415101830055276 -11.599984637994796 -15.006508735106188 -13.765767813596845 -12.316855659383293 -13.44603810286672 -13.470169010015987 -13.860987257754054 -15.779085892627668 -13.405382788209854 -13.562652726468878 -15.68987845687443 -14.707951980606508 -15.603690847352462 -15.617830602998433 -17.13184326520023 -18.21434183830053 -16.256846116756847 -16.257768890993773 -17.851582624026257
51
 -2.3282771158566553 -8.725606467039771 -8.230984110160993 -9.725955109135958 -9.579555510325887 -8.450967310129288 -10.653523890823756 -7.486976360954188 -10.019145373773622 -9.537470732960704 -11.778343244632852 -11.38359403059629 -11.467803720921326 -10.691460623720104 -9.342518299114705 -10.8598607224999 -8.755005834882052 -11.592047815543657 -11.72857088905137 -10.811482087779115 -9.911280309831307 -12.530196061621243 -12.468772697429117 -12.933475726310812 -10.190504461306853 -12.093690914098131 -10.481740599999732 -14.240873869994301 -12.014910111878214 -12.905764203442702 -12.724521245623079 -12.011490475080938 -12.979127379569649 -14.47890351921852 -14.367448366484533 -16.277697094912924 -15.486439126216087 -15.061365349452227 -13.994742283078367 -15.99622213856101 -16.322646297428392 -17.65561527409707 -11.388834239645679 -16.758047974566114 -16.360847507150815 -15.86814856627485 -17.381460779629606 -16.968350624989945 -17.9021245178801 -17.367068746486872 -15.13842960396684
51
 -2.3282771158566553 -8.41961430674382 -8.31351321505426 -7.942916733200557 -10.374499131400494 -8.032242110042702 -11.376397993243462 -8.97355126847914 -8.02443099003559 -8.945149163973158 -9.465473258979117 -11.046794910833803 -9.596701939109344 -9.477653669654067 -10.277740270117981 -9.336730793271926 -11.322662472242959 -10.78308214994365 -11.182918381153824 -12.28082312515303 -9.219185869694597 -10.196058086122664 -11.206186130515926 -10.306802113214273 -10.433493620632236 -12.691602622124238 -11.74298369841397 -14.169127590071142 -13.483143775804905 -10.321407596846708 -14.136049144933734 -13.532185808175921 -14.0372266043044 -11.87367755074949 -13.927142367823143 -13.562897748802033 -13.35234374524022 -15.776945618301555 -14.936649928074463 -16.744425909241894 -13.26431943536132 -16.417492281157973 -15.04644712039432 -15.047065326905738 -16.962165743745423 -16.654937502027163 -15.009361705612285 -14.190386869202264 -16.98486911435591 -16.180101434108145 -17.804803477704553
51
 -2.3282771158566553 -8.173310817667558 -9.250984834303022 -8.848041488151766 -9.540425345381616 -8.588597890320026 -9.181796291516367 -10.96083884509277 -9.10539327749176 -10.947861970506827 -9.066596699487402 -10.673915054462206 -9.298096296631089 -10.809161639081172 -10.099877605638214 -10.649304664124593 -13.096442886699778 -10.665939148836058 -11.577787496872794 -11.216299896396919 -11.406586779799907 -12.571754107480187 -13.241198132482154 -14.667745903590108 -12.94470424478231 -12.891997048861299 -13.616637556228667 -13.883940965581276 -14.275479446153716 -13.998458047642552 -14.392247956750328 -15.428556974001696 -12.743920206870243 -13.408663646904884 -12.158010611079519 -9.65720256354207 -14.435196257053532 -14.045501769773642 -14.253942479721209 -14.56048842022185 -14.393820376574036 -15.480372014626962 -16.398197952444836 -15.12081121611896 -15.718695031571164 -15.935430903211747 -17.222032911127343 -16.420192616317216 -17.53864440067813 -15.702071035476468 -15.6982626258512
51
 -2.3282771158566553 -6.995943521139958 -8.601846780552592 -7.656548755327343 -10.720548926851336 -8.25325168940409 -7.303769027474505 -9.393423637397436 -7.8239580175192796 -10.644816202240296 -12.218752934973224 -10.366317147720972 -10.187655249867332 -11.263953078424212 -10.084688010483534 -10.271190327810341 -11.852543302763326 -11.0098076405487 -10.006202914556662 -10.634011254167705 -11.798762854316724 -11.476915173865587 -12.691814435456742 -14.249379151731098 -10.674825450493918 -12.428655487696542 -11.07111878957986 -13.229116090279742 -12.842167059057989 -10.553931073227519 -14.210379191537037 -12.079263885723789 -13.413146642696693 -13.924942085362508 -14.980165516375605 -16.405659829553027 -14.851254943098658 -16.40447265206218 -15.764185059793483 -15.400698421904895 -13.198248083535223 -16.84351054792473 -15.54072070533318 -17.383997599665776 -15.977922298562925 -15.091642247994793 -15.819552439824015 -16.7306031651563 -18.042730527925272 -16.712067574630264 -13.366139625532746
51
 -2.3282771158566553 -8.99060087447812 -7.734798772215389 -9.810328958656818 -10.226897067559737 -9.859852520616801 -10.84590413964969 -11.471853610671792 -11.357795037498741 -9.4688162982398 -9.560254605281225 -11.002948343759776 -10.522354838959526 -10.285701303289114 -11.391610251843959 -12.300784594237511 -9.339901755658838 -11.367303395627822 -12.1536724014094 -10.659844987978083 -12.944532234657775 -12.124594828910885 -11.42260841336997 -12.330276403352471 -12.176030898077922 -11.943525514102628 -11.516003205800475 -12.2535800356415 -14.61486311032408 -10.457169782569611 -15.031389641445685 -12.616063748451122 -11.705017307681313 -15.22872170702843 -14.683488620547184 -12.99315721454736 -15.926716541362318 -13.129296017367098 -13.254421866095543 -12.796712977830179 -14.696737439245512 -15.438805066977205 -13.823119967556227 -15.497334111734807 -17.61071835062399 -16.031448360854544 -16.909011503249054 -13.554479082120077 -15.561979942436357 -18.19669565152834 -15.617664356776348
51
 -2.3282771158566553 -8.890462966957006 -6.122770461413646 -9.549241779662632 -11.145534580749953 -8.606780339126491 -9.241108491869968 -7.850010998518416 -8.679871887702424 -10.509966581647129 -10.822032699698735 -8.867785125658326 -11.518139196545683 -11.654089692848434 -11.140473492046796 -10.260489943976852 -12.152278261666567 -10.379094429284793 -11.541670931504855 -12.504379660842025 -11.833376704897912 -12.675401129495617 -9.929867340097648 -12.993651914929822 -12.34726490776388 -12.994740327227378 -12.490478386349483 -10.111845975546167 -13.00780947412084 -13.3757755668908 -13.94084973780532 -13.364598353212944 -13.674039907496292 -12.002539317882968 -15.274353621838436 -11.660517599601013 -13.867542342793927 -15.124104529173485 -13.592449909507275 -11.256176042649088 -15.270444769008312 -16.392329573999525 -16.265055529588437 -15.420341969221662 -15.280840634404163 -14.96114218280905 -15.362076204384243 -13.569936957585753 -17.453772993766417 -14.42882411670914 -14.353759615024702
51
 -2.3282771158566553 -8.317755141961502 -9.05004027096406 -9.086173531434943 -9.862917337933773 -8.41682119288721 -8.589985223239463 -9.457233738535365 -8.104920019409532 -10.590425576697076 -9.642318365075907 -9.469823408017893 -9.35700074821108 -9.971995479148937 -11.88239415373012 -11.399328130039095 -10.979384632824333 -9.960393567317839 -10.37877987019657 -10.654114154662858 -12.902067294222485 -11.730624856133328 -11.891234481358136 -10.935739363207261 -11.850733879775817 -13.537681322592837 -12.72761043490021 -11.429050714063509 -13.702464527785095 -12.589548774581543 -11.97734696867395 -14.34550522891962 -14.950527798486945 -15.373202934142741 -14.301099866214402 -13.309391518811578 -14.98028226697831 -14.415967166849024 -15.473809489219713 -11.814430396695018 -15.360223975017558 -17.42554494258185 -14.503773953099891 -13.365654345138545 -15.96480077898499 -16.80950141375881 -17.254504037739608 -15.444058991842079 -13.16156529026314 -15.634492581270557 -15.608035397897167
MainSSVRG
10
51
 -2.3282771158566553 -2.640433563910382 -2.640433563910382 -4.0396282440362725 -4.682452719796488 -5.153397298292069 -5.580068320381503 -5.955961628063075 -6.313267187093926 -6.667104908429883 -6.978771509081175 -7.191276361470375 -7.255429649112031 -7.255429649112031 -7.255429649112031 -7.255429649112031 -7.414219026538737 -7.712219570246459 -7.9688033498194075 -8.209673535152005 -8.435328498250064 -8.651804787879657 -8.850713990370298 -9.038547511932215 -9.220654011737112 -9.394369459643178 -9.559119489429605 -9.68402309285733 -9.857137770744718 -10.00592333643099 -10.13747681004107 -10.26737122182191 -10.398547411744255 -10.510809013500303 -10.630707002800824 -10.69833769901006 -10.808992866049898 -10.808992866049898 -10.808992866049898 -10.808992866049898 -10.808992866049898 -10.808992866049898 -10.808992866049898 -10.808992866049898 -10.808992866049898 -10.92029125574295 -11.107421895700504 -11.246954934902936 -11.363957520203556 -11.465343029127371 -11.570821578825202
51
 -2.3282771158566553 -3.5792223944307264 -4.419620848970419 -4.950578532235687 -5.356528704328571 -5.754668480292886 -6.1268585698332645 -6.372847025268264 -6.7399371246594235 -6.941135756985736 -7.283278883299909 -7.358535260352637 -7.6169551960590365 -7.7851654924188045 -7.980528467666372 -7.968484179324232 -8.256330591067814 -8.145225391629035 -8.100468335203413 -8.555543018834298 -8.126910369462472 -8.76998108722944 -8.985721379955256 -9.35572557608129 -9.563054890246875 -9.71474351784697 -9.850914861156447 -9.973662957538169 -10.087837577110777 -10.202253555282917 -10.326503671658319 -10.429894001617278 -10.516997458421232 -10.617540200067712 -10.640589162349645 -10.763454919441248 -10.810518534636236 -10.89796222132663 -10.963241377282035 -11.028516257125268 -11.114608607482232 -11.136072420357253 -11.144599553576791 -11.253211272420412 -11.238582758695351 -11.324489181666614 -11.3303126806587 -11.395503817590216 -11.429593629629723 -11.46674782576941 -11.46674782576941
51
 -2.3282771158566553 -3.560761901456499 -4.399342387544188 -4.758266438410825 -4.758266438410825 -5.166150425494029 -5.603027400803849 -5.9890025468116885 -6.338084953924983 -6.671420504833832 -6.971005876232637 -7.253918044817225 -7.491445002880332 -7.76323087275253 -7.973153619525113 -8.174686691841641 -8.366668267332875 -8.582863436321794 -8.740194386734798 -8.819668225409966 -8.985543926379458 -9.237191011218313 -9.343728932497546 -9.484235549134272 -9.417693335315734 -9.676125928217154 -9.732354983779825 -9.820921286970284 -9.820921286970284 -9.820921286970284 -9.820921286970284 -9.820921286970284 -10.08560432723076 -10.260346742469801 -10.404393488997435 -10.531704771020568 -10.657861770657856 -10.765264772599288 -10.875148844155333 -10.985316166354263 -11.024788347322536 -11.024788347322536 -11.024788347322536 -11.024788347322536 -11.024788347322536 -11.024788347322536 -11.024788347322536 -11.024788347322536 -11.024788347322536 -11.114113381961614 -11.247556907572278
51
 -2.3282771158566553 -3.581435810337988 -4.432764388176659 -4.479169608947078 -4.704198483058454 -5.203715439049736 -5.637728542326327 -6.036884383399312 -6.406303974392328 -6.748510800925216 -7.075090271271854 -7.367222054386561 -7.635633881845178 -7.927282470238505 -8.038151953031749 -8.038151953031749 -8.038151953031749 -8.038151953031749 -8.038151953031749 -8.264284780198798 -8.501976704031097 -8.724064778607044 -8.930864554093768 -9.127852949500683 -9.312018450404908 -9.490179748626 -9.656349396420703 -9.826298386215484 -9.984913889630413 -10.131445565665715 -10.264300998143451 -10.405833693926182 -10.549358566638597 -10.657085537359906 -10.762551067337377 -10.917257955930065 -11.029119383203547 -11.13699581363314 -11.211274508320463 -11.33608174928923 -11.40566305962375 -11.530874948853898 -11.551271092995787 -11.693580761615065 -11.80366286286832 -11.80366286286832 -11.80366286286832 -11.80366286286832 -11.80366286286832 -11.80366286286832 -11.80366286286832
51
 -2.3282771158566553 -3.578387122887981 -4.395074391163794 -4.903926850923127 -5.327651274588964 -5.680613902265096 -5.985625838226199 -6.29632553438227 -6.583811111883828 -6.78723478114396 -6.997101612946656 -7.1049558114016875 -7.161096090514151 -7.538646523321841 -7.829089103970774 -8.09083325533444 -8.333256589425035 -8.554078983663175 -8.745400151933486 -8.948195631064921 -9.118482917482206 -9.271552324580686 -9.425546714325938 -9.537236171904153 -9.560144470107824 -9.560144470107824 -9.560144470107824 -9.560144470107824 -9.644699638190138 -9.915933964049284 -10.086437299508853 -10.09353364883264 -10.09353364883264 -10.09353364883264 -10.09353364883264 -10.09353364883264 -10.09353364883264 -10.09353364883264 -10.09353364883264 -10.09353364883264 -10.247847624036341 -10.376185614402544 -10.49762725972096 -10.614150054166663 -10.726859557767048 -10.83499778476297 -10.94512556032989 -11.048146497420415 -11.149254754362516 -11.25034089086391 -11.348000883736276
51
 -2.3282771158566553 -3.5825079556023547 -4.448014634910246 -4.978462641840826 -5.4287128144311385 -5.826428878813904 -6.1659752863051915 -6.485143317016704 -6.823652545565721 -7.062725063754826 -7.287610267995416 -7.525368835260263 -7.748300536210412 -7.9826124372227625 -8.20689480531218 -8.329768579889475 -8.376047083413981 -8.461542475585059 -8.438952555814096 -8.603652580869252 -8.495586389115537 -8.774224498749362 -8.774046416395981 -8.510353515502882 -8.963704163258681 -8.973554065401046 -9.338969409627355 -9.638411144930668 -9.769836090419926 -9.884574109186186 -10.004271830691723 -10.085122439849348 -10.214201248610513 -10.312330746106719 -10.430852337852953 -10.535202674795604 -10.538364611929877 -10.605621556186978 -10.662310324742739 -10.794937160205324 -10.865699895708557 -10.87707666866786 -10.907120075004995 -10.971301686347951 -10.958984027773306 -11.053322472382856 -11.053322472382856 -11.053322472382856 -11.053322472382856 -11.053322472382856 -11.54438215916145
51
 -2.3282771158566553 -3.583240152204163 -4.377041350924127 -4.911428857874232 -5.322039645331107 -5.729925622124234 -6.040961362093697 -6.380411134818103 -6.618538037521468 -6.949621488399806 -7.2109613602799385 -7.4167640546768565 -7.669385834201654 -7.873821705042503 -8.014522212162815 -8.140452684957003 -8.411058577727504 -8.302356417577052 -8.395976792157512 -9.00366264692544 -9.197720807140984 -9.388871834953727 -9.553901033144165 -9.716668601169944 -9.865298069411036 -10.007182497248811 -10.137436373451864 -10.241851777349826 -10.353628676529796 -10.440610472069299 -10.563319213963663 -10.678081559618676 -10.762542826640395 -10.868681249691738 -10.899723836107198 -11.016259438683667 -11.065457937013656 -11.089376091103441 -11.234947968376726 -11.308784967912132 -11.309491945374157 -11.364803755858569 -11.450491595734603 -11.455285528634805 -11.455285528634805 -11.455285528634805 -11.455285528634805 -11.517121361007367 -11.705973084442142 -11.831410213966857 -11.915097283445025
51
 -2.3282771158566553 -3.6088313356631283 -4.441986849263882 -4.939288872891712 -5.336537785938795 -5.792595962191681 -6.1760347217556575 -6.436675660899119 -6.751522705600446 -6.953750460332718 -7.2818114743599915 -7.466447741187182 -7.693543721625677 -7.583172040726228 -7.9133770791970806 -7.972046741855328 -7.952126717408642 -8.273570614736089 -8.50025901706827 -8.509006017466241 -8.831328663025444 -9.011125476166514 -9.141933964933463 -9.285541900900208 -9.40535656566131 -9.519265598673147 -9.654061733893212 -9.778909516341349 -9.870894917844167 -9.995428123489628 -10.10344697705405 -10.182649572284038 -10.288507528542858 -10.363051640356007 -10.42024702432787 -10.543145217027487 -10.602216088202654 -10.631799927369693 -10.710334135671374 -10.710334135671374 -10.710334135671374 -10.710334135671374 -10.710334135671374 -11.131432381918346 -11.338212676936765 -11.44824765431878 -11.524149475587146 -11.609572675290563 -11.62966914926118 -11.62966914926118 -11.62966914926118
51
 -2.3282771158566553 -3.606883666467288 -4.423498377012233 -4.933892024426044 -5.403769545022288 -5.800430616109061 -6.081858561330297 -6.081858561330297 -6.4281944042454215 -6.78341986295625 -7.1118967888333104 -7.420000658081553 -7.713679312027118 -7.985320976486598 -8.233984076606308 -8.488607980157576 -8.721387156957785 -8.940231324075311 -9.135925850489983 -9.323314653756508 -9.49529026890115 -9.585993420601563 -9.802082833516575 -9.861446104755462 -10.063493012178466 -10.228727085380136 -10.364868016584186 -10.402197157817081 -10.542785916544906 -10.520347250342665 -10.71947073383363 -10.759131703463868 -10.830987294456053 -10.830987294456053 -10.830987294456053 -10.830987294456053 -10.830987294456053 -11.078080631588152 -11.329848278913278 -11.4555888028276 -11.552441782136952 -11.628016009732727 -11.710275126008558 -11.77981092176647 -11.865385195862721 -11.936589650133051 -11.99151617301259 -11.99151617301259 -11.99151617301259 -11.99151617301259 -11.99151617301259
51
 -2.3282771158566553 -3.5694367684792327 -4.399303067689676 -4.935398986006527 -5.364147457154621 -5.773988316773383 -6.083087023536714 -6.171913197582685 -6.315042441146558 -6.6786333334142185 -7.002252421385478 -7.298423036213169 -7.570623767204527 -7.847377334750382 -8.10201250830106 -8.329926513306553 -8.508191082937914 -8.757432081480406 -8.901276464260013 -9.11056907141431 -9.270495527212839 -9.445538899128731 -9.570578112296468 -9.730587341547508 -9.82154697478671 -10.000057905647344 -10.083647400666424 -10.206751842668323 -10.262483290143539 -10.339055832621435 -10.491589773425199 -10.630261834791321 -10.617852396577172 -10.617852396577172 -10.617852396577172 -10.617852396577172 -10.617852396577172 -10.911250552334216 -10.987191184868037 -11.051992951689996 -11.139737620628601 -11.214742319028103 -11.288302688163478 -11.377311123533458 -11.465890075560127 -11.558357310757442 -11.630860035613637 -11.678889435717883 -11.760537248772424 -11.82574596162469 -11.87511369759088
SGD:0.05
10
51
 -2.3282771158566553 -6.242145260488767 -8.174130543719729 -7.229943968632058 -4.962652632177664 -4.2955078203399415 -6.825707461344245 -5.992304569970153 -5.43294391739055 -6.012709144750758 -8.21964723819965 -7.671955126463569 -6.329844466304476 -7.264848512069682 -6.579145734292822 -8.600842721328027 -6.18922939863892 -6.843454663929857 -4.092532388625798 -7.727214473723435 -6.210685573541246 -6.018384759313182 -5.380829033962126 -5.165008390228896 -6.2791309994240345 -7.566741917582278 -7.200503240630479 -8.60248752928634 -7.1325840005884125 -6.950666197327307 -6.609138649537799 -8.234430885819975 -7.950452998332614 -6.797097572173498 -6.798581789271377 -7.248328860884754 -4.811775334551126 -6.756830209608371 -5.461591388094105 -7.986101016759685 -8.39378455775858 -6.143233779700306 -7.509166777882066 -5.932970076165672 -6.853867112057313 -6.335213667522911 -5.250918281070431 -8.863477911969202 -4.854784709241988 -5.374233353735933 -8.07291642476613
51
 -2.3282771158566553 -7.8778719186910475 -8.302715370179936 -7.837902389992784 -7.1405156866513835 -5.807912531281066 -8.003298801198472 -9.00401368458639 -5.763482761343771 -8.607771530483541 -7.5835890515953155 -8.792100570192792 -8.019443460778314 -5.812280687590753 -4.5799227322952385 -7.8529054066136394 -6.661573335269105 -7.202464503466289 -5.273877100133027 -6.442756421211455 -7.259239786132266 -6.125514518030119 -7.821047117212399 -5.5245537590331075 -7.478836427487874 -7.336577997334989 -7.588223214127375 -5.88098162037735 -7.065671983424097 -6.927254193468137 -6.762387206883187 -7.196297645765563 -5.676094047459192 -6.980893200605961 -8.163109456719114 -7.7224354364211765 -5.050186342453373 -7.61384257412326 -8.124933719588809 -8.807384800547682 -6.81084232156477 -7.190955865966663 -7.25611949109523 -5.882084272603432 -5.779875934172265 -8.639885241254605 -6.418083843350543 -6.160693944743746 -6.940887137248961 -6.764852956256826 -6.707817566566291
51
 -2.3282771158566553 -6.442038622715012 -6.512882056174406 -7.400590661094231 -6.139850508169897 -7.270762862530632 -7.71042952096243 -4.954509211580871 -5.61097654317404 -8.181967715370172 -7.451016595096765 -4.263133265324926 -7.6365999245089355 -6.403433898797661 -7.221863874185416 -7.190349345313153 -7.275647326268322 -7.4512209794183555 -7.6238171917021225 -5.040048797007404 -5.897731286955824 -8.540997795181804 -8.082709227060002 -5.454003806555706 -5.686305686056599 -6.539546319784459 -8.73041782793217 -7.117497484648299 -6.2227848377854045 -5.946302152618235 -8.083641081367524 -6.310790389963375 -9.02898219659037 -4.528850164855483 -7.271633759735419 -7.157314838739992 -7.289335566987259 -7.124121645259008 -8.560943847969867 -9.683244735416864 -8.33045126030089 -6.406894723794703 -7.6626512414211 -6.0584217528416815 -8.637038196929396 -8.567579692481448 -7.258649189711974 -9.47172080583025 -7.494644569471256 -7.253985291114269 -8.734298899337785
51
 -2.3282771158566553 -6.9373035536417955 -6.539110961228665 -7.549353920779702 -8.140573474951694 -6.203604934967286 -6.971810006698375 -8.350798974340544 -6.2286588011902815 -7.051138154077119 -7.158226138666362 -4.232397285860087 -6.3536990197375935 -6.967933807532049 -7.4653810044765985 -6.695639394067056 -8.266676045860496 -7.353426690004488 -6.79652672894351 -5.3852426756315355 -6.410744005489505 -4.881586231404604 -6.638540847580235 -6.326550428022146 -7.650023032179637 -6.552819513726412 -7.789565188006387 -7.649622172500187 -7.821578835002739 -8.02819798573559 -6.989362695657901 -6.798193380302475 -7.903431895450808 -6.249641858916581 -7.5707235538559665 -5.972618480434295 -4.155705665847712 -7.340800337763841 -6.98126245668963 -6.764618666222288 -7.072336568196853 -7.711162528973133 -7.725921903841719 -5.775097649418662 -8.110290411279676 -7.045414452078535 -5.529400088558071 -6.456210502266646 -5.810529641275697 -9.06373805951571 -7.395724777560401
51
 -2.3282771158566553 -4.5957122345178485 -7.328493414641578 -7.833062569190697 -7.137700883911257 -8.76508748354832 -8.22791136926257 -6.683602874729134 -5.402738066816594 -5.357141889800118 -6.842651332434453 -6.754773345934281 -8.69811490549435 -6.549709683830523 -9.226382360744847 -8.97853712127948 -7.47768519988888 -7.877356485881326 -5.967477435823959 -9.326866397968255 -7.772720743215641 -7.809951903732659 -4.999743237298034 -6.090945244515628 -7.0658387202595145 -8.347464858259249 -8.874295072250863 -6.13270875562213 -7.896789338041075 -5.66375303208856 -7.612210297653542 -8.599875279262108 -7.073197358378617 -5.2439579336938715 -5.094339400033051 -8.675673135844725 -7.491048456118114 -6.332712964492459 -8.55779789136803 -7.950428563174937 -5.948922418391862 -8.571987829901177 -7.430900519228172 -7.570417560430596 -6.1352382635721865 -5.762944679931111 -7.668564526026387 -9.153963038429538 -6.974433524197601 -7.6740534543840795 -7.513692778100372
51
 -2.3282771158566553 -7.175298384025277 -7.444619575532162 -8.30604557577756 -7.279136226433061 -7.844994517273481 -6.589586917423932 -6.24579413856601 -6.901491040774104 -7.649018062632352 -6.892538143162342 -7.51136893205403 -7.865082645634341 -6.167274740513271 -8.687872980806235 -8.471677129010152 -4.560557560336382 -6.748611659681127 -7.594111878568793 -7.629650665603096 -6.997454295139592 -7.800843129277928 -8.241485359440318 -7.831110913842087 -6.723899460233414 -5.124897517240825 -8.377574808482438 -5.363883295105125 -7.480864774289262 -6.63908109106416 -5.628578452612038 -8.164811964079878 -5.154776421109087 -6.908812813077448 -7.46404190672283 -6.309013011689776 -5.167902513079632 -7.1022948493524884 -7.355305625367982 -5.544348842502823 -8.622509885459172 -7.255983017597708 -7.911163225247048 -9.417890132562336 -5.800230157200758 -5.798712002428578 -8.40480127335556 -7.962242616474945 -6.567662295759731 -6.852320933780287 -8.789623319228387
51
 -2.3282771158566553 -5.63528854806894 -6.702629877322641 -8.101642870390133 -4.610481021690579 -8.209855091164059 -4.130740157858686 -7.32173396941277 -8.61117721882146 -6.055451044886015 -5.494474396665775 -5.294794111940079 -5.026282465891527 -6.658577639116904 -7.7461689971136325 -7.488286346925099 -8.345509936020852 -9.569550417082274 -5.730861302033546 -8.087397776399817 -8.116540433240285 -6.024090794909269 -8.250890481067655 -5.788762281643174 -6.415537851515502 -8.395963211374484 -5.755126786204731 -6.747005200649636 -7.246210277294106 -5.372963111194179 -7.701516525365684 -8.652940910637799 -7.892543233332416 -5.4351757960072495 -7.118624616157932 -9.349035500443224 -6.045681944660659 -8.1497081213809 -9.883140211462848 -8.765303870350152 -7.229056860971714 -6.145712188267161 -7.827427264086132 -7.759374128426637 -8.020479318135045 -6.340485641352251 -8.177952031993946 -5.7613969352739645 -8.389018807940637 -8.025785922329502 -8.260900818205485
51
 -2.3282771158566553 -7.414165943770014 -5.4615889305260374 -7.583367032927227 -7.651890269025319 -7.75748134219115 -6.156059493192411 -5.121233185521129 -7.893905162942789 -6.854143123806325 -4.276365200379109 -7.201536391662962 -4.549034504182082 -6.468952423718462 -6.605634946187707 -8.351806048912291 -5.0364916560783 -7.751556030505256 -8.374279453219874 -7.591402327337937 -8.105719260903903 -6.387868699086037 -8.11843065213868 -5.28578692125706 -7.458064967599383 -9.084535265551064 -7.293585303798698 -6.170492613863413 -5.6961493636601075 -6.4521654616072945 -7.7444480843315295 -6.002165710382367 -6.5157688845439266 -8.395841751814135 -5.639572396264753 -5.174697496801313 -8.319737589298258 -4.924909817864015 -5.818996858297793 -7.53797866569803 -7.728605365604524 -8.81629887389349 -7.0201270041447605 -7.501488170348474 -8.240455322006314 -7.639430182493965 -7.010771665306369 -8.482387341060145 -7.659864025004713 -8.77798932316724 -8.570045211267042
51
 -2.3282771158566553 -6.600803784572062 -7.889470256762555 -5.550245822584188 -6.75356959003267 -6.695265857619449 -8.60452503870742 -5.252563069098957 -5.673605369973575 -8.321865822453955 -4.964399581950754 -3.7332780921064046 -5.958698473919392 -7.393960602658428 -7.4350219861633375 -7.507331523092148 -5.2682446356128105 -7.098296260901715 -6.968386374238967 -7.487402104974451 -8.018245013865808 -7.19440908729141 -6.937313172035394 -8.416731134613444 -7.5720335564604655 -6.3881735418789525 -7.10369151128936 -5.61128580911777 -8.227799845067246 -6.769897241812853 -5.75823445326523 -5.414322132378515 -5.676978749046329 -7.543936495853011 -6.1386531077653474 -7.87407359720351 -7.9080335471495795 -6.388077729013945 -8.196932256972541 -6.292884429035276 -7.084629044998064 -6.336971844514193 -6.938931857140158 -5.850124733681587 -6.589280208006629 -6.1119466750210085 -6.166342092746584 -7.037925649091042 -6.4834897247496555 -6.194876145989864 -9.224202182755137
51
 -2.3282771158566553 -7.191275969507374 -6.241118856912789 -8.594278291622981 -6.750260829411588 -7.006799378890418 -6.854657725462222 -7.455180854395072 -7.568285603537935 -7.149622398781016 -7.712445616716706 -5.335549858566588 -8.234052225519635 -7.010940657096621 -8.066591325464536 -8.783598475020806 -7.079879487859874 -7.755768639980984 -8.0163299531438 -7.489963464338006 -5.090506254590158 -9.507524126205652 -5.967043801141681 -4.768091667791396 -7.3009413415567455 -5.532755572478716 -6.7034675780840765 -7.860574746737858 -7.839388724839577 -5.385408537285857 -6.465787206813112 -4.457818202032919 -6.1871218979459135 -6.504974256569074 -7.627457435013903 -8.538061289540938 -7.248816159426828 -7.164366124083526 -7.6013800459542455 -6.031125033205818 -8.620756681439952 -5.543348724211439 -6.974450343947921 -7.609366475734154 -9.197448550010549 -7.9533061145099095 -6.324080066297585 -6.223204690885251 -7.405073815834307 -8.454335029737813 -6.353126593922567
SGD:0.005
10
51
 -2.3282771158566553 -4.338504054503419 -5.064941942154294 -5.494862671273716 -6.113423328465303 -6.641133489005842 -6.6554322091354905 -7.334813378465812 -6.988710704636122 -7.873056151785052 -8.399631134813525 -7.901233504094706 -8.876049250775958 -8.633290844712059 -9.066106015578036 -9.343016705157186 -7.419285955311939 -10.001979252068484 -9.663039965301419 -8.392593609654492 -9.81312556631599 -9.864776706955992 -10.802787500673563 -9.517023417267861 -10.23556239406913 -10.438856047255449 -10.512386835681037 -10.744061944998816 -8.503866540795949 -11.120984784473459 -10.051946325359268 -10.438762775078034 -9.927365596911187 -8.829963216963105 -11.172413977973116 -10.54670146217188 -10.585067167458313 -9.529145956364673 -9.181373366193782 -11.808222294748594 -12.559929680925618 -10.644726669571309 -11.060365633755907 -10.149347466939618 -8.031509377825202 -11.548025565921165 -9.609619229935715 -9.691576103842596 -11.629769600059928 -10.659312526324184 -10.080086808369193
51
 -2.3282771158566553 -4.336038999135951 -5.027086876840304 -5.562683292085607 -6.065299258103091 -6.551729258553008 -7.0137593291509575 -7.032899401159699 -7.766586061277266 -7.94601391257192 -8.168575502494628 -8.743533155671132 -9.004896688975213 -7.580045390750307 -8.332929348315199 -9.371476550389827 -8.308504358638018 -9.329652640146627 -7.868748824445292 -9.669389593387516 -7.911246267157696 -10.397081163468572 -9.12002516473958 -10.074072549843875 -9.748700352157103 -8.803844574272695 -9.855705828864826 -8.442330049510764 -10.94900253869425 -10.301586086325933 -10.146955100979394 -7.498777289236369 -11.622626983885931 -11.045611687915603 -10.54423559611487 -11.589298448722563 -10.30713753823713 -10.121974605822148 -9.313060725650976 -10.409529765297522 -11.045949373315702 -10.135867583552184 -11.125689501542977 -10.997509574840677 -11.125857406873836 -10.385983366380325 -9.931182079513134 -11.576212599714182 -9.359300728642213 -12.04887762087378 -10.85465331513052
51
 -2.3282771158566553 -4.347170712504055 -5.088216301051387 -5.613938802374463 -6.136006810735731 -6.632133117373941 -7.0504866283111935 -7.358609622028923 -7.788612305253951 -7.255638920617147 -7.641926255306775 -8.23249514634652 -8.509082112459147 -8.54444596558589 -9.387768798402007 -9.071050152178373 -9.647087816567453 -9.794094372013893 -9.032684985851075 -10.257764839206661 -9.67731724769364 -9.15993804293929 -8.341125375230224 -9.561622557350974 -9.24185902851719 -10.852962241378346 -10.343611021017958 -9.395378066342714 -10.42592633444251 -9.288687565842615 -9.648131088110208 -10.718610999759143 -11.19662567976164 -11.19390894780591 -9.606594349734362 -10.78296946032599 -9.253560278344114 -10.244090294785233 -12.033755381810975 -8.691113837934783 -11.201368014257568 -10.89321924392551 -11.8529656171123 -11.443785926476393 -9.975480318700143 -10.723441745756945 -9.418929619024897 -10.52035997581682 -11.560175966476653 -9.690648214036122 -10.700394373747937
51
 -2.3282771158566553 -4.344528150067895 -5.055533250297549 -5.66557182233125 -6.0647704894661665 -6.6636507450453415 -7.016252827851165 -7.435113456351638 -7.846481607917503 -8.058087935072429 -7.972704596802679 -8.700073284944159 -8.141464040989177 -8.720272479145413 -8.106514988300301 -8.448671552880445 -8.731790655628192 -9.811075787175355 -8.431896050625383 -10.001172133559718 -9.388337627411575 -9.822680226901399 -9.912621169625641 -10.121521984093166 -10.147760588770682 -9.329612216424112 -10.758374236991195 -9.846704962675178 -10.226071540328828 -10.178065900909342 -10.250724969819943 -10.64248530355987 -9.48054578708504 -9.688503819587035 -11.060688862146547 -10.694593960701766 -10.16602847088357 -11.068279532354607 -9.965385250251472 -9.021758514634325 -10.754443893437395 -9.735989668829252 -11.07113329879072 -10.50119083082755 -9.393068208737018 -8.569182389101071 -9.689028154154204 -10.727477240971918 -10.434674517250953 -9.430707315320289 -11.15037196260441
51
 -2.3282771158566553 -4.33524864763261 -5.036411113598833 -5.645224804830934 -6.125037839740917 -6.593265522011487 -6.834092062247896 -7.306601064622675 -7.830579830584522 -8.120349069683709 -8.25622595286259 -8.472181928903225 -8.82106512409436 -8.52045620957003 -8.903372995597433 -9.344258340815951 -9.181807501595452 -9.933410937268349 -9.177280598102337 -9.109378789533574 -10.188800828000717 -9.935956096879805 -9.752497983620808 -9.897951509418547 -8.993254401365967 -9.92872159278347 -11.373992333943223 -11.395016512119343 -10.372884766835668 -10.299963888326394 -10.431543924822586 -10.975905777310432 -8.683063782485185 -9.65290327349877 -11.323480960366698 -10.390736274266624 -10.938520946479118 -9.874396410431286 -11.278585526451927 -9.992206242020588 -10.71888976237894 -12.035675548144326 -7.696807553947187 -11.963473462793992 -10.984362101672712 -11.884082102544237 -6.923600009341095 -10.251872365816164 -9.80414842199868 -10.642272185660975 -8.225561455584018
51
 -2.3282771158566553 -4.326353804772258 -5.083399965403213 -5.650719087219089 -6.139283611119161 -6.599911180782039 -7.052269860316011 -6.88909756274584 -7.547187769440358 -8.112620262301961 -8.066724930371185 -8.702994633532326 -8.178123355820508 -9.300189895754224 -9.257273436840533 -8.946610353482997 -9.000316483832846 -9.50217174374244 -9.562999778648749 -9.331808871678263 -9.078694423444496 -10.167112324512114 -10.437748357257908 -9.348133641082295 -10.680541144969348 -9.882732277244656 -9.370444735353807 -9.073598907623058 -10.20097325183631 -10.843367233396881 -10.574922714276692 -10.806496813535116 -7.468542428522728 -9.767328071498232 -11.323018715128576 -10.642134762825405 -10.796664200655886 -9.74175752775075 -11.10723928139955 -11.565412287516853 -10.85298274994736 -9.422969558615947 -11.405721464853626 -11.260921315928037 -10.226692917218658 -10.29622453646747 -10.8432455146066 -9.322466923984543 -7.076213674848037 -11.505123464357093 -8.032671217650453
51
 -2.3282771158566553 -4.352228520641818 -5.05908560529813 -5.4601254996328565 -6.100276351853625 -6.520813437184759 -7.007128745717953 -7.233063657983725 -7.664930035667467 -8.045584313419042 -8.418201279333525 -8.408900736952008 -8.962018065910062 -9.344948909685261 -9.193615332936064 -8.708787927377601 -9.410960462213124 -9.971807833246075 -10.10200355431047 -8.3359989429534 -9.123442298558558 -8.844867329240975 -9.53679174530298 -9.556772336542993 -9.449725154900703 -10.277462558727345 -9.731968409396975 -10.530979700910558 -9.878965131600534 -10.004048669522358 -10.97146465490397 -9.139101790225029 -10.580060016688835 -9.974537971189415 -10.245792353697285 -11.417375685776406 -10.63842165907213 -10.224470028688813 -10.816850553172259 -9.550581433628857 -9.20083315541019 -10.67168411081315 -11.185549247368481 -11.447854803156481 -9.951541820231686 -11.613110641073387 -9.534603981916364 -11.955413141501019 -10.71325070842815 -9.315481020374506 -11.14194942913531
51
 -2.3282771158566553 -4.334056815964037 -5.046739921257249 -5.640819745178666 -6.153065663133265 -6.451377618368653 -7.06461662530705 -7.43385235856233 -7.8158471867835475 -7.832733799242695 -8.429202609558564 -8.166994684261754 -8.46091040188945 -9.026283387237868 -9.420144701923576 -9.18738099601523 -9.035860304094891 -7.482845785746051 -8.748778991660814 -8.431692575603416 -8.859578968880735 -9.171397640084999 -10.29111507486488 -9.900598199906833 -10.63811036407922 -7.8588019412864565 -11.095848535600949 -10.359271901236442 -9.544598274198803 -10.978202936249758 -8.327092666847472 -9.7293202396093 -9.21321184190474 -10.743416602202863 -9.608639165905515 -12.019392683764957 -9.130760451733549 -10.127281668037138 -9.88570297514608 -7.934295638793684 -11.691367641765416 -11.63992302288933 -8.594591305089091 -9.19266869476477 -11.688081054219584 -10.168206215449406 -11.383988187519599 -10.609840470409024 -10.715337002086162 -9.410653991055211 -11.192714098377397
51
 -2.3282771158566553 -4.328524311552305 -4.968422183261411 -5.674123033782696 -6.204202486474149 -6.623445599750921 -7.078570238051281 -6.82677938461896 -7.671534982802845 -8.191149287533454 -8.46572357676221 -8.726831219052585 -8.493191211236534 -9.095582475172575 -8.30971243647939 -9.43407636683841 -9.21780281999486 -8.56714178616035 -8.713894129075134 -9.232814623718703 -10.139021253908535 -8.70031194237465 -8.910047277745763 -9.271346391218064 -10.292296454525077 -10.432905418421727 -10.4504762931817 -9.355308619329506 -10.298334360217302 -9.774987264189877 -9.603797143316095 -9.321959496218108 -11.021902599527797 -10.974552787860809 -10.454185736360893 -11.479166698393069 -10.764602398650716 -9.36218170442733 -10.587485600503596 -9.347422962692196 -10.247480702678727 -12.09832825571095 -11.187445524423492 -10.284404392133876 -9.533339677504884 -12.041990086813577 -9.378968005311709 -11.09610797173212 -7.4968337264773055 -9.753969329023823 -13.181003316800071
51
 -2.3282771158566553 -4.326440600922899 -5.071839926177993 -5.678912415036972 -6.197896893676802 -6.489255245201902 -7.107232950332337 -7.509632450267145 -7.834894720545492 -8.047943643921576 -8.493737122773057 -8.592084720609444 -8.731305501378303 -9.241398793060476 -8.601505961019509 -8.770232782401187 -9.463977989674266 -9.834276122671122 -8.628232647232423 -9.920696430009635 -10.010759782980072 -8.384330248280083 -10.649935612355678 -7.892122666842296 -9.448239525180147 -9.784880204087761 -10.20001904584533 -8.025731317318717 -9.297312381596868 -10.779937697821861 -9.081742797836583 -8.471780550644702 -10.62466266972291 -9.617292313969413 -8.746838831230788 -10.56850034570613 -10.388358528536322 -10.924109920328341 -11.655775062917169 -11.266560386161448 -10.191967887421722 -11.78523900007825 -10.633842866096547 -11.39927742388451 -9.433362252482267 -9.350777658517794 -10.61909073080053 -10.113469259015897 -9.886025894781772 -9.16119286865371 -10.06180610411179
StreamingSVRG
10
51
 -2.3282771158566553 -3.5945699997515437 -4.419260297106054 -4.958865385842951 -5.395031978606738 -5.7947442975331 -6.166741585101132 -6.515260094847365 -6.817297341787617 -7.098880773546396 -7.20041504732394 -7.74273580105603 -7.952059414581235 -8.051025642453853 -7.875798030225574 -8.708930002909371 -8.549503277823195 -8.81894940955708 -9.096895304985374 -9.258864069095535 -7.924464873650573 -9.580135091530176 -9.037076386741585 -9.878738867582475 -9.814136219222275 -9.918623634651256 -9.342764855268074 -10.50679933174763 -10.044672450203302 -10.203868633975178 -10.784456769425752 -9.261096895463494 -10.127054438742036 -9.50312515854654 -10.946288687511403 -9.552802777447793 -10.825948718453903 -11.234923548744662 -10.000349263023297 -9.736277552407959 -11.156183247451711 -11.564218334309686 -9.875311934533395 -11.39325176351122 -11.092781511328578 -9.84462743663062 -10.81917088693617 -9.389592486114317 -9.330929131560907 -10.752181845614102 -10.644686208321536
51
 -2.3282771158566553 -3.5897339190218327 -4.408161114665341 -4.975919713756782 -5.421244062958005 -5.84107953022363 -6.145060381883145 -6.513191218499554 -6.827941714990823 -7.0434566418869995 -7.362424656115238 -7.6976917761318395 -7.782696118419744 -8.272699477269187 -8.349180157191668 -8.672397138027913 -8.728807117591412 -8.925194230238393 -8.568874537976939 -9.100206061243282 -8.641831602929066 -9.545471065880639 -9.488723962206505 -8.839278523268316 -9.304258503409772 -9.787266149816178 -10.062834401923729 -10.372494943321332 -8.962831169146813 -10.624188354198337 -9.623431035105598 -10.591298080912804 -10.695522369774062 -10.00099325271385 -9.751787780824287 -11.220982141813298 -11.098998640753392 -9.209367014051605 -10.4560990877777 -10.932610127842382 -11.432548685899656 -11.421643352920505 -11.631935117262682 -10.713337442726056 -9.28559304931213 -11.261646860855034 -11.313442372691096 -11.593140599499712 -9.111979117710158 -10.208623469132343 -10.02563108270077
51
 -2.3282771158566553 -3.5908399290702273 -4.42312250883692 -4.938671428700949 -5.4233417929644965 -5.813138414945144 -6.215448453477999 -6.473694046337591 -6.750476263123683 -7.122046914404145 -7.4484613832382 -7.481722315556558 -7.591240108253089 -7.839773053509971 -7.995436390942996 -8.318949570421578 -8.38483234227039 -8.780701403102752 -8.773542858153002 -9.158161456600743 -9.261470282703158 -9.411090564284516 -9.024038835513275 -9.612430903490099 -9.540209099234115 -9.078444271567555 -9.942061421664338 -9.73613286453553 -9.554205271513492 -9.381841653108188 -10.329913238653624 -10.366919024156246 -10.916699176931175 -9.725816684514665 -10.544457916245284 -10.158204441680907 -10.354251340420491 -10.781029588765557 -10.938060965775392 -9.492233951371006 -10.938211086658015 -10.481368395205088 -10.900002146621729 -10.71848220258816 -9.815946168015277 -9.00069196384939 -10.461285584488547 -11.85026159391581 -10.85632408094672 -10.555050133146429 -10.263856189984141
51
 -2.3282771158566553 -3.577156570185929 -4.401452054785025 -4.963473129021707 -5.403775424862696 -5.780269790388383 -5.767312263019656 -6.494871659491706 -6.8103439662853855 -7.157853635279129 -6.965366372385658 -7.652438916966496 -7.925707634500765 -8.134676906540525 -7.8917176773678275 -8.260305810409541 -8.37632621043542 -8.907731765773027 -9.215517263962253 -8.58239228014065 -9.611082267793721 -9.55208530005887 -9.761671437498793 -9.43104388725031 -9.847681290779486 -10.032186537557857 -10.179212099196183 -9.64787105048952 -10.15639217821036 -8.691120995529422 -10.696386480214407 -9.892934749479906 -10.754823388398801 -9.51744751834548 -10.199827902987222 -11.020146871961549 -10.905057584388922 -9.166022497128585 -11.02325741856869 -10.167302186586651 -10.531336539322966 -10.129368595032478 -10.535863839187877 -10.94471859746057 -10.872880403859916 -10.260860569700995 -11.0711276807648 -10.878576074013473 -10.306806199023763 -9.027167611963225 -10.814218701630335
51
 -2.3282771158566553 -3.594856441230803 -4.434175083030061 -4.896521352792268 -5.419416609099635 -5.838070532489773 -6.1662018071133415 -6.555770176118879 -6.761040533606512 -7.168709006238201 -7.101849679737148 -7.6766325385909475 -7.983485115764079 -8.265360256533517 -8.164818528834033 -8.684936128821237 -8.891959627964004 -9.02427224462653 -7.601838795025289 -8.734591801640558 -9.437933667155194 -9.382271856231387 -9.550642421798429 -9.670065747749012 -9.521659191685174 -10.159668758034751 -9.746845918829214 -8.585398728058816 -10.39789182848721 -10.215389074752418 -10.333757998692251 -9.67230913984667 -10.066097375254063 -9.789937671448355 -9.795674309249065 -9.446942339472999 -10.747627462887092 -10.015065204370632 -11.006969695156476 -9.479903609259917 -9.237430690338352 -10.924039389158224 -11.469964793693824 -9.501547626976254 -11.24073109697482 -11.77204264210274 -9.306828345068759 -11.732057413728798 -9.649042698436924 -10.925471633373771 -10.055132003097064
51
 -2.3282771158566553 -3.5823768548625203 -4.369970146240523 -4.971974996316433 -5.4276899728340595 -5.686530912884918 -6.195928406274755 -6.25602750361087 -6.833832148826763 -6.832888564077301 -7.221371173904372 -7.756814072061647 -7.67161286184966 -8.162697312544964 -8.469703709778624 -8.607821762219558 -8.73110031742985 -8.45516063040641 -9.136467492089325 -9.094057765095355 -8.45324530432925 -9.131165449339882 -8.552595389959219 -9.583738808329398 -9.796621977833682 -10.069906464619875 -10.22724954734376 -8.431633640465169 -9.50081636390914 -10.38477452594158 -10.264231469191662 -10.494525583058921 -10.739730230962882 -10.398693632147475 -10.796919708478633 -10.4961174942269 -11.123402178138278 -10.916584128378913 -10.189936769642795 -10.40788507871414 -9.583834724852007 -10.976382208955567 -10.145235425436114 -9.918494365794214 -11.601504462840902 -11.258569361412679 -9.462231787063844 -11.077452629228073 -9.655284020250518 -11.804488274321121 -9.523249321813289
51
 -2.3282771158566553 -3.566767423585133 -4.435771796597636 -4.948120272334431 -5.414692377152446 -5.826026455494996 -6.211609227050315 -6.536902984287078 -6.863892920103103 -7.059076601408352 -7.438912690690679 -7.746347363153302 -7.572892236248305 -7.622849676340745 -8.296789049288087 -8.3480570568148 -7.611740142099339 -9.06174037485888 -8.95810934062635 -9.073367635443686 -9.527426100093077 -9.34898885571804 -9.169562409056642 -9.649282888258574 -10.196132394730206 -9.811144834069848 -9.20617793063764 -9.222803764640664 -10.198868954342652 -8.771523105417737 -9.199936921254826 -10.214404599461414 -10.405245835179555 -9.564613889119645 -10.4799047602015 -8.424290906608837 -10.829629682877842 -9.679197457871235 -10.830681583888037 -11.013195022541586 -10.85945931651626 -11.040321095170492 -11.33499009837741 -9.424813860808813 -11.462819222392412 -10.09290853302075 -11.647164127090438 -11.500914179428278 -9.7251017018013 -10.627184281027857 -8.900030854690586
51
 -2.3282771158566553 -3.5754689223225253 -4.42607202722693 -4.956951979803829 -5.425514923515252 -5.801777304599035 -6.187167308829166 -6.496763376309695 -6.563837915917949 -7.160807990565048 -7.4686140755338455 -7.660297453515298 -7.836590321017042 -7.685966926608229 -7.820488060801799 -8.554090298283205 -8.617411415587124 -8.943824230534657 -9.153159323868351 -8.182455065407767 -8.249507639467096 -8.649036869318737 -9.156094534196185 -9.813673138737776 -9.35483560852559 -10.025048280556904 -9.960213171829832 -9.240269444011929 -9.287112270499494 -9.500322857230826 -10.624975508942784 -8.605711935214787 -10.420365171388529 -10.007876761031516 -10.366715721178299 -9.55277890835547 -11.004615222151156 -11.240187484003952 -9.88831156855987 -11.009877846062272 -10.287935940648328 -10.553500182069692 -9.9663064795651 -10.339912337982314 -11.309125987046057 -11.632639250411392 -11.119112455138776 -10.566298064303423 -9.850126572698086 -10.815424988914236 -11.327246471609328
51
 -2.3282771158566553 -3.5926173584394734 -4.442361077408757 -4.918750384919982 -5.393209365499623 -5.640769460772251 -6.163267414160478 -6.529816906436422 -6.830669972380473 -7.190802165583188 -7.488092136973055 -7.645537790490763 -6.956703121858166 -8.210082728182977 -8.44323421827735 -8.51635224865882 -8.694433442672558 -8.990998091845475 -9.094836037579507 -9.27164272777371 -9.469996843672638 -9.267295907515622 -9.491809174454223 -9.625727428216983 -9.027448109825256 -9.556351550033222 -9.753607789415504 -9.484674530593367 -10.472264554083507 -9.86784854725925 -9.663634244748868 -10.411114359563545 -10.357645901007153 -10.237959184404044 -10.796831667293036 -10.180924232295348 -9.233021767361755 -9.862169889416196 -8.664073854764741 -11.452707360144899 -10.037808295532052 -11.370599640360041 -10.69155572470977 -10.132261361065991 -11.503302092384072 -9.272790093028156 -11.216612377298981 -11.192465681250688 -10.755121448002258 -11.560350473868587 -10.710244961335315
51
 -2.3282771158566553 -3.566898576252879 -4.415496179309206 -4.947341236528773 -5.413005436573856 -5.796994357325954 -6.034063030424404 -6.491939390227179 -6.70662457155518 -6.923421644056701 -7.384754037818959 -7.706652608367228 -7.84976615518067 -8.096969518884057 -8.15026783121682 -8.168846768144988 -8.528481336987323 -8.901068326154522 -8.658240257798637 -9.336651212730079 -9.292952524804706 -9.012469529650083 -9.880417519318438 -9.649391788268233 -9.517079548285684 -9.622160290889683 -8.584859253439678 -10.103557975207604 -10.25019744096118 -10.395979315791442 -10.038130901358732 -10.661124703300574 -9.726462748182021 -9.602608372696853 -10.392211779542722 -10.20837675459605 -8.511506308555003 -10.130807288697891 -10.759077953617316 -9.843334090850007 -10.72857066391879 -9.609610048782015 -10.75707978317194 -10.852419877405207 -10.068940120287646 -11.075509324223846 -9.547193952844188 -11.40267576400316 -11.150311870991533 -10.609751817040125 -10.110291182790228
ADAPTIID
10
51
 -2.3282771158566553 -7.421677756708106 -8.160016488110397 -9.315165147621597 -7.05062281072102 -10.807544791540709 -9.328134164688763 -9.388317589955564 -8.866289526694423 -10.185288404078944 -10.816469426200431 -10.634699874992734 -10.656571585823224 -8.648626588040829 -11.378101492543546 -11.423962398325926 -12.660622781958432 -10.958775326356742 -10.062836392785805 -10.830763451919628 -10.638022579764263 -10.04340056325566 -11.189260054541753 -11.053977589620274 -11.617190846338772 -10.99130582218778 -13.427335657203392 -13.335721944351961 -11.753342973887612 -11.527726292335588 -12.595203357087632 -13.997269766857274 -13.17082567025199 -13.474891466514535 -11.5414923647486 -14.683257216705151 -13.604623156121766 -14.075976388337125 -15.221554975308177 -12.705921632535963 -15.794388073532588 -16.047272075792655 -15.798374700630887 -14.472159131968967 -13.800646364823866 -15.769444025345061 -14.865700036324919 -13.037601770085862 -11.75499592739116 -12.346897998304105 -17.121938213830422
51
 -2.3282771158566553 -8.333077124330474 -8.138245433372775 -9.250684362238127 -8.348849998209216 -7.332727466941528 -9.941835740828392 -8.378503072419202 -10.222241514508518 -9.854379965872864 -10.223718298805178 -9.481942810356664 -10.636793977041268 -10.697350434090337 -11.731478625810961 -8.269115014886507 -11.943945392627183 -10.66892536149911 -11.947161699109575 -11.586688025649797 -9.332666220061967 -10.178507624274541 -11.465852150530436 -11.696592628904565 -10.621618774719035 -11.913250696418016 -12.45713381463489 -12.38905147016816 -13.695823162290514 -13.138186757303465 -13.896582514973153 -13.764273241783496 -14.539745713169568 -11.494251496192863 -14.567845239256133 -13.475116523860228 -13.818717469118193 -15.708016901296263 -14.150746177462665 -15.320526152772208 -13.238841142943512 -14.666543473423694 -14.606122505293742 -16.003521798487892 -14.309610769653473 -15.899431658943717 -16.928081805313063 -17.200325454540337 -16.25758984191593 -14.521811863235394 -15.426366445511126
51
 -2.3282771158566553 -8.79363798893063 -6.989652867650131 -8.47580846903511 -6.611497253991476 -9.666870125707085 -10.157726130427884 -9.231862209011025 -9.06925237597839 -10.556980395459727 -10.328560837206428 -9.575765715136376 -9.389029131914427 -11.347083490290727 -9.323591393359598 -11.61150963355343 -12.088753695909164 -8.832676559754626 -12.372416851700773 -9.878019882618931 -10.968060137683649 -11.63418084027023 -12.262498851039178 -12.888742635762753 -11.492609907701935 -11.814509725769936 -12.882083371517664 -10.22750497268541 -13.447185911390815 -11.462852315779061 -14.698352279527274 -15.187497953673441 -12.999702612859895 -12.114718648770504 -12.853323696803633 -13.796798286284455 -14.826730918070075 -12.557388309600721 -15.203307841238976 -11.520249823317972 -13.691699830836892 -14.955408631990299 -15.95939404696716 -15.165169765346239 -16.26960907853309 -16.88023020658612 -14.111602688502122 -16.061739429552627 -16.41127104633982 -16.714975950782353 -16.867065148117504
51
 -2.3282771158566553 -7.631020196189835 -7.679131238224937 -8.664523140086407 -9.922899455511638 -10.022126414991941 -10.613436475841956 -11.482576260364322 -10.669588563609816 -11.20956236437912 -8.082978533794583 -8.940612958207662 -11.03194485844131 -9.604849511148425 -10.798970789382007 -10.442411820785631 -10.215019293763492 -11.486751232957767 -11.765835879390112 -11.862722125464842 -10.048659034836326 -11.296869824110072 -12.508266782236522 -13.421098117214472 -11.24937983055813 -12.074770510278482 -13.52507169748648 -13.728788516106734 -13.7780879585867 -12.68742689077296 -12.692977135852107 -10.722429681183492 -13.55786701251377 -15.259686686099217 -13.240013063054086 -16.010123867421633 -15.123422831253219 -13.843299102531697 -14.82604040198166 -12.224929971844197 -14.993249642969925 -13.701253777106917 -14.741952896716965 -17.447463436334306 -15.6488560398683 -14.98802381135504 -17.653652650077035 -15.700083260231224 -17.11836001149056 -15.866096361780524 -14.363333136748409
51
 -2.3282771158566553 -6.860076489582177 -7.998075336259435 -8.79030651123208 -10.474903928228679 -9.863457442879142 -11.441019200236203 -10.078460738765031 -7.59221666448823 -10.727357392646853 -10.343788380528263 -11.478845568830774 -11.663023133994683 -10.936989629987318 -11.953636021210762 -9.831540319357421 -10.342097989506735 -11.202975283232718 -10.644985416681136 -11.713633278464252 -11.509411452033593 -12.040152763471603 -8.499570588838328 -11.982580574635671 -13.388946018391415 -13.025978891722453 -11.925019804691814 -11.165937737031351 -12.547171101078547 -12.592859190715583 -14.603973128780456 -13.918628243895208 -14.665906537401256 -13.963575097765954 -14.264370159998652 -12.95979323506013 -15.1591897782793 -14.947033610375225 -16.283937091347447 -15.278482162390778 -14.505763424988626 -16.19699780452409 -14.137652801814179 -14.341589428892071 -15.109262266052976 -16.120347264885012 -15.53780392240155 -13.867053616016074 -16.866414589925284 -15.950831735229052 -17.00546337390996
51
 -2.3282771158566553 -8.434459549215914 -7.711887019680019 -8.665551622896679 -8.223019111981769 -8.809974496254346 -9.849041252003149 -9.372791938079141 -10.815480015279329 -11.37093222051884 -10.580383381770863 -10.726241425337737 -12.04165300726803 -10.481171688814525 -9.356116718638598 -9.336316673397933 -12.037799171446185 -12.208397718798832 -11.144038134856245 -11.455461050286285 -13.28839128290989 -10.06927849362891 -12.35449475109649 -11.662356451213684 -10.129249079782792 -11.575544532337375 -14.084764775458597 -10.820599599995115 -13.016979378310712 -13.62232941765294 -13.55573013812545 -11.047536735657024 -15.231299360993301 -14.436784391743132 -12.764345996596433 -13.613775306177184 -15.166617164652786 -15.512959342553517 -14.677563011461098 -13.318066510849642 -15.63826199043311 -12.651443722787494 -15.574092541022805 -15.098534492553894 -16.03973184589142 -14.672548828613428 -15.055615066439868 -16.977846380772977 -14.305330563618615 -15.86282594126197 -15.117358814745016
51
 -2.3282771158566553 -7.363022977377793 -9.227589845927763 -9.62077092099241 -8.692357793101483 -7.0980347856461385 -8.57073134181007 -10.339412915955327 -11.093399596529556 -8.3324077815777 -7.8226552232537285 -11.439697355959373 -9.915017395950642 -10.093659436969443 -7.563403586474319 -10.359863943772691 -10.44640022629508 -10.89675613261274 -11.435833342623779 -10.593261153803917 -9.337312422902025 -12.200384433675707 -11.753854685728864 -11.261937049019469 -12.861054841797918 -12.038031258577517 -12.31949180762344 -11.067702087293027 -11.654977280729334 -14.067912134126919 -13.407425746183373 -12.185140177217164 -14.662394495835288 -11.448249463959554 -13.513040852583263 -15.185165051729868 -14.545063726438295 -14.093638734762747 -14.860659049149092 -13.819686235573128 -12.30819225898576 -17.04594784224445 -14.602747424926601 -17.699087952172114 -14.525748123227181 -14.4838028245457 -15.095818056229158 -14.805780570569159 -14.344043753849354 -14.83977471415885 -16.249294828839467
51
 -2.3282771158566553 -8.494905585029853 -8.425426584230385 -9.660497766185161 -6.932038876149779 -9.119122963200118 -10.034232316747577 -8.905163361292857 -9.20561326287138 -11.200238682907182 -8.211798006477105 -10.403726016050193 -9.556364495536807 -11.307931050621725 -10.422559395069014 -11.546739023042907 -8.639769347490216 -9.663543300818379 -10.7703151248361 -11.427845534192844 -10.148218026911318 -10.139638639302374 -11.83879447002335 -13.885010190386634 -12.418032979835774 -10.956429229856658 -10.676029795169622 -9.963563372681095 -12.503392589416624 -12.844767855568026 -14.009347919639522 -12.389421806865737 -14.185454123623474 -10.229558008734942 -15.479245449574409 -14.274471967343482 -15.114317156785312 -13.503999673785144 -15.087700540368653 -13.4620658639789 -15.243192250209736 -14.488602519490131 -12.810310129182456 -15.96556153597273 -16.684718523226973 -16.882543609431067 -16.0548275801511 -17.37355612435235 -17.33710209234756 -13.238806736283669 -16.421965708969452
51
 -2.3282771158566553 -8.033077444497435 -7.960031451684086 -8.475040278681906 -8.415769647560028 -6.204691671208057 -7.995543296954272 -10.507983302118852 -9.395992445290783 -9.855155446599587 -12.2404929274664 -9.87425343539538 -9.209119323990459 -12.309509390431252 -11.132314405953613 -11.850123311084255 -12.873777592817609 -10.37479871948787 -10.167221072392502 -10.838504144088429 -9.76805865859843 -12.623893283041665 -11.399913750849944 -12.154077665291313 -12.39053026729951 -11.97890893518378 -12.485182947857227 -11.133901558910607 -12.985924344137683 -12.77478421955193 -10.379327196999908 -12.484192856311994 -13.203420434667041 -13.655796095769446 -13.36003735077373 -11.742909948240454 -11.713953456983134 -13.860612751951132 -15.587370426192425 -11.736433654276311 -15.116780285129416 -12.657142431715425 -16.18104922542278 -15.320927507127355 -16.282882412590617 -13.971679643361322 -14.985790719464397 -16.35924324369059 -16.722947801063174 -17.488863014429505 -17.225476176350178
51
 -2.3282771158566553 -8.892322656799447 -7.6561206536396 -9.279902768566963 -7.571061137100017 -8.432749237115429 -10.325946219854073 -8.811338465164441 -8.251360357121913 -10.066523007686076 -8.158669739454616 -10.204080699006235 -12.107485704437849 -9.546721611998528 -10.774310159868714 -9.365017518610989 -10.678985352476309 -11.810442454743965 -9.04668558044625 -10.040086548205828 -12.915820555578195 -10.637497504249968 -12.510424016911438 -11.782716040751595 -10.639936036725468 -8.93375911791595 -10.4065318928475 -13.110923065577193 -12.803202311790043 -14.810067199511378 -13.581997319710675 -11.904506125033457 -13.610599720718954 -14.401819714173985 -13.792561242451832 -13.040966913765725 -14.627543966382756 -15.84438357351302 -13.800357263507653 -13.559536923913267 -13.50713821866141 -15.736926082219844 -15.316561211746988 -16.44910213331107 -15.75303220121001 -16.896342487597927 -13.79416537203825 -13.161888391229255 -16.608832661529632 -17.008363315992277 -17.749862010142913
steps
10
51
 0 50000 100000 150000 200000 250000 300000 350000 400000 450000 500000 550000 600000 650000 700000 750000 800000 850000 900000 950000 1000000 1050000 1100000 1150000 1200000 1250000 1300000 1350000 1400000 1450000 1500000 1550000 1600000 1650000 1700000 1750000 1800000 1850000 1900000 1950000 2000000 2050000 2100000 2150000 2200000 2250000 2300000 2350000 2400000 2450000 2500000
51
 0 50000 100000 150000 200000 250000 300000 350000 400000 450000 500000 550000 600000 650000 700000 750000 800000 850000 900000 950000 1000000 1050000 1100000 1150000 1200000 1250000 1300000 1350000 1400000 1450000 1500000 1550000 1600000 1650000 1700000 1750000 1800000 1850000 1900000 1950000 2000000 2050000 2100000 2150000 2200000 2250000 2300000 2350000 2400000 2450000 2500000
51
 0 50000 100000 150000 200000 250000 300000 350000 400000 450000 500000 550000 600000 650000 700000 750000 800000 850000 900000 950000 1000000 1050000 1100000 1150000 1200000 1250000 1300000 1350000 1400000 1450000 1500000 1550000 1600000 1650000 1700000 1750000 1800000 1850000 1900000 1950000 2000000 2050000 2100000 2150000 2200000 2250000 2300000 2350000 2400000 2450000 2500000
51
 0 50000 100000 150000 200000 250000 300000 350000 400000 450000 500000 550000 600000 650000 700000 750000 800000 850000 900000 950000 1000000 1050000 1100000 1150000 1200000 1250000 1300000 1350000 1400000 1450000 1500000 1550000 1600000 1650000 1700000 1750000 1800000 1850000 1900000 1950000 2000000 2050000 2100000 2150000 2200000 2250000 2300000 2350000 2400000 2450000 2500000
51
 0 50000 100000 150000 200000 250000 300000 350000 400000 450000 500000 550000 600000 650000 700000 750000 800000 850000 900000 950000 1000000 1050000 1100000 1150000 1200000 1250000 1300000 1350000 1400000 1450000 1500000 1550000 1600000 1650000 1700000 1750000 1800000 1850000 1900000 1950000 2000000 2050000 2100000 2150000 2200000 2250000 2300000 2350000 2400000 2450000 2500000
51
 0 50000 100000 150000 200000 250000 300000 350000 400000 450000 500000 550000 600000 650000 700000 750000 800000 850000 900000 950000 1000000 1050000 1100000 1150000 1200000 1250000 1300000 1350000 1400000 1450000 1500000 1550000 1600000 1650000 1700000 1750000 1800000 1850000 1900000 1950000 2000000 2050000 2100000 2150000 2200000 2250000 2300000 2350000 2400000 2450000 2500000
51
 0 50000 100000 150000 200000 250000 300000 350000 400000 450000 500000 550000 600000 650000 700000 750000 800000 850000 900000 950000 1000000 1050000 1100000 1150000 1200000 1250000 1300000 1350000 1400000 1450000 1500000 1550000 1600000 1650000 1700000 1750000 1800000 1850000 1900000 1950000 2000000 2050000 2100000 2150000 2200000 2250000 2300000 2350000 2400000 2450000 2500000
51
 0 50000 100000 150000 200000 250000 300000 350000 400000 450000 500000 550000 600000 650000 700000 750000 800000 850000 900000 950000 1000000 1050000 1100000 1150000 1200000 1250000 1300000 1350000 1400000 1450000 1500000 1550000 1600000 1650000 1700000 1750000 1800000 1850000 1900000 1950000 2000000 2050000 2100000 2150000 2200000 2250000 2300000 2350000 2400000 2450000 2500000
51
 0 50000 100000 150000 200000 250000 300000 350000 400000 450000 500000 550000 600000 650000 700000 750000 800000 850000 900000 950000 1000000 1050000 1100000 1150000 1200000 1250000 1300000 1350000 1400000 1450000 1500000 1550000 1600000 1650000 1700000 1750000 1800000 1850000 1900000 1950000 2000000 2050000 2100000 2150000 2200000 2250000 2300000 2350000 2400000 2450000 2500000
51
 0 50000 100000 150000 200000 250000 300000 350000 400000 450000 500000 550000 600000 650000 700000 750000 800000 850000 900000 950000 1000000 1050000 1100000 1150000 1200000 1250000 1300000 1350000 1400000 1450000 1500000 1550000 1600000 1650000 1700000 1750000 1800000 1850000 1900000 1950000 2000000 2050000 2100000 2150000 2200000 2250000 2300000 2350000 2400000 2450000 2500000
