18
newton-dyna-reg
1
26
 9.738693236236331 7.345908602170236 5.823830522296152 4.093755966885491 1.6433375884756751 0.5634531231758402 0.918509288555478 0.4758202845119251 0.3087380062254291 0.14383344905749212 0.16724579309359405 0.09097482381086547 0.07366380123998045 0.052887293739702745 0.03161387982356828 0.01617103219139321 0.00922460000559605 0.004247905117430062 0.0017748945537022776 9.581688845142766E-4 2.894023314342631E-4 1.3166389653007649E-4 2.7500678237923903E-5 1.7270345176179092E-7 1.2518236447434106E-10 2.7200464103316335E-15
steps1
1
26
 0.0 3.6E-4 7.2E-4 0.00108 0.00144 0.0018 0.00216 0.00252 0.00288 0.00324 0.0036 0.00432 0.00576 0.00864 0.0144 0.02592 0.04896 0.09504 0.1872 0.37152 0.74016 1.47744 2.47744 3.47744 4.47744 5.47744
time2
1
26
 0.0 0.005 0.01 0.015 0.02 0.025 0.030000000000000002 0.035 0.04 0.044 0.048999999999999995 0.05399999999999999 0.06099999999999999 0.075 0.104 0.162 0.277 0.498 0.923 1.8900000000000001 3.793 7.373 14.609 24.227 33.889 43.396
newton-static
1
30
 9.738693236236331 5.248043112854785 3.1704197372063088 2.254123389811485 1.7137251758013248 1.1880561127525577 0.8074100588313771 0.6800350387055301 0.6227886999646983 0.5505197250314653 0.5079920969130765 0.4679185976802365 0.42366601159327083 0.3522173833058619 0.3027441322493479 0.24314299660211608 0.1971739470999821 0.13842521190102391 0.11175961357969705 0.08792024220309952 0.06823450064567055 0.028852252870563755 0.014578056465016254 0.0016778607068335671 2.171773885778494E-5 1.599761819792711E-6 3.345179949709731E-8 2.5443425144544562E-11 1.3100631690576847E-14 2.0539125955565396E-15
steps4
1
30
 0.0 1.0 2.0 3.0 4.0 5.0 6.0 7.0 8.0 9.0 10.0 11.0 12.0 13.0 14.0 15.0 16.0 17.0 18.0 19.0 20.0 21.0 22.0 23.0 24.0 25.0 26.0 27.0 28.0 29.0
time5
1
30
 0.0 27.041 51.253 68.669 90.295 104.661 123.419 142.703 161.701 178.38899999999998 196.516 211.74599999999998 229.52399999999997 244.51599999999996 259.179 272.981 288.218 300.832 315.557 328.512 342.038 354.653 366.196 377.737 389.244 400.668 412.18 423.723 435.125 446.657
static-lbfgs
1
252
 9.738693236236331 8.854981039135646 5.782003668666536 0.43114141664224376 0.3732272403762313 0.21153946434803111 0.17339758591431437 0.15878734951965418 0.1431847445789593 0.12653339861239615 0.08691587384373606 0.07116540332350235 0.06419793012352099 0.04401940737980964 0.028326483476979136 0.016710495542273718 0.009181008885665032 0.007275964373574528 0.005978670570090938 0.004959443285527887 0.004337783238522297 0.0038909043881543703 0.0036620186229934792 0.003118180032702811 0.0025789830794871738 0.002218754991207328 0.0016265521075971012 0.0014244586253411295 0.001402745189398369 0.0013848693499520781 0.0013656796628606083 0.0013288844120261656 0.0012782308303394552 0.0011472647019440951 0.001074393743723645 9.131562867022436E-4 8.370747984312588E-4 7.745502250015024E-4 7.194731710533087E-4 6.301910722838477E-4 5.836044251384953E-4 5.534436012856747E-4 4.9931455122737E-4 4.5200942171425007E-4 4.358701319354674E-4 3.900954610630558E-4 3.842813758331287E-4 3.795259730615119E-4 3.7379122413550014E-4 3.664369551318325E-4 3.5980940182711585E-4 3.562597758908215E-4 3.4975948106275023E-4 3.325465442114428E-4 3.229394058922308E-4 3.1873923590497455E-4 3.1422599179570243E-4 3.0917021102011555E-4 3.0043815112784644E-4 2.8845043648451085E-4 2.7937691764928774E-4 2.7330685709830993E-4 2.6584540626622966E-4 2.557824113423868E-4 2.2992990037501437E-4 2.059604426944417E-4 1.947576801886175E-4 1.8962352909324132E-4 1.8198745107855796E-4 1.6947083831325704E-4 1.6179468689120347E-4 1.5263806916288036E-4 1.4229279883076762E-4 1.3159409553448187E-4 1.1651016543323678E-4 1.0852609789285816E-4 1.0076325162655664E-4 9.612007100351372E-5 9.22273644654581E-5 9.130274655810844E-5 9.022378838574596E-5 8.740306526056063E-5 8.348901518823171E-5 7.73679016222717E-5 6.977738437019543E-5 6.524203014390828E-5 6.330953300587305E-5 6.155589108053361E-5 5.8711718251891476E-5 5.229168765125136E-5 4.369862376468747E-5 3.777164184504134E-5 3.40138364840481E-5 3.1869909542625585E-5 2.8117138169414524E-5 2.5787354284989572E-5 2.5139225365788942E-5 2.4207295676370588E-5 2.3341547944422114E-5 2.0807903932107408E-5 1.9067818518458957E-5 1.631373745714093E-5 1.3812373886812335E-5 1.2407679376547076E-5 1.1090839913519002E-5 1.0821069384381321E-5 1.0595591677542426E-5 1.0330300688532468E-5 1.0251364990554457E-5 9.477659979773012E-6 8.65347517875481E-6 7.521138495947266E-6 6.7174882322218465E-6 6.059126262170089E-6 5.786563162246683E-6 5.741248991497638E-6 5.6799469866364305E-6 5.664913125258408E-6 5.653906725355817E-6 5.63550298521287E-6 5.599216315821387E-6 5.502307611149337E-6 5.224633116140964E-6 4.570297525374745E-6 4.089432422804684E-6 3.1948447224983134E-6 2.7826427290711386E-6 2.684565664379246E-6 2.671897272710222E-6 2.6634398565539286E-6 2.6588686541928475E-6 2.6441523953701918E-6 2.6156732917947956E-6 2.564938542781725E-6 2.385561536699665E-6 2.1629357535579707E-6 1.917236832016389E-6 1.8496874490403492E-6 1.7263325884919745E-6 1.7101123782059524E-6 1.6945193516693102E-6 1.670851929536088E-6 1.631493741438561E-6 1.5499713602040721E-6 1.399274891233926E-6 1.143362170108464E-6 8.901712580944299E-7 6.930014720962774E-7 5.799910036130562E-7 5.609097216696668E-7 5.19163412593393E-7 5.029501073394727E-7 4.811934047332933E-7 4.539913550094532E-7 3.1060618455036604E-7 2.7549264802750884E-7 1.571950397627475E-7 1.1954489581578187E-7 8.784215643764526E-8 6.812041641879318E-8 5.717367240754001E-8 5.088161425526039E-8 4.801382019747891E-8 4.7170163774978846E-8 4.667810399316963E-8 4.5483850963368155E-8 4.330198305479982E-8 4.054696794986157E-8 3.744484394774261E-8 3.425053957117896E-8 3.1948937773140784E-8 2.9722615590976886E-8 2.6612370140899344E-8 2.6014106035976425E-8 2.4623108829668894E-8 2.33848632680278E-8 2.278369476416131E-8 2.188294456750839E-8 2.149657590821974E-8 2.080144867466771E-8 1.932069776389156E-8 1.672541599662125E-8 1.3143945432059212E-8 1.1481440409522037E-8 7.941320712134825E-9 5.92060434012609E-9 4.429364430791338E-9 2.836351487012223E-9 1.952348838152318E-9 1.699751284167661E-9 1.5743298331649669E-9 1.5291848343146341E-9 1.4917448942775025E-9 1.4650018420603317E-9 1.4517614888021058E-9 1.4355714395009045E-9 1.413753614176727E-9 1.3799797971003613E-9 1.3247929975257478E-9 1.2287958428558454E-9 1.0815885409520831E-9 8.932753425838769E-10 6.625371917756695E-10 3.455182251421718E-10 3.05927505550585E-10 2.89252399809925E-10 2.882853955554765E-10 2.8565799725654983E-10 2.8374180782719804E-10 2.820682576398781E-10 2.8106428295870955E-10 2.8065544332989134E-10 2.794857123511463E-10 2.784039110359515E-10 2.7695218340895167E-10 2.7515922873533327E-10 2.7190538709476186E-10 2.6740382130796547E-10 2.6144558740170964E-10 2.5391433400301366E-10 2.268560894691518E-10 2.07388162198896E-10 1.65664870710458E-10 1.2761419698748E-10 8.634154502473734E-11 7.263845080984765E-11 6.676464936461457E-11 6.526612583712676E-11 6.39021058290723E-11 6.278799702386095E-11 6.267658614333982E-11 6.234401883631335E-11 6.214018188899217E-11 6.202455216097746E-11 6.190414847395687E-11 6.174777356093841E-11 6.151995579628533E-11 6.089723170177308E-11 5.947986547738537E-11 5.584233075950351E-11 4.802408470894193E-11 3.558947581083771E-11 2.7960855852882105E-11 1.2701617535526566E-11 5.783484802179828E-12 3.56503715437384E-12 2.2804536037313028E-12 2.0440316106373757E-12 1.487976408753866E-12 1.243394276428944E-12 1.0290657215250576E-12 8.982814492242142E-13
steps7
1
252
 0.0 1.0 2.0 3.0 4.0 5.0 6.0 7.0 8.0 9.0 10.0 11.0 12.0 13.0 14.0 15.0 16.0 17.0 18.0 19.0 20.0 21.0 22.0 23.0 24.0 25.0 26.0 27.0 28.0 29.0 30.0 31.0 32.0 33.0 34.0 35.0 36.0 37.0 38.0 39.0 40.0 41.0 42.0 43.0 44.0 45.0 46.0 47.0 48.0 49.0 50.0 51.0 52.0 53.0 54.0 55.0 56.0 57.0 58.0 59.0 60.0 61.0 62.0 63.0 64.0 65.0 66.0 67.0 68.0 69.0 70.0 71.0 72.0 73.0 74.0 75.0 76.0 77.0 78.0 79.0 80.0 81.0 82.0 83.0 84.0 85.0 86.0 87.0 88.0 89.0 90.0 91.0 92.0 93.0 94.0 95.0 96.0 97.0 98.0 99.0 100.0 101.0 102.0 103.0 104.0 105.0 106.0 107.0 108.0 109.0 110.0 111.0 112.0 113.0 114.0 115.0 116.0 117.0 118.0 119.0 120.0 121.0 122.0 123.0 124.0 125.0 126.0 127.0 128.0 129.0 130.0 131.0 132.0 133.0 134.0 135.0 136.0 137.0 138.0 139.0 140.0 141.0 142.0 143.0 144.0 145.0 146.0 147.0 148.0 149.0 150.0 151.0 152.0 153.0 154.0 155.0 156.0 157.0 158.0 159.0 160.0 161.0 162.0 163.0 164.0 165.0 166.0 167.0 168.0 169.0 170.0 171.0 172.0 173.0 174.0 175.0 176.0 177.0 178.0 179.0 180.0 181.0 182.0 183.0 184.0 185.0 186.0 187.0 188.0 189.0 190.0 191.0 192.0 193.0 194.0 195.0 196.0 197.0 198.0 199.0 200.0 201.0 202.0 203.0 204.0 205.0 206.0 207.0 208.0 209.0 210.0 211.0 212.0 213.0 214.0 215.0 216.0 217.0 218.0 219.0 220.0 221.0 222.0 223.0 224.0 225.0 226.0 227.0 228.0 229.0 230.0 231.0 232.0 233.0 234.0 235.0 236.0 237.0 238.0 239.0 240.0 241.0 242.0 243.0 244.0 245.0 246.0 247.0 248.0 249.0 250.0 251.0
time8
1
252
 0.0 9.142 33.788 42.928999999999995 52.672999999999995 61.93299999999999 71.08099999999999 80.22399999999999 89.35999999999999 98.59799999999998 107.74599999999998 116.89699999999998 126.03099999999998 135.289 144.434 153.572 162.719 171.97 181.111 190.26399999999998 199.52499999999998 208.671 217.807 226.94199999999998 236.18499999999997 245.34299999999996 254.50499999999997 263.64599999999996 272.89 282.03499999999997 291.16999999999996 300.31199999999995 309.56899999999996 318.705 327.86899999999997 337.051 346.30899999999997 355.45599999999996 364.60099999999994 373.84999999999997 383.001 392.14599999999996 401.29999999999995 410.53599999999994 419.67999999999995 428.81299999999993 437.94699999999995 447.19199999999995 456.33199999999994 465.46899999999994 474.6329999999999 483.88499999999993 493.01899999999995 502.15199999999993 511.40899999999993 520.5659999999999 529.7019999999999 538.8529999999998 548.0899999999998 557.2419999999998 566.3859999999999 575.5229999999999 584.7649999999999 593.9109999999998 603.0859999999998 612.2269999999997 621.4719999999998 630.6089999999997 639.7419999999997 648.8809999999997 658.2549999999998 667.3879999999998 676.5409999999998 685.7849999999999 694.9309999999998 704.0629999999998 713.2039999999997 722.4429999999998 731.5919999999998 740.7729999999998 749.9169999999998 759.1729999999998 768.3189999999997 777.4549999999997 786.5949999999997 795.8439999999997 804.9779999999997 814.1449999999998 823.2939999999998 832.5429999999998 841.6769999999998 850.8109999999998 860.0529999999998 869.2069999999998 878.3799999999998 887.5219999999998 896.7619999999998 905.9079999999998 915.0459999999998 924.1819999999998 933.4279999999998 942.5669999999998 951.7629999999998 960.9059999999998 970.1659999999998 979.2979999999998 988.4339999999997 997.6779999999998 1007.6929999999998 1016.8689999999998 1026.014 1035.254 1044.407 1053.5529999999999 1062.703 1072.238 1081.384 1090.549 1099.705 1108.9669999999999 1118.1129999999998 1127.2609999999997 1136.4179999999997 1145.6949999999997 1154.8689999999997 1164.0189999999998 1173.2669999999998 1182.4199999999998 1191.5559999999998 1200.6899999999998 1209.9329999999998 1219.0949999999998 1228.2299999999998 1237.3739999999998 1246.6219999999998 1255.7649999999999 1264.907 1274.057 1283.325 1292.486 1301.634 1310.885 1320.039 1329.175 1338.309 1347.5539999999999 1356.7209999999998 1365.8599999999997 1374.9969999999996 1384.2579999999996 1393.4049999999995 1402.5379999999996 1411.6889999999996 1420.9729999999997 1430.1269999999997 1439.5549999999998 1448.7069999999999 1457.9519999999998 1467.0909999999997 1476.2299999999996 1485.4759999999997 1494.6299999999997 1503.7839999999997 1512.9209999999996 1522.1749999999995 1531.3409999999994 1540.4799999999993 1549.6309999999994 1558.8859999999995 1568.0569999999996 1577.1909999999996 1586.3329999999996 1595.5819999999997 1604.7159999999997 1613.8519999999996 1623.1009999999997 1632.2569999999996 1641.4019999999996 1650.5409999999995 1659.7919999999995 1668.9629999999995 1678.1149999999996 1687.2899999999995 1696.5509999999995 1705.7189999999994 1714.8619999999994 1724.0139999999994 1733.2749999999994 1742.4129999999993 1751.5519999999992 1760.7029999999993 1769.9709999999993 1779.1059999999993 1788.2439999999992 1797.4869999999992 1806.635999999999 1815.7769999999991 1824.931999999999 1834.175999999999 1843.339999999999 1852.485999999999 1861.637999999999 1870.906999999999 1880.076999999999 1889.230999999999 1898.3819999999992 1907.652999999999 1916.800999999999 1925.935999999999 1935.090999999999 1944.241999999999 1953.960999999999 1963.1299999999992 1972.3929999999991 1981.5439999999992 1990.691999999999 1999.839999999999 2009.087999999999 2018.244999999999 2027.390999999999 2036.541999999999 2045.804999999999 2054.9559999999988 2064.1119999999987 2073.272999999999 2082.5199999999986 2091.683999999999 2100.8329999999987 2110.085999999999 2119.233999999999 2130.099999999999 2139.232999999999 2148.478999999999 2157.659999999999 2166.800999999999 2175.944999999999 2185.2059999999988 2194.351999999999 2203.494999999999 2212.643999999999 2221.894999999999 2231.059999999999 2240.1949999999993 2249.350999999999 2258.508999999999 2267.6439999999993 2276.7799999999993 2286.0219999999995 2295.1889999999994 2304.3349999999996 2313.4689999999996 2322.7129999999997
dyna-reg-lbfgs
1
292
 9.738693236236331 8.770356964448487 5.854165462371772 0.34131428377351886 0.29525395696550977 0.19741371506556354 0.1632783363872577 0.16061859675696372 0.14276406314009643 0.11576252150001859 0.111395125187911 0.11294962951283521 0.1143531091219882 0.1144907869138197 0.11222957208672318 0.10291689126924003 0.09790182297891165 0.08174375548088636 0.08174375548088603 0.08174375548088358 0.058580903188965416 0.05858090318896553 0.058580903188965416 0.0363140322202819 0.0363140322202819 0.03631403222028168 0.036314032220281234 0.036314032220281234 0.036314032220281345 0.036314032220281234 0.02537496355504648 0.025374963555040486 0.025374963555040486 0.025374963555040264 0.025374963555040264 0.015925348669948713 0.015925348669946937 0.015925348669946715 0.006942401153664568 0.006446929855391692 0.00500873894469428 0.005008738944693614 0.005008738944693114 0.0045679839233560005 0.0037948282500858688 0.003635588405611012 0.0034757128728597486 0.003177814667113532 0.0028976817888943796 0.002494211635151733 0.0021534459573223086 0.0017410953237831928 0.0013841894480227657 0.0011791662832503769 9.82574245459833E-4 8.216825878916145E-4 6.848090315830224E-4 5.430376230440292E-4 4.917304094739228E-4 4.6054925495253585E-4 3.5875029055193464E-4 2.641686200237081E-4 1.7572168471730043E-4 1.4774992349814164E-4 1.2621677272672827E-4 1.0836592989854621E-4 1.0243652920333135E-4 9.792775759220884E-5 9.172692710557317E-5 8.375756114942234E-5 7.375637102963184E-5 6.198277500779614E-5 4.96473135455644E-5 4.494569555524297E-5 4.242086095501696E-5 3.9628284126347335E-5 3.636836320508596E-5 3.1810509804330867E-5 2.819963411304638E-5 2.6437309830207312E-5 2.575266856830183E-5 2.5008940384985134E-5 2.391850200683665E-5 2.2493067194484517E-5 2.073025143917162E-5 1.9418077684518753E-5 1.7682315688161143E-5 1.6218428970871113E-5 1.5116130244519077E-5 1.3982851378269157E-5 1.2518160864505301E-5 1.0428452258792742E-5 8.878629298547658E-6 8.149093913223382E-6 7.713509545037578E-6 7.327993506667241E-6 6.904095336379701E-6 6.439898130650157E-6 5.97351448805572E-6 5.469336126162627E-6 5.133562263504032E-6 4.926307649255612E-6 4.835132756730864E-6 4.795170614080302E-6 4.772140070385955E-6 4.726209850147711E-6 4.6421505049409895E-6 4.47191738622843E-6 4.286230406769231E-6 4.046743573071776E-6 3.9358349315787855E-6 3.768964098871397E-6 3.6138585478573404E-6 3.5336161459120774E-6 3.410826605876327E-6 3.3790851048931536E-6 3.2292711417691855E-6 3.195462995764231E-6 3.157920458241037E-6 3.1043428737609347E-6 2.9857011187850446E-6 2.759199425661496E-6 2.5671146556272006E-6 2.4422092670950413E-6 2.340499973718657E-6 2.254133868007102E-6 2.107702652465182E-6 2.021347318192923E-6 1.9396738745180997E-6 1.8618796791547432E-6 1.7497129279342438E-6 1.622671485124183E-6 1.5451838656366235E-6 1.5179187092817514E-6 1.5036432782777887E-6 1.4967077933691897E-6 1.4794785486160755E-6 1.4578980524482255E-6 1.4017674599409169E-6 1.2194702859735784E-6 9.60172735875453E-7 9.091511390946216E-7 6.956584860384751E-7 6.52971893000398E-7 6.432863413063927E-7 6.381976525027255E-7 6.262730165573771E-7 6.039279321634616E-7 5.710184693419329E-7 5.369539981536775E-7 5.014278049442211E-7 4.809222636237287E-7 4.7617644993724895E-7 4.6698886979612553E-7 4.591132078402005E-7 4.33825088963502E-7 4.1479514684139573E-7 3.577675710131345E-7 3.025898188679932E-7 2.6053818691362807E-7 2.277193660304988E-7 2.2060777654653307E-7 1.865690772984152E-7 1.7724212314496057E-7 1.7055324641468417E-7 1.6798111612814637E-7 1.6725468582334813E-7 1.6708054739744682E-7 1.6631242194531382E-7 1.6527588175829777E-7 1.6271657266031525E-7 1.5838571165716075E-7 1.513960940502379E-7 1.4137893367127674E-7 1.3976609380961236E-7 1.3204561388757696E-7 1.2992263903610635E-7 1.2842782731725677E-7 1.2645779517983513E-7 1.2339881272360742E-7 1.1979812669649093E-7 1.1787170584032225E-7 1.171706806579742E-7 1.1630611596036289E-7 1.1449602038693385E-7 1.1096230201346202E-7 1.0258663707407578E-7 8.884971974820743E-8 7.440316912576961E-8 6.859942780490513E-8 6.010463793337806E-8 5.8178947603959585E-8 5.668298219685397E-8 5.590141677336291E-8 5.531463492802757E-8 5.430040050935503E-8 5.1216562546585465E-8 4.7932445068621377E-8 4.399339897931398E-8 4.174400752843255E-8 3.979662888120572E-8 3.757821526173544E-8 3.2939762140138384E-8 3.251407032500708E-8 2.982161012576867E-8 2.9100913567781106E-8 2.8927438944226225E-8 2.8396540341368848E-8 2.7628436316540217E-8 2.646148111740132E-8 2.602647258820312E-8 2.4640125606545382E-8 2.4114046204282147E-8 2.398171489170764E-8 2.3850875607855926E-8 2.3679398164500043E-8 2.3485523692468036E-8 2.3204336785376256E-8 2.2603900307061053E-8 2.1844035746898527E-8 2.1198439004166403E-8 2.057905418295647E-8 1.958467721330237E-8 1.8832585213512942E-8 1.8167330417817595E-8 1.7537703400627436E-8 1.6281129222583957E-8 1.555292999944058E-8 1.4835318640216144E-8 1.3931074405171273E-8 1.3195266490573232E-8 1.293220852627286E-8 1.2562253237646814E-8 1.2105364488590453E-8 1.1866107985092356E-8 1.1490444984385562E-8 1.1128578614183482E-8 1.0952383389106757E-8 1.0514514925397123E-8 1.0138577033469431E-8 9.71894331680545E-9 8.904244175322873E-9 7.56946511026868E-9 5.472140851559004E-9 5.236350297810333E-9 3.4216615651949667E-9 2.8323108303141E-9 2.5312935081345245E-9 2.3996898357303564E-9 2.342321114845447E-9 2.330252657500864E-9 2.317224467862644E-9 2.3104902435733266E-9 2.3057688536276544E-9 2.3004353977285064E-9 2.2899128149234116E-9 2.266133114492419E-9 2.2624745410482205E-9 2.223312811633349E-9 2.178831448595986E-9 2.1258821369940506E-9 2.053757885978058E-9 1.9072428081301496E-9 1.8909824817114895E-9 1.6834051375091974E-9 1.5563656474704146E-9 1.5065544922698848E-9 1.48359208251847E-9 1.469877386472973E-9 1.438581198609512E-9 1.427748641535942E-9 1.4108063051132547E-9 1.3931998332772366E-9 1.3486247674165952E-9 1.179971842457661E-9 1.0116895099443468E-9 8.399184125984505E-10 6.244438299773947E-10 5.077346321158416E-10 4.545244181031194E-10 3.780938340192108E-10 3.306616647158478E-10 3.115322999569514E-10 2.9956570557487794E-10 2.951990318855735E-10 2.9025198911014627E-10 2.8584040689949575E-10 2.847250768489573E-10 2.810434107658466E-10 2.769184881401543E-10 2.648393171433838E-10 2.4251878283365613E-10
steps10
1
292
 0.0 3.6E-4 7.2E-4 0.00108 0.00144 0.0018 0.00216 0.00252 0.00288 0.00324 0.0036 0.00396 0.00432 0.00504 0.00576 0.00648 0.00792 0.00936 0.0108 0.01368 0.01656 0.01944 0.0252 0.03096 0.03672 0.04824 0.05976 0.07128 0.09432 0.11736 0.1404 0.18648 0.23256 0.27864 0.3708 0.46296 0.55512 0.73944 0.92376 1.10808 1.47672 1.84536 2.214 2.95128 3.68856 4.42584 5.42584 6.42584 7.42584 8.42584 9.42584 10.42584 11.42584 12.42584 13.42584 14.42584 15.42584 16.42584 17.42584 18.42584 19.42584 20.42584 21.42584 22.42584 23.42584 24.42584 25.42584 26.42584 27.42584 28.42584 29.42584 30.42584 31.42584 32.42584 33.42584 34.42584 35.42584 36.42584 37.42584 38.42584 39.42584 40.42584 41.42584 42.42584 43.42584 44.42584 45.42584 46.42584 47.42584 48.42584 49.42584 50.42584 51.42584 52.42584 53.42584 54.42584 55.42584 56.42584 57.42584 58.42584 59.42584 60.42584 61.42584 62.42584 63.42584 64.42584 65.42584 66.42584 67.42584 68.42584 69.42584 70.42584 71.42584 72.42584 73.42584 74.42584 75.42584 76.42584 77.42584 78.42584 79.42584 80.42584 81.42584 82.42584 83.42584 84.42584 85.42584 86.42584 87.42584 88.42584 89.42584 90.42584 91.42584 92.42584 93.42584 94.42584 95.42584 96.42584 97.42584 98.42584 99.42584 100.42584 101.42584 102.42584 103.42584 104.42584 105.42584 106.42584 107.42584 108.42584 109.42584 110.42584 111.42584 112.42584 113.42584 114.42584 115.42584 116.42584 117.42584 118.42584 119.42584 120.42584 121.42584 122.42584 123.42584 124.42584 125.42584 126.42584 127.42584 128.42584 129.42584 130.42584 131.42584 132.42584 133.42584 134.42584 135.42584 136.42584 137.42584 138.42584 139.42584 140.42584 141.42584 142.42584 143.42584 144.42584 145.42584 146.42584 147.42584 148.42584 149.42584 150.42584 151.42584 152.42584 153.42584 154.42584 155.42584 156.42584 157.42584 158.42584 159.42584 160.42584 161.42584 162.42584 163.42584 164.42584 165.42584 166.42584 167.42584 168.42584 169.42584 170.42584 171.42584 172.42584 173.42584 174.42584 175.42584 176.42584 177.42584 178.42584 179.42584 180.42584 181.42584 182.42584 183.42584 184.42584 185.42584 186.42584 187.42584 188.42584 189.42584 190.42584 191.42584 192.42584 193.42584 194.42584 195.42584 196.42584 197.42584 198.42584 199.42584 200.42584 201.42584 202.42584 203.42584 204.42584 205.42584 206.42584 207.42584 208.42584 209.42584 210.42584 211.42584 212.42584 213.42584 214.42584 215.42584 216.42584 217.42584 218.42584 219.42584 220.42584 221.42584 222.42584 223.42584 224.42584 225.42584 226.42584 227.42584 228.42584 229.42584 230.42584 231.42584 232.42584 233.42584 234.42584 235.42584 236.42584 237.42584 238.42584 239.42584 240.42584 241.42584 242.42584 243.42584 244.42584 245.42584 246.42584 247.42584 248.42584 249.42584 250.42584
time11
1
292
 0.0 0.004 0.008 0.012 0.016 0.02 0.023 0.026 0.028999999999999998 0.033 0.036000000000000004 0.03900000000000001 0.04200000000000001 0.04500000000000001 0.05300000000000001 0.06000000000000001 0.068 0.082 0.131 0.177 0.206 0.299 0.399 0.458 0.65 0.851 1.23 1.653 2.066 2.867 3.113 3.815 5.483 7.117999999999999 8.873 9.859 14.538 19.505 21.474999999999998 23.935999999999996 25.793999999999997 43.342 60.431 64.908 72.449 79.98 87.52000000000001 97.739 107.94800000000001 118.179 128.508 138.726 148.942 159.166 169.516 179.72799999999998 189.91799999999998 200.21899999999997 210.42099999999996 220.61199999999997 230.80299999999997 241.11099999999996 251.31299999999996 261.51099999999997 271.70399999999995 282.01899999999995 292.2169999999999 302.44699999999995 312.65199999999993 322.9799999999999 333.1809999999999 343.42299999999994 353.74899999999997 363.95899999999995 374.18299999999994 384.38999999999993 394.7149999999999 404.9239999999999 415.1219999999999 425.3389999999999 435.6889999999999 445.8989999999999 456.1029999999999 466.4479999999999 476.6769999999999 486.9159999999999 497.13299999999987 507.46499999999986 517.6919999999999 527.9039999999999 538.1169999999998 548.4669999999999 558.7029999999999 568.9079999999999 579.1449999999999 589.4989999999999 599.713 609.92 620.279 630.506 640.723 650.938 661.282 671.509 681.7230000000001 691.9370000000001 702.3000000000002 712.5340000000002 722.7480000000003 732.9820000000003 743.3370000000003 753.5670000000003 763.7910000000004 774.1570000000004 784.4030000000004 794.6320000000004 804.8650000000004 815.2440000000004 825.5070000000004 835.7270000000004 845.9720000000004 856.3450000000005 866.5610000000005 876.7940000000004 887.0410000000004 897.2860000000004 907.5130000000004 917.7380000000004 928.1100000000004 938.3570000000003 948.5990000000003 958.8410000000002 969.2260000000002 979.4920000000002 989.7350000000002 999.9830000000003 1010.3880000000003 1020.6240000000003 1030.8720000000003 1041.2710000000002 1051.545 1062.3700000000001 1072.6160000000002 1083.0230000000001 1093.2810000000002 1103.5180000000003 1113.7710000000002 1124.1920000000002 1134.4280000000003 1144.6720000000003 1154.9230000000002 1165.3370000000002 1175.5860000000002 1185.8430000000003 1196.2540000000004 1206.5060000000003 1216.7480000000003 1226.9980000000003 1237.4090000000003 1247.6790000000003 1257.9500000000003 1269.3790000000004 1279.8220000000003 1290.0650000000003 1300.3240000000003 1310.7570000000003 1321.0340000000003 1331.5760000000002 1341.8300000000002 1352.2510000000002 1362.5060000000003 1372.7540000000004 1383.0040000000004 1393.4570000000003 1404.6190000000004 1414.8910000000003 1425.1670000000004 1435.6000000000004 1445.8530000000003 1456.1330000000003 1466.5720000000003 1476.8430000000003 1487.1140000000003 1497.3870000000002 1507.8390000000002 1518.1250000000002 1528.4190000000003 1538.6870000000004 1549.1370000000004 1559.4000000000003 1569.6620000000003 1579.9300000000003 1590.3900000000003 1600.6550000000004 1610.9320000000005 1621.3820000000005 1631.6560000000004 1641.9200000000003 1652.1840000000002 1662.6670000000001 1672.94 1683.21 1693.489 1705.422 1715.6870000000001 1725.959 1736.7350000000001 1747.017 1757.295 1767.566 1778.345 1788.645 1798.95 1809.256 1819.739 1830.018 1840.291 1850.577 1861.065 1871.3490000000002 1881.6520000000003 1892.1480000000004 1902.4470000000003 1912.7300000000002 1923.0190000000002 1933.5330000000001 1943.824 1954.131 1964.438 1974.948 1985.2450000000001 1995.5420000000001 2005.8380000000002 2016.352 2026.6490000000001 2036.9530000000002 2047.4700000000003 2058.3700000000003 2068.684 2078.9900000000002 2089.5280000000002 2099.842 2110.149 2120.4649999999997 2131.8559999999998 2142.144 2152.437 2162.961 2173.261 2183.554 2193.848 2204.378 2214.683 2224.975 2235.2819999999997 2245.816 2256.129 2269.084 2279.411 2289.936 2300.235 2310.536 2321.062 2334.884 2345.206 2355.512 2366.047 2376.364 2386.695 2397.0170000000003 2407.5580000000004 2417.8610000000003 2428.1670000000004 2438.715 2449.0530000000003 2459.396 2469.7230000000004 2480.2990000000004 2490.6220000000003 2501.2320000000004 2511.5660000000003 2522.126 2532.44 2542.77 2553.393 2563.962 2574.28 2584.6130000000003 2595.1870000000004 2605.5340000000006 2615.8770000000004 2626.2120000000004
saga
1
99
 9.738693236236331 0.00910207837732141 0.002445771864617974 0.0019753343367398535 2.2264806028882145E-4 1.6267610760717366E-4 2.1399679984529518E-4 6.414337918037027E-5 5.942148688725668E-5 3.685834285022116E-5 2.7508329971004386E-5 2.1401148852684404E-5 1.680190861147457E-5 1.3166943578335477E-5 1.0336275880207246E-5 8.124409354215434E-6 6.385170541411966E-6 5.019692832231026E-6 3.9463945733508865E-6 3.1032501404126833E-6 2.4404283683887584E-6 1.9192545489543633E-6 1.5094685316685563E-6 1.187076477282556E-6 9.336579199215045E-7 7.342896505280194E-7 5.775513814976208E-7 4.542639998605935E-7 3.572999457412962E-7 2.810346856341184E-7 2.210463822538422E-7 1.7385371475775457E-7 1.3672374271633814E-7 1.0753428880683202E-7 8.457972189290786E-8 6.653093742592375E-8 5.233208466570716E-8 4.115881852007064E-8 3.23756198516989E-8 2.5463198938258103E-8 2.0027344949102854E-8 1.5752945115021788E-8 1.2391347614659765E-8 9.745988294174168E-9 7.665846568638557E-9 6.029829635600947E-9 4.743190062939107E-9 3.730615649732982E-9 2.9343156238148538E-9 2.3078158828404582E-9 1.8153325509473461E-9 1.4280568394475779E-9 1.1233168839552832E-9 8.835486231539846E-10 6.949245623388833E-10 5.466323504954573E-10 4.299878786362399E-10 3.382177871102954E-10 2.660454634373366E-10 2.092722106716849E-10 1.646154879075823E-10 1.2949991079480583E-10 1.0185846610610838E-10 8.014267027789401E-11 6.303879640512378E-11 4.9585890948833367E-11 3.900052503169604E-11 3.068595377797578E-11 2.4115098806731794E-11 1.898192714122615E-11 1.4934720127257606E-11 1.1743828132182443E-11 9.241662990433497E-12 7.265466006600718E-12 5.7200910674737315E-12 4.49668080548804E-12 3.546274385257675E-12 2.7647883982240273E-12 2.183420111379064E-12 1.6966428262321642E-12 1.3496981310368028E-12 1.0841327835464654E-12 8.321121569565548E-13 6.458167334244536E-13 5.113687251423471E-13 4.2443826231419735E-13 3.170796958329447E-13 2.6501023597802487E-13 2.0156099012069717E-13 1.5831780331154732E-13 1.43607348235264E-13 9.81992265280951E-14 8.465450562766819E-14 7.210898544940392E-14 5.140332604014475E-14 3.780309398848658E-14 4.1799896877137144E-14 2.170486013142181E-14 7.771561172376096E-15
steps13
1
99
 0.0 1.0 2.0 3.0 4.0 5.0 6.0 7.0 8.0 9.0 10.0 11.0 12.0 13.0 14.0 15.0 16.0 17.0 18.0 19.0 20.0 21.0 22.0 23.0 24.0 25.0 26.0 27.0 28.0 29.0 30.0 31.0 32.0 33.0 34.0 35.0 36.0 37.0 38.0 39.0 40.0 41.0 42.0 43.0 44.0 45.0 46.0 47.0 48.0 49.0 50.0 51.0 52.0 53.0 54.0 55.0 56.0 57.0 58.0 59.0 60.0 61.0 62.0 63.0 64.0 65.0 66.0 67.0 68.0 69.0 70.0 71.0 72.0 73.0 74.0 75.0 76.0 77.0 78.0 79.0 80.0 81.0 82.0 83.0 84.0 85.0 86.0 87.0 88.0 89.0 90.0 91.0 92.0 93.0 94.0 95.0 96.0 97.0 98.0
time14
1
99
 0.0 4.514999999999916 8.791000000000642 14.761999999998151 20.598000000001555 25.20900000000719 31.199000000012852 36.977000000004914 41.627999999994074 47.547999999983226 53.44299999997242 58.08999999996159 63.98799999995077 69.86599999997277 74.50099999999489 80.38100000001698 86.25000000003905 90.88000000006116 96.75400000008327 102.62200000010532 107.25000000012741 113.12700000014952 119.0180000001717 123.65000000019381 129.54100000021597 135.43400000023814 140.06200000026024 145.95600000028242 151.84000000030454 156.46900000032664 162.35300000034877 168.25900000037092 172.87800000039297 178.78900000041514 184.69300000043725 190.59600000045936 195.23900000048152 201.29500000050368 207.20600000052582 211.84700000054798 217.76300000057012 223.66300000059218 228.30800000061436 234.2260000006365 240.13100000065856 244.80000000068085 250.7470000007031 256.6530000007177 261.3050000006078 267.21800000049814 273.1240000003886 277.76600000027884 283.6890000001689 289.61300000005895 294.26799999994887 300.19899999983886 304.8369999997292 310.769999999619 316.6859999995092 321.31499999939973 327.2539999992896 333.1919999991794 337.8279999990698 343.7629999989598 349.69499999885 354.3129999987408 360.24799999863086 366.1619999985211 370.79399999841155 376.72499999830166 382.66799999819193 387.3099999980823 393.2569999979722 399.1809999978625 403.8169999977529 409.76299999764296 415.69099999753325 420.35199999742304 426.2829999973133 432.2179999972037 436.86499999709383 442.81399999698385 447.45299999687415 453.40899999676407 459.3559999966539 463.9989999965441 469.94199999643433 475.8969999963243 480.52599999621486 486.47199999610484 492.42399999599496 497.0579999958854 503.0149999957754 508.9509999956657 513.6109999955556 519.5659999954456 525.5019999953361 530.156999995226 536.1069999951162
nesterov
1
252
 0.20710747385154965 0.2020309628544274 0.19647509273453728 0.19032098763038513 0.18375895813211535 0.17703929014057967 0.1703096365389754 0.1636638436825158 0.15716824350522834 0.1508706793824422 0.1448063921414527 0.13900116258952694 0.13347245354438758 0.12822984092282913 0.12327551410990173 0.11860517478690386 0.11420934931792076 0.1100749301555713 0.10618669390050389 0.10252858259350245 0.0990846299206391 0.0958395171150433 0.0927788212639647 0.08988905719437018 0.08715761529388438 0.08457267373767202 0.0821231297730402 0.07979856363762977 0.07758922778962912 0.07548604532179776 0.07348060247683846 0.0715651267981064 0.06973245025821523 0.06797596256823596 0.06628956236721911 0.06466761328909348 0.06310490914757355 0.06159664911903068 0.060138421050884794 0.0587261895296472 0.05735628519184893 0.05602539259118283 0.05473053520958032 0.05346905740288138 0.05223860388075113 0.05103709763688008 0.04986271715644103 0.04871387343023964 0.0475891869963066 0.04648746505204965 0.04540767868097223 0.04434894038489717 0.043310482319499355 0.04229163580695744 0.04129181277261068 0.04031048969716228 0.03934719450507934 0.0384014965675597 0.037472999738145274 0.03656133811157064 0.03566617402973188 0.03478719776707201 0.03392412830347519 0.03307671462134404 0.03224473702577785 0.03142800806882834 0.030626372747859343 0.029839707744912347 0.02906791956944582 0.028310941566690284 0.027568729850331153 0.026841258307896354 0.026128512904476764 0.025430485565966 0.024747167954699945 0.024078545454184364 0.023424591657050964 0.02278526360637284 0.02216049797969527 0.021550208337831778 0.02095428348902789 0.020372586954091665 0.019804957460665407 0.019251210349313264 0.018711139739750415 0.01818452128645881 0.017671115342748955 0.017170670356142226 0.01668292632874019 0.01620761819554367 0.01574447899978898 0.0152932427696994 0.014853647032926298 0.014425434930405101 0.014008356917585785 0.013602172060969087 0.01320664895407675 0.012821566286843611 0.012446713108851593 0.012081888827781995 0.011726902983443643 0.011381574833888075 0.011045732785937457 0.010719213697730268 0.010401862076944601 0.010093529194960427 0.009794072136384668 0.009503352801472742 0.00922123687997689 0.008947592816127337 0.008682290784678859 0.00842520170023836 0.008176196281593995 0.007935144193393584 0.007701913285186213 0.007476368946085055 0.007258373589812128 0.007047786279227974 0.006844462495341486 0.006648254049825608 0.00645900913395403 0.006276572492932064 0.0061007857086472495 0.005931487572523486 0.0057685145266362925 0.005611701150690485 0.005460880674511781 0.005315885495295325 0.005176547683250876 0.005042699462002975 0.004914173653638054 0.004790804082579203 0.004672425936138591 0.004558876082209284 0.004449993347808323 0.00434561876390438 0.004245595782558065 0.004149770473084791 0.004057991703580177 0.003970111312704805 0.003885984275264931 0.0038054688634991396 0.00372842680433616 0.003654723430083273 0.0035842278204088474 0.0035168129300278683 0.003452355697974696 0.003390737132345556 0.0033318423657333063 0.0032755606772563173 0.0032217854771893206 0.003170414252879339 0.003121348475315533 0.0030744934674503677 0.0030297582373794985 0.0029870552805302264 0.0029463003564782486 0.002907412246390295 0.0028703124989311046 0.0028349251709577916 0.0028011765711904446 0.0027689950126835727 0.002738310581086867 0.002709054923175358 0.0026811610602051617 0.002654563229011697 0.0026291967526448357 0.0026049979411905677 0.002581904022725401 0.0025598531028331317 0.0025387841509767473 0.0025186370113376433 0.0024993524346778595 0.0024808721288212543 0.0024631388238612884 0.0024460963495678834 0.0024296897212434665 0.002413865232051504 0.002398570548350798 0.0023837548064449265 0.0023693687083497506 0.002355364614612443 0.0023416966327479694 0.002328320700083153 0.0023151946587093852 0.0023022783225109533 0.002289533534540922 0.002276924213474474 0.0022644163889039004 0.0022519782240588704 0.002239580025754917 0.0022271942407090517 0.002214795438162942 0.002202360278768467 0.0021898674696998466 0.002177297706643766 0.002164633603337518 0.0021518596096765097 0.0021389619192405673 0.0021259283684402774 0.0021127483282032955 0.0020994125904344463 0.002085913250955418 0.0020722435913508863 0.002058397960793046 0.002044371660993527 0.0020301608353410217 0.002015762364262652 0.0020011737685242115 0.0019863931217972697 0.0019714189735565713 0.0019562502838580964 0.001940886370002004 0.0019253268658322997 0.0019095716942429397 0.0018936210523097796 0.0018774754087281798 0.0018611355133804075 0.0018446024177435905 0.0018278775051824847 0.001810962529843363 0.0017938596625102776 0.0017765715420064443 0.001759101329805779 0.001741452766506113 0.0017236302276196214 0.001705638777272589 0.0016874842170933047 0.0016691731291857415 0.0016507129107481977 0.0016321117992738055 0.0016133788866441456 0.0015945241212482197 0.001575558297076951 0.0015564930298493374 0.0015373407194060884 0.001518114499369727 0.00149882817386926 0.00147949614323728 0.0014601333188395405 0.0014407550297066973 0.0014213769217762962 0.0014020148523596343 0.0013826847814211174 0.001363402662236446 0.0013441843329606296 0.0013250454117743615 0.001306001197224127 0.0012870665752067745 0.0012682559346237632 0.00124958309275236 0.0012310612311164926
steps16
1
252
 0.0 1.0 2.0 3.0 4.0 5.0 6.0 7.0 8.0 9.0 10.0 11.0 12.0 13.0 14.0 15.0 16.0 17.0 18.0 19.0 20.0 21.0 22.0 23.0 24.0 25.0 26.0 27.0 28.0 29.0 30.0 31.0 32.0 33.0 34.0 35.0 36.0 37.0 38.0 39.0 40.0 41.0 42.0 43.0 44.0 45.0 46.0 47.0 48.0 49.0 50.0 51.0 52.0 53.0 54.0 55.0 56.0 57.0 58.0 59.0 60.0 61.0 62.0 63.0 64.0 65.0 66.0 67.0 68.0 69.0 70.0 71.0 72.0 73.0 74.0 75.0 76.0 77.0 78.0 79.0 80.0 81.0 82.0 83.0 84.0 85.0 86.0 87.0 88.0 89.0 90.0 91.0 92.0 93.0 94.0 95.0 96.0 97.0 98.0 99.0 100.0 101.0 102.0 103.0 104.0 105.0 106.0 107.0 108.0 109.0 110.0 111.0 112.0 113.0 114.0 115.0 116.0 117.0 118.0 119.0 120.0 121.0 122.0 123.0 124.0 125.0 126.0 127.0 128.0 129.0 130.0 131.0 132.0 133.0 134.0 135.0 136.0 137.0 138.0 139.0 140.0 141.0 142.0 143.0 144.0 145.0 146.0 147.0 148.0 149.0 150.0 151.0 152.0 153.0 154.0 155.0 156.0 157.0 158.0 159.0 160.0 161.0 162.0 163.0 164.0 165.0 166.0 167.0 168.0 169.0 170.0 171.0 172.0 173.0 174.0 175.0 176.0 177.0 178.0 179.0 180.0 181.0 182.0 183.0 184.0 185.0 186.0 187.0 188.0 189.0 190.0 191.0 192.0 193.0 194.0 195.0 196.0 197.0 198.0 199.0 200.0 201.0 202.0 203.0 204.0 205.0 206.0 207.0 208.0 209.0 210.0 211.0 212.0 213.0 214.0 215.0 216.0 217.0 218.0 219.0 220.0 221.0 222.0 223.0 224.0 225.0 226.0 227.0 228.0 229.0 230.0 231.0 232.0 233.0 234.0 235.0 236.0 237.0 238.0 239.0 240.0 241.0 242.0 243.0 244.0 245.0 246.0 247.0 248.0 249.0 250.0 251.0
time17
1
252
 0.0 1.31 2.585 3.84 6.342 7.609 8.861 10.112 11.363 12.617999999999999 14.7 15.971 17.226 18.48 19.734 21.307000000000002 22.57 23.826 25.079 26.330000000000002 27.585 29.153000000000002 30.421000000000003 31.673000000000002 32.925000000000004 34.176 35.433 37.007 38.268 39.526 40.789 42.041000000000004 43.607000000000006 44.87500000000001 46.129000000000005 47.38100000000001 48.635000000000005 49.889 51.463 52.729 53.983 55.236 56.489999999999995 58.059 59.327 60.583999999999996 61.839 63.092999999999996 64.347 65.91499999999999 67.18299999999999 68.439 69.69399999999999 70.948 72.517 73.779 75.035 76.289 77.54 78.793 80.36 81.628 82.881 84.135 85.39 86.647 88.221 89.48400000000001 90.736 91.989 93.257 94.825 96.09400000000001 97.34800000000001 98.60100000000001 99.85600000000001 101.10900000000001 102.679 103.944 105.19800000000001 106.45100000000001 107.70400000000001 109.27600000000001 110.54200000000002 111.80000000000001 113.05600000000001 114.31000000000002 115.56300000000002 117.13300000000001 118.406 119.658 120.916 122.17 123.425 124.99799999999999 126.264 127.521 128.772 130.02499999999998 131.59399999999997 132.85799999999998 134.11699999999996 135.36799999999997 136.61999999999998 137.87399999999997 139.44199999999998 140.70999999999998 141.96099999999998 143.212 144.464 145.71699999999998 147.285 148.55599999999998 149.80999999999997 151.06399999999996 152.31599999999997 153.57099999999997 155.14299999999997 156.40599999999998 157.658 158.909 160.161 161.419 162.99 164.24800000000002 165.50300000000001 166.756 168.007 169.578 170.843 172.09799999999998 173.35299999999998 174.605 175.856 177.427 178.695 179.946 181.201 182.45499999999998 183.70899999999997 185.28199999999998 186.54999999999998 187.801 189.053 190.30599999999998 191.557 193.12699999999998 194.39499999999998 195.64799999999997 196.90199999999996 198.15399999999997 199.40699999999995 200.97499999999997 202.24299999999997 203.49499999999998 204.74699999999999 206.01 207.265 208.83399999999997 210.10299999999998 211.355 212.606 213.861 215.118 216.691 217.958 219.21 220.463 221.71699999999998 222.97599999999997 224.54699999999997 225.81199999999995 227.06499999999994 228.31799999999993 229.57199999999992 230.8309999999999 232.4039999999999 233.6709999999999 234.92299999999992 236.17499999999993 237.42699999999994 238.68499999999995 240.25899999999996 241.52299999999997 242.77499999999998 244.02799999999996 245.28499999999997 246.54599999999996 248.11799999999997 249.38199999999998 250.63699999999997 251.89199999999997 253.14399999999998 254.40599999999998 255.97599999999997 257.24199999999996 258.49399999999997 259.74899999999997 261.00399999999996 262.26199999999994 263.83099999999996 265.09499999999997 266.34799999999996 267.59999999999997 268.854 270.11199999999997 271.683 272.95099999999996 274.205 275.459 276.714 277.972 279.543 280.813 282.068 283.32099999999997 284.57399999999996 285.8299999999999 287.3999999999999 288.6699999999999 289.9219999999999 291.1739999999999 292.42599999999993 293.67999999999995 295.25299999999993 296.5209999999999 297.7719999999999 299.02299999999985 300.27999999999986 301.53299999999984 303.1059999999998 304.3759999999998 305.6279999999998 306.8809999999998 308.1389999999998 309.3939999999998 310.97399999999976 312.24099999999976 313.49399999999974 314.74799999999976 315.9999999999998 317.2519999999998 318.82999999999976 320.0959999999998 321.3509999999998 322.60599999999977 323.85899999999975 325.11199999999974 326.68799999999976 327.9539999999998 329.21199999999976 330.46499999999975
