6
ExactNewton
1
39
 0.20710747385156286 0.11773957214684833 0.09271649966512135 0.09166079975019054 0.09163787497132908 0.09163784819076476 0.06860642362217989 0.06859988722340088 0.06860031142483541 0.0686003101782347 0.031752937033582784 0.03021300369200891 0.030140768672070217 0.030140241274228152 0.030140241228344078 0.012643420435737018 0.011343605576371762 0.011301142269356745 0.011301011383944626 0.004179490410509468 0.0038209378234141944 0.0038069781876453046 0.0038068921724369598 0.001264705168649627 0.0011297913078677224 0.0011236586421591865 0.0011236269311499236 3.361592685509618E-4 2.7371112740787185E-4 2.6851232100838507E-4 2.6843695530970324E-4 2.684369321273028E-4 4.19127120382945E-5 3.092775519208946E-5 3.0152708334063583E-5 3.014334253237383E-5 1.0127858340869267E-7 3.803835024740465E-11 1.3100631690576847E-14
steps1
1
39
 0.0 3.6E-4 7.2E-4 0.00108 0.00144 0.0023022222222222224 0.0023022222222222224 0.0023022222222222224 0.0023022222222222224 0.004888888888888889 0.004888888888888889 0.004888888888888889 0.004888888888888889 0.004888888888888889 0.012648888888888888 0.012648888888888888 0.012648888888888888 0.012648888888888888 0.03592888888888889 0.03592888888888889 0.03592888888888889 0.03592888888888889 0.10576888888888888 0.10576888888888888 0.10576888888888888 0.10576888888888888 0.3152888888888889 0.3152888888888889 0.3152888888888889 0.3152888888888889 0.3152888888888889 0.9438488888888888 0.9438488888888888 0.9438488888888888 0.9438488888888888 1.943848888888889 2.9438488888888887 3.9438488888888887 4.943848888888889
time2
1
39
 0.0 0.013 0.026 0.039 0.051000000000000004 0.07 0.097 0.127 0.157 0.194 0.275 0.361 0.44799999999999995 0.5349999999999999 0.6409999999999999 0.8819999999999999 1.141 1.4 1.718 2.435 3.2110000000000003 3.9890000000000003 4.937 7.0760000000000005 9.377 11.673 14.377 20.533 27.965000000000003 34.574000000000005 40.917 48.312 65.317 90.375 114.565 137.696 166.03 197.051 230.72699999999998
DataDrivenNewton
1
14
 0.20710747385156286 0.11773957214684833 0.09271649966512135 0.06865480240079141 0.03174961822071426 0.012879150201390743 0.00434930987651827 0.0013205076616645828 3.4700278090527004E-4 5.618797798573327E-5 2.3798050092782574E-6 4.181762264243716E-8 2.926209274889402E-11 3.036459972349803E-14
steps4
1
14
 0.0 3.6E-4 0.0012222222222222222 0.003808888888888889 0.011568888888888889 0.03484888888888889 0.10468888888888889 0.31420888888888887 0.9427688888888889 1.942768888888889 2.9427688888888888 3.9427688888888888 4.942768888888889 5.942768888888889
time5
1
14
 0.0 0.014 0.033 0.069 0.169 0.482 1.431 4.073 12.168000000000001 32.153 61.095 93.584 124.91300000000001 156.77100000000002
