21
c:1.25
1
43
 0.2071074738515577 0.14411747300823508 0.14745887494410748 0.1261916589252211 0.11590637102730905 0.0959578573446499 0.07681980607485184 0.07045774474927102 0.06571260983589511 0.058307085664431435 0.04895234341041743 0.041194401509442646 0.034398084346094815 0.033413457861998674 0.027019709898124078 0.02230172692098409 0.017776921979870353 0.014194233708449855 0.012525783745433616 0.010129899471134796 0.007062350361706382 0.005929727888853764 0.004489187174347653 0.0033246972752435378 0.0020838618208075532 0.001731837411332704 0.0014174793922914208 0.0010540951175199154 7.329169949958914E-4 5.771876720301328E-4 4.905332498675863E-4 3.741688968559864E-4 3.1027258975158123E-4 2.5892487775314166E-4 1.9748980648487402E-4 1.7622385985271993E-4 1.0033918761848115E-4 6.108602907645144E-5 2.7345858749638907E-5 5.242671792582421E-6 1.431716745159406E-9 1.992850329202156E-14 8.104628079763643E-15
steps1
1
43
 0.0 2.4E-4 5.4E-4 9.133333333333334E-4 0.00138 0.0019622222222222224 0.002688888888888889 0.0035955555555555554 0.004728888888888889 0.0061444444444444446 0.007913333333333333 0.010124444444444445 0.012886666666666666 0.016337777777777777 0.02065111111111111 0.026042222222222224 0.03278 0.04120222222222222 0.05172888888888889 0.06488666666666666 0.08133333333333333 0.10189111111111111 0.12758666666666665 0.15970444444444445 0.19985111111111112 0.25003333333333333 0.31276 0.39116666666666666 0.48917333333333335 0.61168 0.7648133333333333 0.9562288888888889 1.1954977777777778 1.4945822222222223 1.8684377777777779 2.3357555555555556 2.9199022222222224 3.6500844444444445 4.562811111111111 5.562811111111111 6.562811111111111 7.562811111111111 8.562811111111111
time2
1
43
 0.0 0.002 0.006 0.020999999999999998 0.024999999999999998 0.03 0.036 0.043 0.052 0.063 0.076 0.104 0.124 0.151 0.184 0.225 0.278 0.339 0.41900000000000004 0.514 0.64 0.789 0.974 1.221 1.52 1.883 2.484 3.092 3.795 4.675 5.779999999999999 7.180999999999999 9.042 11.272 14.029 17.668 21.962 27.503 34.315 42.684999999999995 49.635999999999996 58.55199999999999 67.392
c:1.5
1
26
 0.2071074738515577 0.13846312314346565 0.14283020190361773 0.11253419732369796 0.09123165477017858 0.06876600847762937 0.051405815254176646 0.041858655241868825 0.030594986771213972 0.01952482207776063 0.014069111191414407 0.009645773708089556 0.006751915887404092 0.004139185061602657 0.0025639151268131988 0.0014465852814529723 0.0010159855829904307 6.327443988583537E-4 3.220508783195464E-4 1.6120365979443996E-4 1.1028970311616204E-4 2.9814293324159635E-5 1.858067711824063E-5 5.567686783836123E-8 4.3333114874144485E-12 8.1601392309949E-15
steps4
1
26
 0.0 2.4E-4 6.0E-4 0.00114 0.001948888888888889 0.003162222222222222 0.004982222222222222 0.007711111111111111 0.011804444444444444 0.017944444444444443 0.027153333333333335 0.040966666666666665 0.06168666666666667 0.09276666666666666 0.13938666666666666 0.20931555555555556 0.31420888888888887 0.4715488888888889 0.7075577777777777 1.061571111111111 1.592591111111111 2.38912 3.38912 4.38912 5.38912 6.38912
time5
1
26
 0.0 0.002 0.005 0.009000000000000001 0.015000000000000001 0.023 0.034 0.051000000000000004 0.077 0.118 0.176 0.268 0.4 0.6020000000000001 0.9180000000000001 1.3810000000000002 2.2070000000000003 3.2310000000000003 4.743 7.049 10.697000000000001 15.961000000000002 23.403000000000002 30.292 39.209 47.998000000000005
c:2.0
1
17
 0.2071074738515577 0.12817243540820455 0.0955427847082908 0.07233538454921595 0.047980747026098225 0.025605487607416433 0.016174792944593674 0.006836853585221958 0.0032798853246829296 0.0014393419703702115 6.232444002357562E-4 2.2514253698824316E-4 9.03122367471032E-5 2.4569104420946175E-6 1.0395153959841252E-8 1.8025581027814042E-12 6.938893903907228E-15
steps7
1
17
 0.0 4.8E-4 0.00144 0.00336 0.0072 0.01488 0.03024 0.06096 0.1224 0.24528 0.49104 0.98256 1.9656 2.9656 3.9656 4.9656 5.9656
time8
1
17
 0.0 0.003 0.009000000000000001 0.019000000000000003 0.03900000000000001 0.082 0.164 0.328 0.751 1.482 2.808 5.471 10.993 19.753999999999998 26.555 35.527 44.454
c:3.0
1
14
 0.2071074738515577 0.12447374899175989 0.08860382142217227 0.03998078181350695 0.016317862808344352 0.006364449040904774 0.0021177252971317784 5.260696466810599E-4 1.1013396880171777E-4 2.8061040564519857E-6 4.659450497657147E-8 2.606242999192432E-11 1.7985612998927536E-14 8.43769498715119E-15
steps10
1
14
 0.0 7.2E-4 0.00288 0.00936 0.0288 0.08712 0.26208 0.78696 1.78696 2.78696 3.78696 4.78696 5.78696 6.78696
time11
1
14
 0.0 0.004 0.014 0.042 0.138 0.396 1.146 3.327 9.083 15.908999999999999 24.911 33.847 42.675 51.693
c:5.0
1
12
 0.2071074738515577 0.14633707110772576 0.06277737362162872 0.01890319396201201 0.004138601449837853 7.771413144653794E-4 8.00240025026766E-5 6.905574390425606E-6 2.5667266262408006E-7 8.52322379341075E-10 1.687538997430238E-14 5.218048215738236E-15
steps13
1
12
 0.0 0.0012 0.0072 0.0372 0.1872 0.9372 1.9372 2.9372 3.9372 4.9372 5.9372 6.9372
time14
1
12
 0.0 0.005 0.026000000000000002 0.124 0.634 3.155 10.389 17.216 26.23 35.197 44.065000000000005 53.104000000000006
c:9.0
1
12
 0.2071074738515577 0.1168500890063715 0.11739368133149963 0.04813474106469773 0.008367134295864942 8.687217621912713E-4 8.971437520494119E-5 8.313429853190613E-6 3.174379390458171E-7 1.2427925910607485E-9 3.824718319833664E-14 9.43689570931383E-15
steps16
1
12
 0.0 2.4E-4 0.0024 0.02184 0.1968 1.1968 2.1968 3.1968 4.1968 5.1968 6.1968 7.1968
time17
1
12
 0.0 0.003 0.01 0.068 0.5780000000000001 3.758 10.619 19.411 28.372 37.312 46.202999999999996 55.16799999999999
c:17.0
1
11
 0.2071074738515577 0.1291927086658955 0.03291603200951154 0.003606998286061258 4.092386226425271E-4 5.0266922947628245E-5 4.2595879935491965E-6 1.2123453652090888E-7 1.7967732857115948E-10 1.587618925213974E-14 9.159339953157541E-15
steps19
1
11
 0.0 0.00408 0.07344 1.07344 2.07344 3.07344 4.07344 5.07344 6.07344 7.07344 8.07344
time20
1
11
 0.0 0.01 0.17300000000000001 2.646 9.498999999999999 18.418999999999997 27.554999999999996 36.48 45.364 54.431999999999995 63.29299999999999
