6
dyna-reg-lbfgs
1
87
 0.20710747385156286 0.20148340608387266 0.18690100157072814 0.18690100157072126 0.1869010015706996 0.13575920598739372 0.1357592059873936 0.13575920598739127 0.13575920598739083 0.1357592059873906 0.1357592059873905 0.10406134569989994 0.10406134569989972 0.10406134569989972 0.10406134569989905 0.10406134569989905 NaN NaN NaN NaN NaN NaN NaN NaN NaN NaN NaN NaN NaN NaN NaN NaN NaN NaN NaN NaN NaN NaN NaN NaN NaN NaN NaN NaN NaN NaN NaN NaN NaN NaN NaN NaN NaN NaN NaN NaN NaN NaN NaN NaN NaN NaN NaN NaN NaN NaN NaN NaN NaN NaN NaN NaN NaN NaN NaN NaN NaN NaN NaN NaN NaN NaN NaN NaN NaN NaN NaN
steps1
1
87
 0.0 0.0011111111111111111 0.0022222222222222222 0.0033333333333333335 0.0044444444444444444 0.005555555555555556 0.006666666666666667 0.0077777777777777776 0.008888888888888889 0.01 0.011111111111111112 0.013333333333333334 0.015555555555555555 0.02 0.024444444444444446 0.03333333333333333 0.042222222222222223 0.06 0.07777777777777778 0.11333333333333333 0.14888888888888888 0.22 0.2911111111111111 0.43333333333333335 0.5755555555555556 0.86 1.1444444444444444 1.7133333333333334 2.2822222222222224 3.2822222222222224 4.282222222222222 5.282222222222222 6.282222222222222 7.282222222222222 8.282222222222222 9.282222222222222 10.282222222222222 11.282222222222222 12.282222222222222 13.282222222222222 14.282222222222222 15.282222222222222 16.282222222222224 17.282222222222224 18.282222222222224 19.282222222222224 20.282222222222224 21.282222222222224 22.282222222222224 23.282222222222224 24.282222222222224 25.282222222222224 26.282222222222224 27.282222222222224 28.282222222222224 29.282222222222224 30.282222222222224 31.282222222222224 32.282222222222224 33.282222222222224 34.282222222222224 35.282222222222224 36.282222222222224 37.282222222222224 38.282222222222224 39.282222222222224 40.282222222222224 41.282222222222224 42.282222222222224 43.282222222222224 44.282222222222224 45.282222222222224 46.282222222222224 47.282222222222224 48.282222222222224 49.282222222222224 50.282222222222224 51.282222222222224 52.282222222222224 53.282222222222224 54.282222222222224 55.282222222222224 56.282222222222224 57.282222222222224 58.282222222222224 59.282222222222224 60.282222222222224
time2
1
87
 0.0 0.018 0.040999999999999995 0.096 0.14 0.15200000000000002 0.22300000000000003 0.266 0.31 0.353 0.39999999999999997 0.412 0.546 0.639 0.8220000000000001 1.016 1.115 1.226 1.454 1.677 2.117 2.572 3.4770000000000003 4.388 6.195 8.001000000000001 11.609000000000002 15.459000000000001 22.601000000000003 29.919000000000004 42.706 54.755 68.47 81.405 95.111 109.226 121.896 134.524 147.464 160.441 173.301 185.987 200.634 212.96099999999998 225.97199999999998 238.63099999999997 251.27399999999997 262.933 275.12399999999997 287.66099999999994 299.89799999999997 312.606 325.688 338.598 351.374 364.237 377.08700000000005 389.73600000000005 401.499 413.71900000000005 426.32900000000006 440.1550000000001 453.03600000000006 465.95300000000003 478.528 490.87100000000004 502.92100000000005 516.638 530.8480000000001 544.2850000000001 556.9510000000001 569.0240000000001 583.8920000000002 599.7520000000002 611.9500000000002 624.8930000000001 637.6590000000001 650.2760000000001 663.1540000000001 675.7280000000001 692.922 705.361 718.812 731.827 744.224 757.931 771.0550000000001
static-lbfgs
1
62
 0.20710747385156286 0.20097623572756024 0.18137283910637542 0.15511662708841129 0.11500110368771804 0.08928639378106612 0.07609396215257341 0.06966618949585784 0.05828401667377142 0.047037001265101186 0.03857659544862907 0.02452957178578058 0.015521072641467903 0.010803393663431415 0.009374192796958114 0.007696019897319495 0.006954360214203148 0.0054982036013293545 0.00478096399478789 0.004571174172246173 0.004372040855080028 0.0041512958394587796 0.0037040874603234686 0.0030155125229209823 0.00209802692212413 0.001560998981181727 0.001246300445545745 0.0011728201259775806 9.600260498641155E-4 8.680637747392472E-4 7.311066863537885E-4 6.909404996753854E-4 6.5085490433342E-4 5.54699434229311E-4 4.6141562295060057E-4 3.785908834459395E-4 3.3801612755296473E-4 2.803758954898483E-4 2.2406099620231323E-4 2.008255088457589E-4 1.9312089955364486E-4 1.8336882306385638E-4 1.6599380188858648E-4 1.3935203115261752E-4 1.2537049226241104E-4 1.1080881929825814E-4 8.615434983466619E-5 6.736525584960518E-5 4.7041171027883966E-5 3.953390406302715E-5 3.5711858758336046E-5 3.492847990649306E-5 3.417154702012315E-5 3.1867165517951435E-5 2.7668882511378E-5 2.5689267897477386E-5 2.3599865886014815E-5 2.2591997248133655E-5 2.1835544172621457E-5 2.0279193114258742E-5 1.7280538390840317E-5 1.4007935502047264E-5
steps4
1
62
 0.0 1.0 2.0 3.0 4.0 5.0 6.0 7.0 8.0 9.0 10.0 11.0 12.0 13.0 14.0 15.0 16.0 17.0 18.0 19.0 20.0 21.0 22.0 23.0 24.0 25.0 26.0 27.0 28.0 29.0 30.0 31.0 32.0 33.0 34.0 35.0 36.0 37.0 38.0 39.0 40.0 41.0 42.0 43.0 44.0 45.0 46.0 47.0 48.0 49.0 50.0 51.0 52.0 53.0 54.0 55.0 56.0 57.0 58.0 59.0 60.0 61.0
time5
1
62
 0.0 9.322 19.054 28.458 38.778 50.912 60.510999999999996 69.823 79.184 87.968 97.086 106.434 115.832 125.06299999999999 133.88 142.442 152.42000000000002 161.859 171.18200000000002 180.596 189.862 198.519 208.65300000000002 217.85100000000003 227.13300000000004 236.23200000000003 245.82800000000003 258.22900000000004 267.833 277.192 286.478 294.96000000000004 303.44800000000004 312.74800000000005 322.11500000000007 331.47900000000004 340.85800000000006 350.58000000000004 359.00500000000005 367.7130000000001 377.11300000000006 386.6700000000001 396.29600000000005 405.463 415.12600000000003 424.639 434.10900000000004 443.53000000000003 453.009 462.498 473.58799999999997 484.99399999999997 493.921 503.159 512.601 521.955 531.244 540.725 549.389 560.378 573.4100000000001 583.0770000000001
