10
SGD
10
51
 -2.412254313094334 -8.646854896651954 -9.466099083098504 -9.462562699181568 -10.207053986382608 -10.532189759166268 -8.962943427204602 -10.942966946916759 -10.860387341946845 -10.370446993997275 -11.341521628921338 -11.435142877126868 -11.10684678382137 -10.910561891399398 -11.484639556414693 -11.621073025610748 -11.226854981605907 -11.657699957543885 -11.28659323180404 -11.861799344172725 -11.685921870591923 -11.919774153096126 -11.663365948367787 -11.926003576537438 -11.40264381281027 -12.059397579276506 -11.932495430084012 -11.427127834752604 -12.155080391836618 -12.218560605359174 -12.244032425350584 -11.602433444370872 -11.555021246757077 -11.917999646029712 -12.347097391055575 -12.326719134631157 -12.103694225944711 -11.872046886216737 -11.654295256276383 -12.09678752522458 -12.197676575053137 -12.25800119698367 -12.421243459506897 -12.466965778561258 -12.009679586250371 -12.470967225884838 -12.496570413156373 -12.434074402191753 -12.177900637570085 -12.339733278397803 -12.0617231631514
51
 -2.412254313094334 -8.181610654632344 -8.85780106096496 -10.740901758181465 -9.209902700401983 -10.390441971867658 -9.763127301804909 -11.354571747022423 -11.052190952182162 -11.41024435157828 -11.147473249594105 -11.251205932891237 -11.773663551529205 -10.818302993164979 -10.934962937225707 -11.28570696816517 -11.398226028173694 -11.683469616298952 -12.302685224478637 -12.160963742242611 -12.06066729563564 -12.41675194060389 -11.923002806275418 -12.388035707954732 -12.340749274668934 -12.019662565599475 -11.954451962435531 -11.823498944789826 -12.646089378392823 -12.688635652183411 -12.588471819750207 -12.269084455650201 -11.864726631851672 -12.14113428027105 -12.66742236925109 -12.885984731955649 -12.76199808254545 -12.609050722573187 -12.119721755671259 -12.379816102004828 -12.872336807883634 -11.950991421396546 -12.761947196379243 -12.439563741430517 -12.531508081588484 -12.735576316914125 -12.0717475234666 -12.942514259706966 -12.950668767848653 -12.845843305003283 -13.096715099460274
51
 -2.412254313094334 -8.028845511929575 -9.997347411698723 -10.051142226860623 -9.688200520172531 -11.076806082284364 -9.801300210561147 -11.376735369673398 -11.355297134429215 -10.808385770191597 -10.825434656426784 -10.665696860603662 -10.79348303109383 -11.776095845961548 -10.704700704299979 -11.141509510913368 -12.013644789936595 -12.023017659157967 -10.858310671282224 -11.398369618381615 -12.225480339894911 -12.073171151101352 -12.240988403445368 -12.31493995717929 -11.401001261021003 -12.211747039129635 -12.199336823512528 -12.070996216096066 -12.022848589904164 -12.429186230648845 -11.87045687563799 -11.803972618272548 -12.360794187644395 -12.538294032172534 -12.198893020473207 -12.573384066743783 -12.310304595863505 -12.619661102433444 -12.64287843461278 -12.606152951555504 -12.64334139530782 -12.492861106118816 -12.579758809859541 -12.208843893542955 -12.36605593303904 -12.23550743765649 -12.605461112801516 -12.46007314678181 -12.461024118426913 -12.73653794735731 -12.715334932006575
51
 -2.412254313094334 -8.013503423298129 -9.712764238704821 -9.136809245101988 -7.589196364274151 -9.546937717495704 -10.678280139890402 -11.235911752550383 -9.167628900550953 -10.786093235107279 -11.470236833018877 -11.482216682455398 -11.460499052124181 -11.66282563376459 -11.918987817519954 -11.841570320121068 -11.980565458994024 -11.723961822634717 -10.601896620586274 -12.019884184533902 -11.697643665986595 -11.308129793567145 -12.00962210064985 -11.953888592011161 -12.096413271614306 -12.440007965727371 -12.294938060660774 -12.109037760812042 -12.560131107396767 -12.370358518157376 -12.242682322679492 -12.040269869751247 -12.506872218273987 -11.606550385159473 -12.203863436905376 -12.531097207602087 -12.023770964397738 -12.197981733109744 -12.633365227459848 -12.296098962138489 -12.034206128340664 -12.74488796546771 -12.540050451765273 -12.70868375757452 -12.846896940725228 -12.868590391809112 -11.836445872838135 -12.753255009356202 -12.937387859864367 -12.377394549869527 -12.678408514005104
51
 -2.412254313094334 -8.347297065490526 -10.172983580916172 -10.404430995484187 -9.003357503959895 -10.839134860814912 -9.167992858410718 -10.9029977371399 -11.108948018577005 -11.737427279141281 -11.268245839212424 -11.067161620638267 -11.913273264129394 -11.861512562829581 -11.361907219386449 -12.026211468420765 -11.843317529576137 -11.82757692753443 -12.023596660642346 -12.349146674227526 -11.658300556224452 -12.223254063347447 -12.507420203069447 -12.359302663617859 -11.88821057919512 -12.441168708811801 -12.265064305258818 -12.392634745963967 -11.50216791794055 -12.680574891092235 -11.197165053421719 -11.645056290866762 -12.168924409108874 -12.730773862535864 -11.850467914261959 -11.611320195967458 -12.041513983308786 -12.685584490482466 -11.984048880244695 -12.7616527490301 -12.867503330915413 -12.686131751774798 -12.523456768619058 -12.821755214670477 -12.961037479900972 -12.976601016033293 -13.038012177617826 -12.93232523988456 -12.947796323445449 -12.697884612309293 -12.821498323399082
51
 -2.412254313094334 -7.8426537770980564 -8.377021420103825 -10.211251196963158 -10.142831727560258 -10.733601665238945 -10.180554963495334 -10.721984576708163 -10.1664297845537 -11.202314035994823 -10.91414354316032 -11.252391770857704 -11.014314393525456 -10.37731164681717 -11.332152675718579 -10.973127621197118 -11.369124987687325 -11.547061217753393 -11.651331654487048 -11.682220792013352 -11.17327861207348 -11.081878181227411 -10.937824828445684 -11.913299787173084 -11.869880339161632 -11.703451951052275 -11.822065124153196 -11.882430825408218 -11.842909334064826 -12.096752058573607 -11.876991260491808 -11.934224982405661 -11.967780447011323 -12.234051349368874 -12.292552740782327 -12.035141025380494 -11.85419363316694 -12.122760879568464 -12.283091116694044 -12.295149660795252 -12.069659488828558 -11.768143189482462 -12.316810013306187 -12.232846012605128 -12.461872983625033 -12.455817282940478 -12.420832524629196 -12.520743768671613 -11.95416150599905 -12.429249056507594 -12.14826487637967
51
 -2.412254313094334 -9.092820369194301 -10.100957819423416 -8.169893390728907 -10.380926889479088 -10.656734335995363 -10.49991124345181 -11.231094255183152 -10.422573421470746 -9.776352961515027 -11.493302555600854 -10.645334222273663 -11.747053584488302 -10.76234443832258 -11.741168069343694 -11.478779135076161 -10.43742673852339 -11.514205822797576 -11.813789725594074 -11.820422874583743 -11.342265689990194 -11.961348569194744 -11.45294696294544 -11.812948617869344 -12.225962775089805 -11.965459481410319 -11.282709275842072 -12.171809634644008 -11.722671736520391 -11.386970281625794 -12.263095016146279 -12.320097009946021 -12.381671438800534 -12.420942782524495 -12.18083305739129 -12.211800836412035 -12.045231483379341 -12.389213450574255 -12.391767668173978 -12.525910931863027 -12.292475281455374 -11.410552607568997 -12.430388108521257 -12.385943273542166 -12.509851446463767 -12.174063801194492 -12.338961414246187 -11.95654861786045 -12.680413439243427 -12.784518080426288 -12.437742516523576
51
 -2.412254313094334 -9.580186756119973 -9.945369791184707 -8.30363114150683 -9.875674943525802 -10.163380380595932 -9.701262895871857 -10.759198447889885 -10.958936984223632 -9.915085989674786 -10.525593010035307 -11.691033919638674 -11.682252516216808 -11.309641320483264 -11.71685577038282 -11.45139393758141 -10.583814138157472 -11.879810932966208 -11.026269985551583 -11.266836574513583 -12.05238511180484 -12.24434017738683 -11.992974321919254 -12.139120556981016 -12.323774404729322 -12.029468908262668 -11.154122431652771 -12.136587409547444 -12.365303945062179 -12.453944226882339 -11.914430982225277 -12.022677148098273 -12.45955537110973 -12.269042948025906 -12.61687507375313 -12.51088881563766 -11.887023886822368 -12.647480752358847 -12.530238803061815 -12.601126877495433 -12.657851309797522 -12.329704645055344 -12.294180251657417 -12.411808143491996 -12.23002811783581 -12.718584277849079 -12.0623780983231 -12.338128286287985 -12.303381151900952 -12.554251820997429 -12.173513640406632
51
 -2.412254313094334 -8.46594846020504 -8.816180196920595 -10.23313965170368 -10.539858863269744 -10.702237956105666 -10.788545247963125 -10.397150461356423 -10.75416403177096 -10.946246820579123 -11.024445364148805 -11.383110658380126 -10.668963538508565 -10.909310011286484 -11.274166852935721 -11.26891600825695 -11.282314389867338 -11.644877911911804 -11.67379746994257 -11.758065880741631 -11.67949708592706 -11.835708090121118 -11.60845786041139 -11.702336616725946 -11.705575753676513 -11.634098159246264 -11.759257621817888 -11.925129974326923 -11.556974884079064 -11.700453404984161 -11.933632745218722 -12.230564660405353 -11.524134193887695 -12.172838938040384 -11.790728055138919 -12.225476240256379 -11.803895806802167 -11.959662202535945 -12.17568801385247 -12.319501760700309 -12.331367416908586 -12.168208719455349 -12.13612017638109 -12.347185068779256 -12.43940037742826 -11.527301051703184 -11.65611396952846 -12.315452152841234 -12.326882820506402 -11.887949809692314 -12.037040883182302
51
 -2.412254313094334 -9.366012845950504 -9.519162629629525 -9.155662813336665 -8.504722676826393 -10.8338043321396 -9.768469618064566 -10.455621254322867 -10.2474770279312 -10.504112560987041 -10.284075104272622 -9.395774266678096 -11.404534073449055 -11.510794215332805 -11.564377811439114 -11.013243719775724 -11.655632438460035 -10.683167726770442 -11.540571814128532 -11.403731049273189 -10.392207791751257 -11.435926762755669 -10.953795797415026 -11.07006462411238 -11.9047404059274 -11.621673977099325 -11.973899158967194 -10.417619982718577 -11.955763222648445 -11.870702132577723 -12.14239707096442 -12.083872626336689 -11.5280189051776 -11.896647614327797 -11.628829345876255 -11.36560719549303 -12.122743725176562 -12.22228880794935 -11.653605184767118 -11.948206465200359 -11.950780372066216 -12.172947792660375 -12.342533116204127 -12.23290408895059 -12.366102902525478 -12.314698633526858 -12.338350570774386 -12.316321468826226 -12.389057117006319 -12.344046484037483 -11.941872273285671
SAGA
10
51
 -2.412254313094334 -4.403874459069333 -5.152585700149834 -5.680355898626421 -6.201346409159703 -6.7292754387291165 -7.1098052814820205 -7.635728573831425 -7.9692268941456765 -8.46511691985616 -8.860263032884074 -9.116359256531055 -9.507208071118745 -9.50284294802475 -10.130506086091977 -10.441078277420793 -10.643314330938162 -11.00210939819314 -11.32848906779993 -11.532750327815183 -11.781950998150496 -11.560453742553024 -12.200336841786587 -12.506848606466626 -12.294546712053034 -12.845034452695629 -13.050387925799216 -13.092959825501904 -13.060875340761426 -13.811288526659018 -13.86788043427447 -13.91434706637176 -13.42310107297261 -14.493765169628066 -14.521665448171358 -13.51989196677547 -14.80406446800117 -15.088182660013237 -15.067997749247308 -15.535503092827808 -15.497545140321984 -15.711939409277358 -15.935402838074916 -16.053366427325273 -16.202757078624938 -16.686523451386872 -15.79167036217473 -16.03783554040823 -16.79709990980513 -16.45961987241241 -17.434796916557733
51
 -2.412254313094334 -4.393034293793303 -5.082762443510145 -5.680360740561418 -6.252562064630544 -6.628386482388752 -7.1881624365597165 -7.628300163483107 -7.907302039621997 -8.466603402006976 -8.78781491203589 -9.179833450706514 -9.50978859836013 -9.70213161678522 -10.10854749103151 -10.29475718763817 -10.440324391968117 -10.649991715457274 -11.202123474882802 -11.489787388078899 -11.588019057180283 -11.780372386106395 -12.02438294388248 -12.381063345276301 -12.497732412768334 -12.284317495848562 -12.921466547298513 -12.457118123454423 -13.374747610186917 -13.27154425646714 -13.638696955370978 -13.623684896364205 -14.113926587495662 -14.39984665415665 -13.246225870299158 -14.828547265151307 -14.886307209804096 -14.847756757999514 -15.236716650193593 -15.335214962209676 -15.317964448684467 -15.71462171569189 -15.84170501863945 -16.070194062098608 -15.408853687254803 -15.604088407875318 -16.09973034076531 -16.38662726715696 -17.19409641906708 -17.251203942544965 -16.842611705435544
51
 -2.412254313094334 -4.386651780237338 -5.114687727713657 -5.730702085412171 -6.252188182384184 -6.665203294843214 -7.201183130730303 -7.631184115458523 -7.967542650247659 -8.331089613600412 -8.814718562000136 -8.984339526591198 -9.456194582033765 -9.794658408859041 -10.118142717434655 -9.806737627959803 -10.500680215601934 -10.88383211406318 -11.236729374441115 -10.892192767465303 -11.719159773813614 -11.575438424531349 -12.212878573914185 -11.610972042747306 -12.142609417380726 -12.630009066093258 -13.070847531927027 -12.711997690414238 -12.455075525474971 -13.121331176746812 -13.406715577814717 -13.936846075848733 -14.162289792057729 -13.970987395393294 -14.748179634409457 -14.76244954884981 -14.29301180756134 -15.111781192935274 -15.279551355638528 -14.713025838206446 -15.732510924743522 -14.866377663616476 -14.720130480057916 -15.932495274470236 -15.46426615569781 -16.39423100182655 -15.776824282641158 -15.997995891391842 -15.955034487561674 -16.95765314449331 -17.377873533656203
51
 -2.412254313094334 -4.401512606166494 -5.084141086153616 -5.713867523362016 -6.291479938221352 -6.775241620557135 -7.212388485738714 -7.688883578288646 -7.925002569854999 -8.494817628819744 -8.81179513567937 -9.143481469354537 -9.533549085770032 -9.734357762882231 -10.137348600006247 -9.767854372461967 -10.65553374566507 -10.723302532951113 -11.273250401929015 -10.84121911502184 -11.709547822730718 -11.9048167619676 -12.284816393453609 -11.497629039714957 -12.636424926551408 -12.76719132159929 -12.07924363205262 -13.373367228232057 -12.964313407760578 -13.754289809541893 -13.972293015242254 -14.12190061009641 -13.477104747750692 -13.464864317397003 -14.518852615717222 -14.721152986748292 -14.585896068970833 -14.90020811632419 -15.249361309878152 -15.412523617592793 -15.740025770227026 -15.901131821979279 -15.566890904648663 -15.869754527156227 -16.253178233108866 -16.62239107336017 -16.62469185981126 -15.908307703634865 -17.19141936561434 -16.18171630270332 -16.395524397701905
51
 -2.412254313094334 -4.387767771009914 -5.122304880780181 -5.747577828448373 -6.221707900605059 -6.750135154867519 -7.146074834621097 -7.671290264388668 -7.916917087814276 -8.380752380196126 -8.651230687286644 -9.122421799007164 -9.123347896798945 -9.801491996086963 -9.916857292941168 -10.142365465068336 -10.684989043710809 -10.739129978875836 -10.623912923549886 -10.562977484209766 -11.790904625548295 -11.313087242687205 -11.23281582416888 -12.356547467674233 -12.619847519168143 -12.873276031597754 -12.731759477127198 -12.885187123416381 -13.506644288345749 -12.981837616360691 -13.860411511888131 -13.953834044783342 -13.749406944130406 -13.845232875051934 -13.703983835449153 -13.730720633344951 -15.044988606189616 -15.165721582961934 -15.162792395197267 -14.868988545981937 -15.388826615141914 -15.932247658091681 -15.979707958871591 -16.031682893246042 -16.02914582602186 -16.254398264218583 -15.828591014147166 -16.209446992292797 -16.942085074822153 -17.076074622200316 -16.741557610139616
51
 -2.412254313094334 -4.400495298594149 -5.095710672860578 -5.7287274302322455 -6.207855470499412 -6.742813582866753 -7.161345902953918 -7.492771328859364 -7.877756227304513 -8.42360023227712 -8.804298933375174 -9.056591820584588 -9.485814308822505 -9.778807878298931 -10.07767504084607 -10.399416011231649 -10.257818575000504 -10.913924061780511 -11.233279910972334 -11.481013659373755 -11.673084904063154 -11.626790035647717 -12.148022668714637 -12.47136132596654 -11.051425172485844 -12.731388507409417 -12.587654931088359 -13.2598377521378 -13.129171560848578 -13.435631140014445 -13.512221274374902 -13.768464262845901 -14.145037952968742 -14.173945953711174 -13.303845799141488 -14.650127446523475 -14.915772068312435 -14.948762147962727 -15.310406430032545 -14.899112137086457 -14.808005787134729 -15.23896143811523 -15.985612275079875 -15.865110457621713 -16.353018741743092 -16.410004839276883 -15.224702950198344 -15.958763906672015 -16.655087162627797 -17.14291407410451 -17.180366469933723
51
 -2.412254313094334 -4.374840239416719 -5.0970009414423565 -5.72220509104353 -6.243095015958224 -6.713640096479764 -7.209862417692679 -7.621443263079004 -7.888297608082761 -8.100399490056144 -8.823069631688343 -9.125484379589048 -9.51292061886824 -9.779773581946692 -10.171606500634562 -10.441229722974505 -10.821050602047988 -10.573939092804277 -11.285288905845814 -10.850223649442592 -11.666756347036777 -11.721319425082864 -12.133876263166885 -12.157932008354994 -12.343658199445377 -12.728152565430381 -11.79845330775169 -12.903620705469317 -13.502631940538881 -13.310080611931081 -13.964539783672276 -13.219681715475444 -14.301160386946819 -14.252121630706736 -13.38044012693605 -14.585474866721455 -14.71939686737597 -14.547373049253297 -15.429274238511926 -15.3189505153447 -15.792976534061074 -15.337761883024344 -16.04139436938373 -16.24546141007926 -16.278552673239858 -16.727237916136534 -16.312755414977737 -16.8402143437378 -17.19237376960788 -16.70066941510819 -17.427143573672875
51
 -2.412254313094334 -4.354861557633845 -5.138925915190033 -5.5457824970550185 -6.25737079909847 -6.741581742457386 -7.2059415605783395 -7.129897592927586 -8.037274099797477 -8.487111346218336 -8.866859848189334 -9.157183518689784 -9.50722986406265 -9.554082062206685 -9.923528645837385 -10.40416995290027 -10.48612493064516 -10.34118432645415 -11.108435799497009 -11.1346795099907 -11.682352786207215 -11.656279830779079 -11.972737794300395 -12.32085554518111 -12.237654526864521 -12.845842074940842 -13.145323657735654 -13.066592783564026 -12.386877876131342 -13.221375552144519 -13.728350370551656 -13.965769709937803 -13.487968469698094 -14.189194153347975 -14.75357473823639 -14.835072164484679 -14.992398441640608 -14.990697230756872 -15.05540850478138 -15.233503325062863 -15.548075542756273 -15.581886678220334 -16.058475807675144 -15.273511764245159 -16.147317425006484 -16.1625232294536 -16.498863953340457 -16.15813363638927 -15.198347395841086 -17.127506729521038 -15.92514734742597
51
 -2.412254313094334 -4.3976010840244335 -5.134464856731464 -5.6313312729771035 -6.269192948700537 -6.6966705138367715 -7.120161025509281 -7.653065323951986 -8.000087024891636 -8.433934022732153 -8.63301859169126 -9.169797955789196 -9.4700057487962 -9.797150039125633 -10.148724286489202 -10.114082044005226 -10.307845086934877 -10.919964076233512 -11.00132516538615 -11.244231226825212 -11.8270935183972 -11.842799069963446 -11.941497277127361 -11.865820261815308 -12.686442752904766 -12.744773029753292 -12.970787981941976 -13.352232343734372 -12.129804919977659 -13.746069676756637 -13.886012200072827 -13.86668048094845 -14.294597186841854 -14.016996344135235 -14.547942384439269 -14.792070878664399 -14.477905521185196 -14.852483925836136 -15.374606539794112 -15.353910368061422 -15.313590562780004 -15.46300732886214 -14.734340429578657 -14.81759622673719 -15.719083107316273 -16.492534088874258 -16.653244964380857 -15.346265420034944 -16.428664629273552 -17.056632185325995 -17.260027444107877
51
 -2.412254313094334 -4.399805396941762 -5.144888909954567 -5.717584944129531 -6.273883384232051 -6.770682172818751 -7.1939493097176035 -7.422534393518413 -8.085448489067222 -8.4076599970168 -8.767994783479683 -9.17727915263781 -9.569820336701596 -9.472270595706807 -9.967214052688433 -10.364279850177475 -10.391411766627003 -11.016969261541835 -11.178561930725074 -11.383176318412985 -11.7435652755614 -11.883451949396832 -12.244819405496168 -12.299565700755023 -12.5131412517518 -12.285840618301862 -11.933415863933034 -13.061480786032254 -12.593851614926306 -13.668360722119477 -13.708719815463905 -13.466134303093238 -14.080212539471246 -14.37338791280434 -14.302983750692606 -14.225820154551574 -14.858120092715032 -13.706080841105559 -14.453647209862188 -15.555232072209265 -15.656315089271416 -15.738178692321304 -13.724096661585259 -15.301487567129792 -15.010069809895157 -15.41636861914512 -16.676725100285157 -16.445125347042023 -16.610521514331136 -16.7091332893905 -17.364228413728956
ADAPTSAGA
10
51
 -2.412254313094334 -8.463724774099214 -9.780724868125086 -9.182011725262758 -10.629112777698792 -8.161643590774771 -10.449971009287562 -9.415517874825355 -11.6581563361764 -10.632293232513726 -12.631598547548272 -11.610352251067589 -11.64149405384643 -11.770134687136377 -11.022032395325997 -11.662453943199148 -13.512606874119085 -13.632707767824078 -11.190595348627168 -16.705833208289164 -17.134869396295333 -18.492737826329638 -18.880609606354557 -19.352474350481216 -19.58284912415787 -18.489253416089202 -19.93081631819097 -19.81126157825723 -20.017923346425434 -20.288053688431248 -18.484110409665973 -20.483135417366828 -20.849575450026016 -21.055969128707844 -20.96504159159293 -21.019591946666374 -21.34257117095797 -21.33974428197728 -21.78901516285712 -21.370289288515888 -21.83939451119028 -20.79662660040964 -20.577138291331146 -22.379117235155135 -22.293173229392703 -22.787392447416394 -22.58111375203379 -23.156324810156754 -22.51115506566611 -23.0400831970208 -23.363083544910022
51
 -2.412254313094334 -9.062461441528002 -9.672026950262602 -9.457135981143521 -10.473379276561682 -8.332681200964041 -10.363496841465714 -9.292597435263533 -11.604937846308196 -10.824705625551076 -12.520515068845208 -11.713899903758449 -11.961015953393034 -11.761470602800513 -10.933558321466741 -11.849056791608538 -13.383854432336767 -13.559443929628479 -11.153052541022719 -16.798506529281838 -17.768751565947746 -18.738590584752576 -19.10343226018581 -19.340077237339464 -19.103992015483854 -19.521505240284455 -19.70317642269636 -20.0030000207133 -20.23656646026427 -20.236354536243656 -20.02974749896992 -20.886481330919732 -20.318367868714162 -19.92156584725289 -20.60604726554848 -20.967483698519665 -20.999148347454955 -21.41700219532526 -21.330241870553202 -21.90951991755136 -22.102250196921116 -22.254249411070134 -22.425509471955692 -22.449254937196017 -22.286385817255134 -22.620032253617627 -22.554467514580516 -22.77864899768317 -22.404930005385346 -22.59151126946333 -23.323693204316466
51
 -2.412254313094334 -7.866989311581105 -10.009654651590877 -9.6956706862645 -10.538654711528556 -8.357639207778846 -10.19423945148549 -9.165665741775893 -11.782086205802928 -10.911513941483648 -12.52259001332263 -11.51876970987327 -11.72171302312437 -11.676076166821497 -11.003884578027963 -11.788720709684451 -13.482057764498327 -13.513234807676707 -11.29982384535764 -16.83004873844923 -18.208593187002794 -18.885074639593913 -17.83622539944111 -19.013474422233088 -19.23971649820349 -19.46910861290428 -18.594544910873996 -19.143698686970648 -20.028745722802682 -20.824788192332427 -20.66588956760856 -18.821539368434838 -21.022451993764786 -20.81529071855754 -20.371822386341407 -21.153556637117713 -21.679583823166467 -21.320699084825087 -21.214321827578928 -20.72285266623529 -22.25910658446228 -22.430463997083393 -22.042542332461274 -22.20155456685114 -21.709849055010228 -22.091739387766353 -22.263937607628847 -23.41465788498473 -23.20891014885162 -22.5822708552541 -23.379219178707768
51
 -2.412254313094334 -8.022819737777771 -9.966029358268125 -9.38553747436675 -10.582462036991286 -8.252248804315109 -10.549720663378386 -9.3051038952633 -11.633894445647025 -10.938723762806084 -12.411595608652366 -11.61394476853562 -11.82564547157898 -11.433874086854354 -11.095900340581617 -11.733805030633166 -13.396553697713864 -13.506879811381866 -11.096651408809 -16.685499767090064 -17.413789602600406 -18.005311972306792 -18.06717943525806 -19.28853129882894 -19.23155459161266 -19.499046024037494 -19.796243420163997 -19.72846432461264 -20.03734215652501 -19.87618532590863 -20.52494108926551 -20.11997512053325 -20.833402960982106 -19.63653932559648 -21.17306011586709 -21.099651729414752 -21.45075279957716 -19.928163761405052 -21.20294590714196 -21.4760938210769 -21.910998588665638 -22.167413063922094 -21.972243821935482 -22.57296437206875 -21.958301054019 -22.92357476337516 -21.445365121284844 -23.1780858040624 -23.10937356898806 -23.029094867662575 -22.925576332067028
51
 -2.412254313094334 -8.137535679578914 -10.16827249171897 -9.499823328616722 -10.512183281836668 -8.272014594086247 -10.338477624159973 -9.240701170733104 -11.701942675919897 -10.884933897871894 -12.453074527238227 -11.73675817197345 -11.793465605505858 -11.842598934302728 -11.164108008740719 -11.741891286622938 -13.453794550741033 -13.553504350786136 -11.140653047171881 -16.7597783306173 -17.931003682305462 -18.277682002338466 -18.727904292192058 -19.417920944945735 -19.038188957521527 -19.09348851426171 -19.856214745684206 -19.37688257758356 -19.662162453329916 -20.096234963756533 -20.519009900312913 -20.611968107241186 -20.90114132437887 -21.08928043848331 -21.319863426407007 -21.46694190562822 -20.310054165042978 -21.370202266697234 -21.564179386129883 -21.283532126308817 -22.083668915182454 -22.030274759435443 -22.161694956191415 -21.595137784570014 -22.298425589785026 -22.51561860582448 -22.923184734175052 -22.510439313153093 -23.146103407467162 -23.184954197670596 -22.681198002191508
51
 -2.412254313094334 -8.637722783365593 -9.920721218620042 -9.730013287428408 -10.419039188367314 -8.422666844787578 -10.10930182404654 -9.14294440403355 -11.652528249848457 -10.707597097799978 -12.401514416668142 -11.88544847295963 -11.605857401198161 -11.841476393184992 -11.079149622441179 -11.9712275998531 -13.468048502179546 -13.621168347196436 -11.078542292726038 -16.71855859216646 -17.988465578059806 -18.304283958854803 -18.43491489551902 -19.143852014803553 -16.530950170440594 -18.53289575116676 -19.38867316624865 -20.214583605970166 -20.267549761473653 -20.013607090181807 -20.523292978947385 -20.607406631089464 -20.436879024048228 -20.283164854101052 -21.365922960748694 -21.195181192948283 -21.292000963253034 -21.05961667043191 -21.65642974446745 -21.20788163103465 -21.931134955693366 -22.168324231045894 -22.377089551253267 -22.126069018921786 -21.527939687434266 -22.634008309644262 -21.220573308400308 -23.059871794033114 -22.97077131744311 -23.323091924713427 -23.249893085907843
51
 -2.412254313094334 -7.852117564881633 -10.267093241496266 -9.34626520467082 -10.775441499638372 -8.16928066148551 -10.569251463169643 -9.030135381413908 -11.679829450615426 -10.67292080787207 -12.867629275996075 -11.678424595835748 -11.75587170957638 -11.553880569242445 -11.167802066058242 -11.735999645888079 -13.364728859209416 -13.581949166161206 -11.117868416786926 -16.70924013513248 -17.343705622178636 -18.693129435208 -19.108592795108354 -17.81583633391013 -19.234311141821134 -19.54975118932112 -20.167221247814375 -20.38988352596049 -20.233838740002003 -20.432533662018727 -20.54533711027052 -20.491658304981737 -21.016515294851565 -21.21585071860029 -20.360450432405102 -20.997981262509835 -21.65102806671478 -21.037765832637778 -21.83540497989822 -21.26689762780899 -22.291078333667638 -22.052657864334265 -21.687842052606335 -22.742658225787846 -22.516833057390993 -22.87739275834256 -23.158757578224154 -22.662598989550787 -23.35658554649128 -23.245441973000602 -23.4196316877038
51
 -2.412254313094334 -8.336093924736348 -10.15976705461737 -9.45141102520404 -10.590273476280597 -8.409257288658148 -10.366024011347632 -9.135326673675678 -11.674581729985778 -10.865812622430784 -12.727950337344103 -11.770151364323961 -11.77638076597107 -11.756708455129981 -11.043134003876245 -11.851515199960525 -13.392341326879677 -13.526564367037862 -11.030305661468741 -16.652791654318612 -17.976982735146887 -18.220654049852595 -18.248364655926604 -19.15124247030494 -19.23200106480752 -19.015651743661355 -19.516554928761128 -19.8454087453 -19.8409215029212 -20.079980203025904 -20.24620258566752 -20.296896858058403 -18.732457976617535 -21.074500508259238 -21.229871443180063 -21.52039061109437 -21.2912742603102 -21.83496366188427 -21.582897529940634 -21.539046661349236 -22.276882619084773 -22.057217230164003 -22.47254063508631 -22.556448328734497 -21.678205178474588 -22.67620824128814 -22.065787386670713 -21.952009619945212 -23.230423464429904 -23.211474516985223 -23.378763703048303
51
 -2.412254313094334 -8.043533737727321 -10.285231120519102 -9.517283426494945 -10.599188843028049 -8.209050428628782 -10.217772153327248 -9.263649471911961 -11.655111188171725 -10.648331784850077 -12.405976993085252 -11.690468793445731 -11.797658863370568 -11.61025238783483 -11.015017076928705 -11.793294509234544 -13.458314170047359 -13.580533861989768 -10.98974435573228 -16.68430691305558 -17.938058139821003 -17.36954683719491 -18.4689061980459 -18.71143596434542 -19.256942381723004 -19.544889086755365 -19.478376477347318 -18.708316528569938 -20.19323239653397 -19.997096575950337 -20.59285121643556 -20.3272105005894 -20.298926024224038 -21.00730286713263 -20.28989572435202 -21.37154872827804 -21.06908022399269 -20.994110051115097 -21.693838475516127 -20.75568597832374 -21.844701959361164 -21.87178663494175 -22.348763684852475 -20.998674306281895 -22.58539192334302 -22.653958065700124 -22.83011200038293 -22.685746035212407 -22.5462565741029 -22.72986963813418 -23.31582076243689
51
 -2.412254313094334 -8.949037973712102 -9.749506130857963 -9.206174735596207 -10.49522153769298 -8.293311036353124 -10.260763796737223 -9.265070131458895 -11.797871019778821 -10.912758065428573 -12.489828272779171 -12.031757389939358 -11.84151784622032 -11.640957704924555 -10.98519775344534 -11.932011495522284 -13.379650623002195 -13.52654932307456 -11.223384442073872 -16.703727515341154 -17.95560409656694 -18.509562699220986 -18.937616154186067 -19.493874438988467 -19.19527195609348 -19.82496355465878 -20.194326148200464 -20.215227330385776 -20.589713743342973 -19.239507187133427 -20.12457526093348 -20.856284811016312 -20.472263887359787 -20.85289474502499 -21.233687357528876 -20.066325648673146 -21.295000718540873 -21.304661463331634 -21.2777064392414 -22.12186357659568 -21.012161136848498 -22.190691331854687 -22.501692471008802 -21.730503722569075 -21.67234929889268 -22.272495924406673 -23.014458474352836 -22.916423635236065 -23.19623737344156 -23.43317573964533 -23.301386450901145
ADAPTDoubling
10
51
 -2.412254313094334 -8.58166513432115 -9.083650691865236 -10.266983552661596 -11.44518500835618 -11.089307071524049 -10.789502899485736 -12.550274863677405 -13.245757667858333 -12.577272837168353 -13.548906669074755 -13.473606644319315 -12.591426013797781 -12.758727939426478 -11.771538403426462 -11.410875839804417 -13.033916297038003 -12.718663621083747 -13.924482960626017 -12.692159868898365 -13.81074912550046 -13.980213815817585 -14.815796764875333 -13.184879884837803 -14.852334899754565 -14.685604370463178 -15.75485392204125 -14.263281692627903 -15.598606979124288 -13.31593125657465 -13.542383463605159 -15.207868009424665 -14.445951666119308 -13.692928144597822 -15.455358930139962 -15.353099057915093 -16.70866881039928 -14.017070257318695 -14.24839875760079 -18.003804949887286 -17.03945940114592 -16.527921582683796 -16.765673873087277 -16.853434518004093 -16.40921470008277 -16.886150945726026 -17.624230648872935 -17.711650211343887 -18.06300146388765 -15.811226716154152 -18.158935106461012
51
 -2.412254313094334 -9.414960672940975 -9.547919960267599 -9.616264744012954 -9.445151065745389 -8.83897485856946 -11.118331184134021 -12.645375983017342 -10.257993324636216 -10.726403870671481 -11.498077071374292 -11.05923098306571 -13.290648390178148 -10.887121423302103 -13.652316775313757 -10.406545046522016 -13.531159431198473 -11.168978491487053 -14.846340406963455 -12.030798828069317 -14.178036532479508 -13.01144396420311 -15.09337829420866 -14.492704959666005 -14.160535222018291 -12.808636232638198 -14.783244295420547 -14.92545267579982 -14.572383856981899 -15.920228031089367 -14.988933410123359 -14.681043322100981 -15.52859699825963 -14.18239502900906 -16.66729195225886 -17.082980735625643 -16.99154500717727 -16.07097472784267 -16.515795145541873 -14.438047278188877 -15.507639945454441 -16.61684785361677 -17.63162939069298 -16.43469455058295 -17.824055081486375 -17.901219274021713 -15.136029403635462 -17.00268508731485 -17.268420589191397 -18.002518488648104 -17.786169264428555
51
 -2.412254313094334 -8.600902358454542 -8.356110900852388 -7.937024800521363 -10.423674762809656 -12.893566100255201 -10.318412322493614 -11.736855447614596 -11.634478717437974 -9.927327799490582 -12.024859756975513 -11.782853736533067 -12.459485572417309 -12.70391850473985 -11.724259929185482 -10.289165166596128 -13.729504805939973 -10.467413202691173 -14.590427639165366 -11.902713443706185 -13.680555137441623 -13.35523526430649 -12.091175278323067 -13.693477258459174 -12.618656726186261 -15.182020766166868 -14.080334261545596 -14.416127263452042 -15.273646821518545 -14.670779249923212 -15.537087400592641 -15.365357569606953 -14.628968249792846 -17.129288692626353 -16.20343300023557 -16.092088487115344 -16.633658618301073 -14.954455622176203 -14.639252629943597 -16.708458540877288 -16.807766786116908 -13.899131343231367 -17.418192695036716 -16.349446872018078 -16.723341638406808 -16.394645390683962 -18.240801201686946 -17.752889145710164 -16.482683510045547 -19.323369359072576 -17.4163447276834
51
 -2.412254313094334 -7.184033548047965 -9.937239985106347 -7.481460816376675 -10.469268936303123 -11.821502340075595 -9.357483172730813 -11.82602742794905 -11.639762561105966 -10.787700380067571 -12.502028335252577 -13.228360693971629 -12.456105324661891 -11.885078133581462 -13.059986653788597 -13.347952940344166 -13.78079380527192 -9.266453979272535 -11.869899381507594 -13.578975343992191 -14.378175818153988 -11.736457271206387 -12.914190313579027 -12.687471227564645 -12.836833461393084 -14.421156375923015 -12.55254238436682 -13.054323574076108 -14.91935222955282 -16.050045202435598 -12.524119023050401 -14.047337010488611 -15.388615051616213 -15.82642433679644 -14.599158493908028 -12.802987519419375 -16.243715473628086 -16.609471613567532 -15.551961570478207 -15.510515845664791 -17.906406161370064 -15.210102508726175 -18.158073658462442 -16.685024222588883 -17.636091130730946 -16.32864348499358 -17.109607405683594 -18.64275589291023 -16.35673868213933 -18.023655641828523 -18.418210167185865
51
 -2.412254313094334 -7.9114674717934115 -10.103004904817425 -10.680012342317271 -10.225845772580765 -9.951075272409224 -10.752246170526957 -9.701916713029554 -11.240269868200093 -12.144089016546983 -13.166847463490381 -10.533801784787418 -12.116185460530604 -12.99367687498174 -10.255291307735805 -11.245083276078137 -13.183320709582269 -11.481507777222635 -12.096424488725557 -13.953104325905748 -13.309340442669109 -13.131932962202482 -14.44699718605492 -14.383018848754544 -14.153338378216292 -11.26594542243567 -12.357034826223538 -13.44903982110861 -15.088401025079621 -15.279218309096025 -14.225841297505427 -14.66279783298703 -16.863461755402703 -14.190967055085407 -16.364409983204347 -14.210932915579912 -13.822568818255393 -17.100578435108975 -14.788118767875943 -16.541248920757425 -15.737383465794872 -17.031298755117728 -16.71605923857351 -18.250045508417017 -18.27772030508183 -16.999131242339015 -17.505498094906116 -18.159563818365893 -17.39421202638914 -17.972351417869145 -19.029305341227786
51
 -2.412254313094334 -5.668968967504304 -9.11406332643724 -8.991096593014785 -8.955144381791495 -10.444402156944884 -11.15588102726647 -8.835793685237466 -10.498479954163406 -13.075237481233048 -13.052388949635601 -11.330849755003506 -12.040318383108545 -12.735914513427192 -11.481691934446564 -13.177725368820905 -12.249924946733762 -10.288764108714558 -13.582169792897075 -12.2773775688195 -12.196765907007824 -15.027170931609538 -14.55926025808161 -13.996546605153128 -13.525516396703189 -15.061639022278312 -14.659160933444124 -15.277523689673947 -15.422917874374075 -14.657235989624649 -14.428332241697662 -15.89873210005695 -14.751714756430848 -15.47590241694658 -16.681873299159747 -16.031698183117097 -13.453240341451764 -15.191447802124433 -16.505671053562317 -16.791609086010393 -16.80945486860843 -17.191123624895617 -16.439967141733952 -18.196068198786655 -15.604117663254767 -18.44572396161407 -17.629105698676064 -16.245131315640553 -18.494169193378003 -19.020629557606767 -17.187706184507356
51
 -2.412254313094334 -7.199068321365863 -9.969689324432341 -9.432819374921621 -10.921878747606659 -10.116473544445954 -11.775741696005156 -11.84900716099999 -9.652391852042474 -10.322471688168566 -12.451924726186528 -11.245581914463017 -10.653244985395826 -13.46269093134051 -10.758026356372126 -11.152425568627656 -12.34742076529528 -11.185080412071152 -13.410347103381795 -12.44199528024078 -14.503005604670602 -14.123053937390246 -13.661294128525121 -13.495035184068255 -13.49479911160002 -15.420933135037922 -13.894919673389635 -15.517615070311889 -15.145147190876678 -15.393441404340786 -15.128558012681102 -14.974692164744852 -14.480101947729242 -14.436138957118617 -14.382640383261236 -15.233747855481663 -15.284823511482305 -15.273347463144674 -13.844910896600247 -14.368433582007533 -14.38223352572466 -15.924769543786512 -17.16153981487282 -16.619179640807047 -16.893544345463816 -18.090323692556648 -18.530056986893694 -18.36079217703234 -17.14757610999374 -18.624027923544688 -19.04387909476737
51
 -2.412254313094334 -6.027416184876038 -7.701303056240334 -9.750727005461215 -10.303521047187093 -11.067573707285916 -10.402210640826574 -10.65506107037724 -12.604506438611136 -9.877377618621964 -11.462739413145258 -12.40093403115689 -13.377062794914885 -12.574271290233535 -13.287003793852408 -11.799096572760721 -13.32534196322384 -10.993863119104129 -13.76685680421912 -11.824178643005688 -14.817108312383338 -13.105248438730515 -13.060499324645487 -12.670094895390486 -12.884791314779735 -13.378354844384205 -13.515040632096737 -13.698084514397712 -13.596790373179799 -14.573751576988947 -13.797478835013495 -16.155750855170197 -16.325620213353794 -14.946420034717278 -14.302807754991717 -14.801626297095767 -15.76481533570279 -14.833628850344278 -14.948773167433544 -17.81369657489659 -15.500527194877312 -14.034677065970396 -16.35966830030419 -17.395885087870298 -16.502829478583106 -17.562059341992594 -18.458490984475414 -15.68570440857947 -17.841057733719513 -17.918298700941037 -18.119235693059096
51
 -2.412254313094334 -8.631268057031521 -8.991830121972201 -10.055611160030823 -10.188396090321492 -11.307889102794713 -10.059584181848898 -10.821076747503216 -11.775193162599548 -11.681475674792853 -10.41671662996876 -9.473544362860123 -12.499982949514248 -12.962800953883828 -10.424867573267576 -12.495338882612312 -14.243379278599226 -11.5019236166706 -12.34755480078796 -12.823783164149287 -14.043373679814625 -14.461273414263593 -14.624670969305392 -12.809211846020085 -14.336663934442045 -15.332637224379958 -13.90411756270011 -13.46568059830877 -12.992265097444768 -14.750812167546242 -14.933680312421 -14.824354994008683 -16.550122272207098 -16.20304678397509 -17.46726157445927 -15.35256813068113 -15.764738567999027 -15.740228499447086 -15.89909005568484 -17.52289439398305 -15.419165337653887 -16.083109784760836 -15.405616632365902 -15.313653891791551 -17.413409866483622 -17.56342799183312 -16.690976510194126 -16.724722502353703 -19.195116194708252 -18.309837126995617 -18.2520572951635
51
 -2.412254313094334 -7.388306356602291 -10.155931766671598 -9.077238993781025 -10.490560140132294 -11.124564753703691 -9.606862232729041 -9.795405772473229 -10.067767213346368 -9.945412580184508 -9.987910713647834 -13.672588126587671 -12.191498108680266 -13.156856257315479 -12.922103933009694 -12.542648791168837 -12.746399486494344 -11.823480795989271 -11.681403372471951 -13.830032773840186 -12.903327982185674 -14.371132035510199 -13.241909920092677 -12.031852486720805 -11.593451008236766 -14.731808216645321 -14.462459582318287 -14.18237514084206 -14.947439319853444 -13.904034546245342 -13.712800870020267 -15.019612872568374 -15.001685770295078 -15.933110105427517 -17.322452048155984 -16.214615386488067 -15.630813124135905 -16.130331180981866 -13.702614743422085 -16.190178736982524 -17.41904099828944 -17.030973028549905 -17.564921559014937 -14.360989494788381 -17.74639702562002 -17.858298741080898 -15.344747750700785 -17.556377066166455 -16.753820468776134 -18.821578079507407 -17.622269223966327
MainSSVRG
10
51
 -2.412254313094334 -4.150735790074362 -4.839621960530928 -5.331832379489896 -5.704082001363155 -6.042095768140988 -6.291812394551113 -6.535454654671322 -6.7393474236358175 -6.900443360131993 -7.679331945709489 -8.169787670000222 -8.548508349360064 -8.898501014816379 -9.197869133657939 -9.452906290142003 -9.725499844353147 -9.955879985822024 -10.038584808389226 -10.04485035306884 -10.49136907272009 -10.74637300876325 -10.96129162932218 -11.102017734777862 -11.102017734777862 -11.102017734777862 -11.102017734777862 -11.102017734777862 -11.34198848853505 -11.541889661424172 -11.549585476947762 -11.549585476947762 -11.549585476947762 -11.549585476947762 -11.549585476947762 -11.549585476947762 -11.549585476947762 -11.549585476947762 -11.549585476947762 -11.917683700153571 -12.120704070132625 -12.120704070132625 -12.120704070132625 -12.120704070132625 -12.120704070132625 -12.120704070132625 -12.120704070132625 -12.120704070132625 -12.120704070132625 -12.172923913742038 -12.359445407932919
51
 -2.412254313094334 -4.169866227213955 -4.596495344730377 -5.264163826910843 -5.82536857468823 -6.313269385930458 -6.771848689641839 -7.19665322080085 -7.592676840356489 -7.961780357891828 -8.1806552239232 -8.1806552239232 -8.571501840049145 -8.939068708104054 -9.255271211275106 -9.588248727463434 -9.874499262218968 -9.874499262218968 -9.874499262218968 -9.874499262218968 -9.874499262218968 -10.01369970594038 -10.335777911193077 -10.609039362426985 -10.866607891512501 -11.105674411464266 -11.326126960955456 -11.44811110493592 -11.44811110493592 -11.44811110493592 -11.44811110493592 -11.44811110493592 -11.44811110493592 -11.44811110493592 -11.44811110493592 -11.44811110493592 -11.618882467339168 -11.865978196624352 -12.06632103981857 -12.256574918088814 -12.338413037583857 -12.338413037583857 -12.338413037583857 -12.338413037583857 -12.338413037583857 -12.338413037583857 -12.338413037583857 -12.338413037583857 -12.338413037583857 -12.522405495254695 -12.7135567547609
51
 -2.412254313094334 -4.2335043784868285 -4.997110212610848 -5.576480994519217 -5.956116194019758 -6.31264898149864 -6.65310073203498 -6.65310073203498 -7.000012621536486 -7.420645957792911 -7.814998579816113 -8.179013541863155 -8.53333798871581 -8.622125300777634 -8.622125300777634 -8.622125300777634 -8.622125300777634 -8.622125300777634 -9.006580319043463 -9.336318418733454 -9.653579697198829 -9.95773420422384 -10.049893255663973 -10.049893255663973 -10.049893255663973 -10.049893255663973 -10.049893255663973 -10.049893255663973 -10.049893255663973 -10.049893255663973 -10.049893255663973 -10.280262210518371 -10.55327830453005 -10.808518484614833 -11.050510069416015 -11.278081069587369 -11.503428741344624 -11.681558669997438 -11.681558669997438 -11.681558669997438 -11.681558669997438 -11.681558669997438 -11.681558669997438 -11.681558669997438 -11.681558669997438 -11.681558669997438 -11.71195359921791 -11.903953087369436 -11.903953087369436 -11.903953087369436 -11.903953087369436
51
 -2.412254313094334 -4.171884558922113 -4.6027936935476506 -5.265931427485633 -5.815300192155883 -6.313104025531411 -6.669275942776122 -6.669275942776122 -6.983961211138689 -7.418888662833311 -7.826747875901622 -8.08046450059081 -8.08046450059081 -8.08046450059081 -8.08046450059081 -8.08046450059081 -8.326879243076677 -8.71199971814101 -9.068870463030693 -9.410177158084908 -9.728531302003606 -10.031321331148476 -10.324724127349372 -10.592681147615208 -10.850090607963402 -11.001362379512914 -11.001362379512914 -11.001362379512914 -11.001362379512914 -11.001362379512914 -11.001362379512914 -11.001362379512914 -11.001362379512914 -11.001362379512914 -11.200070592668487 -11.48308450485304 -11.723318052303057 -11.954417576170712 -12.160081389661713 -12.35244460230585 -12.535213176622246 -12.713631104753127 -12.825684014130617 -12.825684014130617 -12.825684014130617 -12.825684014130617 -12.825684014130617 -12.825684014130617 -12.825684014130617 -12.825684014130617 -12.825684014130617
51
 -2.412254313094334 -4.181767208910795 -4.896981317917675 -5.41275857159437 -5.739499988081571 -6.207806916512423 -6.708611558664667 -7.167805131781349 -7.592795224080603 -8.00183750634682 -8.345770184051133 -8.720456484609068 -8.862343721917359 -8.862343721917359 -9.381310731740804 -9.768126010848265 -10.080685138874516 -10.357488856865007 -10.60830234208408 -10.660216073889886 -10.660216073889886 -10.660216073889886 -10.660216073889886 -10.661803543935402 -11.03664755038465 -11.253869239508788 -11.43647819229477 -11.471835486331077 -11.471835486331077 -11.471835486331077 -11.471835486331077 -11.471835486331077 -11.471835486331077 -11.471835486331077 -11.471835486331077 -11.471835486331077 -11.707707175463026 -11.907244449820267 -12.082998759934323 -12.082998759934323 -12.082998759934323 -12.082998759934323 -12.082998759934323 -12.082998759934323 -12.082998759934323 -12.082998759934323 -12.082998759934323 -12.13877166770044 -12.347721595721538 -12.453348684463748 -12.453348684463748
51
 -2.412254313094334 -4.210543139085948 -4.976353360845318 -5.560698870624003 -6.0647470432342105 -6.436308726820235 -6.914075821365996 -7.2000456172379765 -7.5075080984266425 -7.7567115391167 -7.834838197749349 -8.377316766090132 -8.676833075778292 -8.928717954737017 -9.158410998443529 -9.353411020632121 -9.496933574103583 -9.496933574103583 -9.940517991054335 -10.15381618751482 -10.334878434566564 -10.37854089806065 -10.37854089806065 -10.37854089806065 -10.37854089806065 -10.427614542022065 -10.852329706983017 -11.074016714215908 -11.273033172112878 -11.453376725557245 -11.626946714177263 -11.786366911717698 -11.960900521185557 -12.100128527818297 -12.205106718653406 -12.205106718653406 -12.205106718653406 -12.205106718653406 -12.205106718653406 -12.205106718653406 -12.205106718653406 -12.205106718653406 -12.205106718653406 -12.372040115575338 -12.686508758441146 -12.844612575677887 -12.922290937425053 -12.922290937425053 -12.922290937425053 -12.922290937425053 -12.922290937425053
51
 -2.412254313094334 -4.1460022987768586 -4.730387687565207 -5.210718134845719 -5.761961865645081 -6.238501216480967 -6.668881240718419 -7.049987883278026 -7.423350474914641 -7.723525010944104 -8.018220623404488 -8.278142922361067 -8.299831744134245 -8.542081692609361 -8.910356590529892 -9.225718625481871 -9.309654381813038 -9.309654381813038 -9.309654381813038 -9.309654381813038 -9.309654381813038 -9.708167163475013 -10.02414183330119 -10.317860917276075 -10.592541153900397 -10.848904925504787 -11.098342401383398 -11.22590928154091 -11.22590928154091 -11.22590928154091 -11.22590928154091 -11.22590928154091 -11.22590928154091 -11.22590928154091 -11.22590928154091 -11.22590928154091 -11.397406453302294 -11.639017123706688 -11.856899807246249 -12.067556313111616 -12.121906788701597 -12.121906788701597 -12.121906788701597 -12.121906788701597 -12.121906788701597 -12.121906788701597 -12.121906788701597 -12.121906788701597 -12.121906788701597 -12.229416622361589 -12.41140224562412
51
 -2.412254313094334 -4.169732581038181 -4.940507360265607 -5.47182417297552 -5.884404999817355 -6.282228579999458 -6.64982867926131 -6.847198784551664 -7.160881150794309 -7.444654034873946 -7.668248406360899 -8.29518622700457 -8.669071336070477 -8.912809338064921 -9.106475921637445 -9.119198794661607 -9.551441969288021 -9.915341498340116 -10.162597750043089 -10.37608153484883 -10.563034557983464 -10.74994432415421 -10.768573034702962 -10.768573034702962 -10.768573034702962 -10.768573034702962 -10.872355819432045 -11.234648393537116 -11.452037058984333 -11.641708665250679 -11.815531610922848 -11.983748354230597 -12.127404890868398 -12.258980810513147 -12.381013102327447 -12.492164448738512 -12.515747833504287 -12.515747833504287 -12.515747833504287 -12.515747833504287 -12.515747833504287 -12.515747833504287 -12.515747833504287 -12.515747833504287 -12.515747833504287 -12.726880853184184 -12.726880853184184 -12.726880853184184 -12.726880853184184 -12.726880853184184 -12.726880853184184
51
 -2.412254313094334 -4.253239532615154 -4.674862551169117 -5.3416023601779505 -5.89531345459545 -6.269620407512421 -6.269620407512421 -6.607234243361278 -7.057754239119368 -7.473293830532287 -7.8771057661532184 -8.24989033219107 -8.587875384407877 -8.919307098361353 -9.147663870093247 -9.27059959536787 -9.27059959536787 -9.27059959536787 -9.27059959536787 -9.27059959536787 -9.68610330747399 -9.988412938921352 -10.082343760670538 -10.082343760670538 -10.082343760670538 -10.082343760670538 -10.082343760670538 -10.082343760670538 -10.082343760670538 -10.082343760670538 -10.082343760670538 -10.305674010348094 -10.394233001338602 -10.394233001338602 -10.394233001338602 -10.394233001338602 -10.394233001338602 -10.394233001338602 -10.394233001338602 -10.394233001338602 -10.394233001338602 -10.593083625066496 -10.84215951233789 -10.889298356172304 -10.889298356172304 -10.889298356172304 -10.889298356172304 -10.889298356172304 -10.889298356172304 -10.889298356172304 -10.889298356172304
51
 -2.412254313094334 -4.219764902371184 -5.023101056185345 -5.323537062335929 -5.908903052079001 -6.386667502978039 -6.828770864161985 -7.222089982008426 -7.607502643547885 -7.654379983763387 -7.8230196782721935 -8.262625186013292 -8.645390974392885 -9.003839920392076 -9.018567700102341 -9.018567700102341 -9.018567700102341 -9.018567700102341 -9.123598428717415 -9.501312820156357 -9.826704573901042 -10.128097840627202 -10.401798860007297 -10.674867133634699 -10.918590629081477 -11.060392586986163 -11.060392586986163 -11.060392586986163 -11.060392586986163 -11.060392586986163 -11.060392586986163 -11.060392586986163 -11.060392586986163 -11.060392586986163 -11.253560366499226 -11.517443752644686 -11.729888109470625 -11.932819848983819 -12.127506925660422 -12.309956332538903 -12.481072219613385 -12.617610185632502 -12.617610185632502 -12.617610185632502 -12.617610185632502 -12.617610185632502 -12.617610185632502 -12.617610185632502 -12.617610185632502 -12.617610185632502 -12.67624218661025
SGD:0.05
10
51
 -2.412254313094334 -7.815798481368148 -6.612981532747654 -8.022537664991333 -8.195925341389174 -5.457057205343696 -6.15438536846933 -6.697112198385869 -7.468875997653493 -7.633828871150467 -5.53355598406369 -8.799665090923554 -8.712917580050943 -7.219075816832913 -6.863768693660043 -7.237652945343731 -6.63023255624818 -4.242161457391592 -8.570062449607589 -7.2318342903776935 -6.947810917515278 -7.10338651794693 -9.18566693688568 -7.999165964070753 -7.273551350388675 -7.411386108368707 -8.620712127800104 -6.141884270843866 -7.769581128260191 -7.271223695679708 -6.5671774449699445 -5.766675472565139 -8.998276883074649 -6.235402961073163 -7.652151334357811 -6.92257979607644 -7.860512973950318 -8.959849995595182 -8.571087623794359 -5.470596373610087 -6.107366929718615 -6.760647731989414 -6.095267440233293 -7.576059206397359 -6.547404214440172 -7.427366096804404 -6.624506252499438 -8.534078916756838 -6.740294089294909 -5.55473671329564 -8.11046548806008
51
 -2.412254313094334 -7.158310838918718 -7.418183978368259 -7.009732112818683 -5.473764279774132 -5.9200553900804245 -7.908649955875576 -7.0810305155103554 -8.83171888435235 -5.977888072871928 -6.491445091216055 -6.760119709655011 -8.211424176915363 -6.277150388100992 -5.88881192289317 -5.794297672710912 -6.7053599189247794 -8.308502229310362 -7.036585923146345 -7.049261398613433 -3.716339465814137 -6.44570326818843 -8.1609032067393 -5.7076434744097195 -7.307093071019661 -7.716690661273288 -6.760717138464875 -6.5885651357265305 -8.238983748422854 -5.683252468187029 -4.091861033055233 -6.853495877630954 -6.408765522504346 -6.4428987670747855 -5.889998156422597 -7.898174426403035 -7.955323832152041 -7.411070652773728 -8.114892454416804 -4.658372905840041 -6.415527335994526 -7.3261461837736785 -8.963809758489134 -7.924615470570103 -7.095146565153582 -6.372750859764964 -7.7934555229948135 -4.12153696684938 -5.481754880371715 -8.088590910354034 -7.897018789529075
51
 -2.412254313094334 -5.652481831951988 -5.0554722585001075 -6.882022336510893 -7.533385223023581 -5.887656530695938 -8.119325081091414 -8.16156035950583 -6.340018398935674 -7.519594609878212 -6.9419995551340925 -5.710738786924189 -5.474350098878117 -8.311185622985782 -5.804970317669079 -6.143714329645724 -7.074213021347952 -8.087964425756192 -6.108828200494723 -7.295218378013788 -7.417172884251265 -7.967064272382722 -6.670372906502125 -8.97727585510729 -7.625618872792203 -8.522637775843162 -4.529487201871121 -5.2869569297792705 -6.762233979477432 -6.501669040198569 -7.389371608867118 -7.159530699405074 -8.902848836982256 -7.455298119103646 -5.9264762430480955 -6.540528767647472 -6.003724795978937 -6.469111606721153 -5.42046158642421 -8.343370255132779 -7.852881328127041 -8.075651265632024 -7.351229347443302 -6.15211521184829 -7.348480280595989 -7.726052623994168 -7.457059596696044 -6.2557352028314455 -7.23552883968875 -7.886748501841589 -7.82564383137556
51
 -2.412254313094334 -8.577822979863148 -8.04073781500111 -8.900429674035307 -6.01731574307936 -5.530676202068527 -5.138448785838181 -6.8011708849538035 -7.824595929164411 -5.573584478263366 -8.193732702200764 -6.431549136622145 -5.653945704424315 -5.887269327090568 -6.283827375359666 -8.709120242501443 -8.55080971782397 -8.424038583497715 -5.490279299453736 -7.479899450846145 -6.198219993495359 -5.298570101515058 -7.590677947373922 -7.508089967598829 -4.98460972353543 -7.2806195520747465 -5.195823036028875 -6.6985874774240965 -7.8704045188146745 -9.14626926441099 -7.780202365524252 -5.324680856336136 -6.883976195581214 -8.63463435533514 -5.686064879367194 -8.300519573617473 -8.491605643625237 -5.56202938239787 -4.853213292329096 -5.184914064734525 -5.48277157422482 -6.650482347317783 -8.493650645274377 -6.92100484561875 -7.4776720478146865 -7.116363664236293 -7.362884252031602 -6.469154444582493 -8.365970567329132 -6.095106375901688 -7.724933111369885
51
 -2.412254313094334 -7.723723187546596 -7.491474846308055 -7.11833195303469 -8.245739326683855 -8.045097974402369 -5.97756347311091 -7.293876978080547 -8.012467623477438 -7.082909170584179 -7.979328371631151 -6.2435212825831705 -7.077148983730901 -6.07114037054226 -6.431459823754144 -4.746940133831452 -6.824109857303615 -6.629997692849802 -4.345535573117454 -7.574373249619977 -7.744509536795343 -6.0539639813797965 -5.975514292066161 -7.630772506861181 -7.214057667768258 -8.354760630617431 -7.08708042962573 -7.917737641590911 -7.462117625446559 -5.081257382853878 -5.623821657446606 -7.693634775390934 -7.999557712430996 -6.892634476595444 -5.978035521848037 -7.493197036002138 -8.093511709928595 -6.267661967557754 -7.0104880767216615 -8.033368519062735 -5.981028822428983 -7.7830910464099885 -8.568196681761972 -6.690996091747395 -6.307740161864366 -7.877609465364388 -8.250610849516454 -5.400734770306208 -8.321919752654718 -8.36155226903887 -3.894461584464389
51
 -2.412254313094334 -7.39858070404837 -5.6407582361425055 -4.69462114622629 -7.164057437722111 -6.480434086638687 -7.532906374146029 -8.558513408673276 -6.091975994247071 -5.63193608924823 -5.21346567793955 -7.376501809542211 -8.553937890852392 -4.688472139017944 -7.5450151164145 -6.8186056696191475 -7.960500062634746 -8.695804920438993 -7.144554663735639 -6.542566897191978 -7.035145727534234 -8.019916827663792 -7.666591860763342 -8.174950544745277 -8.476460119997201 -8.875114017027759 -7.286675102183006 -6.532249363443906 -6.7056256992627405 -7.1802762625978955 -6.651994164850328 -9.026979066593883 -5.659415899181953 -6.375024857502408 -5.307510061150847 -6.335490053937281 -5.677836950736938 -9.677459443334461 -6.212610215390519 -8.117359857336629 -4.729547446074454 -5.47803746730813 -7.631929078185344 -6.378855454004038 -6.684040621976852 -8.643413428608854 -7.69695763979994 -9.358716937246108 -6.00354491770812 -7.5424220237452735 -6.65044186677481
51
 -2.412254313094334 -7.310289047164022 -6.55694479644234 -7.431246736192227 -8.699908597627541 -8.553470181637184 -6.439617815194856 -6.379246752350903 -8.006466854567572 -7.102435432752449 -5.7102167037955365 -6.071902395424253 -6.657380707546792 -6.471270959591988 -6.216279991006788 -5.433515500215314 -7.686408988652357 -8.174641960012957 -5.993360876980028 -7.862087407810303 -4.921180404045964 -4.759876668173802 -6.800357857180791 -7.494284624476566 -5.975943483419045 -5.846619818411081 -6.685401129588325 -6.723868211976613 -7.275301442431364 -8.657431940204457 -7.160583076956571 -5.580492285513654 -5.651707069762663 -5.082702393442124 -8.214563469463002 -7.154399818380153 -7.707528878959199 -6.5903765494667965 -8.1168785506763 -8.948345489048174 -6.169101042312619 -5.3798769241765125 -4.761638041473176 -6.349110718708702 -8.389822891274372 -8.653307310376617 -9.018248997166342 -5.714583239108055 -5.621434577381461 -6.422916598957195 -4.284548650234024
51
 -2.412254313094334 -6.0433076935397745 -7.945820036772153 -8.910844645244369 -9.055962263930807 -6.339555225970713 -7.624072418412886 -7.425098988600496 -7.344464010643933 -6.085673139248534 -6.400514000201045 -8.095586689573636 -6.435109024419136 -7.2441632620594065 -5.39203875139137 -7.096171542795322 -6.626624213375323 -6.000685410410464 -7.557949014594213 -7.217522303513382 -6.513843737952136 -7.221164991432375 -7.907366045423702 -5.356500508764485 -6.1296424368803875 -6.7618984445501935 -6.9745118733310445 -8.617764178452303 -8.742652566426987 -5.6439618565045 -5.156941485614232 -5.3308343648823815 -7.392281798128417 -7.1021085356175995 -4.83623474008565 -7.368700873635931 -8.584861675705156 -8.763549554728096 -5.983918635055512 -5.4138532293668895 -7.4715314035728495 -6.215959745264092 -8.179997116211496 -8.783469371265701 -6.340476074372664 -7.324406541421163 -7.218744623973411 -5.412882207291731 -5.590711656179688 -6.5233389096144645 -7.301122908579462
51
 -2.412254313094334 -6.60990094704547 -7.189477510105858 -9.275730106259774 -7.381258151334709 -5.733090163815163 -5.2285331251295 -6.2204585261692715 -6.429955658546675 -8.19818956103377 -4.869551035398571 -9.18128707858887 -8.08222149767681 -5.726752093009681 -8.23004809287056 -5.9016983844316515 -8.745467070438522 -8.075230482546743 -5.71876357342021 -7.6516679429479995 -7.6361913764043186 -8.38976140495998 -6.1236651975843825 -5.553569010271294 -7.35647528878923 -5.295255723126772 -6.002162685315414 -6.8942048164351055 -5.768908724173525 -4.549068238829693 -5.976743691284787 -7.643675360591302 -7.355111736206658 -5.600388399212322 -6.016620911542157 -8.123953900598698 -8.412364836138126 -7.762969371890186 -5.106174897876183 -8.51486760565828 -8.89071920590345 -5.369767722037147 -6.3249908968453585 -5.786926812230881 -9.360203619050933 -8.981222408645865 -6.716317205120339 -6.613467724085203 -8.273160629952711 -6.656136656405617 -5.447581023535677
51
 -2.412254313094334 -8.020063548635843 -6.832869152528213 -6.275598668715514 -6.614131591520578 -7.6114464991743365 -7.538354421798961 -5.061102136635327 -6.636879298997117 -5.318806748833326 -7.861778262491245 -6.5377599305419025 -8.267457469761327 -8.206599116660636 -7.369875314108673 -8.732055670987107 -7.240064884440489 -6.801100808711143 -6.015442380048496 -8.392552092303582 -9.087435085573746 -6.152927091751859 -6.367213989007996 -8.391220171927348 -6.556782197109962 -6.692903567016432 -7.406317043316097 -5.579944576745436 -5.871182475183886 -6.049382465185785 -6.066181495284113 -6.165200708259297 -8.484492231595448 -7.11502221234954 -7.704095688458648 -7.021243448181608 -8.435970503472337 -6.2865309990531575 -7.778495010116338 -7.211845609659002 -6.960665506069768 -7.099193859843035 -7.397161084608844 -5.698197758039221 -7.184088082594763 -4.970712146403386 -7.255063071274018 -5.0531908362783025 -6.737227470240383 -5.400290256430258 -8.370878797621646
SGD:0.005
10
51
 -2.412254313094334 -4.60500783597972 -5.471213665274017 -6.14712640550485 -6.63462846321705 -7.178173183591094 -7.903599175226249 -8.240134736939838 -8.63145701114502 -8.632969280832642 -9.623766033338713 -9.153701754768505 -9.246573734688159 -9.887682327674645 -9.216855101199087 -8.831622793864865 -10.929468643392367 -9.920328386449343 -10.793840332167733 -8.065658779802247 -10.064026884263889 -8.655422116550605 -10.967533674833307 -9.593311745711226 -11.084909856909695 -10.060523065742723 -11.416414002700767 -8.237192700167471 -10.870563498251421 -10.243914622453017 -9.4400037513795 -9.293159398531127 -11.117625386319684 -10.064601628067393 -11.035879932060435 -11.646237447440452 -11.536883240260625 -10.358426891610321 -11.2414850340313 -12.40623068819472 -10.447390339573417 -10.151699416715758 -10.387413216870952 -10.463463155583593 -10.9318494546252 -9.947991919507645 -12.201210161733004 -8.423722722132132 -9.958870005418952 -9.084716118486066 -9.239127724311848
51
 -2.412254313094334 -4.641865944048195 -5.434448832899584 -6.20130385379717 -6.652260518468002 -7.196461480595762 -7.60917183519268 -8.32034548658156 -8.632930707702494 -9.377306974121241 -7.858097142878636 -9.031278126358094 -9.873508778818968 -10.326924300118678 -10.595358007153925 -10.092423311261872 -9.84841164233615 -10.302500143828185 -10.73197876056811 -11.312920562387506 -9.918100553080345 -9.235735770132287 -7.954958060013297 -11.45498161589445 -11.186240695663049 -11.660445619602875 -11.929453646034728 -10.372236246450624 -10.768530230861913 -11.370778577852873 -10.719714712922858 -8.962119929751573 -12.974596999753878 -9.424102651069907 -11.150284736126736 -11.107737822578331 -12.090671704736055 -10.711921331578873 -11.232595042808368 -9.984748251917082 -12.21177936338431 -10.406044125017477 -11.946456324597628 -10.115044298055036 -12.276591921496241 -12.755492371835453 -9.603092534513825 -10.546199603502071 -7.402363135303348 -9.926317978826704 -9.963894812323753
51
 -2.412254313094334 -4.66459934216963 -5.433850344344757 -5.895571477501462 -6.724182923871584 -7.061480573897936 -7.669746936867902 -8.462926436312594 -8.664440840222664 -8.735875356171459 -8.920284510930848 -8.995554228268231 -9.374991836291622 -10.32681566421998 -9.406523744528766 -9.384969062918188 -10.900003125562675 -9.81332639884368 -11.260065183504915 -9.520656687213473 -10.32884865192815 -10.913375121766043 -11.161921262854536 -10.588087452891713 -11.922344349025717 -10.745239120417873 -8.945951556831258 -10.305429710365374 -9.922958892345097 -11.082000174397912 -11.819071024215345 -10.012087000056546 -10.365299118999822 -10.677864779962125 -10.478634472839376 -9.211228974837798 -10.785566524696012 -10.368649547125024 -11.529224426338553 -7.246807696282121 -10.233799875378 -11.332290409912995 -10.162951654479885 -9.44396489592976 -7.892960196706224 -11.139827432574748 -12.201556617942833 -10.256122642711658 -12.049374186068556 -10.448549898940437 -11.68920205769151
51
 -2.412254313094334 -4.625784666944846 -5.495364191409403 -6.133734053317738 -6.642113999610475 -7.393112951005085 -7.834895416635921 -8.23385826015329 -8.399267287084948 -9.03989417147628 -8.720499371801424 -9.914409351530345 -8.32185872373786 -8.73278029296867 -9.543087716843548 -9.773012548203324 -10.996305122953183 -9.425230891501913 -9.6426364187639 -10.978584115708745 -9.701245676599466 -11.234213278974897 -8.285012599541265 -11.018409338579817 -11.034355695392334 -10.5015856904813 -11.204872010738754 -11.37934361495969 -10.695998310205702 -11.186039524576447 -11.538568226305703 -10.938662174268535 -9.478781017240935 -10.793437935676888 -8.751107933764114 -10.538669529490159 -11.077404107551134 -10.20930574233935 -11.680233620995951 -10.980043904685346 -11.688891550702465 -11.806273406575647 -11.35997439391567 -10.667577347878234 -11.754926853346067 -10.354594955936717 -12.029396494897053 -11.553943503094082 -10.146256355127969 -8.464125432953926 -10.44033485118575
51
 -2.412254313094334 -4.633738918362923 -5.50998588421489 -6.2269665185116985 -6.860332313648905 -7.349255743232154 -7.8952541285683475 -8.193153576870499 -8.846470628391463 -8.650015985602128 -9.422021342617837 -9.318553840967937 -7.7162057842215654 -8.385877160635946 -9.171178113376422 -8.868607910763599 -8.818387204500931 -10.216647778896931 -9.551405494179955 -11.032112388080687 -10.436124154396285 -10.639863692833446 -11.806816756218455 -10.307295760681823 -10.463232465142092 -11.767444291360661 -11.849738319638144 -8.00926277787029 -11.16545306941418 -10.819120774519623 -10.509661749835338 -11.535678590723537 -10.68424108022885 -8.861111367515425 -10.737270476150284 -11.240170732908473 -10.043107847735312 -11.221047055501431 -8.198141767224351 -8.70550100399892 -11.539949349752357 -11.820532819295579 -10.540393329118462 -9.33845016086668 -10.75416627140717 -12.710440112070332 -10.91791389041596 -10.093417148906813 -11.510176514630247 -9.922791689752101 -10.258962542564884
51
 -2.412254313094334 -4.646016906475995 -5.475933232313569 -5.708594615701701 -6.791050425140475 -7.040395272252201 -7.753486950817818 -8.294711659031185 -7.961234458174402 -8.813904750389273 -9.399656197102464 -7.280005609870588 -9.489091311338589 -10.143310498646894 -9.746580610494828 -10.981261710671138 -8.520104430926638 -10.119721487675875 -7.834247910336257 -10.880034234508264 -11.489938677981668 -8.820121341814433 -10.540824525249313 -11.71102622062705 -9.822293919566786 -11.601226226598346 -10.219901314988658 -10.768923180824027 -11.989795062479503 -10.364858951562146 -10.14906833612636 -10.44814843678291 -10.259938282320464 -11.26300290761786 -10.287778253736175 -11.051865738017513 -10.734704730104722 -10.432782556992489 -8.66276288773564 -10.538310153297216 -10.15205817618808 -11.535978673970195 -11.812799762111663 -11.144826523995516 -11.147116210343308 -11.382527799615232 -10.357598059702598 -11.600067725250717 -10.999997134733528 -10.29560613729376 -12.051071258730449
51
 -2.412254313094334 -4.6434296062347915 -5.385403911395682 -6.1647019968324255 -6.748950603080013 -7.391572850706705 -7.85806217843386 -7.43442478215956 -8.485438100197804 -9.018089275259516 -9.788510121603167 -9.360263139441642 -10.193581916109258 -9.45202899167623 -9.234139760899218 -9.719145650478323 -9.988084475046422 -10.54730999446078 -10.798520651384868 -11.217272884938582 -10.316255769339442 -10.427622517158259 -10.688145818824031 -8.448952606639207 -11.01443666662185 -9.38302229964886 -11.065470300951404 -9.018572399290678 -10.393515167797101 -9.978583295562052 -9.108378210767478 -12.04649743905961 -11.85983466190041 -10.257316332093112 -8.666572983492008 -11.388446321437247 -9.80743029474638 -8.918350525566035 -9.081359316934456 -8.476453837346844 -8.661285764583347 -10.11013770683284 -9.13501717678475 -11.072404250472418 -11.007914824021148 -8.86356233320168 -11.564117064195319 -10.44595465278488 -9.786226253864392 -10.842901312903617 -10.866599959046628
51
 -2.412254313094334 -4.615886297221852 -5.31584904793821 -6.1598230938539595 -6.4343503348089515 -7.388857047633333 -7.793735527090356 -7.834845172147481 -8.778928553364928 -8.981324035745693 -9.290192155637698 -8.27569915174614 -9.614412958334215 -10.3125237502671 -10.028145287981035 -11.190231762039888 -10.663765226735961 -10.34056949005922 -8.915971100416918 -10.148088344173235 -11.769365275951428 -10.627796550035333 -11.295021962935758 -10.032832389737168 -11.653657675609534 -12.062108710336052 -10.937781086895816 -11.039637230655421 -10.949737905926224 -11.156166920208271 -11.079272763742043 -10.488895271199725 -12.05013920668901 -9.765945507934564 -8.440696017988785 -9.125396434782235 -11.695256601439706 -9.542590089065119 -9.528325172929597 -8.706317575418712 -10.129386386582782 -9.584003749531167 -9.508391513869555 -11.8268847058243 -11.423220709668215 -10.47440206845605 -10.168277390155117 -10.521833031736989 -12.356847041210605 -10.167204695415345 -11.685547789241767
51
 -2.412254313094334 -4.64182426150615 -5.369522568914638 -6.176132763309613 -6.681125761570478 -7.2094553078487635 -7.927016506924662 -8.079857390841546 -8.724574145544887 -8.95707233034672 -9.429202105940881 -9.895456751095768 -10.2063450589633 -10.29248087828971 -9.969098091527062 -10.475337198000508 -8.594216971514205 -9.93985350553001 -11.2308683991067 -9.800133177797441 -11.129666114457514 -8.1264227399144 -11.298353960386187 -9.009939579927261 -8.422479863393745 -10.533243361208903 -8.488679885916074 -11.578109504340041 -10.061540788018386 -10.98608320060721 -9.902267706486022 -8.585322961457228 -9.79657906555055 -11.174573422153978 -10.839410395941325 -9.865941591679457 -11.994660908513204 -10.754401141788737 -9.16869694606201 -9.076017915760655 -7.758560266950175 -11.34182050853938 -11.636269859237583 -10.235091752389737 -10.875078397078134 -11.256982891927814 -10.063432112651865 -9.674753128227039 -11.038661985153013 -10.331502106188028 -8.0420843721397
51
 -2.412254313094334 -4.634077347670827 -5.480807874298733 -6.1632770724623915 -6.765105743269543 -7.184896666713485 -7.6350711623347545 -8.22863313522128 -8.684246160614842 -9.123832407363793 -9.223621716379938 -8.885798045287556 -8.929270615314865 -8.781429009473063 -8.003703188845991 -10.28661462496124 -10.112053771457996 -8.080189389139335 -9.040554640416667 -10.415266846844697 -11.25933342027808 -10.077525894652847 -11.776459435204725 -11.365611978576764 -9.895247508802548 -11.905942166917825 -11.436701598197311 -11.38641537834698 -10.577624665340027 -8.812396952197329 -11.903644891919113 -11.69867556893857 -11.030999017773379 -9.534643130501493 -12.225226922301939 -11.294681590603972 -11.725009976194322 -11.494512819724125 -13.376609731200261 -9.840460662959337 -8.938091796625274 -10.286968940420147 -11.82994207653422 -9.387505354942645 -10.383951362423604 -7.916834054993311 -10.708012345853051 -11.821878551333791 -8.705954385236224 -9.396896847855038 -10.177684088750869
StreamingSVRG
10
51
 -2.412254313094334 -4.193552384755766 -4.9692114289911204 -5.52335520137798 -6.123290880908003 -6.558435494167369 -7.011062095113728 -7.450101919757838 -7.863978290239965 -7.634920335909734 -7.8444121029863805 -7.879586950278061 -9.233818329729225 -8.635921752110338 -9.007707613867018 -10.137020034914363 -9.99196339212855 -10.346654531963736 -8.90785128728368 -10.076814706613316 -10.220243140421474 -10.6789922426371 -10.733556793307935 -11.584200816572086 -11.346372978849384 -10.990481397969916 -9.036010923900037 -9.817421610119599 -10.77330757508172 -10.752744730482169 -11.394944360373216 -9.735784672198628 -9.707238483844389 -11.343882799888737 -10.441587558290017 -10.222799809905807 -10.433055858029114 -10.395834267901359 -10.566952292585341 -12.045203079717213 -11.072359985692378 -13.13524988377075 -9.896120558286134 -11.90257911766759 -12.520261772708663 -8.565094511845315 -9.39628291276341 -11.713635674190936 -10.986855262740447 -12.37530715101678 -11.526585918694558
51
 -2.412254313094334 -4.192867145339587 -4.9847939790868026 -5.539364971453058 -6.100644972169739 -6.393607332418108 -6.891278840160733 -7.3524087156518245 -7.149327894036811 -7.719256523972474 -8.467056334665676 -8.638482709338142 -9.061258827191642 -9.348309998797031 -8.639289022206817 -8.461821673183833 -9.320344664068083 -9.918346379526454 -8.141314934127234 -9.602133318327425 -9.427981117325947 -8.77933853952492 -11.156987874936421 -11.148540256964292 -9.200825295904332 -10.060639319173504 -9.964372311473642 -12.01067656736896 -10.710466726115907 -9.743551650458052 -10.09984288860034 -9.72529078728215 -10.064079601083547 -10.357139536260657 -8.997988039325323 -12.700430937061457 -12.338025610178043 -10.567622435249747 -7.76110758579181 -12.211366099000692 -8.966484731658182 -10.828355767640106 -11.890335625956654 -12.457909972365316 -11.244029966881866 -11.244029966881866 -11.69218130019384 -11.69218130019384 -11.69218130019384 -11.69218130019384 -11.69218130019384
51
 -2.412254313094334 -4.186114647871208 -4.961545434278913 -5.549257320851094 -6.075111502954836 -6.492347893043742 -7.029174046856413 -6.920574029849564 -7.765739824349229 -8.131507021183209 -8.594047950078485 -8.869048803276975 -8.138623948183316 -9.382856217000814 -7.989180085206565 -9.788430512953502 -9.861872757962638 -9.977396536663914 -9.960899634274492 -10.830150061567197 -10.130879550732926 -9.498673214360302 -9.82806502515713 -8.789629535201593 -10.800423371747366 -11.586255459942539 -10.176054194474078 -11.144373620071653 -11.006679034999559 -11.417424626418676 -10.60867953856292 -12.440146440913571 -8.805668691338738 -10.574895153960968 -11.621675477697279 -9.952180511749734 -11.194389766116101 -11.441620338470393 -10.683166537017 -10.515364647303985 -10.896512303660904 -10.55055538257005 -11.627546677568233 -10.44659410456526 -10.761019768912295 -11.373527643714503 -10.244215013855516 -9.802869922767153 -11.739381020198323 -10.069798691550808 -12.610079775147929
51
 -2.412254313094334 -4.1021008051120615 -4.922157208678873 -5.531780251248671 -6.065801428860102 -6.475357370393666 -6.97822777537594 -7.447568179132258 -7.858824859528006 -7.870698651845744 -8.63208277872163 -8.986860062357765 -9.168305940951244 -9.437268133765562 -9.576606087867757 -9.722097967188075 -9.894001544921707 -9.946732834279684 -10.532810620497894 -10.493202426004183 -9.158738751629667 -8.792606446379251 -10.048359488448634 -11.056784329647396 -9.33711074749913 -10.872942837481935 -11.655243652623259 -9.396337478880652 -10.435963555895665 -9.40160642139657 -11.488993390765964 -8.893982605398616 -12.085915308370948 -12.068827920853622 -11.680232909864195 -10.01279532432447 -9.583886201204368 -10.300209319733879 -11.814288676461924 -10.893665916601766 -10.830734194465943 -11.158076975828806 -11.504607653952469 -9.815595724529492 -9.252710180189409 -10.19425507520415 -11.087337160089296 -8.172138919243693 -12.943680619855819 -10.585640858501378 -11.20343895103529
51
 -2.412254313094334 -4.203570403383303 -4.975591681002781 -5.553762941077566 -6.060032425636312 -6.495730456498461 -6.8154818942572115 -7.27858024729593 -7.535115079840507 -7.8955999712786875 -8.460028089676719 -8.766222624674741 -9.024471395956926 -8.785231541025906 -9.784752442052044 -9.007274809926603 -10.109934062819436 -10.139327536554202 -9.984998849091964 -9.825925831337162 -8.891037072303899 -8.38571638318125 -10.996744406225044 -10.251615075694714 -9.639256759474682 -10.557372595072085 -10.165018346832909 -11.497484458146364 -9.965596997886378 -11.205581631818864 -11.420087460711528 -11.36486540898549 -9.727943942460762 -9.0628666794155 -11.816753429814726 -11.197686880448732 -12.323114689000557 -10.218168647160528 -11.327083234222084 -11.611308689583886 -11.296263637823866 -9.946676513840613 -10.141506219881542 -9.161145600086606 -10.757746181972962 -11.936644240206142 -11.510985741912114 -12.824383796499815 -11.424161815179126 -11.822579291699256 -9.524554201591215
51
 -2.412254313094334 -4.218575935013938 -4.975348040964108 -5.530832910117715 -6.076447317948764 -6.392233245792773 -6.977350588184489 -7.357379498200404 -7.785502933353663 -8.072098983056962 -8.507829276251247 -8.542019944478987 -8.591104683848636 -9.111305047982821 -9.49105852673079 -9.41542306364645 -10.154930788727949 -9.598226553159089 -9.034121451973233 -10.425046688528923 -9.914061828040973 -9.608545448423612 -8.35461971400833 -9.856188325634648 -8.846775959882788 -11.544988585772979 -10.78536245671275 -8.231505371421449 -11.908610711787395 -12.14481119006406 -9.02036855237034 -12.17736074279046 -11.515985404138494 -11.515985404138494 -11.515985404138494 -11.515985404138494 -11.515985404138494 -11.290331909709067 -11.899364680815154 -12.31650773527249 -12.297181048357224 -11.560834755640837 -10.780271012725215 -10.949831779181402 -10.40294180745931 -11.272053916848835 -9.834100047319053 -12.006974871129126 -13.137845329966984 -9.887733686616118 -10.379415403836376
51
 -2.412254313094334 -4.1813645804418025 -4.965336868380447 -5.506982784148419 -6.085161336421251 -6.563609596101377 -6.854992802273725 -7.384122358517797 -7.838944538635519 -8.055723299049193 -7.903134246622395 -8.746749412767265 -9.245847669168926 -9.364513070428178 -9.166934996129093 -9.444817883336354 -9.007899305078825 -9.6706743359585 -10.056050903512357 -9.241243144890328 -8.737288458979476 -9.803206122816555 -11.109877068352047 -10.554083967168607 -11.027260452819284 -11.497648548155652 -10.15005637826938 -9.799031009262837 -11.115865447677754 -10.870246122441914 -12.148026494925226 -9.458517706335849 -12.349375925539993 -10.15334862218747 -10.303028983854 -9.974950597722842 -12.084400824236281 -10.587997214020357 -12.411194142543938 -10.60553079581766 -10.039959885623222 -9.919866230789584 -10.224415624331655 -12.209477312652025 -12.48154455998651 -11.637134761295567 -11.169403033395907 -9.319338065057924 -12.815402546654948 -11.49594974723427 -10.601700933842329
51
 -2.412254313094334 -4.2054351506392065 -4.855959589353475 -5.520261659893552 -6.091081934705893 -6.354232417545236 -6.899289146817453 -7.486525732571094 -7.540020399873526 -7.9739325566597 -8.590908852775007 -8.647093133356472 -8.86048693098682 -9.54793908588801 -9.550764654193324 -8.210901214350976 -8.074264413182274 -9.761460625913532 -9.897287265117804 -10.419151284323974 -9.612319448984632 -10.835214741080721 -11.393520186097803 -10.735646630680916 -9.533056176760535 -11.80207954386537 -11.07796942924844 -11.612702612744037 -11.48896315330945 -9.125548807928178 -10.135277925703086 -11.29271517338896 -9.282676034990413 -11.604349280534993 -12.463556476451252 -11.00834638794213 -11.27799102358101 -8.865415163478714 -10.515727497590676 -13.020462703002913 -10.273180911155558 -9.981882649999205 -12.124237689874258 -9.724781832329276 -10.01244943713566 -12.352186806183916 -12.224640479153821 -11.075288681648784 -12.781133096892757 -10.97559552464494 -12.055963049243648
51
 -2.412254313094334 -4.207861329393793 -4.975061462105801 -5.4853665597262244 -6.054399636967321 -6.4434547830732285 -7.00271583029561 -7.348899678980626 -7.485731717379482 -8.22456439850957 -8.21791692481658 -8.772322622872458 -9.160437982058552 -9.267463558669546 -8.78852008699294 -9.12672672121502 -9.676955824666596 -10.349989506813307 -10.171131669786352 -9.06977431910921 -9.810572592020774 -10.728009742625217 -8.146365013883633 -10.332108598640396 -11.567628437818259 -10.923427302900782 -9.680043315115807 -10.772590288596428 -9.501967055496952 -12.151808569205041 -11.920458608845781 -11.599175172817677 -11.085310667364896 -8.918082507499086 -8.160486854545182 -9.998869533595084 -10.55665245117514 -10.5548778129043 -11.324250715583277 -10.304699784016014 -10.084020734470666 -11.636580228850372 -11.772358537161036 -10.282098202450651 -10.371585251199866 -12.19118618287937 -10.799816930376814 -11.192341337082599 -10.821967376425606 -11.567853494647045 -12.07830664715429
51
 -2.412254313094334 -4.192424089417447 -4.939955141454311 -5.564386051836602 -5.929762792591476 -6.542970722420188 -7.07571995000892 -7.106371364499373 -7.733069156879954 -8.08858992842831 -8.588866475541364 -8.641605895222256 -8.85574414490537 -9.308471141824336 -9.64330877030931 -9.645508608396394 -9.525298074785038 -9.855210318075134 -10.538074586062837 -9.401596962057958 -10.982219575740157 -10.772563809805655 -10.587782584109053 -9.21534519252026 -10.880571923944693 -11.221292781329618 -11.990665465778578 -11.426990003239236 -11.012109292394767 -10.6997388315785 -10.965663029393262 -9.198424313446578 -11.003144949080216 -8.550668342651882 -11.568574900452182 -10.247147007881125 -10.74812337325045 -9.92464308212509 -9.217933354966672 -11.001665361373322 -11.716351048221389 -10.871786032204676 -12.45336660680029 -10.639811118122628 -12.673618294017032 -11.225983754583792 -10.846695180641193 -11.126504982737046 -9.69857723092045 -10.71290609315336 -9.1249818310876
ADAPTIID
10
51
 -2.412254313094334 -6.958267751906077 -9.32767052865079 -9.687470652827404 -10.418674316127035 -9.53461124160768 -10.935108404906579 -11.970632359505135 -8.947482474678853 -10.93281310282132 -10.81040807606139 -12.372508766677077 -11.311694662311153 -11.585204188751206 -11.839947798669272 -11.269619488905597 -10.223338147943872 -12.88417321099318 -11.95799061812352 -11.531036770449385 -13.07860405154947 -14.520240912111198 -14.412166731373636 -12.51639483393683 -13.214972414014245 -12.071735305815517 -15.788230286519225 -13.282591969155881 -15.013871945312754 -15.891255511315562 -14.727181794869667 -13.840096240602257 -15.741599264454825 -16.09496299373687 -13.229899074205019 -16.940630763933513 -14.637031452641628 -15.113589101507243 -16.217319191375335 -14.471644513532732 -16.964056961717866 -16.72182996969611 -17.2465537078911 -14.691454371044156 -15.590402214916324 -15.536274923591705 -18.521093550047485 -15.573736554900764 -15.692046380670188 -19.03459334071249 -16.49594407136048
51
 -2.412254313094334 -8.759358706236428 -8.130639710593575 -7.729385318267845 -8.43781334844039 -9.915195560023799 -10.914544071367805 -10.579252274408297 -12.02027168874919 -11.819629173245298 -11.119592650613159 -12.228252416962977 -11.96695793067168 -12.428421585839153 -12.49566486318142 -11.597273802478005 -12.779077944047721 -11.182603055670437 -13.535309710030239 -13.0859532905261 -12.503271093287616 -13.15992571447619 -13.76048537818644 -12.207040988799905 -14.146336258975248 -11.45782032660199 -14.702599214276672 -14.790702625784693 -12.371861256220537 -13.791474314588838 -14.12737085368237 -12.187034553672797 -14.515297694551377 -14.179321664610786 -16.353655700015 -14.883311645975299 -12.641723514326396 -16.498112753536443 -15.650587064225451 -15.054529803008437 -16.686573349933205 -15.992116844051408 -17.224007836813552 -14.550342051050743 -14.656754495092404 -17.841597612567547 -15.485737241402173 -16.48718349354304 -16.41084774017294 -17.59934884686433 -16.330668467772703
51
 -2.412254313094334 -8.384112754447203 -8.573683986578182 -9.456974258359214 -10.078006264608508 -11.056819540043756 -10.393947334324418 -12.058328255166606 -10.397672778253419 -11.184177518202004 -11.08463090181242 -12.540054501493842 -10.755573064189482 -12.598080353705774 -10.900102815534375 -13.150105393774687 -12.645332725134361 -12.089787956428438 -12.883354965330964 -15.096201276463697 -12.232715402827706 -14.611121757741465 -14.006291996893648 -11.545926885229276 -14.016055507780896 -13.202674710447283 -14.683272044394954 -12.614994827181004 -13.901909783646698 -13.399450186920427 -15.160810415204082 -16.319762759944656 -15.98949608864064 -12.990111577639652 -14.690269134862575 -14.903617578588374 -14.84345951682944 -13.747945400552167 -15.684696722644016 -16.83191525938257 -14.961121901567347 -16.518714125569122 -16.30024826849835 -17.57762992391233 -16.13539921732882 -17.838409853562823 -16.751469942090523 -15.385626312904877 -16.896466929763804 -17.407298071089155 -16.279562630519656
51
 -2.412254313094334 -8.4057318994401 -8.594539368829743 -9.323368683981215 -10.03616853094079 -11.318780742690018 -9.64199184665892 -11.327257922540001 -12.236288972504981 -12.285778852746065 -11.765516129126798 -11.569212659497172 -11.14011922598564 -11.59135188957803 -11.311407061021143 -13.184738546726312 -10.175830271960686 -10.453871411602954 -12.929594406334918 -10.899440511028507 -13.865746475147338 -14.117064854648271 -13.473447608684092 -13.469260034310272 -13.326296003824567 -14.793058597539414 -14.23886022810279 -13.947098060226994 -13.086120532154686 -15.605557081302027 -15.358645995714344 -16.21318953438699 -11.28697422882514 -16.06846394057314 -13.877620661629354 -16.38329492797217 -16.149276430335004 -15.91758636967387 -17.117544726032637 -15.277359443397104 -16.982478419290796 -18.004284977693814 -17.42089268891856 -18.306501806604206 -18.249770952018032 -14.344317160731677 -16.154892330968618 -19.224704742064183 -17.613103657030006 -15.856239306583316 -17.253999216870625
51
 -2.412254313094334 -8.540343342476463 -10.860441314421072 -9.408023575259154 -10.33671047394845 -11.62179954848492 -9.851588299436477 -12.647035294499824 -11.27727056522174 -9.54886878650587 -11.256179781796247 -12.216442257814847 -10.544334396322574 -13.267349317763694 -11.706611193794892 -12.745844145477948 -11.786446423718063 -9.769257712818696 -11.268511934100513 -13.552931866457602 -13.121095597954652 -10.429964268027527 -13.625110812860504 -14.39435802752716 -13.199143264103437 -13.855681383422642 -12.883190468778263 -11.73053982579755 -12.598366656971361 -13.862691335422342 -15.523702674948808 -14.867553654649512 -16.261505180694577 -14.435553206565267 -14.82689000184409 -16.51904446756407 -14.662554051669545 -14.52909311521836 -16.53627414221944 -16.37214655759651 -16.31131241998202 -15.679865025106036 -17.953942477518666 -15.930339811519184 -17.000565465579555 -15.691205141955406 -18.026961743241955 -15.720416107420277 -16.140894924447156 -15.52334483679516 -17.997845673660866
51
 -2.412254313094334 -8.407922735209635 -9.297606018631598 -10.429256019430689 -9.73957639032609 -8.710924031274782 -10.815070530837783 -11.264815349046449 -10.720289725227172 -12.263430067080654 -11.799425261824435 -11.994065545794308 -13.531164280392192 -10.707610467304036 -11.073536303778617 -10.260004537293039 -10.886464842911316 -11.769874783241479 -13.819819791130916 -12.578984575575223 -11.96658770444152 -11.521212869277363 -11.678262052162836 -11.8101066166637 -12.937844919291294 -11.88945227765431 -10.419533036662669 -13.149778405170009 -11.038340806092668 -15.626167922661441 -13.613993102904354 -14.22159668371027 -15.856174590143722 -15.490698460099114 -15.564078394515985 -16.43942478104557 -16.950997051027358 -12.597368822624306 -15.812507194727578 -16.02585468151301 -17.108313612101927 -16.703150038790575 -17.824654551069223 -14.937720819553299 -16.854471845464257 -17.240358679989406 -18.07637008335207 -17.948216003141216 -18.678826752281537 -18.694887059507337 -17.632987440964246
51
 -2.412254313094334 -8.019242904321823 -8.47752644057298 -7.904078513334029 -10.23915831482896 -10.904357487439116 -10.776130097897575 -12.294099351193989 -12.773036052897668 -12.340437896583301 -12.645178677449167 -10.381693434333219 -11.370095082977947 -12.901056424399728 -11.400496211653733 -12.095184289134643 -11.508412173765791 -13.172552417388312 -11.41813556529799 -10.498989294269517 -11.699281138316163 -14.36133584911685 -12.054640809477373 -13.829121664939114 -13.609124727398422 -14.891980581605905 -13.543561550350244 -12.620465073562372 -15.08255033292892 -12.708148345286357 -15.128239055171068 -13.944703462328793 -14.606496358084808 -16.335824049876212 -17.153826554561817 -13.892519473771975 -16.15662797820764 -15.51622730115972 -15.314288751819161 -14.95590582724069 -17.000373416106815 -15.503409583612166 -15.194510641282418 -14.681612836830565 -16.648720634477517 -17.062503433333532 -15.706791724534112 -18.75972554021086 -17.106325273601744 -15.257121414068049 -18.148698269829044
51
 -2.412254313094334 -8.303955956819543 -10.182609625947135 -11.164297749706533 -9.442522991030328 -10.864605346188096 -10.569221016302622 -9.993225634447436 -9.471555243357033 -9.192400851815163 -13.000082472031103 -13.194381821926044 -11.244335929019233 -13.029521822470064 -9.116486964729567 -12.967589033571063 -10.890243851933525 -13.030149304594888 -12.747985164454397 -11.572562642871311 -13.829164847899028 -12.323489547923337 -13.263976086691871 -13.019241660288664 -13.166909687361555 -12.362716134566691 -15.15570938880453 -14.00512821154448 -13.093696513000632 -14.557193613541374 -15.977615049818676 -15.07713214060881 -15.317756079012023 -16.018630980382394 -14.78808436240208 -14.172233038489372 -16.24258500824593 -16.707373688836313 -13.669665211760602 -17.719213608426934 -16.483047174620115 -15.741788483869941 -16.032325818536464 -16.160524608651734 -16.57404670807827 -17.642246678960834 -17.506123851924986 -15.947295801119493 -16.469534419640752 -17.865157195052035 -18.88328506534597
51
 -2.412254313094334 -6.644321499791374 -10.05329113825841 -9.164018750779714 -11.449715308835609 -11.27005944260742 -11.354246879069583 -10.542382512055907 -10.413404997933196 -9.827874176277613 -12.954286265314687 -10.665515419741164 -10.17882768018941 -11.87975553430666 -12.141591720152983 -11.944810469423777 -11.33367022164607 -13.452444956152084 -12.481577954875009 -11.97452835379894 -13.957973125960258 -12.514579006104366 -13.158450775201711 -12.253497951391234 -11.672697679613512 -14.683532248134242 -14.219405840248305 -14.957387115626661 -13.692987882694696 -12.346046879062555 -14.869387093776307 -13.482356426096558 -14.82155795003615 -12.933255087011625 -14.362718310773472 -14.94196341136446 -14.203442188772804 -15.445810985807784 -13.892315741496478 -16.338877033702367 -15.458392199803717 -15.259351276657307 -17.642488978040216 -16.3818011493236 -15.0076717690913 -16.89907654101268 -15.75369615073956 -17.370006902697625 -17.025333404858447 -16.007499163236556 -16.93484453580157
51
 -2.412254313094334 -6.527717524329054 -5.7542857789883035 -11.36728464377913 -9.087484144159534 -10.00220229358667 -10.564129632397465 -11.627476376450849 -11.782709137029194 -11.309071037077002 -12.477070892942594 -13.040466966692849 -12.33733208621676 -12.530584228775277 -11.550223901290298 -12.302789912216056 -12.409383994460976 -12.843857137593462 -13.110044875323146 -14.521123185792856 -12.769665582388674 -13.527778928991776 -12.955911363514868 -15.270869320706494 -14.841704305016469 -14.11437110536073 -14.447736738192203 -14.038472616725068 -15.102677729274912 -15.151997627000798 -14.860327792884613 -15.40397565665253 -15.038258300668096 -12.36265760331383 -15.960001115720019 -15.346313360173838 -13.586969950901599 -15.60193284601389 -16.186607584171878 -16.251559353391773 -17.591281465590786 -14.816115946742846 -13.599944807845246 -18.01232102716828 -16.689875728025545 -14.823117285345374 -17.73819556154206 -17.504035140883385 -18.441494756997724 -19.4258352196435 -17.046862362490252
steps
10
51
 0 50000 100000 150000 200000 250000 300000 350000 400000 450000 500000 550000 600000 650000 700000 750000 800000 850000 900000 950000 1000000 1050000 1100000 1150000 1200000 1250000 1300000 1350000 1400000 1450000 1500000 1550000 1600000 1650000 1700000 1750000 1800000 1850000 1900000 1950000 2000000 2050000 2100000 2150000 2200000 2250000 2300000 2350000 2400000 2450000 2500000
51
 0 50000 100000 150000 200000 250000 300000 350000 400000 450000 500000 550000 600000 650000 700000 750000 800000 850000 900000 950000 1000000 1050000 1100000 1150000 1200000 1250000 1300000 1350000 1400000 1450000 1500000 1550000 1600000 1650000 1700000 1750000 1800000 1850000 1900000 1950000 2000000 2050000 2100000 2150000 2200000 2250000 2300000 2350000 2400000 2450000 2500000
51
 0 50000 100000 150000 200000 250000 300000 350000 400000 450000 500000 550000 600000 650000 700000 750000 800000 850000 900000 950000 1000000 1050000 1100000 1150000 1200000 1250000 1300000 1350000 1400000 1450000 1500000 1550000 1600000 1650000 1700000 1750000 1800000 1850000 1900000 1950000 2000000 2050000 2100000 2150000 2200000 2250000 2300000 2350000 2400000 2450000 2500000
51
 0 50000 100000 150000 200000 250000 300000 350000 400000 450000 500000 550000 600000 650000 700000 750000 800000 850000 900000 950000 1000000 1050000 1100000 1150000 1200000 1250000 1300000 1350000 1400000 1450000 1500000 1550000 1600000 1650000 1700000 1750000 1800000 1850000 1900000 1950000 2000000 2050000 2100000 2150000 2200000 2250000 2300000 2350000 2400000 2450000 2500000
51
 0 50000 100000 150000 200000 250000 300000 350000 400000 450000 500000 550000 600000 650000 700000 750000 800000 850000 900000 950000 1000000 1050000 1100000 1150000 1200000 1250000 1300000 1350000 1400000 1450000 1500000 1550000 1600000 1650000 1700000 1750000 1800000 1850000 1900000 1950000 2000000 2050000 2100000 2150000 2200000 2250000 2300000 2350000 2400000 2450000 2500000
51
 0 50000 100000 150000 200000 250000 300000 350000 400000 450000 500000 550000 600000 650000 700000 750000 800000 850000 900000 950000 1000000 1050000 1100000 1150000 1200000 1250000 1300000 1350000 1400000 1450000 1500000 1550000 1600000 1650000 1700000 1750000 1800000 1850000 1900000 1950000 2000000 2050000 2100000 2150000 2200000 2250000 2300000 2350000 2400000 2450000 2500000
51
 0 50000 100000 150000 200000 250000 300000 350000 400000 450000 500000 550000 600000 650000 700000 750000 800000 850000 900000 950000 1000000 1050000 1100000 1150000 1200000 1250000 1300000 1350000 1400000 1450000 1500000 1550000 1600000 1650000 1700000 1750000 1800000 1850000 1900000 1950000 2000000 2050000 2100000 2150000 2200000 2250000 2300000 2350000 2400000 2450000 2500000
51
 0 50000 100000 150000 200000 250000 300000 350000 400000 450000 500000 550000 600000 650000 700000 750000 800000 850000 900000 950000 1000000 1050000 1100000 1150000 1200000 1250000 1300000 1350000 1400000 1450000 1500000 1550000 1600000 1650000 1700000 1750000 1800000 1850000 1900000 1950000 2000000 2050000 2100000 2150000 2200000 2250000 2300000 2350000 2400000 2450000 2500000
51
 0 50000 100000 150000 200000 250000 300000 350000 400000 450000 500000 550000 600000 650000 700000 750000 800000 850000 900000 950000 1000000 1050000 1100000 1150000 1200000 1250000 1300000 1350000 1400000 1450000 1500000 1550000 1600000 1650000 1700000 1750000 1800000 1850000 1900000 1950000 2000000 2050000 2100000 2150000 2200000 2250000 2300000 2350000 2400000 2450000 2500000
51
 0 50000 100000 150000 200000 250000 300000 350000 400000 450000 500000 550000 600000 650000 700000 750000 800000 850000 900000 950000 1000000 1050000 1100000 1150000 1200000 1250000 1300000 1350000 1400000 1450000 1500000 1550000 1600000 1650000 1700000 1750000 1800000 1850000 1900000 1950000 2000000 2050000 2100000 2150000 2200000 2250000 2300000 2350000 2400000 2450000 2500000
