10
SGD
10
51
 -2.8594625364738304 -8.075591857696182 -8.505504500905321 -8.545542726166527 -8.873472727539378 -9.05779718940231 -9.113679497853097 -9.211488768270776 -9.275589894862511 -9.355954276240903 -9.406793369890533 -9.435769747849944 -9.487975918558517 -9.511373112236855 -9.514054167930643 -9.576762878466525 -9.63432942120913 -9.636407019354733 -9.672415296711986 -9.70570951462146 -9.679496267814317 -9.760689013475004 -9.773783340620481 -9.693118985477119 -9.822766644196495 -9.776384632562063 -9.859724686399947 -9.88262217140742 -9.891085724151411 -9.91832299008399 -9.933099221028733 -9.90963221119345 -9.961416158414172 -9.977228039443697 -9.995797116900153 -10.01061912678489 -10.02359214059124 -10.038030905078442 -10.051038159659612 -10.057656385077637 -10.06873131257283 -10.086473745607156 -10.094431159991789 -10.108502342196639 -10.103274156243778 -10.123169725000784 -10.138772457978563 -10.15167481021327 -10.1640019098603 -10.173860330276916 -10.175259328896063
51
 -2.8594625364738304 -8.335318430125497 -8.757257537932205 -9.010603940767611 -9.222410241212973 -9.309467333801523 -9.40557796593063 -9.533716964661664 -9.495430480866942 -9.673994961265123 -9.733779562051499 -9.780616602356426 -9.837652001259148 -9.87184578869799 -9.90985414683831 -9.93705734831707 -9.9708568990881 -10.011036030403302 -10.017167721874799 -10.052790565895037 -10.079923337302969 -10.110148268250407 -10.125021954597338 -10.155005894085491 -10.177724298014706 -10.189763016391838 -10.209076814392647 -10.237149199810696 -10.254607131725548 -10.263712270830117 -10.28750666207686 -10.302932818742985 -10.313202691210353 -10.333308896580062 -10.34549518187688 -10.359278581891726 -10.375302795878333 -10.390969762741314 -10.399283780388187 -10.388622810201706 -10.427452700365151 -10.429695056625617 -10.454898103991114 -10.46045333843866 -10.477122034680352 -10.45194936151921 -10.474733222442467 -10.490358904753636 -10.517455332854562 -10.523062969609272 -10.537159387586303
51
 -2.8594625364738304 -8.209434835418127 -8.564496321932761 -8.774856128415799 -8.93151098532284 -8.861208592005536 -9.134449782020006 -9.195382827676028 -9.281615903436307 -9.335075864709976 -9.342242623629353 -9.413640995720526 -9.402622646397134 -9.504478589147784 -9.54137300257543 -9.527794833816126 -9.59727841135084 -9.631936040687348 -9.6390751939618 -9.687617800557229 -9.693344843482606 -9.735474449150963 -9.735518118419858 -9.708875795326618 -9.793093398354362 -9.801172499888137 -9.822056278936957 -9.823374196566117 -9.869287072957905 -9.880509708556485 -9.901039717916204 -9.915640663134681 -9.929340403507856 -9.947929073118283 -9.960518250998886 -9.96899102376183 -9.98566169657774 -10.001297294532032 -9.98984845547341 -10.008325044999108 -10.037944740285393 -10.046556631819582 -10.054782339356862 -10.064373210765146 -10.076513193600299 -10.089210311926083 -10.09724518663653 -10.11073936787072 -10.116514915502414 -10.094785807786431 -10.12678005877553
51
 -2.8594625364738304 -8.062097972994478 -8.494527955404337 -8.708638597581249 -8.725540130466058 -9.019656529520008 -9.005463830730749 -9.170487041123415 -9.2688845881444 -9.326372995113363 -9.389810171292254 -9.4349588601686 -9.435509161348376 -9.512096642396973 -9.500583678503679 -9.553520215126904 -9.54681331359739 -9.653735988395564 -9.68577270894675 -9.713142397535538 -9.730355721872417 -9.762893822753652 -9.755231684126915 -9.797018824284537 -9.814966092386756 -9.845763110024084 -9.8637267003311 -9.881048394158887 -9.908077182720698 -9.905118491916658 -9.93429342483358 -9.952758862929109 -9.969800994204713 -9.98465624834109 -9.995887634477935 -10.014739469098366 -10.023777336841738 -10.042122363709154 -10.053462548925195 -10.066820815079781 -10.082908865550495 -10.085853840785845 -10.10319640312765 -10.116330291541013 -10.12807438781159 -10.139234789705453 -10.146932944271237 -10.158313602038495 -10.162435441788475 -10.166033196681434 -10.186600321521949
51
 -2.8594625364738304 -8.219199499184853 -8.564637282829139 -8.839194882985593 -8.986410121415158 -9.108743990817484 -9.198519406415874 -9.296307319606441 -9.374737148288084 -9.435131326237473 -9.387135425338688 -9.530392437787642 -9.531142634110527 -9.609214519642812 -9.655116509630146 -9.702278229020239 -9.74209565760474 -9.768450365772082 -9.802580059974497 -9.829240393929465 -9.847578716475075 -9.880589917129095 -9.902397682460174 -9.926299834475873 -9.94737944758334 -9.973015654665529 -9.979380124362454 -10.01199097587251 -10.012523724016178 -10.046512169134704 -10.05929175644405 -10.068687574332667 -10.049749405820318 -10.102755685561327 -10.12833328826483 -10.143982507269557 -10.159304020592739 -10.169411659853864 -10.159323404805766 -10.191481423485918 -10.163036991754417 -10.2157905642144 -10.229586787743846 -10.240721912713473 -10.237323482230543 -10.264174594652772 -10.25600545526223 -10.284236524363177 -10.297741081481083 -10.308630287169947 -10.302542981722214
51
 -2.8594625364738304 -8.749893121920337 -9.07724232315642 -9.31196274136707 -9.462725863017528 -9.581802389575737 -9.69449436820227 -9.732084322751298 -9.778134958610291 -9.887609455334553 -9.90110220868175 -9.98533334635034 -10.045065389522462 -10.08244634139401 -10.068079901667513 -10.155710456016937 -10.153448699034838 -10.18964269029583 -10.227165164928438 -10.261510530172716 -10.25870988769778 -10.325023409962439 -10.308002000184363 -10.32043664361346 -10.369324651644657 -10.402178291452087 -10.41519878807977 -10.436630950738 -10.448455825439346 -10.476003145997266 -10.497626465624817 -10.513891834541889 -10.515167924403157 -10.538702822455877 -10.553591252533538 -10.57045021811572 -10.573820798413662 -10.599763622166622 -10.60902760951997 -10.619608909406669 -10.634168168662454 -10.640555595062057 -10.64395067824605 -10.672060943717671 -10.674394807489781 -10.669002525787334 -10.702070198715077 -10.706959585985148 -10.721077569480055 -10.733969475372689 -10.741128633280388
51
 -2.8594625364738304 -7.707873369985876 -8.077525209541868 -8.587804861217226 -8.75058276069052 -8.806334915904136 -8.955118564015216 -8.99594837979983 -9.068362556311879 -9.109463293684922 -9.19196305030488 -9.2591843757287 -9.26578910617071 -9.336114015393788 -9.373534419353355 -9.404624011842794 -9.37710942581731 -9.460602161294291 -9.495793189718468 -9.52365927196215 -9.543724628894823 -9.572755911309708 -9.561776418840601 -9.615763868276108 -9.596862054657207 -9.639869303548274 -9.657548210683833 -9.693417942672182 -9.706893136667135 -9.72378854671151 -9.739812595447189 -9.759806508613156 -9.764588823675268 -9.790023044220629 -9.807708104309171 -9.816991052163795 -9.81665053287876 -9.839197557397451 -9.867557245082077 -9.879359006160199 -9.890561795587761 -9.901390538506277 -9.894915063464667 -9.923528318095672 -9.927937251241062 -9.949225569199497 -9.955063636982368 -9.969167128608042 -9.979072638582213 -9.983593173857912 -9.999023372485727
51
 -2.8594625364738304 -7.908906267303605 -8.543581323240804 -8.750410559761217 -8.837433103551682 -9.013276606949312 -9.020294934731577 -9.17190356719534 -9.194414957527071 -9.318792320332589 -9.365697137375157 -9.406774300491616 -9.460729528393859 -9.449977876879178 -9.527577960071852 -9.532052368466152 -9.569918144223418 -9.619463541157641 -9.647437462631965 -9.66196226795682 -9.70170017614568 -9.724237144836847 -9.740625074918771 -9.764551930748338 -9.781928868077005 -9.807245817162038 -9.791042788599693 -9.841208109971516 -9.855078750815258 -9.878025748427428 -9.893258443980223 -9.904013094021897 -9.926221707005004 -9.941466959312148 -9.951219638106567 -9.948880493620539 -9.978777321495226 -9.994711443682498 -10.007500594752566 -10.018208539807965 -10.026179562669533 -10.036847390830646 -10.04780036796163 -10.062434073202208 -10.063033600264832 -10.071913965380386 -10.093408019135179 -10.105514828335423 -10.110802729260973 -10.126604061148992 -10.136032798778876
51
 -2.8594625364738304 -7.949445546285673 -8.37806756651717 -8.518435717616839 -8.7405345315539 -8.868301394846586 -8.953412317062199 -9.036232508126863 -9.086401247220792 -9.172128624941534 -9.169222151149636 -9.255595273455702 -9.317389243673802 -9.338169696330988 -9.376247274272593 -9.429110877225268 -9.469875114747722 -9.484915760144233 -9.504463106800955 -9.548768447797007 -9.557662829413625 -9.59501006544503 -9.6111804937498 -9.63506628885559 -9.652092011444427 -9.678553534117269 -9.680558509385806 -9.718272664030989 -9.718664346743932 -9.752466532106943 -9.761653746652353 -9.79211191528099 -9.806495910982648 -9.822715486319197 -9.835586891639771 -9.84984033015983 -9.861536340879983 -9.877283106134133 -9.890968604662644 -9.899883362659567 -9.902774867040609 -9.918018952637615 -9.93361008566171 -9.949052035526583 -9.961131076225477 -9.973090041533808 -9.979647859569484 -9.992491429699342 -10.00147184475445 -10.013407091778495 -10.021112156282399
51
 -2.8594625364738304 -8.037073345288066 -8.391452742794177 -8.594413989742721 -8.763616743714968 -8.84485453232797 -8.98051009135117 -9.072209793874437 -9.13533042206029 -9.178504878488871 -9.259856943362045 -9.293689015476446 -9.35166765016856 -9.3949119552498 -9.445144140420764 -9.47329115954323 -9.515004170906673 -9.469726981499672 -9.569965183250954 -9.566472866585293 -9.621619519496994 -9.652562906503336 -9.671731373180801 -9.70019169091264 -9.69938873052485 -9.74416525893707 -9.75545756301314 -9.78743909737938 -9.805103835589273 -9.821856070593027 -9.839041544135455 -9.858950799345667 -9.865919064492996 -9.886261794893933 -9.90988819579062 -9.923054447808845 -9.93906351462586 -9.94067404175515 -9.958147140351 -9.94782481241157 -9.957126528435834 -9.99945385700342 -10.003897310504696 -10.021326732960187 -10.017647782367337 -10.037448341664227 -10.032776654051956 -10.069808111870392 -10.068130406989978 -10.083918388670307 -10.100077557402233
SAGA
10
51
 -2.8594625364738304 -3.7032572653716707 -4.251750675589907 -4.690552843618416 -5.051716864325408 -5.3748810870202925 -5.658487983366627 -5.922434336167722 -6.16136780104522 -6.386782181623066 -6.600166365183564 -6.799949264184815 -7.007308067448732 -7.207891988796892 -7.389437466125127 -7.595918090885516 -7.780550654500959 -7.9555037214082285 -8.130369703487128 -8.295986646247684 -8.47576781466817 -8.651002535066914 -8.818956788480733 -8.984262897339715 -9.146076926518893 -9.319634522200271 -9.466890118734906 -9.646044350410046 -9.803309962459373 -9.956623635648564 -10.124663233237223 -10.269869082222906 -10.437155811905189 -10.590703716531642 -10.748768358710604 -10.897895276620192 -11.059724963010627 -11.199353133675201 -11.366886702492604 -11.523281421812436 -11.679972768588424 -11.833772761368273 -11.969454607091901 -12.126583093425063 -12.275399882651445 -12.426179721959253 -12.571141391288448 -12.722383383451705 -12.858974948035936 -13.010863789594838 -13.161871998052536
51
 -2.8594625364738304 -3.701805100888341 -4.248551588674632 -4.693190559682914 -5.051962541422337 -5.361227605968007 -5.650391827181396 -5.905675489512427 -6.151393330586959 -6.378385481942808 -6.584508772408855 -6.7899860269958525 -7.001107242630942 -7.196337188101723 -7.383206368600636 -7.560636708080282 -7.748901640275857 -7.929588168824924 -8.113727125091149 -8.284496729601202 -8.459837379540847 -8.630365617489584 -8.802683866659791 -8.965188336832227 -9.13668534543031 -9.305532539752424 -9.465949742557468 -9.625172310108598 -9.780726988448878 -9.948633255469472 -10.109865999025619 -10.263755092518881 -10.423415456114052 -10.573557171045831 -10.729381526281228 -10.890836932981342 -11.044106805408212 -11.198744000864703 -11.353483713313777 -11.506603377430922 -11.655485575299778 -11.804992505208206 -11.958031430240608 -12.104833475745806 -12.257929306378 -12.405829006046485 -12.55817521155665 -12.70521171361973 -12.852866809043885 -12.99977587628985 -13.143778689143149
51
 -2.8594625364738304 -3.701679753490143 -4.254560999054617 -4.693233507904585 -5.059270847875567 -5.372413639549911 -5.657275124695385 -5.907723396573786 -6.156115599496703 -6.3803081195579585 -6.583306318996629 -6.805927151481813 -6.994984815185762 -7.201970267777339 -7.390750907613838 -7.581233815526638 -7.770253900867773 -7.948053200732833 -8.126806211830317 -8.301559977191568 -8.474829617628616 -8.645203087001834 -8.811945453216051 -8.971457195491444 -9.144323740514768 -9.306744754452065 -9.460294817126767 -9.633148225224295 -9.796664031413886 -9.959017051368521 -10.115153464904491 -10.270003302380056 -10.431307461736735 -10.58925350143778 -10.726389351797003 -10.887497906565152 -11.051603930875016 -11.205621509626557 -11.357003214516013 -11.507688545131554 -11.659633756106068 -11.798490960764703 -11.96158742608278 -12.107217303262326 -12.261103981639252 -12.401844657495678 -12.557238028745434 -12.707566167098594 -12.851721576252576 -12.994982245193693 -13.137767809579776
51
 -2.8594625364738304 -3.698059679228739 -4.258619416051912 -4.696188021862425 -5.059034651057594 -5.379053536000833 -5.652851317429877 -5.919880024912787 -6.1565528960465326 -6.379791306441375 -6.59895932725619 -6.801079999030684 -7.008830772142999 -7.199694839780743 -7.392832426405089 -7.580212544226022 -7.759404226815814 -7.928954713133573 -8.114058289835928 -8.30124054752558 -8.477956837565207 -8.63989864598506 -8.816565339756718 -8.980642239396536 -9.148934939508385 -9.317410633863703 -9.478195309292717 -9.645284062770605 -9.807730788940257 -9.963775541338139 -10.128206953464824 -10.284881963432124 -10.4361812698338 -10.593653187053327 -10.738640919262698 -10.913555177619989 -11.067710317524972 -11.202633861830021 -11.369817770934617 -11.519375365458195 -11.671921211522296 -11.823417012131765 -11.973509382381962 -12.126068683729384 -12.27686570660087 -12.413549910699642 -12.574033615467817 -12.721808065557049 -12.865726921142066 -13.007094983021318 -13.157415809744599
51
 -2.8594625364738304 -3.7038969924396237 -4.254449518306193 -4.695086306572029 -5.058528603524784 -5.367453837117644 -5.654155468652212 -5.91099386629271 -6.133688297213628 -6.376710426786976 -6.599919814835073 -6.8097024189666 -7.013693915188746 -7.209743212051054 -7.402572534872758 -7.590095420342056 -7.76711393666749 -7.954369608928918 -8.126979839594311 -8.297326102707746 -8.47549574763955 -8.642819003287043 -8.812597693055968 -8.978776998002258 -9.144611693933191 -9.30858452240024 -9.476839314587842 -9.630374702714848 -9.79638076514306 -9.95765156613292 -10.119010212219013 -10.279439214152465 -10.440819378043852 -10.586829560128797 -10.754690087890712 -10.908572875120147 -11.061758761319023 -11.217503765354024 -11.364139665922767 -11.518716478905112 -11.669740079956652 -11.800320051626027 -11.955418388870546 -12.119732418557788 -12.263341179959413 -12.406606331328963 -12.56347061384453 -12.711433941399097 -12.85308870243883 -13.00434374739446 -13.146557952831916
51
 -2.8594625364738304 -3.7001202373806312 -4.2516658158087575 -4.703313469458051 -5.066957709847299 -5.3777279513781835 -5.658763127423987 -5.917334124557985 -6.16430201354449 -6.38934869869184 -6.600469031387182 -6.805569242016561 -7.01036460568446 -7.2088676822012925 -7.400948710292979 -7.583701876518139 -7.773504803842097 -7.954234219510091 -8.126243359497046 -8.303399144377636 -8.47083517662235 -8.633949232111494 -8.812115667683988 -8.971823349093857 -9.129085265786918 -9.310964795844491 -9.474905453545986 -9.634850875253766 -9.79870306185143 -9.956127135892428 -10.116240156886827 -10.276232055143568 -10.429389230222656 -10.58987116732806 -10.717231260037313 -10.89637541859448 -11.05029562219119 -11.214350980135892 -11.362405996291002 -11.518083297606688 -11.668099204176247 -11.820218032428025 -11.964353742208926 -12.125871993387747 -12.276413420370892 -12.426824723415411 -12.570289686610948 -12.724965581629373 -12.87191352598577 -13.019837546179714 -13.16707586310765
51
 -2.8594625364738304 -3.6911485582412795 -4.2598176609248535 -4.682051467244467 -5.050585341936169 -5.3503736310366286 -5.649716456975785 -5.907070572335488 -6.1425011131208 -6.375378915836057 -6.596724967183081 -6.794322480698414 -7.008070143630074 -7.197255127296361 -7.390287683156018 -7.567524853018362 -7.762616204524474 -7.907013208955911 -8.123752103602616 -8.299082364574552 -8.474497244954712 -8.645777864264627 -8.814148896478082 -8.974397632304582 -9.144669224583525 -9.288767191713228 -9.474470696850451 -9.63682499344476 -9.79404895991059 -9.962742120848427 -10.119066270734127 -10.276605546573409 -10.418340919262151 -10.592256051283334 -10.731889602369307 -10.90403376145382 -11.052876385605021 -11.206698374605054 -11.347755701205969 -11.46704624830206 -11.666983222158239 -11.81756265462769 -11.971425459615487 -12.104569059553638 -12.261872853113998 -12.413373619688787 -12.559623957602806 -12.707700815494041 -12.857412872609483 -13.005884862017217 -13.146613960320437
51
 -2.8594625364738304 -3.695382089012442 -4.253721033619316 -4.690740010769199 -5.052471366252683 -5.366008983392319 -5.6533401025716135 -5.911614327382187 -6.155375136202149 -6.384076767560158 -6.59998342873645 -6.810036551512566 -7.014929357144559 -7.213310731850577 -7.386243332550106 -7.594564379620259 -7.767311071378018 -7.950531925484643 -8.129193999896433 -8.296060597925523 -8.480020063967842 -8.649969302270051 -8.814540083801042 -8.985069718190536 -9.149707508880002 -9.296119620757208 -9.475943497802167 -9.6417902802458 -9.802455262032518 -9.963890753805005 -10.118169294443637 -10.27422448577811 -10.438311753457912 -10.585243224376976 -10.740126373048298 -10.864120333804683 -11.058159763384436 -11.20893806575334 -11.361546616767562 -11.51606344551646 -11.67211585928167 -11.817040776989877 -11.962965544089172 -12.121127476451267 -12.268220467542097 -12.410585228201302 -12.563368945498103 -12.693463332673556 -12.848178339463272 -13.000686019005599 -13.143461497694878
51
 -2.8594625364738304 -3.689096617454793 -4.246762377813333 -4.687869327602072 -5.048609216816981 -5.367808860735336 -5.647394444809286 -5.916268320579892 -6.153978024318173 -6.390558999357257 -6.601122101687523 -6.808567449226841 -7.009636433293644 -7.207673907530905 -7.3996556322252145 -7.580258592732848 -7.768797748010691 -7.945402096485601 -8.123836612831314 -8.29663352173692 -8.46670765617512 -8.631713098317453 -8.810650850747486 -8.98177571801251 -9.146070440390107 -9.30375672858951 -9.452646435770957 -9.630092534844875 -9.79294130667836 -9.94990061815743 -10.111726675401467 -10.268383737826621 -10.428392527828047 -10.574012679932869 -10.73880291845776 -10.88587195125857 -11.032789467712684 -11.186020893191769 -11.33959107593769 -11.49875533231351 -11.646245917687983 -11.797917477245628 -11.949653899635681 -12.09785740262382 -12.248850019905507 -12.396514079603044 -12.541296826517186 -12.677775678746492 -12.836249175939077 -12.983644660095722 -13.131966327410455
51
 -2.8594625364738304 -3.693059259424658 -4.248321974124614 -4.684618473209769 -5.043805872876875 -5.366539641490849 -5.644342000240913 -5.891957043691433 -6.1473145734987344 -6.3752533691666144 -6.5954184729747585 -6.806440397091697 -7.0068413410822785 -7.199113115252063 -7.39188487819186 -7.575241911095573 -7.748580119295439 -7.933855011373972 -8.114673340716688 -8.292172191103052 -8.458030196421998 -8.63233525897131 -8.804039938302758 -8.976991980304838 -9.136070353809215 -9.29863008616062 -9.466222801104426 -9.626770122905324 -9.790755589148366 -9.919029301199679 -10.114949892649163 -10.26787899272041 -10.410460185503746 -10.5773645251671 -10.732718249840769 -10.891742385877919 -11.046070177658452 -11.194209142534055 -11.353084397390282 -11.503386189504319 -11.662386984971391 -11.816028717065814 -11.962006530070434 -12.104877071589481 -12.256095636051736 -12.413836891698065 -12.55740986637554 -12.710710483772768 -12.829340068024026 -12.99392717459907 -13.156743948148009
ADAPTSAGA
10
51
 -2.8594625364738304 -10.019226632679542 -10.994290235698795 -11.72935099333014 -13.067174643302158 -12.846509440656689 -13.187471545329544 -12.43872099391386 -10.6087403383104 -13.881490854369934 -14.908145791689547 -12.247935360568773 -13.332532675263153 -13.974544265453664 -14.83459391918941 -16.34402548547608 -16.975332500224027 -15.996436636966623 -12.721227959523413 -17.55991546966473 -17.99380222410557 -18.3325869116753 -18.62287724582577 -18.82997490506673 -19.017322633490362 -19.188657779419504 -19.317673588672413 -19.48335379438218 -19.612890664538174 -19.78037644394753 -19.917702556674538 -20.04733772677041 -20.167744700496733 -20.315334813428755 -20.43437442992068 -20.580335983574937 -20.704491233524383 -20.844954495305327 -20.972084056146027 -21.09947256557596 -21.23035550343579 -21.32606614324618 -21.49183025345866 -21.619501384607087 -21.747482922337014 -21.872693066368992 -21.996058370124697 -22.13084644069295 -22.261312628364283 -22.390336533674734 -22.514632610375315
51
 -2.8594625364738304 -9.95380057727742 -10.99145993090668 -11.809160153522948 -13.046214040919287 -12.898462906810153 -13.22435466632097 -12.430610136319546 -10.647116657561353 -13.906882294578724 -14.931312755261667 -12.244142974714977 -13.351786101465786 -13.963643781183535 -14.824965350874082 -16.338384375451014 -16.958208387519807 -16.053717597144665 -12.718343537352336 -17.591796606048717 -18.01048570009454 -18.355003290419965 -18.60079900733671 -18.816707082173497 -18.997603642607444 -19.16593572664149 -19.313697648010105 -19.4442561900213 -19.585337690481275 -19.747822020951688 -19.88489739681682 -20.0231937352624 -20.155286701851132 -20.28546065184926 -20.42406183314225 -20.55825609147622 -20.698587191212205 -20.831859635754235 -20.959306761542972 -21.055524466163618 -21.22814236813345 -21.35732565762168 -21.487978901108193 -21.61426283181441 -21.74829947317608 -21.87975305040858 -22.010272705331346 -22.134414610839006 -22.2655949835137 -22.39544104038647 -22.525588112002236
51
 -2.8594625364738304 -10.006547575095675 -10.927626000172317 -11.763704655242057 -13.06683838264482 -12.869820604020584 -13.186820474064904 -12.48879423937764 -10.650477889466911 -13.878624526494056 -14.901188814413038 -12.296599561270213 -13.339668896382939 -13.983907087404237 -14.863808284244325 -16.349137169296228 -16.94241228801854 -16.1491130529068 -12.76585226573578 -17.544649635811943 -18.01194903686001 -18.33892665312348 -18.594123026613204 -18.817689612389863 -18.99879360386007 -19.1548210444374 -19.322452396520095 -19.462117578215498 -19.623379995254776 -19.756836572355613 -19.900635645807238 -20.038011476607114 -20.14775101906025 -20.310835345249448 -20.440178587496554 -20.575894746537283 -20.70748979601981 -20.807238894865886 -20.973109438877906 -21.099596844671517 -21.23447821625528 -21.358642867858453 -21.496470041364 -21.614026216999267 -21.754282602698414 -21.883146217956874 -22.01241229020213 -22.1406919352961 -22.268289370284815 -22.385499203657314 -22.48416970984528
51
 -2.8594625364738304 -9.914234924959045 -10.975436750973529 -11.8803644971966 -13.022726100928 -12.854226008724684 -13.179201289741842 -12.496951432832558 -10.606064783080921 -13.899689240823324 -14.876442785221144 -12.209257383749684 -13.43155945570438 -13.919059862492585 -14.898466628693418 -16.337403787425124 -16.921601859121836 -16.014994270436166 -12.744819857747444 -17.56251388836145 -17.990485452923966 -18.305647439476147 -18.555680148625843 -18.75797501204952 -18.935024065049166 -19.113976312997377 -19.263486824087764 -19.404927415639435 -19.553386404004307 -19.68248068465054 -19.825444587123574 -19.961774336187748 -20.09872839463827 -20.23273693600582 -20.35895542687384 -20.493928376161946 -20.63379798448492 -20.766281147796942 -20.89438302866758 -21.027822020286543 -21.15259833008735 -21.27367993875917 -21.383920455547674 -21.54498366178543 -21.67878919838295 -21.809391509849817 -21.93590235069527 -22.059248722729482 -22.19169124739507 -22.319508801426874 -22.452395473437893
51
 -2.8594625364738304 -9.909045152399958 -10.921707458445407 -11.785954559209955 -13.071520238646837 -12.907510126008399 -13.225649495227444 -12.458870875427168 -10.645600180171384 -13.917948859065904 -14.860132994629167 -12.281349578756224 -13.354983394324059 -13.962645980075127 -14.873693924947613 -16.29527036423903 -16.987773222971057 -16.07774633077307 -12.752692653282951 -17.583289090055437 -18.004771973791097 -18.318486781983268 -18.58270123218929 -18.78979192783349 -18.970517173883138 -19.117588334227683 -19.28444341048185 -19.43610674772772 -19.579918430480696 -19.71566737272285 -19.86298087518102 -19.99904763314511 -20.130330584542957 -20.258218885323654 -20.400859387035396 -20.5128044289679 -20.663966755819885 -20.78757497523841 -20.923187615524967 -21.016043912119475 -21.177408684361662 -21.321273415227235 -21.448252862803493 -21.574856251168196 -21.694249770808362 -21.83206524738131 -21.955853887910795 -22.06610015334372 -22.20891988755541 -22.3417873423177 -22.471819951046548
51
 -2.8594625364738304 -9.951387338030077 -10.964183760240061 -11.811832922454663 -13.075080213027157 -12.876617642564057 -13.132450734215206 -12.459958191758533 -10.609341728442025 -13.898449344959273 -14.86081314796966 -12.247125166633838 -13.425414460603745 -14.02316410547293 -14.89390101323197 -16.355830177469233 -16.97458188925727 -15.981053981133794 -12.72828401098614 -17.557063892690664 -18.00221784105951 -18.330446161777104 -18.579188484785938 -18.789817257404312 -18.973912116932812 -19.138206820803592 -19.2977274772051 -19.44366153947944 -19.589412912172307 -19.712531951988094 -19.861730623152347 -20.004543355351863 -20.139146278234936 -20.271771354822594 -20.407515583220043 -20.539581583456723 -20.66836140472613 -20.79738244387104 -20.93474115897394 -21.059754443420847 -21.19221052903076 -21.318826547175714 -21.45704086706926 -21.586638495692338 -21.716585281250705 -21.848602991271253 -21.961241611552804 -22.105389855646074 -22.202945065812205 -22.359597424213316 -22.484061552231676
51
 -2.8594625364738304 -9.906218383138256 -10.999880819533312 -11.868121601881798 -13.028320115527453 -12.85300592517576 -13.192309886827783 -12.448003290147161 -10.66040253336454 -13.872718429234524 -14.866933424030522 -12.194585484928735 -13.364152021363799 -14.033675622304264 -14.835164765785231 -16.298830459694518 -16.93305580718245 -16.08146930168661 -12.704442040753632 -17.567273073638106 -17.99711698131486 -18.324583002658827 -18.578832358793168 -18.771833661259812 -18.96005657983558 -19.127117293711496 -19.27888486111086 -19.41184447688925 -19.55374041115216 -19.701888374893155 -19.83844445903615 -19.973415066006407 -20.097999163994558 -20.23595996298806 -20.37143773953569 -20.50140160662224 -20.638533756569853 -20.771609295912857 -20.879039746786784 -21.033350986080077 -21.160383946163005 -21.29181410817829 -21.390096793458405 -21.547926177514356 -21.675595991977932 -21.80365984493725 -21.91167162110186 -22.05459726143288 -22.17678222859256 -22.297776676232957 -22.43395832375885
51
 -2.8594625364738304 -10.140334471278566 -10.98420383739448 -11.847433856768577 -13.11671408981083 -12.900500494346739 -13.212268387503112 -12.432510944779365 -10.655719309638467 -13.9143205900598 -14.928853712767474 -12.2585395768973 -13.380204213354336 -13.94002631144592 -14.860902693273593 -16.377120065200454 -16.970942423758075 -16.01390542734968 -12.73482369861096 -17.565386468473694 -18.027577541765694 -18.3640120142445 -18.599701705880953 -18.81857316252297 -19.01630698934025 -19.137900851319326 -19.348640457322123 -19.46765191532977 -19.642343475794444 -19.792153459705855 -19.92952433972094 -20.061428029260735 -20.20151117068857 -20.330433218959026 -20.465233804352582 -20.595539047003673 -20.731875540297395 -20.845737643749825 -20.991123471732482 -21.123970022155504 -21.257467108190497 -21.375233741185927 -21.51427275137992 -21.644254463433953 -21.771253797426297 -21.90031734296273 -22.027380970826446 -22.15685811435293 -22.290211345032056 -22.412239406238086 -22.54306690993724
51
 -2.8594625364738304 -10.056392620079064 -10.952007827679065 -11.870658543497397 -13.070168274532833 -12.894483762895 -13.205122209434176 -12.419273908517898 -10.664538160518003 -13.910376691928318 -14.886572394586334 -12.317667214264477 -13.357155681073296 -13.963139844077222 -14.801112437916315 -16.366004379983405 -16.96425127540915 -16.03879696068533 -12.738099242810456 -17.60491267809596 -18.053767206992525 -18.365666015656494 -18.608780974911316 -18.829986184419504 -19.02221260605881 -19.20112273971548 -19.351766677859963 -19.512750556660432 -19.663565637998687 -19.78690561078661 -19.927070642049163 -20.076660763307412 -20.219090319559403 -20.353208595379083 -20.478366634047024 -20.624813614631503 -20.76012520942172 -20.887621645765773 -21.017017354402697 -21.152729155019816 -21.286351795249278 -21.410588788899144 -21.532996784550672 -21.6688274602828 -21.78400308214939 -21.928075696318118 -22.057594075029552 -22.185087685206334 -22.290757487218688 -22.44452800418478 -22.572663883315467
51
 -2.8594625364738304 -10.079698889653518 -10.881370864817146 -11.896047523811399 -13.06005224232151 -12.870644748459926 -13.241225413533195 -12.440879877420318 -10.635799453728302 -13.836019895586624 -14.913820835384527 -12.303454480090371 -13.359825573875142 -14.04691737878862 -14.885204561180528 -16.332114847618683 -16.94776070428147 -16.011605095125272 -12.703843715164881 -17.642485302302887 -18.043650099858414 -18.380073304391438 -18.624578347312966 -18.846583484905754 -19.01072989846326 -19.17618662612298 -19.348382113904727 -19.49298319077561 -19.634179717391103 -19.776384847180925 -19.90927760826394 -20.049409660426818 -20.1800015947098 -20.30632220319236 -20.450185542073342 -20.57630965941792 -20.71226006744196 -20.84417338936916 -20.979528700633395 -21.097541961708735 -21.202776827119393 -21.37009497546647 -21.50627297098237 -21.637591076165393 -21.758936072380184 -21.89048318827151 -22.02127493079428 -22.15065101216327 -22.279716122836422 -22.41179393661238 -22.537654200852565
ADAPTDoubling
10
51
 -2.8594625364738304 -9.796235925511397 -10.81446469039941 -11.64968108479128 -12.099736001993914 -11.894435858860685 -12.501088082924436 -11.816314734717663 -13.489721587599346 -13.41004389437583 -13.846811099934104 -13.718932229326317 -13.54345677819262 -14.451069658384316 -15.062729674754346 -15.371728196940174 -15.135382217755765 -14.596596444988421 -13.152306345309848 -14.680138611844233 -15.284853954336498 -15.628806737587352 -14.948006075384127 -16.05583185764275 -16.111769204318165 -16.241862495427906 -16.706208668711177 -16.381831289189336 -16.887531493246133 -17.126283687066127 -16.646261247745336 -17.35338110057961 -16.42682931732621 -17.178043431921513 -17.82263033639355 -17.754430625725497 -16.815082721305348 -17.073553227375292 -17.760692436874535 -18.647379411414054 -18.491932077259563 -17.911430216042362 -18.00736019385821 -17.862507984842402 -18.41165558223605 -19.121868896146726 -18.87556748954185 -19.268338134073073 -19.490262396250596 -19.845909745337632 -19.342421093693485
51
 -2.8594625364738304 -9.744486268964225 -11.348283819339594 -11.034201237141794 -12.318931650793026 -12.866041429007847 -11.24831595208399 -12.480282782895506 -13.051605024996348 -14.160048787869663 -13.525588570623059 -13.945706234180378 -14.021703946251534 -14.44856807180656 -13.505960119595267 -13.678591306305941 -14.646404894900131 -15.390100781950759 -14.633348361296639 -15.520190258070842 -15.474700026806106 -15.783175305259897 -15.65663609175005 -14.575403710375255 -15.055235019028691 -15.59614221807124 -15.757342417164178 -17.029415411812526 -15.410587034777478 -17.345915225880344 -17.364382505027635 -17.372544809384376 -17.26915037065748 -17.007411412270496 -16.80615342228049 -17.678122030494958 -17.929016049539218 -17.317549680418782 -16.701450046100245 -16.61769351541159 -17.825976899019313 -18.627174937497564 -19.00925487613041 -19.0392614243354 -19.13381765234695 -19.17846385049075 -19.19344837568029 -19.565636479437003 -19.42131426140593 -19.78359852136483 -19.32247674819384
51
 -2.8594625364738304 -9.582158678335077 -10.787678300944794 -11.365496540578937 -12.780823979401099 -12.483930795765913 -13.291811252822644 -12.200071831526852 -11.795315251228791 -13.411692826043796 -13.993710133738364 -13.075433236544674 -14.165877170519321 -13.436489803980443 -14.623964470130261 -14.761688054300999 -14.613713192809472 -14.829320523055037 -13.90144316086692 -15.111555835768641 -15.52391651183451 -15.6904682892464 -15.886374199866188 -15.042542239674725 -16.382647682451967 -16.309888041509634 -15.292169067244346 -16.482242174346357 -16.902209775399854 -16.966713168808813 -16.60697410096628 -15.043180415370426 -17.36596641948428 -16.67411031431275 -17.284315529394373 -15.620358668308343 -17.874977322943053 -18.247511752650922 -17.431966341960262 -17.840808765366702 -17.422326988464977 -18.347672468911163 -18.44660425299605 -19.06944656863412 -18.635378925858582 -19.172545738994028 -18.68577938056225 -18.059821570920086 -19.5008877225079 -18.594459013835973 -19.80620881347304
51
 -2.8594625364738304 -9.59690945484406 -10.796264920368232 -11.740445609774893 -12.324138914012217 -12.927062498611845 -13.08921683410043 -11.868983588753833 -13.189309860363677 -13.54610183328149 -13.581656311646695 -13.204462426192077 -14.404073189724132 -13.284738952535841 -13.781441666809874 -14.734449237253086 -14.424470265402565 -15.172255517838096 -15.402953274458396 -15.158585697607519 -15.816121766654259 -15.945599237714587 -16.2569017460561 -15.289511399022386 -16.61189593481925 -16.09830737321513 -15.89188562429061 -15.514376520460889 -16.90075486224828 -16.026831003906096 -17.240755995977338 -16.907331903365 -17.649450944573108 -16.240539821484084 -17.959749581955172 -15.98601539927299 -17.03960441294993 -18.03938631532519 -18.033352010869574 -17.423522772874477 -18.70778800522932 -17.937965354836674 -19.079397975488604 -18.747677094741107 -18.532788307082185 -19.145759764367956 -19.35000919932467 -19.671378363002194 -19.401714308768415 -19.40079057984914 -18.42209718883006
51
 -2.8594625364738304 -9.851391945702229 -11.32837630811534 -11.8621615095486 -12.271761030198297 -13.041883164609857 -12.056936169409578 -13.543455885650516 -13.71260088791488 -13.661897100713336 -13.682045437031874 -14.325693858750618 -14.315594897459231 -15.124072851813933 -13.88133706975492 -14.49896441081873 -15.476277942397184 -14.251743003401524 -15.132483637837984 -15.835979132203693 -15.135475838088755 -15.537485063780618 -15.965962742703951 -15.578894860886733 -16.000656161133524 -15.677238319169442 -16.31385540560859 -16.33454141156904 -17.084684349701885 -17.205962037812196 -16.695779679572762 -16.911230660290588 -17.45368230513973 -17.21583497526963 -17.741527836557662 -16.169676317519265 -17.68687431808001 -16.82727470577622 -17.410515736195446 -18.318444265432703 -17.731104453699317 -18.801305843354005 -18.857997852732677 -18.489456245157054 -18.376306970214266 -19.190046024819292 -18.84812637497494 -18.509600209430456 -19.09743377315199 -19.09353593012751 -19.073932819590105
51
 -2.8594625364738304 -10.022510759144751 -11.279343195227064 -11.923369545336458 -12.82069820450125 -12.255197369614892 -13.07805932394476 -13.477561850831592 -12.539101206139133 -13.43376366497093 -13.837544950041583 -14.451833902694107 -14.385425941720603 -14.259645330730743 -14.75069677821527 -14.492865061576456 -13.889963249315963 -14.878599291350916 -15.260550487295728 -15.42614063840596 -14.28244334475312 -15.001268762926564 -14.515486487053394 -14.663750209085846 -15.968723885210997 -16.217865833279614 -16.589500482358492 -16.542918286040866 -16.056580044185978 -16.343477568544248 -17.260540407695768 -17.45717009839413 -15.78735961279505 -17.07328736001918 -16.564246431815402 -16.752752119217277 -17.95193469518865 -18.0426787992439 -18.131053406506986 -18.155679271858112 -18.07853619915899 -18.123470277467614 -18.23654070504376 -18.872660660000648 -18.194691796806694 -19.331980257341773 -18.918795196579076 -19.563755641355716 -19.803735301859405 -19.53244955659133 -19.597508005572877
51
 -2.8594625364738304 -9.951694783910204 -11.047610282851725 -12.263854138982435 -11.585263429153999 -13.01699526747781 -13.482018840023963 -13.964020454476408 -13.879363461544024 -13.81077867305571 -14.140653178401454 -13.242011590715732 -14.97816947985778 -14.926183514843817 -14.481494041145199 -15.145068098778967 -13.748671880046155 -15.217534951726433 -14.692701698501875 -15.713118535192857 -15.545764373191094 -15.282409083032114 -15.650288350988124 -14.737819855008429 -15.995173866515591 -16.27513606434391 -14.886055174814418 -14.406459365465407 -14.561141588163135 -17.40012216158276 -17.45051502051596 -17.43531624249917 -17.528059997381405 -15.702549371174246 -17.150122764506733 -16.890079333665824 -17.93415775248019 -17.899001403539156 -18.001352963729595 -17.91373113557441 -18.27864120432365 -18.50957327988285 -18.072260938260296 -19.00979054386288 -18.320705442275212 -19.063498932511873 -18.898978475618037 -18.97568527333767 -17.917354912976123 -19.671875359735687 -19.406557165233913
51
 -2.8594625364738304 -9.764731939521093 -11.088626462038684 -10.511586977562994 -12.404016435224051 -12.33858963329061 -13.009467977743784 -13.382906326070394 -13.89480681933534 -13.765180337349294 -14.338614222264946 -14.464514208954832 -14.57312614844128 -14.412158914727812 -13.43929281711212 -13.700828789496116 -14.396522590102219 -14.594706750742256 -15.322930872824752 -14.962019472410038 -14.812842835307826 -15.482657377763973 -15.672932835906764 -15.108690301529892 -16.444249678534952 -16.341298414350813 -16.662960378565113 -16.320492312316077 -16.372658605613594 -15.987560582356776 -16.24688998881181 -17.446875776567666 -17.66235368601438 -17.050103782209746 -17.820215940006964 -18.039266419261736 -18.173638567663787 -18.50571382416572 -17.276564486315912 -17.906016682587683 -18.648736843139815 -18.44149333354904 -18.804711382254133 -19.177362513305045 -18.64937383258545 -18.74478459115221 -19.34341551698893 -17.668846307092018 -19.641404549676967 -19.506739231284573 -20.249199101527932
51
 -2.8594625364738304 -9.19333401239621 -10.988144290623248 -11.356535936377613 -12.73691254505503 -12.56712702927775 -12.93488453955257 -13.204526095694034 -12.427747939334717 -13.780573011936127 -14.269226851828865 -14.168360085525382 -14.74757714344463 -14.164618490676933 -15.02623207542187 -15.084522493057982 -13.91344950198059 -14.854010474307161 -14.804499928736414 -15.144041413978567 -15.633385490306537 -14.962080393212787 -15.769566766294542 -14.478764708027441 -16.032124071517405 -16.13543779001293 -14.49433133025279 -16.009309429786494 -16.973606927456583 -14.853960047242676 -16.169941340500742 -17.233552486337846 -17.218861919194254 -17.42028544681504 -16.582371952899656 -17.63062221768905 -17.447178734805398 -17.556708055052415 -17.71856904660871 -18.413082716534202 -18.08992519265188 -18.05198893557203 -17.782929762847687 -18.547858855471205 -18.01328802584556 -18.984732627451635 -19.23004438064248 -19.387689140770163 -19.433394930631867 -19.714760857330663 -19.65184292192649
51
 -2.8594625364738304 -10.12673839281656 -10.081415319764949 -11.84437857715449 -12.425556134531206 -12.279147611319228 -13.20450138411974 -12.607783123126946 -13.905036526861318 -13.461106972323423 -13.13382890826923 -13.272541181081463 -14.019047564751899 -14.671793555660521 -14.700557342690272 -14.64924208149259 -14.835919257151366 -15.286680571405727 -15.189444282779098 -15.057196291662606 -15.484944952009187 -16.198084947726517 -15.960970928334627 -15.606533106076583 -16.388392095393783 -16.592108525424468 -15.397874391584592 -16.824543744380424 -16.994361731114317 -17.379628926411186 -17.11258633253065 -15.645472652993895 -16.586956444937595 -17.036763454365367 -16.859101060670188 -17.31205653608902 -17.608837021336356 -16.4364614827947 -17.863606244046917 -18.547096076536377 -18.52905261026182 -17.5923199949379 -18.256040899529204 -18.47839618152311 -17.961511600869766 -18.988629039648057 -19.62244270646261 -18.85991816136149 -19.100708587476287 -19.973278036708813 -19.9315688654395
MainSSVRG
10
51
 -2.8594625364738304 -5.974627554880719 -6.590002736536731 -7.001929497683331 -7.254145235937894 -7.780836877161813 -7.780836877161813 -7.780836877161813 -7.780836877161813 -7.780836877161813 -8.45414584125516 -8.45414584125516 -8.45414584125516 -8.45414584125516 -8.45414584125516 -8.45414584125516 -8.45414584125516 -8.45414584125516 -8.45414584125516 -8.821194864612446 -8.821194864612446 -8.821194864612446 -8.821194864612446 -8.821194864612446 -8.821194864612446 -8.821194864612446 -8.821194864612446 -8.821194864612446 -8.993972967017847 -10.040907498687632 -10.040907498687632 -10.040907498687632 -10.040907498687632 -10.040907498687632 -10.040907498687632 -10.040907498687632 -10.040907498687632 -10.040907498687632 -10.116473742273612 -10.116473742273612 -10.116473742273612 -10.116473742273612 -10.116473742273612 -10.116473742273612 -10.116473742273612 -10.116473742273612 -10.116473742273612 -10.254174756625153 -10.254174756625153 -10.254174756625153 -10.254174756625153
51
 -2.8594625364738304 -5.495057180745013 -7.2420978913762495 -8.308864878368125 -8.696307930488068 -8.696307930488068 -9.533815933531825 -9.627467571174476 -9.627467571174476 -9.627467571174476 -9.627467571174476 -9.710230005300884 -9.840350699050902 -9.840350699050902 -9.840350699050902 -9.840350699050902 -9.840350699050902 -9.840350699050902 -9.840350699050902 -9.840350699050902 -9.840350699050902 -10.161662138060477 -10.161662138060477 -10.161662138060477 -10.161662138060477 -10.161662138060477 -10.161662138060477 -10.161662138060477 -10.161662138060477 -10.161662138060477 -11.05734395006146 -11.371131994564866 -11.371131994564866 -11.371131994564866 -11.371131994564866 -11.371131994564866 -11.371131994564866 -11.371131994564866 -11.371131994564866 -11.371131994564866 -11.651358720142172 -11.651358720142172 -11.651358720142172 -11.651358720142172 -11.651358720142172 -11.651358720142172 -11.651358720142172 -11.651358720142172 -11.651358720142172 -12.154882455898472 -12.154882455898472
51
 -2.8594625364738304 -6.089409064388539 -7.506116169279893 -8.173355807769257 -8.173355807769257 -8.725677364541394 -9.319776877995647 -9.319776877995647 -9.319776877995647 -9.319776877995647 -9.319776877995647 -9.553747431807011 -9.553747431807011 -9.553747431807011 -9.553747431807011 -9.553747431807011 -9.553747431807011 -9.553747431807011 -9.553747431807011 -9.553747431807011 -10.188342559731623 -10.38005339626624 -10.38005339626624 -10.38005339626624 -10.38005339626624 -10.38005339626624 -10.38005339626624 -10.38005339626624 -10.38005339626624 -10.38005339626624 -10.410118224190365 -10.410118224190365 -10.410118224190365 -10.410118224190365 -10.410118224190365 -10.410118224190365 -10.410118224190365 -10.410118224190365 -10.410118224190365 -10.626300776630178 -10.626300776630178 -10.626300776630178 -10.626300776630178 -10.626300776630178 -10.626300776630178 -10.626300776630178 -10.626300776630178 -10.626300776630178 -11.212122257962847 -11.212122257962847 -11.212122257962847
51
 -2.8594625364738304 -5.6267984982548676 -7.014964297371207 -8.194210743990483 -8.605872899971066 -8.718169838780096 -8.923780525237191 -8.923780525237191 -8.923780525237191 -8.923780525237191 -8.923780525237191 -9.434209610994984 -9.434209610994984 -9.434209610994984 -9.434209610994984 -9.434209610994984 -9.434209610994984 -9.434209610994984 -9.434209610994984 -9.434209610994984 -10.312466723175438 -10.419794372039194 -10.419794372039194 -10.419794372039194 -10.419794372039194 -10.419794372039194 -10.419794372039194 -10.419794372039194 -10.419794372039194 -10.419794372039194 -10.739685538353868 -10.739685538353868 -10.739685538353868 -10.739685538353868 -10.739685538353868 -10.739685538353868 -10.739685538353868 -10.739685538353868 -10.739685538353868 -10.929925787183448 -10.929925787183448 -10.929925787183448 -10.929925787183448 -10.929925787183448 -10.929925787183448 -10.929925787183448 -10.929925787183448 -10.929925787183448 -11.551969669050067 -11.697871763090173 -11.697871763090173
51
 -2.8594625364738304 -5.5473636852353065 -6.499503899987284 -7.157894372837675 -7.157894372837675 -8.216480410474356 -8.216480410474356 -8.216480410474356 -8.216480410474356 -8.216480410474356 -8.293597136436992 -8.293597136436992 -8.293597136436992 -8.293597136436992 -8.293597136436992 -8.293597136436992 -8.293597136436992 -8.293597136436992 -8.293597136436992 -8.781503004043763 -8.978649918696231 -8.978649918696231 -8.978649918696231 -8.978649918696231 -8.978649918696231 -8.978649918696231 -8.978649918696231 -8.978649918696231 -8.978649918696231 -10.120415371188672 -10.198645985148984 -10.198645985148984 -10.198645985148984 -10.198645985148984 -10.198645985148984 -10.198645985148984 -10.198645985148984 -10.198645985148984 -10.198645985148984 -10.427581259520636 -10.427581259520636 -10.427581259520636 -10.427581259520636 -10.427581259520636 -10.427581259520636 -10.427581259520636 -10.427581259520636 -10.427581259520636 -11.421717526531067 -11.493404685601192 -11.493404685601192
51
 -2.8594625364738304 -5.270454660499647 -7.123972927034666 -7.856412875352122 -7.874792739518942 -8.427756813622052 -9.171698603932992 -9.171698603932992 -9.171698603932992 -9.171698603932992 -9.171698603932992 -9.789155823423979 -9.789155823423979 -9.789155823423979 -9.789155823423979 -9.789155823423979 -9.789155823423979 -9.789155823423979 -9.789155823423979 -9.789155823423979 -9.917366700330886 -10.333689209988924 -10.333689209988924 -10.333689209988924 -10.333689209988924 -10.333689209988924 -10.333689209988924 -10.333689209988924 -10.333689209988924 -10.333689209988924 -11.003765489619173 -11.003765489619173 -11.003765489619173 -11.003765489619173 -11.003765489619173 -11.003765489619173 -11.003765489619173 -11.003765489619173 -11.003765489619173 -11.180868431856425 -11.283243543694576 -11.283243543694576 -11.283243543694576 -11.283243543694576 -11.283243543694576 -11.283243543694576 -11.283243543694576 -11.283243543694576 -11.283243543694576 -11.732345276298814 -11.732345276298814
51
 -2.8594625364738304 -5.870407360723536 -7.3415127544172005 -8.087094247787375 -9.001063449204977 -9.001063449204977 -9.637648462497921 -9.637648462497921 -9.637648462497921 -9.637648462497921 -9.637648462497921 -10.226493082983511 -10.660651521418119 -10.660651521418119 -10.660651521418119 -10.660651521418119 -10.660651521418119 -10.660651521418119 -10.660651521418119 -10.660651521418119 -10.660651521418119 -11.523426736428346 -11.870686877311265 -11.870686877311265 -11.870686877311265 -11.870686877311265 -11.870686877311265 -11.870686877311265 -11.870686877311265 -11.870686877311265 -11.870686877311265 -11.89065595293627 -11.89065595293627 -11.89065595293627 -11.89065595293627 -11.89065595293627 -11.89065595293627 -11.89065595293627 -11.89065595293627 -11.89065595293627 -12.398821852220575 -12.398821852220575 -12.398821852220575 -12.398821852220575 -12.398821852220575 -12.398821852220575 -12.398821852220575 -12.398821852220575 -12.398821852220575 -12.541067681375631 -12.541067681375631
51
 -2.8594625364738304 -5.916787728489295 -6.743316336584042 -8.02671908393199 -8.296141521117956 -8.606138274314763 -9.616535241756573 -9.616535241756573 -9.616535241756573 -9.616535241756573 -9.616535241756573 -10.190472421474349 -11.06883673274277 -11.06883673274277 -11.06883673274277 -11.06883673274277 -11.06883673274277 -11.06883673274277 -11.06883673274277 -11.06883673274277 -11.06883673274277 -11.530341549866844 -11.868749092220876 -11.868749092220876 -11.868749092220876 -11.868749092220876 -11.868749092220876 -11.868749092220876 -11.868749092220876 -11.868749092220876 -11.868749092220876 -12.72257983603151 -13.021892073367495 -13.021892073367495 -13.021892073367495 -13.021892073367495 -13.021892073367495 -13.021892073367495 -13.021892073367495 -13.021892073367495 -13.021892073367495 -13.804305158612365 -14.026901829164224 -14.026901829164224 -14.026901829164224 -14.026901829164224 -14.026901829164224 -14.026901829164224 -14.026901829164224 -14.026901829164224 -14.026901829164224
51
 -2.8594625364738304 -5.957845663880242 -7.041813658347507 -8.15061995707932 -8.81260091205456 -8.81260091205456 -9.010147127826944 -9.010147127826944 -9.010147127826944 -9.010147127826944 -9.010147127826944 -9.874084957368144 -9.874084957368144 -9.874084957368144 -9.874084957368144 -9.874084957368144 -9.874084957368144 -9.874084957368144 -9.874084957368144 -9.874084957368144 -10.292597740197811 -10.754989261223006 -10.754989261223006 -10.754989261223006 -10.754989261223006 -10.754989261223006 -10.754989261223006 -10.754989261223006 -10.754989261223006 -10.754989261223006 -11.41838686646051 -11.41838686646051 -11.41838686646051 -11.41838686646051 -11.41838686646051 -11.41838686646051 -11.41838686646051 -11.41838686646051 -11.41838686646051 -11.468371867077988 -11.468371867077988 -11.468371867077988 -11.468371867077988 -11.468371867077988 -11.468371867077988 -11.468371867077988 -11.468371867077988 -11.468371867077988 -11.58935752262744 -12.46426348015578 -12.46426348015578
51
 -2.8594625364738304 -5.6617650972155324 -7.34697555941273 -8.082442782327007 -9.42731070385146 -9.42731070385146 -9.948228197644866 -9.948228197644866 -9.948228197644866 -9.948228197644866 -9.948228197644866 -10.29477070080259 -11.214197840963577 -11.214197840963577 -11.214197840963577 -11.214197840963577 -11.214197840963577 -11.214197840963577 -11.214197840963577 -11.214197840963577 -11.214197840963577 -11.517572984751828 -11.935685583031905 -11.935685583031905 -11.935685583031905 -11.935685583031905 -11.935685583031905 -11.935685583031905 -11.935685583031905 -11.935685583031905 -11.935685583031905 -12.110231445997425 -12.110231445997425 -12.110231445997425 -12.110231445997425 -12.110231445997425 -12.110231445997425 -12.110231445997425 -12.110231445997425 -12.110231445997425 -12.181925739244331 -12.181925739244331 -12.181925739244331 -12.181925739244331 -12.181925739244331 -12.181925739244331 -12.181925739244331 -12.181925739244331 -12.181925739244331 -12.726304259773329 -13.019570182989797
SGD:0.05
10
51
 -2.8594625364738304 -7.611475233843715 -6.502870654544455 -5.55559349162213 -7.411735267601226 -8.409434178763691 -8.964609822317678 -7.192529066602526 -6.342481175518066 -7.420984093544745 -6.486130017190202 -7.5875349263947705 -6.720630551357498 -5.324261915933517 -5.868304758206084 -7.311309910797038 -6.695943163810458 -8.124128601063408 -7.277257565861079 -7.680555683041016 -8.001774991102014 -4.743426583044707 -6.449598103618754 -7.674035804300182 -6.108870598544561 -5.87519904806914 -6.355584321082395 -8.018190273294971 -7.2835540284868925 -5.999317200347661 -6.307931818315201 -6.201886910313728 -7.518616297957244 -6.741040461027022 -7.552365677519085 -7.297136302535752 -5.551367449398962 -8.591981822295901 -8.160679023990104 -5.776682754895102 -7.483667712457257 -5.783787414367665 -7.165707216327824 -7.63503527841588 -7.924847945502697 -4.581796263342475 -7.9165007281685975 -6.861081126266739 -7.257772519976549 -5.007404552934617 -7.181617098133419
51
 -2.8594625364738304 -7.209575270021803 -4.942237901382336 -8.259210824393273 -7.178308032499474 -6.279281606458973 -7.988802500677906 -9.327150506774705 -7.024372292946273 -6.251196961926976 -5.662209478017403 -6.051357553173999 -7.036225242192738 -6.163649737063159 -8.248013397575916 -5.8093738948967415 -7.486923702057652 -6.570055118804075 -6.96242283008254 -7.632938376716978 -7.516302213482139 -6.140879933543925 -8.529590028825915 -7.5712009315468265 -6.373742556912568 -7.844527205467455 -7.329506779409488 -7.253138313702943 -6.599193082658175 -6.530500487449627 -6.733158223259527 -7.186154166690312 -7.87654369503195 -8.093683392221104 -7.973568304728139 -7.6973398035756935 -5.7309341046353595 -6.946152204699439 -7.725187447693916 -7.453388862108349 -8.17427409357549 -5.118032135201621 -7.880086556187067 -5.733081119268839 -8.11629798190737 -8.209438146680084 -6.917980587253115 -4.58839698006215 -6.00845643693149 -8.338376938450246 -7.39546507050475
51
 -2.8594625364738304 -8.598108265917109 -7.4533216861211065 -5.472834027043331 -7.56577657086746 -7.590189706119414 -7.853692304061009 -4.608213978825565 -7.7060786579531255 -6.174232220520211 -5.049933522186802 -6.496145949508081 -7.495324391119086 -7.592040942319346 -5.53755563512766 -6.548753553476006 -7.144906069702727 -5.780362694147712 -8.74196823691069 -7.237677780081569 -7.468207584926413 -5.869457612507458 -8.956599498717804 -5.247005194733872 -7.747689363758252 -7.55747620959448 -7.931309714465977 -6.42732462006479 -8.864039636720388 -6.871793078733636 -4.705731235181338 -5.391142040277225 -6.802084609939557 -6.073376982972938 -6.303468606665066 -7.620161642841261 -8.154018424198716 -8.829874738469073 -7.876964424522503 -8.264883846134891 -6.440847337916235 -5.013228798950216 -9.570571129878147 -7.909593368005144 -6.496759582252609 -8.162464240545816 -7.422475743187369 -7.8992100308864766 -4.5244321039146 -8.401188605082417 -7.874951577384088
51
 -2.8594625364738304 -7.8901645523036095 -5.748223886555014 -7.481512070061221 -7.67580407416525 -9.156189114469358 -7.087769461464536 -7.140963419753682 -7.9866951946420315 -6.014401108699094 -5.367641710403575 -8.421311699198148 -6.135902247099821 -6.359217437518376 -7.848040699896891 -7.850699088248711 -6.928701221156558 -6.662418705422929 -7.66092929530357 -6.942618644775724 -8.069713011638386 -7.632384872469713 -7.97162249719493 -8.386212455019358 -7.187229883515007 -6.406261912152596 -7.316022377838154 -8.947880974873463 -8.28916994469416 -6.3381815245120325 -7.474718513216942 -8.027460123221426 -7.54712213767077 -5.728050292164481 -6.6797362328219725 -5.386522071721545 -6.439501060645728 -7.313022909037742 -7.611179745369663 -6.462484885502618 -7.373243177202574 -6.502193752163955 -5.862686246356932 -6.27095264020356 -7.907377461852182 -7.15725799334455 -6.525773311000048 -8.09246356831418 -5.259429813877406 -6.661963287801428 -7.331830277692172
51
 -2.8594625364738304 -7.631910571821903 -6.818279647623079 -4.418313831028118 -6.720249245915462 -5.984204140283049 -8.111809325225593 -7.766210643434537 -6.2126661222851025 -6.682809175822423 -5.431479863461666 -7.546617901094788 -6.706503003616985 -8.444095162620643 -8.603053539394097 -8.510914406725435 -8.79872083864161 -4.5268488110235525 -9.737776941617467 -6.90785216611451 -8.449563561347828 -8.543632068811695 -7.342864053627308 -8.523280628262237 -8.020099680339776 -8.160262780997684 -6.553032976796514 -5.134118817018203 -9.67996381352478 -6.698741684857014 -6.559988503449685 -9.37157965887895 -7.217268153830675 -9.102995221911609 -8.085826985990835 -6.419196370241405 -6.399986023012699 -7.22559718985729 -5.4831857772236585 -6.64289708149368 -9.144074688586793 -7.209858862907734 -5.986188557155931 -6.174691500173306 -5.009061516991681 -5.227148367633378 -7.667558870578969 -3.8866565361017464 -4.45523019740757 -7.842779438429426 -7.205240967230489
51
 -2.8594625364738304 -6.873735997349364 -5.4985063278292206 -7.674814159643619 -6.526754613919593 -7.250059350098622 -8.331717423585376 -8.362945234048949 -6.828876091746462 -6.424106496419072 -6.898502591269234 -7.329500270928056 -8.785233299477861 -7.612415472309798 -8.736799914167353 -6.543036639894261 -6.943600121795647 -6.283388829538843 -7.503580386627105 -5.208687910588303 -8.044711170453112 -7.682256800925074 -6.456061014476962 -5.428917598190823 -6.435684235456581 -7.004427986564413 -6.488439665869484 -8.080483358585248 -6.607047789856154 -5.356222813363775 -6.469737455796719 -7.422463152995742 -7.3775863989781465 -8.22734317079579 -7.449474997011825 -5.116911511965184 -6.643360875687786 -7.400354661250158 -6.949291350857318 -7.885704848300946 -6.0373159761014845 -5.735618799707347 -8.168844031305674 -5.6380579292068544 -5.560028230279791 -8.033182940771521 -5.938059423105981 -5.76106280286803 -5.378479911606082 -7.315518294931689 -5.641295057117892
51
 -2.8594625364738304 -8.123308221279354 -6.133779745554733 -5.2116937135313925 -7.738192962018491 -6.486109825651984 -8.30553911664324 -8.08774685788509 -7.889203934966076 -7.449980203624328 -5.6097770284837996 -6.714977761500462 -7.826020249515364 -4.874764565154567 -5.792560341661673 -6.086988767258754 -6.441292017276147 -5.607830339655995 -8.47064062644301 -5.240512467317315 -6.747616576687149 -7.549894329119522 -5.02072354243825 -7.724496420532686 -7.342564265754603 -7.199870343852235 -5.768496139263706 -8.131275759238132 -4.456352379400552 -7.959998793518114 -7.488260493503217 -5.4130502133064065 -4.749741831802559 -8.427232127275552 -7.970715416292831 -8.510904460113212 -4.547851213758513 -5.2726166179875555 -6.654957907120511 -7.317725837372172 -7.298510047502717 -7.265549827185686 -8.522284077564231 -7.860441282913257 -4.705254979533084 -6.5088410826030625 -7.535042457043645 -5.908996997658541 -8.749511494163082 -7.187194695059089 -7.574259800057319
51
 -2.8594625364738304 -6.354942371679705 -8.542860841782197 -6.054624106314911 -6.259238666720435 -3.994233976736729 -8.345526794159822 -6.178324328401173 -5.082949038034846 -5.168073813232467 -7.8558810750268675 -8.081805277026401 -7.390249431925756 -7.3498397772440995 -8.886074699448375 -4.755683592471452 -5.787662425491522 -6.776057882335703 -5.591837812262312 -6.5280936970241745 -8.782315016535572 -8.757685401733251 -6.121052488194701 -5.130837343776352 -4.931929729772975 -7.224478447109735 -7.0813126837152955 -5.87882580566433 -5.9809204527956386 -7.828451622035862 -8.025365654825109 -4.362035104322409 -5.6780936845984815 -8.219792342803874 -6.8245383687982315 -7.216387950637812 -8.203695284302267 -7.493614782745219 -8.172802200529643 -6.130701769290943 -4.674774889656746 -6.663297614591109 -5.8063728056998265 -8.110229518872561 -6.774310223352261 -8.211802449175515 -8.05797485386137 -5.815566322581617 -5.972978421362525 -8.501947580238312 -6.743396846591476
51
 -2.8594625364738304 -6.21544102648145 -7.6942878128616465 -8.274253308852428 -8.667326598344141 -4.427592898988761 -6.502396455377821 -5.4971343546031735 -4.908914771663866 -6.182412045096096 -8.229391694838966 -7.388821023624212 -5.969465591624308 -7.763895725064337 -7.539582932411612 -5.026651059223947 -8.618267737196232 -4.8251903844862865 -8.356728651300124 -7.187655469180181 -8.428642687617263 -8.647337770156199 -5.580261674119589 -6.720786605129344 -6.670566387965026 -8.835915663583922 -8.483559011399834 -8.853891408227673 -6.72082677928626 -6.511774938093973 -8.354587119092416 -8.606968415841184 -7.461510535978527 -7.339213705398926 -7.748106200284409 -7.14583100775642 -8.54572198919123 -6.737761826347749 -7.5485088101030335 -8.406267764150915 -4.8510968810103545 -6.876699888251845 -5.604581797818454 -6.015028893523217 -4.686200591101175 -5.485105147327254 -7.490566296269733 -7.054437009496882 -7.111982520663668 -8.192228724039103 -6.790115084310921
51
 -2.8594625364738304 -7.060039648652306 -6.504303145710861 -5.732259033198995 -5.027245282193455 -8.18418241944765 -7.303309947909013 -8.294064614391157 -6.259321495678511 -8.399867136559287 -5.511140732243756 -6.818258995407002 -8.951824561292854 -5.6749675224640015 -9.127412435884391 -8.613519214383368 -6.712268096351549 -5.670548074071037 -6.538791856047177 -8.032133162887947 -4.693244218095093 -6.857936462113452 -7.246814935846904 -4.884792382606509 -6.862539928835252 -4.556387509006028 -4.829609500256375 -6.313699047987863 -6.155947563535977 -5.189090819460431 -7.419952879238389 -7.322850024952519 -8.00623853251557 -5.943933950383648 -6.112928725888517 -7.7694141891660795 -7.22082718191135 -7.255537018217785 -6.356841462594265 -8.139616360747246 -7.009794354163105 -6.181980375165861 -7.570247215554129 -6.164196284512251 -5.510165404100894 -6.743852611179278 -5.676312223607813 -5.190763351121929 -6.928617701771493 -7.478050362493604 -7.462525938404465
SGD:0.005
10
51
 -2.8594625364738304 -6.750763446992609 -8.685228623097426 -9.733461316260048 -8.65851782658648 -10.755784067585633 -8.877178575553176 -9.57498122692811 -9.883226310910386 -9.622885609309474 -9.147512856987003 -11.617351460683322 -10.856534676227609 -12.09169948774726 -11.584087800924332 -11.142346584370353 -10.674024233310831 -8.685245518749218 -10.23180242350458 -9.095317089614934 -10.121934153421183 -9.127528241072964 -8.977870106551846 -10.374570488432214 -11.02550816673414 -10.504071903023135 -10.165585738316839 -10.130045887569652 -10.421132422508292 -11.485293925635574 -10.280859410656786 -12.848169331973313 -10.247941641653396 -11.534864759160556 -11.82531665301336 -9.315633340545787 -11.984660085760156 -9.220896035989961 -10.776788024205578 -7.595022601847147 -11.39063818026999 -11.850114399604793 -11.456453487425643 -9.917329747052557 -6.7470706719461075 -10.459294377322738 -10.86084152172298 -9.615598282653789 -10.21367070769837 -9.799417481097183 -7.399831745158087
51
 -2.8594625364738304 -6.80499680578032 -8.685648598393795 -8.686749172334016 -9.02926317950775 -8.581970218804269 -10.20045918735748 -9.277422657420068 -9.74442004937411 -8.520611544982506 -9.095815334291643 -11.90415860488906 -8.811514825592978 -11.573062436503916 -11.112724608976576 -10.968064181755471 -11.262511581135144 -9.661596814416143 -9.612768510576554 -12.17526237753149 -11.658520490234286 -10.876224600966593 -10.164245481493895 -9.4061713027388 -10.103250741103631 -10.23879366694282 -10.85600791816644 -9.765073988907782 -9.462957985510533 -11.938490167714676 -11.32967769288138 -10.315358775840155 -11.563118071368105 -11.417949408922292 -9.725032848387965 -11.056760639491438 -9.926363152669888 -11.470345220293742 -10.907470385087223 -11.278957165505789 -11.841356954718702 -12.177676811975397 -12.921506903455507 -10.208869741912167 -9.430280561322862 -10.60866881616928 -9.154231196153713 -12.108608520253306 -9.982976675450246 -9.323836499503162 -9.882174762722885
51
 -2.8594625364738304 -6.82182517841839 -8.54291003551254 -9.869921316222138 -8.396051100011357 -12.051820802902009 -11.033103463879668 -8.832072453841656 -11.559904040841166 -10.580920107008227 -11.790872678473077 -9.102780208461445 -10.672636249597701 -10.748685860903414 -8.990462835186499 -7.147605344361374 -11.841736841974262 -10.633045571714025 -7.854842901554637 -9.020923288668074 -9.451205865190062 -11.065288418385611 -8.510473912605816 -9.208712881453208 -10.95352654676265 -11.595102205576586 -11.053516244654825 -12.002324837090592 -10.572601451770572 -12.321469078967288 -9.088115631126803 -10.185981137881113 -10.902830930333407 -10.457842943689219 -9.71526958258535 -9.650878526670683 -9.028634695555782 -10.8999877967266 -9.040431871164436 -10.320770842804768 -10.592421273113706 -8.196558769027003 -10.665561578208095 -7.51948896968356 -10.97161473813859 -8.070080408681827 -8.944040750716741 -10.271540898524378 -9.738629615195848 -10.596857604599636 -10.324226125400564
51
 -2.8594625364738304 -6.74285037964678 -8.467787766229355 -9.813964862482235 -9.51533735230469 -10.076873367212931 -9.0751559138338 -10.674696252594254 -10.778505008372631 -10.17054558122175 -9.67859856855796 -11.675449698091892 -10.781619741355765 -9.718282907282056 -9.712444335842529 -9.506118720963189 -11.19822123298657 -7.002117232433654 -9.668879526626283 -12.227919968782013 -9.296498132473616 -11.010447116640142 -7.870168382637345 -11.47273072767481 -11.758637596285846 -9.260047611810236 -9.63443207298243 -12.12214748004178 -10.74015262437681 -9.546074450804339 -10.668928950754955 -8.494524628714329 -8.772556006499538 -12.214055265785971 -9.156720275369125 -9.931102785846718 -9.889428860342544 -8.6243013760283 -10.635277464702076 -8.645079617004818 -9.52408393169838 -10.18156931027934 -11.637361058141485 -9.508844226361326 -9.01889446012458 -11.035404705987796 -8.709859679631158 -11.19894566238248 -8.373841197728508 -10.246003096432005 -11.539697849115575
51
 -2.8594625364738304 -6.469125103501336 -8.47813260586705 -9.316185205886194 -8.107212048566929 -11.482402249168219 -11.069907743787603 -11.159628322099667 -11.14659871507797 -8.72792111679044 -9.500185096432451 -10.24939674240807 -11.617520556490716 -8.983183768528598 -11.292207097523045 -9.041946286964864 -11.177698710765219 -11.528578690959005 -11.267495588345454 -10.284971764932038 -10.704441153806865 -11.06956461297497 -11.367291137559901 -10.91083503255879 -11.557574476960989 -9.72867412323376 -10.528483429966135 -10.066442572457188 -10.629168510660401 -10.830205642929622 -10.989781670777102 -8.762258274049007 -11.07798657352974 -11.20112366072527 -10.683667477542159 -8.847564867658908 -8.309280153225673 -11.004838944342056 -11.690688037303362 -10.606320078981657 -11.87739345735876 -8.274640399202198 -8.916704185598789 -10.25834902212743 -10.67885987985203 -12.686811844651402 -9.228991682637435 -12.317136141428266 -9.601776764160295 -7.667326600657343 -9.667074137876083
51
 -2.8594625364738304 -6.686914582182638 -8.202111938727954 -8.052802632050891 -8.38721289690055 -11.810791989996291 -9.912155916771155 -10.865443144760961 -10.269027919049941 -11.076757964569723 -11.444430767444455 -10.210554837701048 -10.426075086091423 -9.254636571973757 -11.498621720365364 -10.710518305451473 -7.263110035693711 -10.126773528017042 -9.19827893559767 -10.134692634439059 -10.4194903254112 -10.06227295004568 -11.864385087763457 -10.963859784589639 -10.348381513272765 -11.00790909128014 -8.540367205782983 -9.105205111394522 -10.17456442643826 -10.791843497768784 -11.697802420032088 -10.679173588850798 -9.15471346867722 -11.841352969592382 -10.39639991572898 -10.428614760528372 -11.56044903254148 -11.113236435781296 -10.111486405288382 -10.164300296804736 -9.392072333201755 -11.612487113699464 -10.44172136808441 -11.944583441491632 -9.591865002773822 -10.684053312502874 -10.417848838077086 -10.69435110685468 -10.508712601996349 -11.509975059271783 -10.178600401042432
51
 -2.8594625364738304 -6.7588051909357345 -8.256610363696446 -8.341058315322632 -10.539104864742766 -9.481516192322147 -10.382645431789578 -6.628179922704553 -10.842726566157156 -10.090213665008642 -9.269551236369779 -10.208335082124254 -10.934441946306432 -11.859631472650808 -10.448377522057958 -10.937376089817805 -10.353713040991934 -9.562907768794695 -11.332047803490253 -10.92169381122491 -7.791471632690725 -10.871968286468622 -11.055327418421024 -11.206076384053484 -11.210708305666673 -10.010075721678051 -11.735830972626905 -9.59408580715555 -8.314911607718507 -10.787012071863769 -10.503416580588869 -9.116348136292599 -11.108082600746565 -10.134479526826961 -11.235964819692354 -10.581119826456517 -8.137933633959141 -9.127609924164707 -11.15155112233264 -10.774354376596438 -9.887786090216558 -10.950601433013691 -9.921249913503958 -11.332073772791716 -9.613598082347353 -11.730109482028551 -11.01733083687356 -9.210869072687 -10.710936196875783 -11.798467893618822 -10.285789807558169
51
 -2.8594625364738304 -6.793544874729497 -8.381301753783688 -9.685838676181413 -11.060468049246413 -11.392257520987583 -10.996395229114118 -10.069045787103793 -8.497696885886812 -12.200305785334086 -9.347072569010136 -10.780050309509816 -10.049014346588928 -9.115880701078915 -11.662321644985544 -11.60397904893457 -9.187914864182074 -11.520671149136561 -9.691990597391413 -11.148507831243071 -10.554632130030749 -11.970362355796455 -8.864260612545543 -11.257544168658834 -10.29571376439062 -10.642764546617943 -9.235522198952596 -10.862823476378843 -10.483314769616362 -9.099783490809983 -10.348915971625072 -10.341338815681324 -10.428310142767556 -9.201844630995453 -11.608520395773011 -7.036576666451737 -8.733132943306254 -8.574628623973862 -7.771848417351132 -10.890662729638569 -10.465198864186993 -11.053489454666781 -11.154333501224567 -11.53097555901839 -9.947758526327743 -9.066738443888186 -11.339333365686985 -9.262308258121699 -10.303588635694553 -8.341468225298945 -10.318534308764116
51
 -2.8594625364738304 -6.637600873159827 -8.250563482756295 -10.23364930745428 -10.455331174214145 -10.205901957565871 -8.519256116323856 -11.869813857347246 -10.831967203354706 -10.883796549864885 -9.491936543728247 -9.637908664014 -11.098902221259033 -10.135859107967587 -8.315717396485107 -10.580798878278511 -11.863164762078348 -9.526951038502641 -10.320418948865543 -11.031416440414194 -11.660325483006847 -10.784280772989138 -8.35564000563352 -11.927151229424638 -11.184473642866203 -10.888325197302427 -12.283745072091596 -8.971438940822136 -9.551516569452977 -11.569014032408958 -9.204790000838008 -11.045589533638115 -11.037792187568826 -10.550721454243863 -11.208498648499585 -11.010009887657889 -9.996236435367106 -10.397944525980707 -8.42735200633948 -9.788312062944257 -9.347832969998354 -9.615934488155219 -8.663829559746354 -11.381102749754566 -9.199149314186347 -9.95657476813269 -10.046126857604213 -11.035235004663386 -8.96117877927851 -10.129034919702171 -8.919241477378558
51
 -2.8594625364738304 -6.768679652555904 -8.354335827434578 -9.736392758550913 -10.692631435903843 -8.74210662083026 -11.106327667802256 -10.67467787462782 -9.263492104737034 -11.104640753350898 -9.228990711275694 -11.75872321344792 -11.729049461248033 -10.866613404615181 -11.083142315910164 -8.707512026897131 -10.409546919796076 -9.042924028316206 -8.538148974917377 -8.515909636162746 -8.084641378110794 -10.916692949820348 -10.304390219038831 -10.351527730589236 -9.592089189334748 -9.827332256770871 -9.00451172763393 -11.264545583668568 -10.985639701792023 -10.187520061683207 -10.649244036623225 -9.945870289589646 -12.100410227344137 -11.372811943607903 -10.288057825042111 -10.083871068415943 -10.55597112532157 -11.315503417368022 -12.123361178458413 -9.11514345453123 -11.653439555967019 -10.871383442461996 -12.432876901924919 -10.693665565678087 -9.82011063354793 -9.980298624257758 -11.370081763441865 -11.925686004207083 -9.715274929296656 -8.10735703683548 -10.976198353438727
StreamingSVRG
10
51
 -2.8594625364738304 -6.093145540721363 -7.6565062210632275 -7.951298641736766 -9.76672432125327 -11.060330887725046 -9.766398298326678 -10.225470989135887 -9.439594398629112 -12.384374968632773 -9.878888009093375 -11.913045922084375 -10.357824185260947 -9.805584691930674 -11.654444252554494 -10.122637130620987 -10.122637130620987 -10.122637130620987 -10.122637130620987 -10.122637130620987 -10.932211531483976 -11.539044992712112 -10.539494464740303 -10.083562806080803 -10.083562806080803 -10.083562806080803 -10.083562806080803 -10.083562806080803 -10.083562806080803 -10.083562806080803 -10.083562806080803 -10.083562806080803 -9.498301906870815 -12.819230561812407 -11.51819775732782 -11.51819775732782 -11.51819775732782 -11.51819775732782 -11.51819775732782 -11.51819775732782 -11.51819775732782 -11.51819775732782 -11.51819775732782 -14.476004537465787 -11.725352233033895 -9.226666848120114 -12.862761699306969 -11.768028882022762 -11.768028882022762 -11.768028882022762 -11.768028882022762
51
 -2.8594625364738304 -6.138909073424881 -7.759673485684804 -8.84881127226425 -9.792677688352796 -9.679227407569664 -9.64898489468278 -11.208283922340613 -9.916919487455582 -9.910749304856962 -9.818190434109487 -10.958653647936341 -10.400434284423227 -10.400434284423227 -10.691476580834207 -11.198485835894134 -11.03363528971767 -9.290398443730522 -11.759423883920334 -11.759423883920334 -11.759423883920334 -11.759423883920334 -11.759423883920334 -13.212667453389884 -10.378161919781464 -14.056102258052286 -14.056102258052286 -14.056102258052286 -14.056102258052286 -14.056102258052286 -14.056102258052286 -14.056102258052286 -14.056102258052286 -14.056102258052286 -11.623766874968311 -10.354462533540083 -12.795542742903216 -12.908038025170807 -10.766583114516829 -10.766583114516829 -10.766583114516829 -10.766583114516829 -10.766583114516829 -10.766583114516829 -10.766583114516829 -10.766583114516829 -10.766583114516829 -13.637398541200367 -11.24442465193567 -13.04384918993724 -13.450656447377227
51
 -2.8594625364738304 -6.056711924071856 -7.461362756408878 -8.753894752188073 -9.428974293611267 -9.22304988530364 -10.944602268085426 -11.02071870661962 -12.227375929739681 -9.60164116397022 -11.19432547233275 -9.579123661731412 -11.286009109704112 -9.766667460845749 -9.766667460845749 -11.062083727602165 -10.810075719637446 -12.376106596607356 -10.566846087042824 -8.863243718866109 -9.003227830105105 -9.003227830105105 -9.003227830105105 -9.003227830105105 -9.003227830105105 -11.965553864585495 -12.634875391492507 -12.634875391492507 -12.634875391492507 -12.634875391492507 -12.634875391492507 -12.634875391492507 -12.634875391492507 -12.634875391492507 -12.634875391492507 -11.088378387520395 -11.088378387520395 -11.088378387520395 -11.088378387520395 -11.088378387520395 -11.088378387520395 -11.088378387520395 -11.088378387520395 -11.088378387520395 -12.733627155175958 -13.090990157495717 -9.398320814633259 -9.398320814633259 -9.398320814633259 -9.398320814633259 -9.398320814633259
51
 -2.8594625364738304 -6.059934107146693 -7.54774004756989 -8.86822748038064 -8.641689188357367 -10.615613640784405 -12.028699776288462 -10.359644947201687 -9.008550990922805 -10.926666343324296 -10.793751910985526 -11.571167806808349 -10.563779548166966 -10.018311063835673 -11.132975409591646 -13.083612595139218 -9.877007860859194 -11.356344602257643 -10.064423143654682 -9.50552845033032 -9.50552845033032 -9.50552845033032 -9.50552845033032 -9.50552845033032 -10.868517373177793 -12.580953496409453 -11.033215680819952 -11.033215680819952 -11.033215680819952 -11.033215680819952 -11.033215680819952 -11.033215680819952 -11.033215680819952 -11.033215680819952 -11.033215680819952 -13.020008071816273 -9.035734816118923 -12.315563125665124 -13.288207015897884 -11.654373619716694 -11.654373619716694 -11.654373619716694 -11.654373619716694 -11.654373619716694 -11.654373619716694 -11.654373619716694 -11.654373619716694 -11.654373619716694 -13.837644221306823 -11.091581036651132 -10.891389860434728
51
 -2.8594625364738304 -6.129733219081467 -7.822773511417565 -9.167345318826563 -8.104058956017093 -10.923503490708814 -9.468071040047105 -10.015732034959855 -10.66222885644095 -11.93366170484456 -12.273432682258013 -11.776572303825844 -9.868056986567902 -12.666625140395244 -12.292879878320058 -12.292879878320058 -12.363584878954299 -12.11469824286435 -9.392145920153911 -12.531571210690378 -12.531571210690378 -12.531571210690378 -12.531571210690378 -12.531571210690378 -10.207937647788368 -11.31580232998037 -10.59694227848975 -11.763688567199619 -10.33930390849927 -12.103632199066917 -12.103632199066917 -12.103632199066917 -12.103632199066917 -12.103632199066917 -12.103632199066917 -12.103632199066917 -12.103632199066917 -12.103632199066917 -11.093834646246759 -10.50699811496187 -10.50699811496187 -10.50699811496187 -10.50699811496187 -10.50699811496187 -10.50699811496187 -10.50699811496187 -10.50699811496187 -10.50699811496187 -11.175822141350494 -10.672546232850806 -11.067517346915329
51
 -2.8594625364738304 -6.156605949954858 -7.80102642127273 -8.646599421336283 -10.044987514885182 -11.095200415213576 -12.017891137738049 -11.637967881259543 -11.956300579900425 -12.292898629894363 -12.822137140044514 -8.977220771311286 -11.420057601757009 -10.195992597280815 -11.12200718613564 -12.94974827371455 -11.368935966204802 -8.431158166553345 -8.431158166553345 -8.431158166553345 -8.431158166553345 -8.431158166553345 -11.512573794329757 -11.512573794329757 -11.512573794329757 -11.512573794329757 -11.512573794329757 -11.512573794329757 -11.512573794329757 -11.512573794329757 -11.512573794329757 -11.947213465960662 -10.152449613794124 -13.316570003250314 -12.456270263979166 -13.205937617682206 -12.619631465079662 -12.619631465079662 -12.619631465079662 -12.619631465079662 -12.619631465079662 -12.619631465079662 -12.619631465079662 -12.619631465079662 -12.619631465079662 -12.086202910533954 -12.086202910533954 -12.086202910533954 -12.086202910533954 -12.086202910533954 -12.086202910533954
51
 -2.8594625364738304 -6.176833606645752 -7.716044131053245 -8.658523703146734 -9.424517643290418 -11.422024699645984 -11.152085683274915 -11.50666025731155 -8.753618083325943 -10.633048343943985 -9.33547686754915 -10.051474205437716 -9.844745225123594 -11.66017843466134 -10.741943346732365 -10.741943346732365 -11.801562407881043 -9.436281558875782 -10.335507074449687 -9.859228020247722 -11.013567600127681 -9.079350894461154 -9.079350894461154 -9.079350894461154 -9.079350894461154 -9.079350894461154 -11.018379611408843 -12.80706469018469 -10.076133986026395 -11.277212820753507 -11.277212820753507 -11.277212820753507 -11.277212820753507 -11.277212820753507 -11.277212820753507 -11.277212820753507 -11.277212820753507 -11.277212820753507 -12.544922495144066 -11.663912768567666 -12.681037588037876 -13.69730565422308 -13.516151167260036 -13.516151167260036 -13.516151167260036 -13.516151167260036 -13.516151167260036 -13.516151167260036 -13.516151167260036 -13.516151167260036 -13.516151167260036
51
 -2.8594625364738304 -6.164083461245694 -7.762435110944329 -9.140056479521839 -8.798498258071783 -8.843825516724614 -8.971402873377869 -8.40123263377177 -10.18497671019709 -11.733395914582244 -9.81037714158396 -12.618390280835857 -10.684613124899903 -10.578042632520285 -11.276902742202893 -10.445064636632269 -10.445064636632269 -11.522354652129245 -10.745106549164454 -12.532909906871954 -12.532909906871954 -12.532909906871954 -12.532909906871954 -11.981939487958089 -8.848815665791603 -10.414657434364472 -9.217282261180594 -10.600063920741317 -10.540809509915862 -10.540809509915862 -10.540809509915862 -10.540809509915862 -10.540809509915862 -10.540809509915862 -10.540809509915862 -10.540809509915862 -10.540809509915862 -11.400144458607947 -9.95466533293516 -13.959041362576672 -13.330932445600327 -13.330932445600327 -13.330932445600327 -13.330932445600327 -13.330932445600327 -13.330932445600327 -13.330932445600327 -13.330932445600327 -13.330932445600327 -12.270863131341141 -12.590397765283875
51
 -2.8594625364738304 -6.1909765367438645 -7.120502655467176 -8.972382140296595 -10.432258961718398 -10.089438514445906 -10.039589911602986 -10.607227420226964 -10.455110154814292 -8.398337838928335 -10.459243414170272 -10.611540590933556 -11.056328534450639 -11.797149333083514 -11.953169066483825 -10.513396440531665 -10.513396440531665 -9.871961361239647 -9.871961361239647 -9.871961361239647 -9.871961361239647 -9.871961361239647 -11.867863992906905 -12.01394423109871 -12.01394423109871 -12.01394423109871 -12.01394423109871 -12.01394423109871 -12.01394423109871 -12.01394423109871 -12.01394423109871 -12.01394423109871 -10.77755036240478 -11.022358789409491 -11.022358789409491 -11.022358789409491 -11.022358789409491 -11.022358789409491 -11.022358789409491 -11.022358789409491 -11.022358789409491 -11.022358789409491 -9.479510573551694 -12.883715685114913 -13.524790925496342 -11.310856623637763 -11.310856623637763 -11.310856623637763 -11.310856623637763 -11.310856623637763 -11.310856623637763
51
 -2.8594625364738304 -6.091577963934464 -7.600322895506073 -8.767373282990725 -8.277350234163197 -9.270377528015096 -11.210156554629345 -10.38209770149282 -10.729807082445369 -9.7611354387687 -9.387172992581904 -8.642425260244204 -11.841264945810504 -11.841264945810504 -11.228728081088192 -11.228728081088192 -11.228728081088192 -11.228728081088192 -11.228728081088192 -10.961797847253132 -12.21542063321008 -10.271078605648938 -13.052961222414373 -13.052961222414373 -13.052961222414373 -13.052961222414373 -13.052961222414373 -13.052961222414373 -13.052961222414373 -13.052961222414373 -13.052961222414373 -13.248744257669529 -13.248744257669529 -13.248744257669529 -13.248744257669529 -13.248744257669529 -13.248744257669529 -13.248744257669529 -13.248744257669529 -13.248744257669529 -11.084861364282332 -12.815793431116415 -9.546373407199276 -9.773078681181087 -9.773078681181087 -9.773078681181087 -9.773078681181087 -9.773078681181087 -9.773078681181087 -9.773078681181087 -9.773078681181087
ADAPTIID
10
51
 -2.8594625364738304 -8.684326555885283 -9.883664118777757 -12.258414476311659 -11.73727609492998 -12.480034631618635 -12.981087146710752 -12.055842541203644 -12.353147050485427 -13.672761851722436 -13.649047071028344 -13.703475836095222 -14.26164777432967 -14.494408720882177 -14.414183281870024 -14.538317124742484 -14.471329852344407 -15.175043793812037 -16.00583324851851 -13.730562410926005 -14.406670455310385 -15.888149655362856 -16.24898088980936 -16.622313768468782 -16.91012837647639 -15.99009617018619 -14.433766770651527 -16.499767495079865 -14.605639708569127 -17.134084818249498 -15.33572281081695 -18.09385557139464 -18.118675599613184 -17.670915519355685 -18.446191932841852 -17.1895111945195 -19.148829226527745 -18.88211966611502 -18.52321997157307 -17.456702030510776 -19.06778541156477 -19.569398945095394 -18.369990162366847 -18.194861515985366 -18.907811364604004 -18.318227002486825 -18.66790244445114 -20.55111369482884 -20.288808227631684 -20.372871582354044 -20.975962479697664
51
 -2.8594625364738304 -8.665066337632325 -10.073229046116348 -11.689757559096345 -10.686154009339134 -11.875556942032873 -12.288253796263477 -12.358940123756339 -12.810798296817852 -12.383640274704558 -14.062925334686758 -14.182481825455561 -12.99438466571863 -15.169081408676236 -15.03984816014027 -15.111892484535979 -15.675797682430114 -15.094193588572741 -14.015798190241599 -15.81450822340184 -15.745436032867497 -15.10957152465532 -15.70830544343819 -15.72724314561783 -14.51563662184273 -15.273367189068118 -16.68557917408804 -16.81425192050614 -16.750272197859655 -15.744484557884924 -16.466649413846017 -17.647759160313406 -17.300783990218708 -17.450967235842295 -18.410623728257427 -16.0308938614471 -17.81549324430224 -18.621979829372236 -18.13686179057225 -18.24779078058412 -18.582498844764988 -18.419354714000917 -19.408761227633274 -18.474746662546025 -18.223980623752368 -19.03913887333891 -18.79012128709833 -19.475059063975323 -17.866372698752105 -19.320563636135855 -19.152004258713824
51
 -2.8594625364738304 -9.912462255382353 -11.346107387899114 -11.597930717591344 -10.935270683254107 -13.03767434878305 -12.378617788203293 -13.148959464643976 -12.22197139367036 -13.830660757575325 -13.91481683146969 -13.516647640598896 -14.117591427642177 -13.646566970717497 -14.309806158973505 -15.240872444725877 -14.041220478684801 -15.276687085822017 -15.019438218979541 -14.461811737843005 -15.351721370909557 -15.421081884964096 -15.783334360211771 -16.61098183231892 -15.666988402292045 -15.068381987941837 -16.61900455741998 -17.062747919456324 -16.10367304907153 -17.53413444310901 -17.754055120146166 -16.633822755748287 -17.097859838853914 -16.188081108587703 -15.54030910917167 -17.255794765725373 -18.568660235133603 -17.088254774063355 -17.276439378536498 -17.299612122743525 -18.379844718217047 -19.444609511346442 -17.13702135707892 -19.35872478626839 -19.168080141549645 -18.21017007499078 -19.620677145658146 -19.93148499318486 -19.697744937130818 -19.850372304074487 -19.935105071065994
51
 -2.8594625364738304 -9.147605754394508 -11.261038176098792 -11.251008341366191 -11.663393340861969 -11.204301683225857 -12.264520881327146 -12.346207192437214 -13.019729766731851 -13.163404475001604 -13.624888510480753 -14.177072494710218 -12.795982910949276 -14.424658497236477 -15.146986748151756 -15.149269940291402 -14.10104684138927 -14.21188290219731 -14.331022995623366 -14.8767766572788 -15.802065545759461 -14.881420518769431 -16.385525813490727 -15.935260979088886 -16.982511327673304 -16.062717823215767 -16.556548850639107 -16.676124430373203 -16.000629569349275 -16.593396920916362 -17.389266061875688 -17.035856268437197 -15.293532803240916 -17.891113798302698 -17.631821810385297 -18.043326803595907 -17.58250109108281 -18.051762960108157 -18.720316127144166 -17.528802241149037 -18.83056005608776 -19.056811414454497 -18.73911899348829 -17.787583100520774 -18.61791243087188 -18.268236213768155 -19.414396600733262 -20.17211836419395 -18.95348610088079 -19.57397290202437 -20.065805608242954
51
 -2.8594625364738304 -10.413220916992573 -10.329994106681198 -12.179023693385355 -12.192465117910768 -11.411398291621587 -12.406644748060733 -12.620084609929375 -13.215240639509501 -13.126852402768115 -13.582127637916052 -13.388063990251592 -14.832786685903773 -13.381103965596953 -14.582570729947474 -14.876969160840758 -14.03628808814676 -14.210816342623641 -13.761551186916511 -16.06694293003 -16.023295851094367 -15.202045121522463 -15.7754165288917 -15.688760087387156 -16.408593320857037 -14.777363276897898 -15.935129876126522 -16.469653404925115 -17.156767007457187 -17.358317358896077 -17.493439343914698 -16.80114050987113 -15.450625768118401 -17.77747420765212 -17.935037460009383 -18.53695626071678 -18.625541921534857 -18.51942228268812 -17.768540990964542 -18.786697609899115 -18.47426749818565 -17.701455606057678 -18.809265747164783 -19.53669973387429 -18.6288521016348 -17.525232869421014 -18.278098007864532 -19.51750026814525 -20.31089916659017 -17.351969350492073 -20.67562527201161
51
 -2.8594625364738304 -10.161675662787907 -11.957963781315968 -11.991730840382907 -12.052381133324793 -12.92129591614906 -13.026777544122666 -13.48996619975074 -13.290680474007482 -11.959455383125816 -13.762815508609167 -13.018619976795057 -14.436320372025081 -15.042539945310985 -14.83646247379992 -14.825206804772552 -13.691738627214322 -14.861389975011534 -13.608888107354 -14.638922699200249 -14.50198063199974 -16.168787232419742 -15.146514851879822 -15.126350150490609 -14.149452386681235 -15.870067250028509 -15.505390923334815 -16.606771290165458 -14.191566753454763 -14.782811516847458 -16.299452282954157 -17.487373647960293 -17.012004308063418 -17.865283541670866 -17.563659200977288 -18.066588031117448 -17.023949993232968 -17.881534544927057 -16.795381658999645 -18.771919262503495 -18.316197241307417 -17.988441938880623 -18.6359729903131 -18.95050505013389 -19.345653062408708 -19.988890932495703 -19.40074061911416 -17.882447977522425 -19.81568494173576 -20.487902773025283 -19.45254748779054
51
 -2.8594625364738304 -9.791725338417779 -10.351809669647274 -12.10527028353817 -12.288407848597435 -12.185767481787009 -11.940795254372096 -12.931892583537564 -12.986106314143555 -13.927836502234696 -12.567335610104523 -13.601497289348755 -14.38968820491321 -15.133235627261397 -15.024578477919771 -13.618679083609587 -15.13032367109387 -13.09245697874717 -15.483863064866524 -15.789902864323372 -14.19798214400647 -15.033947939877518 -15.525116285423366 -15.670068100092852 -14.983425472034986 -16.7466714789607 -16.883380358282924 -16.848515565881804 -17.077217637749303 -17.227073560819683 -17.142458867627766 -16.645347358384257 -16.65124221756085 -17.220223019028364 -16.08106717311431 -16.699750973260084 -16.797663817479144 -17.72794248291452 -18.729321543369117 -18.880237939816766 -17.31808562422963 -18.384233234101977 -17.265698160347974 -17.921100835683795 -18.62957818898784 -17.128965353059115 -19.89730311208314 -19.77490169082222 -19.00898163600121 -19.62871075231717 -20.503469400282455
51
 -2.8594625364738304 -9.712528521204185 -11.074893976601299 -11.137647639875238 -11.414512430904285 -12.677001306982906 -12.508686517136477 -12.393783264274061 -13.730714958666436 -13.224803140313595 -14.583294862416134 -12.390395168840335 -13.733478199225639 -13.850193539958834 -14.372082400218481 -14.43052879749451 -15.38248863634363 -14.993137849931482 -15.624560919601668 -16.315275427989583 -14.387717560112627 -16.082792789786858 -16.264510380710792 -16.416853343506105 -16.748408957609122 -16.586829685687714 -15.872887204776378 -16.524646748636982 -17.307818081757585 -16.527923664743586 -18.00571002921241 -17.607822277500798 -16.603197578711413 -18.08038031007905 -17.336135145595062 -18.133542061956 -17.336591198020933 -18.39225689742905 -17.013725777609174 -18.079038316445256 -17.024961884897525 -17.330958719727708 -19.578210160249135 -18.852908241881327 -18.534907889398408 -17.522284516804557 -18.442674555739988 -19.999922846178393 -19.928425514546486 -19.56118636365402 -20.400157773268244
51
 -2.8594625364738304 -9.42320406074388 -11.18612128710894 -11.383377297120715 -12.906298718579349 -11.404192760532247 -12.179664578646369 -12.739721082667149 -12.769200300446341 -12.423541686291992 -14.000012107247858 -12.911648017554592 -14.430388047392386 -14.27000829075736 -14.92776661622137 -14.210937170368602 -14.806937527875222 -14.516596764450917 -15.495610769718962 -14.955340260062707 -15.91962916196091 -15.060667051439218 -16.187677850349594 -15.254942420543987 -15.96911732000078 -15.819605757159724 -15.414911604871026 -15.189471141508184 -17.368420682456534 -17.415228564389185 -17.17003663173873 -16.052325354517496 -16.414007380887174 -18.07407411251285 -18.50218345286942 -16.99652872216393 -17.43376187445625 -17.64382736641751 -18.54269165900276 -15.760525389759334 -19.41704588562854 -17.93205253182545 -19.036237491064316 -18.653336662564083 -19.57202590636599 -18.942654358392016 -18.653632944582284 -19.54126881867348 -17.750457870208347 -19.72878019735469 -20.47128252295203
51
 -2.8594625364738304 -10.249645913714584 -11.251847825106994 -11.889847904348867 -10.844694166883954 -12.637761139853025 -12.377316897213118 -13.044823029313873 -12.672162898873463 -12.677972438433839 -14.268269711278343 -14.567547071974158 -12.39142655527467 -14.91258741384864 -14.748369524611137 -14.712292332008957 -13.269349654630346 -13.940013701728969 -15.356398787704416 -15.587535415062064 -15.230256625336196 -15.790786234986683 -16.404201682458456 -15.618349301719734 -16.203803137204094 -15.057440266537839 -15.613906596413736 -16.890448991106776 -15.177581560314962 -17.605025631828283 -17.07583051588587 -17.948180382280125 -15.520814156015119 -17.075866680062127 -17.122246987270888 -17.42128179916068 -17.25823430777138 -16.142114347279403 -19.074615768176887 -19.001949443428387 -17.734058232628215 -18.639104395229833 -19.280961133258632 -19.19989335287536 -19.57691258639445 -18.430758350377726 -19.17161340262812 -18.996680213110665 -19.83119072273569 -18.372767015712594 -19.23895955182889
steps
10
51
 0 50000 100000 150000 200000 250000 300000 350000 400000 450000 500000 550000 600000 650000 700000 750000 800000 850000 900000 950000 1000000 1050000 1100000 1150000 1200000 1250000 1300000 1350000 1400000 1450000 1500000 1550000 1600000 1650000 1700000 1750000 1800000 1850000 1900000 1950000 2000000 2050000 2100000 2150000 2200000 2250000 2300000 2350000 2400000 2450000 2500000
51
 0 50000 100000 150000 200000 250000 300000 350000 400000 450000 500000 550000 600000 650000 700000 750000 800000 850000 900000 950000 1000000 1050000 1100000 1150000 1200000 1250000 1300000 1350000 1400000 1450000 1500000 1550000 1600000 1650000 1700000 1750000 1800000 1850000 1900000 1950000 2000000 2050000 2100000 2150000 2200000 2250000 2300000 2350000 2400000 2450000 2500000
51
 0 50000 100000 150000 200000 250000 300000 350000 400000 450000 500000 550000 600000 650000 700000 750000 800000 850000 900000 950000 1000000 1050000 1100000 1150000 1200000 1250000 1300000 1350000 1400000 1450000 1500000 1550000 1600000 1650000 1700000 1750000 1800000 1850000 1900000 1950000 2000000 2050000 2100000 2150000 2200000 2250000 2300000 2350000 2400000 2450000 2500000
51
 0 50000 100000 150000 200000 250000 300000 350000 400000 450000 500000 550000 600000 650000 700000 750000 800000 850000 900000 950000 1000000 1050000 1100000 1150000 1200000 1250000 1300000 1350000 1400000 1450000 1500000 1550000 1600000 1650000 1700000 1750000 1800000 1850000 1900000 1950000 2000000 2050000 2100000 2150000 2200000 2250000 2300000 2350000 2400000 2450000 2500000
51
 0 50000 100000 150000 200000 250000 300000 350000 400000 450000 500000 550000 600000 650000 700000 750000 800000 850000 900000 950000 1000000 1050000 1100000 1150000 1200000 1250000 1300000 1350000 1400000 1450000 1500000 1550000 1600000 1650000 1700000 1750000 1800000 1850000 1900000 1950000 2000000 2050000 2100000 2150000 2200000 2250000 2300000 2350000 2400000 2450000 2500000
51
 0 50000 100000 150000 200000 250000 300000 350000 400000 450000 500000 550000 600000 650000 700000 750000 800000 850000 900000 950000 1000000 1050000 1100000 1150000 1200000 1250000 1300000 1350000 1400000 1450000 1500000 1550000 1600000 1650000 1700000 1750000 1800000 1850000 1900000 1950000 2000000 2050000 2100000 2150000 2200000 2250000 2300000 2350000 2400000 2450000 2500000
51
 0 50000 100000 150000 200000 250000 300000 350000 400000 450000 500000 550000 600000 650000 700000 750000 800000 850000 900000 950000 1000000 1050000 1100000 1150000 1200000 1250000 1300000 1350000 1400000 1450000 1500000 1550000 1600000 1650000 1700000 1750000 1800000 1850000 1900000 1950000 2000000 2050000 2100000 2150000 2200000 2250000 2300000 2350000 2400000 2450000 2500000
51
 0 50000 100000 150000 200000 250000 300000 350000 400000 450000 500000 550000 600000 650000 700000 750000 800000 850000 900000 950000 1000000 1050000 1100000 1150000 1200000 1250000 1300000 1350000 1400000 1450000 1500000 1550000 1600000 1650000 1700000 1750000 1800000 1850000 1900000 1950000 2000000 2050000 2100000 2150000 2200000 2250000 2300000 2350000 2400000 2450000 2500000
51
 0 50000 100000 150000 200000 250000 300000 350000 400000 450000 500000 550000 600000 650000 700000 750000 800000 850000 900000 950000 1000000 1050000 1100000 1150000 1200000 1250000 1300000 1350000 1400000 1450000 1500000 1550000 1600000 1650000 1700000 1750000 1800000 1850000 1900000 1950000 2000000 2050000 2100000 2150000 2200000 2250000 2300000 2350000 2400000 2450000 2500000
51
 0 50000 100000 150000 200000 250000 300000 350000 400000 450000 500000 550000 600000 650000 700000 750000 800000 850000 900000 950000 1000000 1050000 1100000 1150000 1200000 1250000 1300000 1350000 1400000 1450000 1500000 1550000 1600000 1650000 1700000 1750000 1800000 1850000 1900000 1950000 2000000 2050000 2100000 2150000 2200000 2250000 2300000 2350000 2400000 2450000 2500000
