21
c:1.25
1
51
 9.73869323623634 2.736175766543953 2.214629976994619 0.6117827225646326 0.9781130865393728 0.39344780483762953 0.34247377818012936 0.2692556150213776 0.38210940269902005 0.17709865433881933 0.13554042627885599 0.12986430511499814 0.12745194640005686 0.11040312545160336 0.11006025896809368 0.09349938302811556 0.07535211178137191 0.06804801021939677 0.06217042179897447 0.053191421057402266 0.04767287929355668 0.03747768722495348 0.03562159859246161 0.030411387467941364 0.027131591397244748 0.02023613827536408 0.015432696493980158 0.012444682597987866 0.010475192115354748 0.007938457193699733 0.005981181411827352 0.005277870571512189 0.003700870856285954 0.002771386442424806 0.0020387179415397583 0.001751733244572562 0.0015460456033941639 0.001104510432563821 8.910941013817175E-4 5.957892184614288E-4 4.422970038819307E-4 3.2871815234869484E-4 2.405974170694436E-4 1.5544982915122185E-4 1.1569569843977723E-4 6.313858516804327E-5 4.047870552642552E-5 1.7468239492168802E-5 5.1779279820474144E-6 1.5863828028983562E-9 7.93809462606987E-15
steps1
1
51
 0.0 2.4E-4 4.8E-4 7.2E-4 9.6E-4 0.0012 0.00144 0.00168 0.00192 0.00216 0.0024 0.0027 0.0030733333333333333 0.00354 0.004122222222222222 0.004848888888888889 0.005755555555555555 0.006888888888888889 0.008304444444444444 0.010073333333333333 0.012284444444444445 0.015046666666666667 0.018497777777777776 0.022811111111111112 0.028202222222222222 0.03494 0.043362222222222226 0.05388888888888889 0.06704666666666667 0.08349333333333334 0.10405111111111111 0.12974666666666668 0.16186444444444445 0.2020111111111111 0.2521933333333333 0.31492 0.39332666666666666 0.49133333333333334 0.61384 0.7669733333333333 0.9583888888888888 1.1976577777777777 1.4967422222222222 1.8705977777777778 2.3379155555555555 2.9220622222222223 3.6522444444444444 4.564971111111111 5.564971111111111 6.564971111111111 7.564971111111111
time2
1
51
 0.0 0.003 0.007 0.011 0.015 0.018 0.020999999999999998 0.023999999999999997 0.025999999999999995 0.028999999999999995 0.030999999999999993 0.033999999999999996 0.037 0.04 0.045 0.051 0.057999999999999996 0.066 0.076 0.09 0.107 0.128 0.154 0.187 0.228 0.279 0.342 0.42100000000000004 0.519 0.643 0.797 0.9890000000000001 1.229 1.528 2.141 2.6109999999999998 3.195 3.928 4.841 5.979 7.399 9.417 11.639 14.642 18.1 22.681 28.347 35.363 44.076 53.841 63.393
c:1.5
1
32
 9.73869323623634 3.245992776859473 3.123359809885926 0.9711211229956673 1.428078120374163 0.27960161842240194 0.12265345098379643 0.11664760492297499 0.11728088737726627 0.1035196356983471 0.09717974833687604 0.08433328379833127 0.05667232436245673 0.04837053825462578 0.033714979227486896 0.024587994839234018 0.018002506504858573 0.011578468769778028 0.006977960945716677 0.004208085335998257 0.0027806992981838086 0.0015135842705282232 0.0010637092130014736 6.371684101785791E-4 4.562538530148985E-4 2.5563385227278523E-4 1.220064828323375E-4 4.9425452892437605E-5 1.2885968730613762E-5 3.548629268212977E-8 6.9453887086012855E-12 1.0E-14
steps4
1
32
 0.0 2.4E-4 4.8E-4 7.2E-4 9.6E-4 0.0012 0.00144 0.00168 0.00204 0.00258 0.0033888888888888888 0.004602222222222222 0.006422222222222222 0.009151111111111112 0.013244444444444444 0.019384444444444444 0.02859333333333333 0.04240666666666667 0.06312666666666666 0.09420666666666666 0.14082666666666666 0.21075555555555556 0.31564888888888887 0.4729888888888889 0.7089977777777777 1.0630111111111111 1.5940311111111112 2.39056 3.39056 4.39056 5.39056 6.39056
time5
1
32
 0.0 0.003 0.007 0.01 0.013000000000000001 0.016 0.018000000000000002 0.021 0.024 0.027 0.032 0.04 0.052000000000000005 0.07 0.096 0.134 0.191 0.277 0.406 0.5980000000000001 0.887 1.319 1.964 2.969 4.651 6.837 10.370999999999999 15.283999999999999 22.959 32.769 42.306 52.099
c:2.0
1
24
 9.73869323623634 3.3199184254009215 3.57001847066878 1.2901055800691599 1.1994934649777993 0.28187974730692766 0.1842418851725548 0.12386855214927806 0.1191851914725297 0.09535328441064728 0.06032300944368463 0.043138970746952054 0.026725774454374185 0.013817793408651413 0.00760405267893266 0.0035061498188529994 0.0016345149308792384 7.60243220156942E-4 2.749485672573493E-4 8.381120285777532E-5 1.8021607466334189E-6 6.684328701656028E-9 3.810285420513537E-13 7.049916206369744E-15
steps7
1
24
 0.0 2.4E-4 4.8E-4 7.2E-4 9.6E-4 0.0012 0.00144 0.00168 0.00216 0.00312 0.00504 0.00888 0.01656 0.03192 0.06264 0.12408 0.24696 0.49272 0.98424 1.96728 2.96728 3.96728 4.96728 5.96728
time8
1
24
 0.0 0.004 0.007 0.011 0.015 0.018 0.020999999999999998 0.023999999999999997 0.026999999999999996 0.031999999999999994 0.040999999999999995 0.059 0.096 0.16799999999999998 0.31099999999999994 0.5959999999999999 1.1679999999999997 2.308 4.587999999999999 9.442 18.835 28.658 38.211 47.762
c:3.0
1
22
 9.73869323623634 4.143431374992437 4.933604148982893 1.1470506016599606 1.460663816467238 0.38679737554017346 0.5162540202167742 0.15998989848907097 0.12911189381132182 0.12811381531719757 0.0862857403104722 0.04313324813825925 0.018535669933820054 0.006175294885050253 0.002205614137617107 5.444945597679052E-4 8.5178995271884E-5 2.9164127743896984E-6 5.025412808112861E-8 2.8419822051262145E-11 1.5210055437364645E-14 6.5503158452884236E-15
steps10
1
22
 0.0 2.4E-4 4.8E-4 7.2E-4 9.6E-4 0.0012 0.00144 0.00168 0.00192 0.00264 0.0048 0.01128 0.03072 0.08904 0.264 0.78888 1.78888 2.78888 3.78888 4.78888 5.78888 6.78888
time11
1
22
 0.0 0.003 0.007 0.011 0.015 0.018 0.020999999999999998 0.023999999999999997 0.026999999999999996 0.029999999999999995 0.03799999999999999 0.06099999999999999 0.123 0.304 1.1179999999999999 2.742 7.62 17.445 27.012999999999998 36.583999999999996 46.366 55.924
c:5.0
1
22
 9.73869323623634 4.145748301633413 5.780325916258725 2.2719357814623344 2.3865756996001184 0.9641079310032798 1.2279976514476143 0.3909049194594859 0.38624850527641463 0.15844117430940508 0.12429128435739356 0.12820493326931937 0.053571515305817274 0.020176939579156006 0.004369864515506583 7.142967870849559E-4 9.071274745836577E-5 6.800362206349497E-6 2.5895275840293053E-7 9.145374457730782E-10 2.1649348980190553E-14 8.992806499463768E-15
steps13
1
22
 0.0 2.4E-4 4.8E-4 7.2E-4 9.6E-4 0.0012 0.00144 0.00168 0.00192 0.00216 0.0024 0.0036 0.0096 0.0396 0.1896 0.9396 1.9396 2.9396 3.9396 4.9396 5.9396 6.9396
time14
1
22
 0.0 0.003 0.007 0.011 0.015 0.018 0.022 0.024999999999999998 0.026999999999999996 0.030999999999999996 0.033999999999999996 0.037 0.049 0.10500000000000001 0.384 1.7999999999999998 9.032 18.871000000000002 28.439 37.996 47.835 57.403
c:9.0
1
23
 9.73869323623634 2.5533277519017674 3.092789351449589 1.1720454327965377 0.9928791245425992 0.4660474704692973 0.6329364297118436 0.32137449390569783 0.31205316494203783 0.21982705717545525 0.2531945298791568 0.1439860658472687 0.11510919004584164 0.11217949013435402 0.04070642251080192 0.008101245440401361 0.0010543735727044368 9.855196024255442E-5 9.486735577490801E-6 3.794433398041086E-7 1.4879038556792068E-9 3.4916514124461173E-14 7.549516567451064E-15
steps16
1
23
 0.0 2.4E-4 4.8E-4 7.2E-4 9.6E-4 0.0012 0.00144 0.00168 0.00192 0.00216 0.0024 0.00264 0.00288 0.00504 0.02448 0.19944 1.19944 2.19944 3.19944 4.19944 5.19944 6.19944 7.19944
time17
1
23
 0.0 0.003 0.006 0.01 0.014 0.017 0.021 0.024 0.027 0.03 0.032 0.035 0.038000000000000006 0.04100000000000001 0.06100000000000001 0.241 1.8639999999999999 11.690000000000001 21.225 30.782000000000004 40.588 50.173 59.734
c:17.0
1
21
 9.73869323623634 4.93688153126508 4.757590495305266 1.6636395253073761 1.5298781316715862 0.5392703847147009 0.9867896094374884 0.30242226695377905 0.5238626477164474 0.15624904384250027 0.13783512806339604 0.13835584651406652 0.025464845873322872 0.0038209477176797124 4.364698992585514E-4 5.96393610025614E-5 6.150689594697223E-6 2.785627812862401E-7 1.3178211299980092E-9 6.461498003318411E-14 6.8833827526759706E-15
steps19
1
21
 0.0 2.4E-4 4.8E-4 7.2E-4 9.6E-4 0.0012 0.00144 0.00168 0.00192 0.00216 0.0024 0.00648 0.07584 1.07584 2.07584 3.07584 4.07584 5.07584 6.07584 7.07584 8.07584
time20
1
21
 0.0 0.003 0.006 0.01 0.014 0.018000000000000002 0.021 0.024 0.026000000000000002 0.030000000000000002 0.032 0.035 0.07400000000000001 0.7450000000000001 10.571000000000002 20.121000000000002 29.662000000000003 39.489000000000004 49.027 58.566 68.385
