8
dyna-reg-lbfgs
1
44
 9.738693236235923 8.86372000812672 4.359965658676589 1.1933024248574244 0.9196290040961013 0.22572506037024703 0.20714260691109737 0.19074569881943276 0.19855913065559944 0.22190802347507183 0.16871107249833445 0.15605518235155752 0.13981330919024598 0.13176807070651603 0.11460617653704291 0.10576979824922023 0.08442433835617097 0.06627715936587403 0.05638689190597629 0.04703108595890054 0.024247446922003923 0.0135743396278033 0.009661107428302618 0.008125613330599912 0.00655184384878732 0.004773640877398788 0.004031935455964419 0.00358994155898934 0.003113420196315664 0.0026836907979991276 0.002291611347901512 0.0018742806008745228 0.0014064577660910516 9.640449966744624E-4 7.544977907396611E-4 7.070544332664075E-4 6.781250555293328E-4 6.337531123085105E-4 5.150278305097733E-4 3.9391077349881787E-4 3.0835260243777807E-4 2.505743631770474E-4 2.176566179012407E-4 2.0495538640347144E-4
steps1
1
44
 0.0 3.6E-4 7.2E-4 0.00108 0.00144 0.0018 0.00216 0.00252 0.00288 0.00324 0.0036 0.00396 0.00432 0.00468 0.0054 0.00684 0.00972 0.01548 0.027 0.05004 0.09612 0.18828 0.3726 0.74124 1.47852 2.47852 3.47852 4.47852 5.47852 6.47852 7.47852 8.47852 9.47852 10.47852 11.47852 12.47852 13.47852 14.47852 15.47852 16.47852 17.47852 18.47852 19.47852 20.47852
static-lbfgs
1
22
 9.738693236235923 8.854981039135675 5.782003668666541 0.43114141664219613 0.3732272403762205 0.2115394643480098 0.17339758591432136 0.1587873495196655 0.14318474457898506 0.12653339861239704 0.08691587384374183 0.07116540332349336 0.06419793012352232 0.04401940737980686 0.028326483476971698 0.016710495542267834 0.009181008885661701 0.007275964373576527 0.005978670570097988 0.004959443285521281 0.004337783238504256 0.0038909043881613647
steps3
1
22
 0.0 1.0 2.0 3.0 4.0 5.0 6.0 7.0 8.0 9.0 10.0 11.0 12.0 13.0 14.0 15.0 16.0 17.0 18.0 19.0 20.0 21.0
newton-dyna-reg
1
44
 9.738693236235923 7.054687968880481 2.9575376697940006 2.342432499493321 1.3175949247430623 1.0395071393123785 0.7596729935922155 0.31126390312842417 0.17864976012227524 0.1284853434211511 0.130684704321338 0.13068470432133789 0.13068470432133789 0.13068470432133789 0.09262517721873248 0.06064492126252502 0.03490124124561106 0.02000393006709017 0.010582163407977296 0.005158214457078036 0.0018840112726759561 8.053605461090796E-4 3.758621949497276E-4 1.0944719857686191E-4 2.2952285788635507E-5 1.1119634635292641E-7 6.624079063044519E-11 1.2823075934420558E-14 -6.106226635438361E-16 -6.661338147750939E-16 -6.661338147750939E-16 -6.661338147750939E-16 -6.661338147750939E-16 -6.661338147750939E-16 -6.661338147750939E-16 -6.661338147750939E-16 -6.661338147750939E-16 -6.661338147750939E-16 -6.661338147750939E-16 -6.661338147750939E-16 -6.661338147750939E-16 -6.661338147750939E-16 -6.661338147750939E-16 -6.661338147750939E-16
steps5
1
44
 0.0 3.6E-4 7.2E-4 0.00108 0.00144 0.0018 0.00216 0.00252 0.00288 0.00324 0.0036 0.00396 0.00432 0.00468 0.0054 0.00684 0.00972 0.01548 0.027 0.05004 0.09612 0.18828 0.3726 0.74124 1.47852 2.47852 3.47852 4.47852 5.47852 6.47852 7.47852 8.47852 9.47852 10.47852 11.47852 12.47852 13.47852 14.47852 15.47852 16.47852 17.47852 18.47852 19.47852 20.47852
newton-static
1
22
 9.738693236235923 5.248043112854474 3.1704197372064344 2.2541233898114346 1.7137251758014462 1.1880561127526614 0.8074100588300699 0.6800350387058494 0.6227886999658623 0.5505197250434697 0.5079920970464047 0.46791859926316676 0.423666030144421 0.3522175497629833 0.30274591683983837 0.24315861667998512 0.19732576208032143 0.13960030021120812 0.0820795314736355 0.04049673717157637 0.01962140839735177 0.004176556099984796
steps7
1
22
 0.0 1.0 2.0 3.0 4.0 5.0 6.0 7.0 8.0 9.0 10.0 11.0 12.0 13.0 14.0 15.0 16.0 17.0 18.0 19.0 20.0 21.0
