2
suboptimality
4
7
 0.02090704800915477 0.012600089373244305 0.00932964685309079 0.006072775272384701 0.003937037160148871 0.0025789218951300374 0.0015635764486638948
7
 0.02090735852560699 0.014219880160288412 0.010192811984962191 0.005408370676670826 0.003446850702075732 0.0022616392306648025 0.0016285870240333455
7
 0.021351451267604737 0.015917481394072786 0.010883895085656126 0.007676306994559623 0.004413227054299307 0.002990125115124309 0.0016702406524881086
7
 0.023502104080434627 0.017863855027481335 0.012274843016822634 0.0075084883059802765 0.004165380672709107 0.0025051122571047024 0.0017423310977542905
steps
4
7
 2000.0 3000.0 4500.0 6750.0 10125.0 15187.0 22781.0
7
 2000.0 3000.0 4500.0 6750.0 10125.0 15187.0 22781.0
7
 2000.0 3000.0 4500.0 6750.0 10125.0 15187.0 22781.0
7
 2000.0 3000.0 4500.0 6750.0 10125.0 15187.0 22781.0
