4
loss
1
20
 0.5331394891254412 0.5154731616197565 0.5071105319318917 0.5022033672605867 0.4989914328759605 0.49673822498587117 0.4950786059052887 0.49381078876464685 0.4928143266260191 0.4920130189549837 0.49135640088506766 0.49080978891908705 0.4903486016440715 0.4899549594070918 0.4896155649711127 0.4893203367713781 0.4890615012813605 0.4888329746777218 0.48862993202521215 0.4884485010759266
omega
1
20
 31.248662208791416 56.425543594676085 76.91376450197754 93.89901275093783 108.25044727752885 120.58187759767699 131.3300039237564 140.8118772727643 149.26286513024837 156.8614269677942 163.7454927088804 170.0235105487915 175.78206095057615 181.09121421533135 186.00837402577628 190.58108431827262 194.84911272138004 198.84602015911088 202.6003595552915 206.13660274278982
distances
1
20
 249.91381864625495 199.3986579216657 169.80000769475038 149.7675498639864 135.05991270403848 123.67101704146222 114.51345195341196 106.94069450045964 100.54140288938413 95.0398649604711 90.24346022118715 86.01299929399136 82.24504509984905 78.86089307289177 75.79943851278966 73.01240904319991 70.4610880744558 68.11400765227984 65.94528875747596 63.93342452141644
lambda
1
20
 0.002 0.001 6.666666666666666E-4 5.0E-4 4.0E-4 3.333333333333333E-4 2.8571428571428574E-4 2.5E-4 2.2222222222222223E-4 2.0E-4 1.818181818181818E-4 1.6666666666666666E-4 1.5384615384615385E-4 1.4285714285714287E-4 1.3333333333333334E-4 1.25E-4 1.1764705882352942E-4 1.1111111111111112E-4 1.0526315789473685E-4 1.0E-4
