18
newton-dyna-reg
1
18
 3.3280524630479706 0.2931922359371685 0.42513226925198944 0.17421915432935456 0.1742191543293544 0.17421915432935434 0.13276928534035035 0.10009037358338704 0.07037327346090314 0.04457414844728824 0.025861174701596018 0.012252534421718864 0.005085076929997684 0.001431048780493105 1.6729152409394876E-4 2.3685128430761537E-7 9.092726571680032E-13 1.7486012637846216E-15
steps1
1
18
 0.0 0.0014669600586784024 0.002933920117356805 0.004400880176035207 0.00586784023471361 0.008801760352070413 0.014669600586784024 0.026405281056211243 0.04987664199506568 0.09681936387277455 0.1907048076281923 0.3784756951390278 0.7540174701606988 1.505101020204041 2.505101020204041 3.505101020204041 4.505101020204041 5.505101020204041
time2
1
18
 0.0 0.002 0.004 0.006 0.017 0.032 0.035 0.041 0.052000000000000005 0.07500000000000001 0.12300000000000001 0.21200000000000002 0.396 0.771 1.53 2.508 3.479 4.448
newton-static
1
9
 3.3280524630479706 1.1874802510990548 0.13998984846952509 0.022264931017879797 0.0033835795793427936 1.3895220166076916E-4 3.1627725677330076E-7 1.797034743233894E-12 1.6930901125533637E-15
steps4
1
9
 0.0 1.0 2.0 3.0 4.0 5.0 6.0 7.0 8.0
time5
1
9
 0.0 1.276 2.6630000000000003 3.805 4.942 6.069 7.193 8.315999999999999 9.445999999999998
static-lbfgs
1
39
 3.3280524630479706 3.191989561484616 1.1949916098798326 0.9975872325955415 0.7987753358010974 0.3216934042038153 0.2922356043087353 0.11866509085652602 0.03359046388638465 0.014338442393967754 0.007894458459597853 0.005512135412292202 0.002958673299344544 5.133634892006411E-4 2.9408387240215106E-4 6.242191280778076E-5 4.853489897951868E-5 3.2909708335221444E-5 1.987369720773957E-5 8.693745020799115E-6 6.424822490025406E-6 1.742033389290354E-6 1.1488978793050553E-6 3.46791764610499E-7 2.3981578478604604E-7 5.3320460324801644E-8 2.8218673148172613E-8 1.1404746341758809E-8 7.997444345653193E-9 1.0382771031824944E-9 5.898665722536833E-10 1.8278267788218727E-10 9.578760007400433E-11 3.785527447064396E-12 7.521760991835436E-13 3.0378477511305846E-13 1.33060229501325E-13 2.8421709430404007E-14 5.384581669432009E-15
steps7
1
39
 0.0 1.0 2.0 3.0 4.0 5.0 6.0 7.0 8.0 9.0 10.0 11.0 12.0 13.0 14.0 15.0 16.0 17.0 18.0 19.0 20.0 21.0 22.0 23.0 24.0 25.0 26.0 27.0 28.0 29.0 30.0 31.0 32.0 33.0 34.0 35.0 36.0 37.0 38.0
time8
1
39
 0.0 0.663 1.3639999999999999 2.026 3.12 3.829 4.634 5.29 6.084 6.742999999999999 7.417999999999999 8.094 8.754 9.414 10.126 10.780999999999999 11.441999999999998 12.099999999999998 12.758999999999999 13.408999999999999 14.087 14.767 15.421999999999999 16.084 16.79 17.448 18.103 18.764000000000003 19.427000000000003 20.085000000000004 20.750000000000004 21.425000000000004 22.113000000000003 22.775000000000002 23.429000000000002 24.094 24.751 25.418000000000003 26.072000000000003
dyna-reg-lbfgs
1
156
 3.3280524630479706 3.140230842488105 0.3151581013259308 0.18239490121501592 0.22477326585843385 0.2247732658584338 0.2247732658584338 0.20485030974569865 0.20485030974569848 0.20485030974569843 0.20485030974569843 0.20485030974569843 NaN NaN NaN NaN NaN NaN NaN NaN NaN NaN NaN NaN NaN NaN NaN NaN NaN NaN NaN NaN NaN NaN NaN NaN NaN NaN NaN NaN NaN NaN NaN NaN NaN NaN NaN NaN NaN NaN NaN NaN NaN NaN NaN NaN NaN NaN NaN NaN NaN NaN NaN NaN NaN NaN NaN NaN NaN NaN NaN NaN NaN NaN NaN NaN NaN NaN NaN NaN NaN NaN NaN NaN NaN NaN NaN NaN NaN NaN NaN NaN NaN NaN NaN NaN NaN NaN NaN NaN NaN NaN NaN NaN NaN NaN NaN NaN NaN NaN NaN NaN NaN NaN NaN NaN NaN NaN NaN NaN NaN NaN NaN NaN NaN NaN NaN NaN NaN NaN NaN NaN NaN NaN NaN NaN NaN NaN NaN NaN NaN NaN NaN NaN NaN NaN NaN NaN NaN NaN NaN NaN NaN NaN NaN NaN
steps10
1
156
 0.0 0.0014669600586784024 0.002933920117356805 0.004400880176035207 0.00586784023471361 0.007334800293392012 0.008801760352070413 0.010268720410748817 0.01173568046942722 0.013202640528105622 0.014669600586784024 0.016136560645462424 0.017603520704140826 0.020537440821497634 0.02347136093885444 0.026405281056211243 0.03227312129092485 0.038140961525638464 0.04400880176035207 0.05574448222977929 0.06748016269920651 0.07921584316863373 0.10268720410748816 0.1261585650463426 0.14962992598519703 0.1965726478629059 0.2435153697406148 0.29045809161832364 0.38434353537374144 0.4782289791291592 0.5721144228845769 0.7598853103954124 0.9476561979062479 1.1354270854170834 1.5109688604387543 1.8865106354604255 2.2620524104820965 3.0131359605254384 3.7642195105687803 4.515303060612123 5.515303060612123 6.515303060612123 7.515303060612123 8.515303060612123 9.515303060612123 10.515303060612123 11.515303060612123 12.515303060612123 13.515303060612123 14.515303060612123 15.515303060612123 16.515303060612123 17.515303060612123 18.515303060612123 19.515303060612123 20.515303060612123 21.515303060612123 22.515303060612123 23.515303060612123 24.515303060612123 25.515303060612123 26.515303060612123 27.515303060612123 28.515303060612123 29.515303060612123 30.515303060612123 31.515303060612123 32.51530306061212 33.51530306061212 34.51530306061212 35.51530306061212 36.51530306061212 37.51530306061212 38.51530306061212 39.51530306061212 40.51530306061212 41.51530306061212 42.51530306061212 43.51530306061212 44.51530306061212 45.51530306061212 46.51530306061212 47.51530306061212 48.51530306061212 49.51530306061212 50.51530306061212 51.51530306061212 52.51530306061212 53.51530306061212 54.51530306061212 55.51530306061212 56.51530306061212 57.51530306061212 58.51530306061212 59.51530306061212 60.51530306061212 61.51530306061212 62.51530306061212 63.51530306061212 64.51530306061213 65.51530306061213 66.51530306061213 67.51530306061213 68.51530306061213 69.51530306061213 70.51530306061213 71.51530306061213 72.51530306061213 73.51530306061213 74.51530306061213 75.51530306061213 76.51530306061213 77.51530306061213 78.51530306061213 79.51530306061213 80.51530306061213 81.51530306061213 82.51530306061213 83.51530306061213 84.51530306061213 85.51530306061213 86.51530306061213 87.51530306061213 88.51530306061213 89.51530306061213 90.51530306061213 91.51530306061213 92.51530306061213 93.51530306061213 94.51530306061213 95.51530306061213 96.51530306061213 97.51530306061213 98.51530306061213 99.51530306061213 100.51530306061213 101.51530306061213 102.51530306061213 103.51530306061213 104.51530306061213 105.51530306061213 106.51530306061213 107.51530306061213 108.51530306061213 109.51530306061213 110.51530306061213 111.51530306061213 112.51530306061213 113.51530306061213 114.51530306061213 115.51530306061213 116.51530306061213 117.51530306061213 118.51530306061213 119.51530306061213 120.51530306061213
time11
1
156
 0.0 0.001 0.002 0.003 0.004 0.011 0.018 0.019999999999999997 0.026999999999999996 0.033999999999999996 0.041999999999999996 0.052 0.054 0.055 0.059 0.074 0.077 0.082 0.08800000000000001 0.09500000000000001 0.10800000000000001 0.126 0.138 0.164 0.188 0.218 0.269 0.319 0.37 0.473 0.564 0.6619999999999999 0.8479999999999999 1.035 1.2209999999999999 1.5959999999999999 1.9769999999999999 2.359 3.113 3.87 4.627 5.653 6.6899999999999995 7.702999999999999 8.716999999999999 9.732999999999999 10.746999999999998 11.774999999999999 12.807999999999998 13.812999999999999 14.818999999999999 15.812999999999999 16.817 17.823 18.856 19.891000000000002 20.894000000000002 21.895000000000003 22.897000000000002 23.900000000000002 24.929000000000002 25.969 26.976000000000003 27.984 28.989 29.994 31.012 32.062 33.077999999999996 34.093999999999994 35.111999999999995 36.129999999999995 37.138999999999996 38.211 39.216 40.232 41.232 42.241 43.434 44.474 45.519999999999996 46.528999999999996 47.541999999999994 48.55199999999999 49.56199999999999 50.60099999999999 51.64699999999999 52.663999999999994 53.687 54.705999999999996 55.729 56.76 57.815999999999995 58.833999999999996 59.918 60.926 61.954 62.975 64.061 65.07100000000001 66.09300000000002 67.09500000000001 68.06800000000001 69.04500000000002 70.00400000000002 70.98200000000001 71.936 72.94500000000001 73.93900000000001 74.917 75.898 76.87899999999999 77.86299999999999 78.84099999999998 79.82099999999998 80.81499999999998 81.79299999999998 82.69999999999997 83.60999999999997 84.58699999999997 85.55599999999997 86.52299999999997 87.50099999999996 88.45899999999996 89.43799999999996 90.39299999999996 91.37199999999996 92.33699999999996 93.31199999999995 94.27599999999995 95.25199999999995 96.21799999999995 97.18699999999994 98.16399999999994 99.12399999999994 100.10099999999994 101.04199999999994 102.01899999999995 103.00399999999995 103.98599999999995 104.97299999999994 105.95599999999995 106.93799999999995 107.92199999999994 108.90299999999993 109.88399999999993 110.86499999999992 111.84799999999993 112.82699999999993 113.80699999999993 114.78699999999994 115.76799999999993 116.75199999999992 117.73099999999992 118.70999999999992 119.68999999999993
saga
1
24
 3.3280524630479706 0.0016430228171000483 3.164701186963992E-4 1.6304988815912802E-4 4.69795673272988E-5 5.005890896161991E-5 2.213358652108921E-6 1.0802920827612805E-6 6.178566068215652E-7 2.796202630273026E-7 1.0028494684677369E-7 8.540895435338314E-9 2.87633197815218E-9 2.8995481016202973E-10 2.122683695482408E-10 9.516157306599382E-11 1.1775441732808645E-11 1.3755940830861846E-12 1.0234868508263162E-12 1.9501067427540875E-13 4.216071936014032E-14 2.5868196473766147E-14 1.3156142841808105E-14 2.9976021664879227E-15
steps13
1
24
 0.0 1.0 2.0 3.0 4.0 5.0 6.0 7.0 8.0 9.0 10.0 11.0 12.0 13.0 14.0 15.0 16.0 17.0 18.0 19.0 20.0 21.0 22.0 23.0
time14
1
24
 0.0 0.44600000000000023 0.8060000000000005 1.0769999999999922 1.4059999999999615 1.7509999999999306 2.0939999999998995 2.3739999999998687 2.725999999999838 3.004999999999807 3.2809999999997768 3.624999999999746 3.904999999999715 4.251999999999765 4.528999999999858 4.809999999999952 5.092000000000046 5.439000000000138 5.718000000000231 6.000000000000325 6.352000000000419 6.632000000000512 6.912000000000606 7.1930000000006995
nesterov
1
122
 0.496650728776708 0.4721938403568775 0.44115853015116235 0.40728449112665766 0.37264115179475454 0.3387110664202826 0.30657577009053893 0.27696859500388693 0.2503165815210415 0.22679217892042744 0.20637194769521425 0.18889472792478648 0.1741130329402483 0.1617343480752406 0.15145165777713218 0.14296424136252975 0.13599057833611108 0.1302753552160085 0.1255923567663431 0.12174467197946989 0.11856327862751673 0.11590475181630125 0.11364859176919359 0.11169448218458547 0.10995966205419647 0.10837650788216616 0.10689036808494931 0.10545765755953915 0.10404420092893066 0.10262380277846281 0.10117701882166644 0.09969010106740003 0.09815409119976568 0.09656403858085874 0.09491832196728159 0.09321805685802012 0.09146657318213561 0.08966895070038086 0.08783160200179038 0.08596189531640366 0.0840678115402784 0.08215763187660083 0.08023965432206362 0.0783219388398311 0.07641208241008043 0.07451702617321224 0.07264289750971539 0.07079489006951625 0.06897718442825648 0.06719291119852269 0.06544415709797127 0.06373201276617654 0.06205665917181277 0.0604174874486553 0.05881324515162903 0.05724220043882319 0.05570231473683554 0.054191414154633105 0.0527073503228572 0.05124814241877132 0.049812093787898026 0.048397878627820634 0.04700459646088426 0.04563179438316278 0.04427945914642939 0.04294798285336071 0.04163810731748374 0.0403508529080025 0.03908743796691683 0.03784919469759243 0.03663748686043283 0.03545363377096106 0.03429884408447301 0.033174161771142296 0.03208042562418198 0.031018242671745855 0.02998797503027159 0.028989739072291215 0.028023415296049764 0.02708866697378437 0.026184965504833013 0.02531162038650847 0.024467811813199236 0.023652624095434255 0.022865078329067895 0.022104163017065276 0.021368861632303976 0.020658176393239525 0.019971147792865296 0.01930686966587375 0.018664499794029954 0.01804326623153335 0.01744246967966706 0.016861482353573487 0.0162997438646717 0.015756754692401342 0.01523206784156858 0.014725279279140302 0.014236017720855948 0.013763934296167374 0.013308692564022395 0.012869959284518756 0.01244739627650493 0.012040653611646246 0.011649364314631178 0.011273140659891628 0.010911572080216397 0.01056422463406717 0.010230641918376387 0.00991034726376272 0.009602847010059229 0.00930763463295936 0.009024195477089825 0.00875201184693375 0.008490568213512045 0.008239356310990292 0.007997879921340406 0.007765659175674594 0.007542234235674045 0.007327168256082955 0.007120049567376885 0.006920493055162957
steps16
1
122
 0.0 1.0 2.0 3.0 4.0 5.0 6.0 7.0 8.0 9.0 10.0 11.0 12.0 13.0 14.0 15.0 16.0 17.0 18.0 19.0 20.0 21.0 22.0 23.0 24.0 25.0 26.0 27.0 28.0 29.0 30.0 31.0 32.0 33.0 34.0 35.0 36.0 37.0 38.0 39.0 40.0 41.0 42.0 43.0 44.0 45.0 46.0 47.0 48.0 49.0 50.0 51.0 52.0 53.0 54.0 55.0 56.0 57.0 58.0 59.0 60.0 61.0 62.0 63.0 64.0 65.0 66.0 67.0 68.0 69.0 70.0 71.0 72.0 73.0 74.0 75.0 76.0 77.0 78.0 79.0 80.0 81.0 82.0 83.0 84.0 85.0 86.0 87.0 88.0 89.0 90.0 91.0 92.0 93.0 94.0 95.0 96.0 97.0 98.0 99.0 100.0 101.0 102.0 103.0 104.0 105.0 106.0 107.0 108.0 109.0 110.0 111.0 112.0 113.0 114.0 115.0 116.0 117.0 118.0 119.0 120.0 121.0
time17
1
122
 0.0 0.193 0.313 0.41400000000000003 0.515 0.685 0.786 0.887 0.989 1.09 1.191 1.292 1.3940000000000001 1.495 1.596 1.697 1.798 1.899 2.0 2.101 2.26 2.3609999999999998 2.4619999999999997 2.5629999999999997 2.6639999999999997 2.7649999999999997 2.8669999999999995 2.9679999999999995 3.0689999999999995 3.1699999999999995 3.2709999999999995 3.3719999999999994 3.4729999999999994 3.5739999999999994 3.6749999999999994 3.7759999999999994 3.906999999999999 4.067999999999999 4.169999999999999 4.270999999999999 4.371999999999999 4.472999999999999 4.573999999999999 4.674999999999999 4.775999999999999 4.876999999999999 4.977999999999999 5.079999999999999 5.180999999999999 5.281999999999999 5.3839999999999995 5.484999999999999 5.585999999999999 5.688 5.792 5.893 5.994 6.095 6.196 6.298 6.399 6.5 6.601 6.702 6.804 6.906000000000001 7.008000000000001 7.110000000000001 7.211000000000001 7.312000000000001 7.413000000000001 7.577000000000001 7.760000000000001 7.923000000000001 8.025 8.126000000000001 8.227000000000002 8.328000000000003 8.429000000000004 8.531000000000004 8.632000000000005 8.733000000000006 8.834000000000007 8.935000000000008 9.036000000000008 9.13700000000001 9.23800000000001 9.339000000000011 9.440000000000012 9.542000000000012 9.644000000000013 9.746000000000013 9.851000000000013 9.952000000000014 10.053000000000015 10.154000000000016 10.256000000000016 10.358000000000017 10.460000000000017 10.561000000000018 10.662000000000019 10.76300000000002 10.86500000000002 10.96800000000002 11.07100000000002 11.174000000000019 11.277000000000019 11.379000000000019 11.482000000000019 11.588000000000019 11.68900000000002 11.79500000000002 11.90100000000002 12.00700000000002 12.10800000000002 12.21500000000002 12.31600000000002 12.42100000000002 12.523000000000021 12.62900000000002 12.731000000000021 12.836000000000022
