9
dyna-newton:0
1
41
 NaN NaN NaN NaN NaN NaN NaN NaN NaN NaN NaN NaN NaN NaN NaN NaN NaN NaN NaN NaN NaN NaN NaN NaN NaN NaN NaN NaN NaN NaN NaN NaN NaN NaN NaN NaN NaN NaN NaN NaN NaN
steps1
1
41
 0.0 0.0014669600586784024 0.002933920117356805 0.005423306883598942 0.009646373719188282 0.01809250739036696 0.03498477473272432 0.06876930941743904 0.1363383787868685 0.2714765175257274 0.5417527950034451 1.0823053499588806 2.082305349958881 3.082305349958881 4.08230534995888 5.08230534995888 6.08230534995888 7.08230534995888 8.082305349958881 9.082305349958881 10.082305349958881 11.082305349958881 12.082305349958881 13.082305349958881 14.082305349958881 15.082305349958881 16.08230534995888 17.08230534995888 18.08230534995888 19.08230534995888 20.08230534995888 21.08230534995888 22.08230534995888 23.08230534995888 24.08230534995888 25.08230534995888 26.08230534995888 27.08230534995888 28.08230534995888 29.08230534995888 30.08230534995888
time2
1
41
 0.0 0.001 0.002 0.003 0.005 0.007 0.011 0.019999999999999997 0.043 0.077 0.14500000000000002 0.28 0.543 0.756 1.109 1.468 1.826 2.1790000000000003 2.5380000000000003 2.8960000000000004 3.2500000000000004 3.6090000000000004 3.9670000000000005 4.321000000000001 4.678000000000001 5.037000000000001 5.3950000000000005 5.755000000000001 6.113 6.471 6.827 7.18 7.528 7.882 8.235 8.588999999999999 8.940999999999999 9.299 9.658 10.017 10.370999999999999
dyna-newton:1
1
44
 NaN NaN NaN NaN NaN NaN NaN NaN NaN NaN NaN NaN NaN NaN NaN NaN NaN NaN NaN NaN NaN NaN NaN NaN NaN NaN NaN NaN NaN NaN NaN NaN NaN NaN NaN NaN NaN NaN NaN NaN NaN NaN NaN NaN
steps4
1
44
 0.0 0.0014669600586784024 0.002933920117356805 0.004400880176035207 0.00586784023471361 0.007334800293392012 0.00982418705963415 0.01404725389522349 0.02249338756640217 0.03938565490875953 0.07317018959347425 0.14073925896290368 0.27587739770176256 0.5461536751794803 1.086706230134916 2.086706230134916 3.086706230134916 4.086706230134916 5.086706230134916 6.086706230134916 7.086706230134916 8.086706230134915 9.086706230134915 10.086706230134915 11.086706230134915 12.086706230134915 13.086706230134915 14.086706230134915 15.086706230134915 16.086706230134915 17.086706230134915 18.086706230134915 19.086706230134915 20.086706230134915 21.086706230134915 22.086706230134915 23.086706230134915 24.086706230134915 25.086706230134915 26.086706230134915 27.086706230134915 28.086706230134915 29.086706230134915 30.086706230134915
time5
1
44
 0.0 0.001 0.002 0.002 0.003 0.004 0.005 0.007 0.01 0.014 0.023 0.04 0.07500000000000001 0.14800000000000002 0.28300000000000003 0.542 0.755 1.113 1.472 1.821 2.174 2.526 2.8779999999999997 3.2259999999999995 3.5779999999999994 3.9299999999999993 4.279999999999999 4.637999999999999 4.991999999999999 5.345999999999999 5.695999999999999 6.049999999999999 6.407999999999999 6.7639999999999985 7.119999999999998 7.4769999999999985 7.833999999999999 8.187999999999999 8.543999999999999 8.892999999999999 9.249999999999998 9.607999999999999 9.964999999999998 10.316999999999998
dyna-newton:2
1
48
 NaN NaN NaN NaN NaN NaN NaN NaN NaN NaN NaN NaN NaN NaN NaN NaN NaN NaN NaN NaN NaN NaN NaN NaN NaN NaN NaN NaN NaN NaN NaN NaN NaN NaN NaN NaN NaN NaN NaN NaN NaN NaN NaN NaN NaN NaN NaN NaN
steps7
1
48
 0.0 0.0014669600586784024 0.002933920117356805 0.004400880176035207 0.00586784023471361 0.007334800293392012 0.008801760352070413 0.010268720410748817 0.01173568046942722 0.013202640528105622 0.01569202729434776 0.020670800826832033 0.03062834789180058 0.05054344202173768 0.09037363028161188 0.17003400680136027 0.32935475984085705 0.6479962659198506 1.2852792780778377 2.2852792780778377 3.2852792780778377 4.285279278077838 5.285279278077838 6.285279278077838 7.285279278077838 8.285279278077837 9.285279278077837 10.285279278077837 11.285279278077837 12.285279278077837 13.285279278077837 14.285279278077837 15.285279278077837 16.285279278077837 17.285279278077837 18.285279278077837 19.285279278077837 20.285279278077837 21.285279278077837 22.285279278077837 23.285279278077837 24.285279278077837 25.285279278077837 26.285279278077837 27.285279278077837 28.285279278077837 29.285279278077837 30.285279278077837
time8
1
48
 0.0 0.0 0.0 0.001 0.002 0.003 0.004 0.004 0.004 0.005 0.006 0.007 0.01 0.015 0.031 0.051000000000000004 0.092 0.172 0.33199999999999996 0.613 0.818 1.172 1.531 1.8889999999999998 2.247 2.5989999999999998 2.957 3.3129999999999997 3.6679999999999997 4.021 4.379 4.736 5.092 5.444 5.801 6.156000000000001 6.510000000000001 6.859000000000001 7.214 7.573 7.925000000000001 8.282 8.64 8.996 9.351 9.701 10.055 10.413
