21
c:1.25
1
36
 0.49665072877670735 0.23347074580021773 0.22348363622994086 0.19754572074622853 0.17856658543783013 0.15932335880315177 0.1627512371832114 0.1572325046403754 0.13664645418712437 0.1208256641537718 0.1051778481518312 0.09153888443554611 0.08418916289777292 0.07274370210921913 0.06481879042647262 0.05480901942508412 0.04737775645073461 0.038769559673113074 0.031111575414797754 0.026073658489069756 0.020655304429238408 0.015061641176239454 0.011083837431144078 0.008938196153640998 0.006450021458419247 0.0048396401131672595 0.003596699766744982 0.0025087325872291955 0.0016121815485193036 9.80406238760445E-4 6.782226885548859E-4 2.180399480678219E-4 1.1043619350356582E-4 6.417329864255583E-6 4.71352568087724E-10 1.0E-14
steps1
1
36
 0.0 9.779733724522683E-4 0.0022004400880176033 0.0037118534818074726 0.005601120224044809 0.007957146984952547 0.010891067102309351 0.014558467249005357 0.01913716076548643 0.024849414327309905 0.03198417461270032 0.0408970683025494 0.052032628747971814 0.06594652263786091 0.0833277766664444 0.1050432308683959 0.13218199195394634 0.16609988664399547 0.208486141672779 0.2614522904580916 0.3276433064390656 0.41037096308150517 0.5137694205507768 0.6430174923873664 0.8045609121824365 1.0064901869262741 1.2588962236891823 1.5744037696428175 1.9687715320841945 2.4617145651352494 3.07788224311529 3.8480807272565625 4.810828832433153 5.810828832433153 6.810828832433153 7.810828832433153
time2
1
36
 0.0 0.001 0.003 0.018 0.019 0.02 0.021 0.023 0.025 0.027000000000000003 0.031000000000000003 0.04 0.044 0.048999999999999995 0.06799999999999999 0.08499999999999999 0.103 0.123 0.15 0.172 0.19799999999999998 0.22899999999999998 0.26899999999999996 0.31799999999999995 0.37899999999999995 0.46799999999999997 0.62 0.742 0.894 1.109 1.403 1.72 2.175 2.691 2.955 3.505
c:1.5
1
22
 0.49665072877670735 0.2262925037948447 0.21325381266306978 0.17419037151642056 0.14346817591552855 0.1259198647166551 0.10708240568844388 0.08158927246383793 0.06630721836693063 0.04892369620565279 0.036590355539288605 0.025348678919516088 0.019119924210409256 0.012343018938328482 0.008328200118521922 0.005050696140962929 0.00256969941375923 0.0010016148605986597 3.1929026593066623E-4 1.780518649832641E-5 2.0349215090753603E-9 2.220446049250313E-16
steps4
1
22
 0.0 9.779733724522683E-4 0.0024449334311306705 0.004645373519148274 0.007934920317396814 0.01286924051476962 0.020270720810828834 0.031361827921139784 0.04798737525282834 0.07292569625036119 0.11033317774666045 0.16643328665733145 0.250583450023338 0.3768086950723478 0.5661354493120846 0.8501255806716899 1.27609966437732 1.915049676601987 2.87346358160521 3.87346358160521 4.87346358160521 5.87346358160521
time5
1
22
 0.0 0.001 0.001 0.002 0.004 0.006 0.009000000000000001 0.013000000000000001 0.02 0.028999999999999998 0.049 0.089 0.12 0.16499999999999998 0.23199999999999998 0.33599999999999997 0.508 0.786 1.125 1.627 1.9769999999999999 2.404
c:2.0
1
15
 0.49665072877670735 0.2031882865115396 0.192933196251637 0.14798143718218457 0.11058113282270629 0.08035331308724439 0.05162649701952146 0.030605924874565926 0.017727422226283124 0.006803757894071283 0.002977326880182596 5.84249222131128E-4 3.196103402602901E-6 1.6543058589668647E-10 8.326672684688674E-17
steps7
1
15
 0.0 9.779733724522683E-4 0.002933920117356805 0.0068458136071658775 0.014669600586784024 0.030317174546020315 0.0616123224644929 0.12420261830143807 0.2493832099753284 0.49974439332310905 1.0004667600186703 2.0004667600186705 3.0004667600186705 4.0004667600186705 5.0004667600186705
time8
1
15
 0.0 0.001 0.002 0.003 0.008 0.014 0.031 0.052000000000000005 0.089 0.16299999999999998 0.31399999999999995 0.712 0.976 1.509 2.012
c:3.0
1
12
 0.49665072877670735 0.21604905507375785 0.20134637067963826 0.13929036445531975 0.08609899990712547 0.03883705084811637 0.016242794555043544 0.004662643151460533 4.2343275858136575E-4 2.104368039573812E-6 7.304043481148881E-11 1.0E-14
steps10
1
12
 0.0 9.779733724522683E-4 0.003911893489809073 0.012713653841879486 0.03911893489809073 0.11833477806672446 0.3559823075726256 1.0689248960903293 2.068924896090329 3.068924896090329 4.068924896090329 5.068924896090329
time11
1
12
 0.0 0.0 0.001 0.004 0.01 0.03 0.092 0.277 0.7190000000000001 1.004 1.52 2.051
c:5.0
1
11
 0.49665072877670735 0.2741612795503917 0.26487940673122545 0.13233570561131805 0.053786571172398795 0.016557420081946217 0.0024720889202660135 7.630280104203857E-5 9.798238823077732E-8 1.7302825838783065E-13 2.7755575615628914E-17
steps13
1
11
 0.0 9.779733724522683E-4 0.00586784023471361 0.030317174546020315 0.15256384610255386 0.7637972038852215 1.7637972038852214 2.7637972038852214 3.7637972038852214 4.763797203885222 5.763797203885222
time14
1
11
 0.0 0.001 0.002 0.007 0.035 0.183 0.59 0.877 1.374 1.895 2.379
c:9.0
1
10
 0.49665072877670735 0.23156206698693668 0.2210472604914677 0.09804925719224969 0.03074356104357351 0.0056454641082698265 3.5355431096339984E-4 1.9856522842365276E-6 7.191061635047902E-11 2.0261570199409107E-15
steps16
1
10
 0.0 9.779733724522683E-4 0.009779733724522682 0.0889955768931564 0.8019381654108599 1.80193816541086 2.80193816541086 3.80193816541086 4.80193816541086 5.80193816541086
time17
1
10
 0.0 0.0 0.002 0.018000000000000002 0.16199999999999998 0.602 0.865 1.392 1.8459999999999999 2.322
c:17.0
1
10
 0.49665072877670735 0.20479806147700783 0.1923665873042015 0.07039941641700939 0.018534730713143155 0.0026709845649071917 9.177047367783797E-5 1.421937827483788E-7 3.6942671144402084E-13 1.0E-14
steps19
1
10
 0.0 9.779733724522683E-4 0.017603520704140826 0.3002378253428463 1.3002378253428464 2.300237825342846 3.300237825342846 4.300237825342847 5.300237825342847 6.300237825342847
time20
1
10
 0.0 0.001 0.004 0.07100000000000001 0.384 0.642 1.1680000000000001 1.6960000000000002 2.153 2.656
