10
SGD
10
51
 -1.2279258794276409 -6.524198445412946 -7.083531804532117 -7.37664397402351 -7.522918650511479 -7.722882019306257 -7.8621541987850145 -7.987115182935946 -8.08060188207094 -8.169495237368375 -8.259156377316964 -8.332502297503442 -8.393837403499864 -8.435443870822734 -8.505924750429681 -8.552786797946592 -8.59732249569855 -8.646945575417725 -8.692729003696451 -8.72833127280934 -8.774124069185003 -8.816941502093773 -8.859997121084866 -8.8835552951939 -8.91254277583744 -8.940014241407269 -8.967512349537895 -8.99685309114267 -9.025943104136035 -9.051921133051803 -9.078469236459307 -9.09846853023621 -9.122181726078072 -9.148135934123312 -9.171871365604973 -9.18728136230765 -9.2010346940545 -9.215964758723636 -9.23871773120702 -9.255858889110387 -9.277857630581082 -9.295141156510548 -9.310214903993215 -9.326460829845438 -9.344507911168176 -9.3607247992133 -9.380459229011953 -9.396027001172254 -9.412243897819527 -9.428168796407 -9.443594898277675
51
 -1.2279258794276409 -6.428584408705845 -6.964081779287256 -7.343346587978792 -7.5620671169781035 -7.701100360387281 -7.866147120391553 -7.99418538414632 -8.077046832838734 -8.161371610723991 -8.251828182866243 -8.313628907059924 -8.379657052372943 -8.456038997989044 -8.517065036957005 -8.569720470883382 -8.6117784454199 -8.661139405229429 -8.696346751309768 -8.729653508364628 -8.771126934370708 -8.802346839384867 -8.832498542501845 -8.862325914142149 -8.895187447264327 -8.920191018297636 -8.947211854219793 -8.964589498490435 -8.990613539589821 -9.020582435806554 -9.047110897694372 -9.074848722044743 -9.10004267775643 -9.121229989511269 -9.144677486956356 -9.171480234806946 -9.195298941296489 -9.213754762792517 -9.234351905005495 -9.2540722936082 -9.272345181119167 -9.294775714305592 -9.308325770446926 -9.317911332922987 -9.336302407044414 -9.349778971747293 -9.364638070075321 -9.386316188552021 -9.401521312815532 -9.41533748800901 -9.431742292842653
51
 -1.2279258794276409 -6.44052569701603 -7.043670559368715 -7.404273578362363 -7.602114757901369 -7.797329984876145 -7.910904389661193 -8.036273767197752 -8.162110706088777 -8.250699767878364 -8.326993724714686 -8.390984854688314 -8.436027446968353 -8.493593710253444 -8.548511531715851 -8.61792499941596 -8.65932504784674 -8.69285479379452 -8.718224309475406 -8.75263827561817 -8.776820176173723 -8.80367188911837 -8.819858107212365 -8.853526984998716 -8.88061381319663 -8.91348082053545 -8.946078109470875 -8.967956803686594 -8.98761194922647 -9.013638688607752 -9.041278641759064 -9.08142021713895 -9.097486308232156 -9.121794921659776 -9.153273162678971 -9.172284403634434 -9.192949746448553 -9.215974929151221 -9.234040509561542 -9.253854444413037 -9.273080989302604 -9.285631991720257 -9.309296662035697 -9.32151339143368 -9.334316498426599 -9.353128970543432 -9.369789803355777 -9.39248017895196 -9.40701502436889 -9.418450031433375 -9.433788550527204
51
 -1.2279258794276409 -6.389463724105811 -6.983575687122646 -7.33199041880988 -7.509538383643712 -7.668046065877822 -7.818399373870631 -7.931599740459746 -8.030403030497968 -8.124667707971481 -8.195667188990058 -8.261275037670513 -8.330019379520559 -8.408313419952657 -8.455680519553242 -8.504145516232148 -8.564338300917482 -8.617060701016307 -8.659209993215246 -8.70740112980579 -8.74268251054613 -8.780689469883644 -8.813520352654615 -8.855618686229024 -8.882220591972425 -8.911422091102157 -8.945791183912018 -8.974230331449762 -8.998839370608101 -9.018694103991272 -9.039366649625691 -9.061162244646809 -9.086058245798856 -9.115004527657318 -9.132018204668507 -9.14743701698849 -9.161245390978186 -9.183113959526432 -9.203023878284109 -9.213658609669325 -9.233297217267777 -9.25529845671031 -9.274084544962935 -9.289912120960178 -9.305974036377775 -9.31944714782402 -9.334469975686181 -9.346188044662368 -9.3623580352258 -9.377790589494223 -9.390573681985716
51
 -1.2279258794276409 -6.667080647411981 -7.20651552545939 -7.446074666219107 -7.731387276814076 -7.934749853566634 -8.054987076112791 -8.12585894791132 -8.234327105960233 -8.31661064287457 -8.437647763940682 -8.526709162868812 -8.585255440569808 -8.650188331445163 -8.689522788371717 -8.731287781321077 -8.78052275007204 -8.826058225609959 -8.883872415991073 -8.908761030959159 -8.951446059800567 -8.99175409424059 -9.017608148174654 -9.041600747912309 -9.077774624754559 -9.110912658473476 -9.138640746785471 -9.165794228935749 -9.190619545951465 -9.206088999900475 -9.225055558300832 -9.25107972558502 -9.26281609632243 -9.296216956397691 -9.316306970546608 -9.330211670298661 -9.355680568385415 -9.370991817626575 -9.387591059330981 -9.405684846794673 -9.427599676737472 -9.445488213892366 -9.46515337116717 -9.481274978427248 -9.499222051381658 -9.511295725470731 -9.530763985076458 -9.541708967505187 -9.552710097608088 -9.567691446384368 -9.585875881277849
51
 -1.2279258794276409 -6.886680915086635 -7.405631441469984 -7.7323278179575325 -7.974041110653948 -8.1234076692231 -8.235178602465043 -8.34506690391248 -8.438681438818977 -8.519875096855836 -8.58734786803953 -8.665745184446425 -8.738629704361957 -8.782003336217018 -8.840151294505297 -8.90314370344604 -8.962810113395093 -9.010850565576133 -9.045525275364408 -9.070527950712814 -9.116316155986754 -9.148542022518912 -9.179329346037127 -9.207509393137117 -9.240393672441126 -9.263830432604243 -9.290430395919586 -9.320037477059406 -9.346489692124065 -9.362473561653319 -9.386430488902324 -9.407291994474575 -9.434950289378902 -9.449065610049624 -9.469997680671224 -9.484268203740763 -9.508732058542673 -9.524014972399714 -9.543182096870995 -9.562927469215971 -9.574459164326498 -9.593489022506914 -9.616625070562584 -9.627801812833736 -9.640603852357708 -9.651992099020008 -9.670228271856432 -9.679732432569507 -9.69765988585573 -9.716776608813671 -9.730461469743446
51
 -1.2279258794276409 -6.28155762813823 -6.88698109744504 -7.194459739906902 -7.400301876997369 -7.572779185976287 -7.754438977551013 -7.852373968621737 -7.952891360442124 -8.053057378673206 -8.146661591602333 -8.2167268304565 -8.286677350572756 -8.33526220863626 -8.385189736780262 -8.428866393549468 -8.4846588360324 -8.5200183222529 -8.558128886252895 -8.597066866595686 -8.629084917982643 -8.661197040968705 -8.691228801608624 -8.728657994703667 -8.756992597976065 -8.796072669175457 -8.824651939535903 -8.859140755576153 -8.889344761598714 -8.917516462810017 -8.93877828028933 -8.962868502685895 -8.983398593234796 -9.011646210659153 -9.032273941524469 -9.051988742650213 -9.072101928964633 -9.094560888770285 -9.117770733134156 -9.13439526965702 -9.155181301062184 -9.167956426786747 -9.187788378122125 -9.205893313753736 -9.220138605890558 -9.234073926317945 -9.250037780676632 -9.266311470065391 -9.275116164759652 -9.289987519191083 -9.30178508776617
51
 -1.2279258794276409 -6.435613278481873 -7.022981587903862 -7.3867448796102 -7.547356795366605 -7.7000723723133175 -7.82191075778501 -7.935543820198636 -8.032640252817963 -8.104073756287361 -8.18380209954314 -8.269894416621598 -8.327712267371696 -8.3779874069811 -8.429461462453547 -8.466597254925984 -8.515565345836892 -8.556902502213426 -8.591888838643582 -8.63593248216738 -8.672120724555285 -8.704936019936717 -8.737225316760895 -8.772418589663046 -8.812337727070611 -8.845577866863817 -8.875245934144111 -8.906300328169149 -8.931355380393827 -8.957018486742534 -8.980024188486338 -8.998662504363134 -9.022135941629392 -9.041420110863582 -9.058229510382576 -9.08103976458877 -9.10000160851729 -9.11449806520406 -9.133773933741228 -9.15018774565266 -9.168742900607917 -9.18596132134999 -9.201925165990234 -9.213026348818628 -9.228677559791752 -9.250204142121454 -9.266324132147945 -9.281263168782585 -9.295280985928333 -9.306731059424807 -9.329207325408749
51
 -1.2279258794276409 -6.1996390968014845 -6.828099230111767 -7.087550035327975 -7.344785558690437 -7.496157159328065 -7.660488919818561 -7.768765946352547 -7.888036587109229 -7.988812018777896 -8.06781080322112 -8.145279482302085 -8.209674449656454 -8.257491972781997 -8.334360733248285 -8.387566084204638 -8.43113016148618 -8.476924246316507 -8.516193926509374 -8.546249374051053 -8.579841309610284 -8.608888029133624 -8.641740054913203 -8.67293567911343 -8.70353397450674 -8.73837511928444 -8.759254299254392 -8.78508615566307 -8.802934496659066 -8.833155728132958 -8.865592495679826 -8.895528903950686 -8.918090577730524 -8.937995701442057 -8.956211691787306 -8.978622851929934 -8.996012373041056 -9.018988169757007 -9.042322487521359 -9.065162317522732 -9.087887544062843 -9.107294024966711 -9.126365610567508 -9.141143460632415 -9.153241813340953 -9.170780356237465 -9.194360065143236 -9.208120107153542 -9.22691753665614 -9.238242846575373 -9.249521089382757
51
 -1.2279258794276409 -6.425926616143482 -7.099011993902008 -7.464871847384718 -7.697520465029226 -7.870946368914887 -8.026217029217753 -8.115649764642932 -8.213226237723525 -8.299297158226741 -8.380487003101353 -8.439977326801154 -8.500410229966612 -8.570761244062112 -8.628435986715601 -8.670594168763028 -8.714436943253753 -8.78889962246012 -8.85103413233819 -8.899821997481231 -8.94016330908935 -8.980090545834173 -9.010441422256633 -9.046789972871073 -9.080649390754006 -9.111502412101006 -9.147493330372445 -9.174369410055426 -9.20399851058556 -9.229706870947224 -9.263157964185782 -9.27913588957168 -9.308472881590951 -9.334504527980041 -9.361238615022451 -9.384741350841463 -9.408422071749712 -9.42903966942696 -9.44453058206456 -9.45579316620587 -9.47343500698537 -9.483812706991301 -9.505029254104283 -9.529651092856907 -9.550787413961341 -9.567980033234546 -9.58349327404672 -9.60377388170882 -9.617846712670728 -9.630189405224014 -9.640928426043628
SAGA
10
51
 -1.2279258794276409 -3.5367693192712855 -4.152926427171734 -4.4648789946289265 -4.725016609573336 -4.9903578125447305 -5.252268085358775 -5.498577285412684 -5.756889154755628 -5.993790384218209 -6.239972628988149 -6.475737229207233 -6.705786267195392 -6.934794932963098 -7.1762472321051165 -7.410197698511101 -7.653158206689881 -7.903783525266611 -8.122399659648792 -8.34740005452801 -8.57359350342412 -8.814362872372467 -9.04330489828364 -9.250044328677744 -9.46471822357251 -9.67516474871585 -9.898008839066863 -10.095988735482162 -10.324799104732243 -10.508077899225869 -10.700382378663255 -10.863391242188477 -11.087955420452742 -11.316501873993856 -11.515037623984085 -11.732486738832101 -11.953709845666205 -12.158101522300313 -12.32299685455986 -12.524704576357646 -12.71927323508812 -12.965643083747866 -13.169717393746051 -13.392633646438954 -13.573602621255805 -13.7920371679712 -13.978434066976892 -14.191118603096596 -14.392339123138685 -14.63103666184637 -14.79117189172492
51
 -1.2279258794276409 -3.476262561025509 -4.16984649452932 -4.509173620468312 -4.777705006251238 -5.039013233843149 -5.305683438300851 -5.556099444562345 -5.805030697894488 -6.043336362676295 -6.281716298799234 -6.545810213452175 -6.78989151472346 -7.055747729478366 -7.291568917294033 -7.509409483018841 -7.762170150150426 -7.9713274106481276 -8.197197485519471 -8.436393687650819 -8.64943218198655 -8.83968485415281 -9.088676158280014 -9.309727945711806 -9.540087231439848 -9.776827480915696 -9.992790563128304 -10.177328163285003 -10.377665823649464 -10.59559475790425 -10.816563090822102 -11.030819978874714 -11.242839732932504 -11.480010934114295 -11.668391576850752 -11.882731022750578 -12.07468489643625 -12.25614784258767 -12.428437233326026 -12.673291573045848 -12.860105321354627 -13.1004564037491 -13.242972385999387 -13.423915017857869 -13.634301346987323 -13.832377792655203 -14.01716273539441 -14.244087884000743 -14.395827460242263 -14.576915812164005 -14.731028868157818
51
 -1.2279258794276409 -3.5203679617836934 -4.162305573669166 -4.484999510586434 -4.753756599392582 -4.988791040995551 -5.239942670683567 -5.4968189515200585 -5.752683748643902 -6.010680983751691 -6.259564627826145 -6.519960126220012 -6.772026244713872 -7.015799446498053 -7.265632294678088 -7.51868991350843 -7.744077173364197 -7.971654470130684 -8.188327251158475 -8.430113572915062 -8.650269506008902 -8.844723907407491 -9.090362014921805 -9.31800293998796 -9.566557192748265 -9.786719163057677 -10.019746789282149 -10.239933415232112 -10.45312711770436 -10.646587597814898 -10.85013524398458 -11.05741206327348 -11.265759171727176 -11.478546556951912 -11.657857744070526 -11.822412454391921 -12.014741722506983 -12.226693842191983 -12.446426542425849 -12.674732028742374 -12.874200045182842 -13.119539570218189 -13.362491597196222 -13.535545749728414 -13.72958797359107 -13.949956930777667 -14.119946690903335 -14.293809123425941 -14.51251919035761 -14.648533439159875 -14.835600100720614
51
 -1.2279258794276409 -3.5322685197518178 -4.157070424150297 -4.466187028345727 -4.710890248331221 -4.963662044120684 -5.225196334349491 -5.492499378446662 -5.750709269654058 -5.990697260041933 -6.2452061682089415 -6.4840905064098635 -6.733315926700156 -6.988184855516557 -7.219455271565433 -7.436508899185667 -7.70170004780714 -7.913414610634775 -8.142757300435 -8.371089233270597 -8.629482303170821 -8.847304716126617 -9.060572569458824 -9.288491360098154 -9.492400869150302 -9.722019793633386 -9.937755420633474 -10.131711444275513 -10.352436716160915 -10.547585634313966 -10.755762286309492 -10.961885616622888 -11.143459760180665 -11.318394112696813 -11.553421005790504 -11.753518285673614 -11.960703620725745 -12.17044933579834 -12.381148096007573 -12.566710459871002 -12.745714475554145 -12.972420328756233 -13.145831643378564 -13.326983071701992 -13.56360353924535 -13.753423709189196 -13.968851792521422 -14.19506687916123 -14.357187554349705 -14.565005978653648 -14.771119464330033
51
 -1.2279258794276409 -3.5433118988521874 -4.182222243388094 -4.479712910079449 -4.708804228440784 -4.9546431505036335 -5.18572425832271 -5.450205061992723 -5.711456869719757 -5.944945903860834 -6.192846488999602 -6.451482425343474 -6.686519924225902 -6.948129850477668 -7.19170848975995 -7.434538259719644 -7.666903907938909 -7.88831399223544 -8.109724285994528 -8.328238377565214 -8.571785845943605 -8.785995336592336 -9.00087549764004 -9.221178780578859 -9.41408675666481 -9.623340296773279 -9.850558098686367 -10.069177759817398 -10.287852661574387 -10.51020752554198 -10.736871357801029 -10.946140650309447 -11.167692899660016 -11.38276451123583 -11.59169411235061 -11.81757523571715 -12.017407029559386 -12.216717512207905 -12.38839868130637 -12.588647920835161 -12.796601179563329 -13.007729008784697 -13.205944856019993 -13.403956500026093 -13.595895353641916 -13.784924587183047 -14.000102801357201 -14.201808188381149 -14.388585232394679 -14.608040414887443 -14.801988548429014
51
 -1.2279258794276409 -3.498531226760635 -4.14693103841132 -4.5113926250408385 -4.767933433098274 -5.015785818517348 -5.264455261302606 -5.489944472550834 -5.735759264847673 -5.984290390792763 -6.231132663319311 -6.482687955511044 -6.729888791097782 -6.974380483370263 -7.203017222504651 -7.43860119968483 -7.681451319067545 -7.920046609377677 -8.152381625182214 -8.388109370058176 -8.613400794058567 -8.844071804650975 -9.078221966020141 -9.287853278481105 -9.499097960220197 -9.692163849986876 -9.871769436819587 -10.086146044092146 -10.340339891216196 -10.54859031124427 -10.735690660654008 -10.946493219968161 -11.157374826887956 -11.37121462466886 -11.55116621711492 -11.779788236630488 -12.011979994729922 -12.198158669284739 -12.397269425150952 -12.63307457747179 -12.770217625986293 -12.976050837302815 -13.183980721631176 -13.373722264763552 -13.572131956580762 -13.791114051563769 -13.952814066766665 -14.174887359187627 -14.379649002392783 -14.601190275765262 -14.755845720353046
51
 -1.2279258794276409 -3.506126149532296 -4.169767418217827 -4.518489764802041 -4.788900749110688 -5.053715074257809 -5.319099733656613 -5.57502210163158 -5.795260044826274 -6.039691792163861 -6.302466411190299 -6.563397246606506 -6.7996332553010355 -7.0390145337601755 -7.264693680592395 -7.509233854003373 -7.76820515812645 -8.00195853295442 -8.232524761147268 -8.444362773226288 -8.670404374862425 -8.925509186508636 -9.146485989542231 -9.33797702812703 -9.577928100911787 -9.813372085359891 -10.03707021783629 -10.250189032274706 -10.478264803124919 -10.67183208852236 -10.828397436057866 -11.013951689590808 -11.265091057274342 -11.478579247561212 -11.672487775338773 -11.884270143595618 -12.107905291757898 -12.30981348776122 -12.536164537970281 -12.72824605225311 -12.929554986901799 -13.097452257514027 -13.308106815516417 -13.472369013488803 -13.65550881596603 -13.819876806358314 -14.000601960858091 -14.233609613411536 -14.397065818653354 -14.569854007717469 -14.787105049541667
51
 -1.2279258794276409 -3.536902392125154 -4.1919224224708636 -4.500974272171997 -4.765336285655888 -5.010752512638499 -5.280359704122234 -5.5282275227647215 -5.761693832931091 -6.015514465135565 -6.263949945254993 -6.513230554288585 -6.779165153278558 -7.024110201601547 -7.263523222458592 -7.495056723291272 -7.7292101914196865 -7.956262406843995 -8.188252302357172 -8.434713483164135 -8.700566138803435 -8.914313583218867 -9.116452221813473 -9.342760401243973 -9.592380865269462 -9.795432342845233 -10.027821045213184 -10.239094916097098 -10.458387948845806 -10.686102967246875 -10.890790490967818 -11.083935873589544 -11.272919069432305 -11.474227672593894 -11.712770027156695 -11.891601770754692 -12.117056427021907 -12.301167962991732 -12.486202352753464 -12.68581730055806 -12.851928322481932 -13.045075073876854 -13.235535563357963 -13.381506283995567 -13.633821510566422 -13.821037629527575 -14.039545059025777 -14.264106392860409 -14.425756823938546 -14.65711250172451 -14.798816972816327
51
 -1.2279258794276409 -3.524397933768035 -4.173874379551197 -4.487197778926414 -4.750677009768311 -5.014111844486797 -5.259236893374152 -5.501001086944733 -5.764306184889488 -5.994513809698309 -6.2483542899198 -6.497950007782387 -6.739651526103029 -6.996654015739689 -7.246179334626989 -7.477948064274307 -7.701352273573879 -7.909265048299636 -8.143350226316972 -8.378914325498547 -8.609969159497494 -8.837913297655188 -9.035775993301929 -9.271844061156811 -9.469362205383991 -9.687332120292021 -9.921990780292889 -10.150639225795622 -10.361122582293586 -10.558498085819055 -10.774018796965578 -10.993027532218942 -11.215142024453423 -11.448462353131593 -11.651778297533728 -11.876515555687808 -12.090768784089185 -12.287732571434749 -12.45640685112061 -12.677045676548467 -12.897857093835416 -13.097022250895876 -13.294396790816982 -13.459250633436413 -13.685502766864227 -13.87055032412905 -14.05420234034428 -14.26587056037731 -14.495569735469104 -14.673281330519963 -14.853534517931454
51
 -1.2279258794276409 -3.530727121378599 -4.161159689494628 -4.48581922619291 -4.755890214167882 -5.017626328676922 -5.2681634087475695 -5.5238983158200154 -5.780344538697628 -6.027972825939627 -6.263564248433456 -6.517027288566061 -6.7479684156607656 -6.989774675020342 -7.21801748173756 -7.472031702019028 -7.715974147341692 -7.946320402198674 -8.194728787063429 -8.439734831251466 -8.662604536838534 -8.896205858900961 -9.117945856093847 -9.362317869751884 -9.548464531927666 -9.767165474281581 -9.957574627441286 -10.177238399376632 -10.393151605692095 -10.60282938046157 -10.786391910907279 -10.996906033770665 -11.217207546255306 -11.431023452878721 -11.64849175749185 -11.842775494026876 -12.061258168174616 -12.272265393310914 -12.45953358504062 -12.656851209051867 -12.847133470629407 -13.010292267494158 -13.17055043427434 -13.408556832964807 -13.59409831701357 -13.792091614017153 -13.981851856753993 -14.177465679960793 -14.387325486714857 -14.557089357240564 -14.768073405161035
ADAPTSAGA
10
51
 -1.2279258794276409 -6.308537445270131 -8.290361811613815 -8.800635081105725 -9.723226622730628 -10.18938765717051 -10.509289244952095 -10.82673565102444 -11.121258017464948 -11.312428201481515 -11.446369790619858 -11.895620740055762 -11.77941242085101 -12.722039385417245 -13.455551044658735 -12.605922602573076 -13.895123146910203 -12.800684195632556 -13.605872716363226 -14.491754999941017 -15.279890552742906 -15.765030038361248 -16.190851433590243 -16.461251370312173 -16.71798195277288 -16.93738473897354 -17.12092035109923 -17.29701022549643 -17.484117170814933 -17.632564256005068 -17.844131554711975 -18.015245957934813 -18.155207649434047 -18.284957775166006 -18.452959005086555 -18.653445532948712 -18.819952794846166 -18.915093886601785 -19.120197942335633 -19.318775812891488 -19.48165144110658 -19.65731466050623 -19.800501307839177 -19.973048187978023 -20.135393141026206 -20.312286494687953 -20.465495608077624 -20.630880759427164 -20.831936755104227 -21.003795602081386 -21.178679825427384
51
 -1.2279258794276409 -6.371211646126047 -8.320225310281382 -8.861361480345186 -9.75906104604215 -10.194176352502819 -10.537656693044065 -10.775488369794461 -11.184799624383796 -11.352554120743283 -11.450402662171523 -11.872179136493655 -11.755882438191332 -12.733814907388982 -13.398394379566966 -12.568532995630221 -13.80736763669774 -12.745244675084166 -13.547740522910875 -14.437400344620206 -15.147068398844265 -15.734388415355996 -16.07114613008624 -16.33152517736687 -16.49214081549037 -16.705696809520973 -16.909337113508784 -17.05718668635085 -17.220075702281374 -17.41713200615644 -17.582075834338603 -17.73025570154589 -17.918896933503007 -18.079276194840762 -18.248639064251492 -18.433091128965152 -18.61758649306872 -18.790123342841078 -18.946385024563007 -19.11327093324857 -19.281262115988955 -19.43090748936702 -19.58044284866779 -19.759220360218333 -19.93531506954969 -20.056117213552405 -20.243953838683183 -20.41905390030074 -20.5941250101256 -20.760740728420853 -20.940476088616375
51
 -1.2279258794276409 -6.009098340437742 -8.186949391068792 -8.695523471969569 -9.632357359950163 -10.132593408185281 -10.50839470709469 -10.779548728949548 -11.091891938203402 -11.276324973466412 -11.42320030002037 -11.80088992582898 -11.756550723597497 -12.639166214578044 -13.326189784151 -12.559990650079 -13.709070127886188 -12.775035414138905 -13.53151625504633 -14.443913959893738 -15.131373685254598 -15.581309221091905 -15.91825834886848 -16.183768929129496 -16.44324374713472 -16.67663685868924 -16.854885515057603 -17.02636338552542 -17.228409632369765 -17.409190855686123 -17.56046414191614 -17.723667928485767 -17.903836759601653 -18.076949539183328 -18.227643736031013 -18.420169015464186 -18.546763447661476 -18.745323471055553 -18.927693354216885 -19.085394842356468 -19.24705748393906 -19.435500119571046 -19.6254857568593 -19.77626576649898 -19.97100075059585 -20.125091900774166 -20.30527095854783 -20.478448850410047 -20.635158488111763 -20.80936049963047 -20.97558199160316
51
 -1.2279258794276409 -6.1392646018582315 -8.146641061623429 -8.740773646929567 -9.63739898726554 -10.053524798303132 -10.468127109675057 -10.749203832998758 -11.082959086685799 -11.222619806083806 -11.379961598055685 -11.806135236411988 -11.72913223310144 -12.657945616057967 -13.384867913094217 -12.528790323108268 -13.699832936027672 -12.7275947793831 -13.544048938409723 -14.45654962484567 -15.089268861455738 -15.546883666334386 -15.945657375005535 -16.221785174966488 -16.45141187988152 -16.682235701366288 -16.86891882891792 -17.03463315699162 -17.23183564677268 -17.387220176671438 -17.540953055045446 -17.72742924720816 -17.903565429526072 -18.094475718581414 -18.273488603654688 -18.42986810924275 -18.613508976533865 -18.787524248523223 -18.94291000782654 -19.11168372615061 -19.24979133361668 -19.448973602567865 -19.62730517520685 -19.767009092109426 -19.839543022048733 -20.039345355045462 -20.222169216781563 -20.392505511472457 -20.57101516355759 -20.70776563663225 -20.875122690433855
51
 -1.2279258794276409 -6.21846391897894 -8.267934277928632 -8.787616555587073 -9.618704309988148 -10.154734926690647 -10.50228551792373 -10.811569817789875 -11.111280413691109 -11.31056275034677 -11.45304111488074 -11.839718776939904 -11.815677280382339 -12.718269276095167 -13.365575365338813 -12.530509546971574 -13.781227433230331 -12.77788219841294 -13.604734889305695 -14.573698133089385 -15.21995426184067 -15.697307738274592 -15.922377529785697 -16.263507026379923 -16.493779576504597 -16.68374430544721 -16.891249862308914 -17.10470424063132 -17.27911787280848 -17.472088232825794 -17.64576226565637 -17.82199436807528 -17.945570684697078 -18.103078448886908 -18.301476240595928 -18.461325726393735 -18.652385955133 -18.822024337478343 -18.98849820635571 -19.15626139542867 -19.34843875272533 -19.511468064768703 -19.68970725911068 -19.846253514921337 -20.0402130475848 -20.21322617529376 -20.428940274074424 -20.587032623321875 -20.779115390165394 -20.856122386701912 -21.022054031243606
51
 -1.2279258794276409 -6.286183900968006 -8.279525211885082 -8.795346756493998 -9.690061572192073 -10.059080405898076 -10.44658033271299 -10.744010248568689 -11.029824649785995 -11.24793923638455 -11.380460588456808 -11.827723736202328 -11.794494868391329 -12.644925932196522 -13.36477531021436 -12.532912748148833 -13.78250206754368 -12.72204955820237 -13.480007170135298 -14.325813986340558 -15.003404308831728 -15.484561560302414 -15.847219968040292 -16.117713150636842 -16.39631845562817 -16.62196450546309 -16.8152400367247 -16.99931669203021 -17.18411422463382 -17.364402784566007 -17.53658331565371 -17.737408019839975 -17.8941893221685 -18.082142590226773 -18.223179545828867 -18.38377876184086 -18.558936636804148 -18.721547156203926 -18.890666638671252 -19.045658936806884 -19.228192484433375 -19.4095962904998 -19.567613229022843 -19.707831235163617 -19.875625812851055 -20.042520601382346 -20.20684330150653 -20.358293211287652 -20.511760869053056 -20.67747575276105 -20.83002000830239
51
 -1.2279258794276409 -6.413057468613872 -8.389935233204751 -8.89685366033784 -9.782181053953115 -10.214616577684017 -10.648392845463828 -10.864935134203682 -11.100732132016631 -11.325754544178082 -11.468375567888053 -11.898278501798886 -11.82438330623833 -12.78284897504969 -13.4489000147928 -12.661747774584367 -13.826316657039397 -12.762184849717139 -13.594266836751025 -14.489996226715563 -15.10148738155341 -15.638572372706065 -16.047605476686552 -16.342167842548026 -16.595744669553984 -16.801328001866917 -16.969940339657686 -17.149227093032188 -17.342680523568173 -17.52522218294052 -17.706160409770682 -17.877467687587927 -18.07049929721737 -18.239869438304908 -18.42360227432501 -18.571536418944618 -18.648207744161457 -18.84633969934798 -19.037579781989752 -19.175556501368767 -19.350969634259336 -19.51375022015523 -19.68966487048807 -19.87474779751581 -20.040917348491828 -20.193958310195868 -20.36571180659786 -20.526265836393133 -20.685465649459587 -20.83369968097761 -20.972659270561447
51
 -1.2279258794276409 -6.375937015318898 -8.423438383423406 -8.897515062564173 -9.79798415620086 -10.16270074696029 -10.572662924328997 -10.81317586253942 -11.182702569590424 -11.329922924201751 -11.448828086904662 -11.85620570335701 -11.80590999451522 -12.762871299430916 -13.395665838989707 -12.58976221548502 -13.788469815736965 -12.763364152959353 -13.624705063550847 -14.423531896532245 -15.075393987567724 -15.585976806065466 -15.929509084527163 -16.21613466867786 -16.4329065050679 -16.61946779792987 -16.82637547695007 -16.980921326708714 -17.155720132224115 -17.330472412797963 -17.4872856279716 -17.641950886795208 -17.814801765936473 -18.018248065478122 -18.19901310664273 -18.38998730070998 -18.567169337005872 -18.745418685145292 -18.941746111897917 -19.133087447879984 -19.31428813440384 -19.478747215776625 -19.625831674548007 -19.770516079219444 -19.97269431390705 -20.142699597319663 -20.318327432763343 -20.493626701976805 -20.668761921425148 -20.84328609151976 -20.990766853560437
51
 -1.2279258794276409 -6.415603165574967 -8.477592421614725 -8.805022674538074 -9.742233801850752 -10.266347420573494 -10.587170409782312 -10.859972811583853 -11.065009194563162 -11.286853326270492 -11.449418842833497 -11.866474245803767 -11.840771558731472 -12.720005000701812 -13.415449403515469 -12.564708639029407 -13.750687700227717 -12.740013806818148 -13.625254055516024 -14.486228566020126 -15.160798944582764 -15.660204974503984 -16.002686162973532 -16.285773007262055 -16.5525402298297 -16.76957688090385 -16.95891299688074 -17.146977392589253 -17.328824014762482 -17.49488449907631 -17.695583319439514 -17.88122309150461 -17.976074766470564 -18.12532756117393 -18.330466073643798 -18.5205349766413 -18.691855905697757 -18.852844869027237 -18.986468999195854 -19.175851153345068 -19.320918926897683 -19.494425597769382 -19.639821714055262 -19.801700128429715 -19.902733033755823 -20.108852734027305 -20.314096548656007 -20.478997393566946 -20.618346133036106 -20.797164000568646 -20.99550714591189
51
 -1.2279258794276409 -6.215934939668552 -8.283832935562375 -8.803812171482617 -9.681803951151318 -10.220123361250042 -10.556987846833676 -10.738372146331997 -11.069798086970868 -11.23148965560535 -11.350069051413456 -11.80455671043401 -11.74755177445208 -12.713346927736476 -13.376144408251474 -12.547824336330121 -13.760229011441957 -12.793677527319 -13.580646350083066 -14.441176372743751 -15.157028924269817 -15.667629401903579 -15.992866671980021 -16.312841935373044 -16.5827058471933 -16.772942425132786 -16.9626974754547 -17.12721469610813 -17.325487406222347 -17.53779025703928 -17.730711465841594 -17.924563334319014 -18.10132874849797 -18.29854497708324 -18.47163121745172 -18.613705476467146 -18.720428677358115 -18.873854674295504 -19.03137682729352 -19.2349221510319 -19.41616062575854 -19.58966023107326 -19.77469836662176 -19.94586587043707 -20.120346094724972 -20.321681101771397 -20.505460170518774 -20.637525404862767 -20.789420591780246 -20.95044154743747 -21.16371708838659
ADAPTDoubling
10
51
 -1.2279258794276409 -6.987563666644587 -8.296556627009233 -9.109808384705113 -9.740440095557389 -10.080487028683764 -10.425411687622352 -10.715300506239998 -11.067197118497038 -11.387557502268043 -11.77707179406816 -11.798657791940697 -12.150791213786604 -11.957658899713431 -12.151842228511622 -12.808040992963498 -12.75109837336633 -13.241649857951192 -13.52649748293853 -13.459869528172966 -14.216318124810387 -14.320234485792021 -14.301123643426443 -14.7138465932348 -14.616940857263334 -14.320593522135619 -14.696220873830084 -14.861845076425245 -15.051107671379016 -15.57314692332693 -15.870768907807095 -15.749470129755384 -15.742918681846024 -15.948740651694873 -16.260727929887818 -16.600896433661884 -16.771117378690153 -16.669504805759583 -17.235599565327604 -16.563824524492432 -16.832568426890912 -16.47596614471264 -16.841354302191885 -17.092609723514833 -17.54832597990843 -17.75988921891384 -17.869860651225757 -17.792295280701033 -18.121287803649626 -17.306106510883676 -17.653207131422732
51
 -1.2279258794276409 -6.6724309979911025 -8.068991188456863 -8.941791532901819 -9.847913863184722 -9.78227603334588 -10.720808602279337 -10.841338160643495 -11.227984482750728 -11.584091228531248 -11.421423188249095 -12.282488654259419 -12.434425111739976 -12.31589799653909 -12.655997914543404 -12.30795191288388 -13.166830721401558 -13.52606566759166 -13.399765238603466 -13.26615952405951 -13.754191390854125 -14.277600927848555 -14.455816744221794 -13.867179244881743 -14.335119477144179 -14.08118440980211 -14.834517455103875 -15.099047480789089 -14.78097030732021 -15.117304307921545 -15.42405434260502 -15.927409759768674 -16.006209474061798 -15.713119394823103 -16.557614695291065 -16.82439181106125 -16.710199876194064 -16.486906700308865 -16.730629733190963 -16.996269014117047 -17.12836703480118 -17.31724141973456 -17.29597815747523 -17.63180761764912 -17.4441189847068 -17.74848496013224 -17.781215782920054 -17.955002176046797 -18.434453460337995 -18.553857753994777 -18.725362151226165
51
 -1.2279258794276409 -6.877392896767898 -8.057101562697138 -9.203304853332128 -9.899318201204403 -10.489034682932116 -11.04997439968849 -11.244771885897316 -11.043083879753004 -11.571768196245117 -11.755290396347975 -12.484250356553423 -11.78668464711074 -12.271266985595089 -12.316897896373575 -12.804889534986819 -12.722025456486492 -13.229780013373741 -13.523370167451375 -13.526955313167218 -13.974451958972141 -13.608008987260297 -13.839868234965206 -14.38453666157523 -14.90420216217832 -15.077628645308245 -14.778009064688536 -14.809584756375267 -16.3248316250798 -15.25677903655022 -15.782807547918136 -16.323372360097295 -16.55770056756486 -16.492424964082545 -16.13616480565916 -16.479900041545484 -16.97110559367468 -16.871749325935536 -17.181765431652796 -17.288190332657148 -17.480049242495756 -17.31115641307782 -17.40819763100482 -16.9396519185653 -17.6777870713303 -17.989394338275023 -17.88569886031741 -17.975618282720706 -17.537402264755993 -17.691865304551435 -18.06723393024953
51
 -1.2279258794276409 -7.066647832227121 -8.311967522277234 -9.43401083996906 -9.86140708432278 -10.317870630204283 -10.80593715457185 -10.989932293804197 -11.659800232465216 -11.425085368100273 -11.914451662999367 -12.054374819220552 -12.159073819996243 -12.615253301373704 -12.957812091399294 -12.981999265832453 -12.942501502238951 -13.280912999460444 -13.700853415674917 -13.797079305221652 -13.616065058996734 -14.00617949622451 -13.966414624273593 -14.32837873438426 -14.03003239640416 -14.58925709713107 -15.134090967684344 -14.837132396151087 -14.80431675985111 -15.442085913184664 -15.299762048037099 -15.458070439246496 -15.958911662385274 -16.22608342164305 -16.49499707705565 -16.139183329293637 -15.9298054406426 -16.411334042624944 -16.786026520452033 -16.820947470521787 -17.183613833365246 -16.798468441691632 -17.365497390753752 -17.5606286212303 -17.55715609741996 -17.96412838400014 -18.62886251680706 -18.28504463112727 -18.57740911488017 -18.964808452032468 -18.663467869635465
51
 -1.2279258794276409 -6.916441225230866 -8.297991257875879 -9.148680774822411 -9.931094001983979 -10.006616945447805 -10.672039649612046 -10.686334850063124 -11.70241580040551 -11.832009307429066 -12.299690093126634 -12.451575735256002 -12.369153144179084 -12.169095651484433 -13.041171162637568 -12.881957209308124 -12.993940746653056 -13.300313852262844 -13.41232434541485 -13.584309812085827 -13.682220449211892 -13.996060676359868 -13.784255539386262 -13.929255156985715 -14.102000899139204 -14.420818905390657 -14.49665692839487 -15.025833740418339 -15.101574743178956 -15.063334798706144 -15.037618480126238 -15.825071121597313 -15.78326217149287 -15.596238687367203 -15.684420179324718 -15.588422555604922 -15.640297420067395 -16.710560824211015 -16.678025642000676 -16.516741416265198 -16.845616006078878 -17.657272648590958 -17.67069978070083 -17.414077219009485 -17.82687550509877 -18.11546138499958 -17.87945734828532 -18.208377524237637 -17.985401622881483 -18.10942453957297 -18.536966913617643
51
 -1.2279258794276409 -6.64816659305382 -7.857751911974015 -9.028436618979358 -9.588036351817857 -10.064056158823094 -10.119418377986648 -11.021245371631313 -11.282622691251007 -11.795131840768565 -11.76313556240273 -12.085863446689443 -12.290020689591397 -12.53025469101172 -12.456380567697014 -12.788586879112673 -12.853243538222147 -13.001220248503989 -12.97712387935723 -12.985435597351842 -13.234697255350946 -13.33536270563282 -13.303937367539255 -13.42806613512127 -13.570216834849983 -14.277529172070999 -14.227699932854696 -14.590998778764058 -14.728464620471241 -15.138228221196371 -15.09405919617849 -15.151185014534382 -15.13912025350809 -15.110200588361389 -16.023318037876727 -15.787803729917007 -16.107860657975767 -15.860832231303386 -16.49018695119861 -16.364250464288236 -16.39186923144752 -16.74128178495156 -16.844695409450043 -17.06297329803228 -17.041868773187396 -17.68768927405557 -18.190956609879997 -18.312449957054874 -18.074393369707625 -18.3566084525037 -18.293616940443908
51
 -1.2279258794276409 -6.963528851541818 -8.141135838543386 -9.195770713114866 -9.594675236525092 -10.591772240591538 -11.049464909708743 -11.53953770713134 -11.90304505085685 -11.957752719033783 -12.7775401038009 -12.239782629139018 -12.849060216831898 -12.796277802494647 -13.273814219866434 -13.352361732344557 -13.296944929623885 -13.703422255881952 -13.589288435215822 -13.894557485758463 -14.145656233852547 -13.89891256299518 -13.958893645665713 -14.41619393550937 -13.693024052095074 -13.758826106704737 -14.760268288091156 -15.106432659247215 -14.685709207782978 -14.96344080639954 -15.110841457055205 -15.387332647207641 -15.549180463888966 -15.957681043300079 -16.42937141521089 -15.871457187745538 -16.60486349652029 -16.591507446233894 -16.95270048096087 -16.724737859000772 -17.233177443190087 -17.53046085505338 -17.57018529070252 -17.34610752390388 -17.21610893361395 -18.29075708953977 -18.527558702961123 -18.307837576784987 -18.384782438214057 -18.415884147090544 -18.496605988450145
51
 -1.2279258794276409 -6.79764880810194 -8.210344638183031 -9.1716670516914 -9.878226700157137 -10.323090445505187 -10.843174035429582 -10.984309288274876 -11.182474152137766 -11.802618270595428 -12.196065909255383 -12.156924300575167 -12.032523790367742 -12.05945611135896 -12.815398797785003 -13.156786549285787 -13.119871983288354 -13.429104696316262 -13.363089953872183 -13.767334944948356 -13.644325413726769 -13.727073140624144 -13.93547925011877 -14.825585228535111 -14.963175986589494 -14.439784639612897 -14.565992235761374 -15.178435252732926 -15.252280030475045 -15.574035050503367 -15.330908821501538 -15.86186281754036 -15.919171162953948 -15.447785446597482 -15.98812308099326 -16.09932186294845 -16.795455687443628 -16.79074028877497 -16.79549683179152 -16.99319837192137 -17.257459562410386 -16.971225775103857 -17.084862527779745 -17.37032377777707 -17.73323035556527 -18.190681892661328 -17.751619701149338 -18.65204105156424 -18.866588089493284 -18.663427010095024 -19.05214210886681
51
 -1.2279258794276409 -6.988852707979982 -8.227732380721074 -9.343670712600739 -9.704097937241054 -10.188178333631589 -11.169126016500508 -11.26886059031475 -11.451488709793633 -11.76542672470112 -11.968673807847068 -12.211716228376378 -12.604455065772642 -12.485639025287481 -12.624219607934927 -12.790793103854828 -12.444517142854375 -12.48645591854534 -13.244656720945285 -13.358745583141607 -13.92517945908531 -14.155326698536394 -14.405866488395837 -14.190255395754313 -14.639437721613488 -14.907986366519483 -15.017979471562436 -15.685933045619894 -15.749746702542117 -15.127313652490622 -15.647767425582723 -16.19080818007314 -16.374351299909865 -16.13569893372181 -15.85937677794309 -15.903135837710096 -15.874245562675327 -15.690160792039812 -16.71685203625675 -17.028655963852323 -17.039553436794712 -16.565226369835084 -16.421976857261487 -17.25869062940256 -17.918574935760855 -17.512067421400435 -17.447110506793766 -17.76359147877109 -18.347857901006858 -17.614314825126005 -18.12465192757268
51
 -1.2279258794276409 -6.862925168114911 -8.357974556891874 -9.086280702168331 -9.591897541765741 -9.992758347536496 -10.478083540190816 -10.93513669237087 -10.933230499636801 -11.118174344281432 -11.596606063347766 -11.543210624422661 -12.055697997960603 -12.180001912742602 -12.427808105220734 -12.451900227780673 -12.952218941516897 -12.869650994464294 -12.773738820497742 -13.114141291945707 -13.102990342127969 -13.648524250938591 -13.982057894322217 -14.525809135603117 -14.788024744015688 -14.35080072085811 -13.902283800077775 -14.021833180543757 -14.364061011222152 -15.062012558402367 -15.313431560114635 -15.314492768581662 -15.044518987650893 -15.176149660697751 -15.405049461102484 -15.61277503227658 -15.609094161010454 -16.158889513443402 -16.485296935644723 -16.382017596534617 -16.851001104047434 -17.186692355566247 -17.456327089474712 -17.17379517510415 -17.179353014960263 -17.26912752891693 -17.468485983481525 -18.010185867392682 -18.37650021463806 -17.542856740689093 -17.72383847841721
MainSSVRG
10
51
 -1.2279258794276409 -2.9204903354082963 -3.9085164459799 -4.283107326426471 -4.55465011479391 -4.769081071777859 -4.92389050435665 -5.043910711180219 -5.174991660669507 -5.21388865511083 -5.500254019208185 -5.822400261651523 -6.084300428663173 -6.315871291724243 -6.537367586607653 -6.755083632074013 -6.962227187695729 -7.153832050351856 -7.174015754256415 -7.174015754256415 -7.174015754256415 -7.294358282598544 -7.531669197704959 -7.7487742639478805 -7.957228168383138 -8.159559874622802 -8.223575419411722 -8.223575419411722 -8.223575419411722 -8.223575419411722 -8.223575419411722 -8.223575419411722 -8.223575419411722 -8.223575419411722 -8.223575419411722 -8.418878966116235 -8.676462132124245 -8.923285604943812 -9.160411946169594 -9.390014936047477 -9.619643558111628 -9.712221930625034 -9.712221930625034 -9.712221930625034 -9.712221930625034 -9.712221930625034 -9.712221930625034 -9.712221930625034 -9.712221930625034 -9.712221930625034 -9.840189628577608
51
 -1.2279258794276409 -2.94157835525293 -3.91542718630061 -4.219045286688214 -4.399977891546031 -4.535841305590804 -4.716674640311755 -4.765247074900742 -5.006791525499235 -5.338772671683417 -5.616744050216867 -5.862876064146295 -6.090332834937986 -6.316846473518494 -6.317678702083985 -6.317678702083985 -6.317678702083985 -6.452776174763979 -6.678541267659903 -6.898666866961853 -7.11402725474289 -7.329316635578272 -7.539031356284676 -7.754154488996689 -7.9602128617617165 -8.075930885834609 -8.075930885834609 -8.075930885834609 -8.075930885834609 -8.075930885834609 -8.075930885834609 -8.075930885834609 -8.075930885834609 -8.075930885834609 -8.18461084942252 -8.412490500118254 -8.624170823070106 -8.82587109863402 -9.018010219167184 -9.210488189274564 -9.210488189274564 -9.210488189274564 -9.210488189274564 -9.210488189274564 -9.210488189274564 -9.210488189274564 -9.210488189274564 -9.210488189274564 -9.210963403709886 -9.425208047593754 -9.612023130342385
51
 -1.2279258794276409 -2.8673279711566475 -3.8004605760470778 -4.0157594194196475 -4.149432537814403 -4.450284598395371 -4.695821267411856 -4.9284958439675695 -5.152822026832587 -5.373339421469734 -5.593347182578671 -5.8048887206104185 -5.808665769014842 -5.808665769014842 -5.808665769014842 -5.9639032112270165 -6.212099255317887 -6.439990239221418 -6.65884333877622 -6.870311992635526 -7.084960110119349 -7.291700918004274 -7.498635325888242 -7.698498195818389 -7.889478494903508 -7.910218137674651 -7.910218137674651 -7.910218137674651 -7.910218137674651 -7.910218137674651 -7.910218137674651 -7.910218137674651 -7.910218137674651 -7.910218137674651 -8.140616919553416 -8.369151962164194 -8.580354038239358 -8.785675572708936 -8.890417985630725 -8.890417985630725 -8.890417985630725 -8.890417985630725 -8.890417985630725 -8.890417985630725 -8.890417985630725 -8.890417985630725 -8.890417985630725 -8.994462128396826 -9.191100884621157 -9.366844867357523 -9.529032814866028
51
 -1.2279258794276409 -2.942618569325384 -3.909097872688573 -4.26350628847244 -4.4314552925031085 -4.598682409805409 -4.738697434317213 -4.744512491371844 -5.050863414737255 -5.325669743243759 -5.527678141810731 -5.527678141810731 -5.527678141810731 -5.527678141810731 -5.75179152638632 -6.003224680259936 -6.2375182468113435 -6.465131410053973 -6.6922922515480705 -6.711233562253652 -6.711233562253652 -6.711233562253652 -6.711233562253652 -6.711233562253652 -6.711233562253652 -6.711233562253652 -6.711233562253652 -6.711233562253652 -6.930318710543581 -7.16042374969844 -7.382511554400564 -7.600070537048421 -7.814004256361068 -8.027839334154182 -8.240688363353991 -8.455677635174304 -8.65647860849967 -8.67625794518737 -8.67625794518737 -8.67625794518737 -8.67625794518737 -8.67625794518737 -8.67625794518737 -8.67625794518737 -8.67625794518737 -8.67625794518737 -8.913183138286204 -9.12701914813126 -9.321212513383585 -9.506911281346596 -9.684508479134307
51
 -1.2279258794276409 -2.8650956947143156 -3.865382919365666 -3.9542213683562144 -4.292673356075689 -4.580057514549225 -4.813300876461541 -5.025243534181203 -5.23879011194298 -5.442177983145651 -5.647859575431129 -5.726297079110257 -5.726297079110257 -5.726297079110257 -5.794344974922796 -6.073969721839114 -6.329508392351597 -6.574146839814916 -6.813547600191113 -7.048160437071351 -7.27795231031285 -7.5065561081411145 -7.7381885920460185 -7.83150347482492 -7.83150347482492 -7.83150347482492 -7.83150347482492 -7.83150347482492 -7.83150347482492 -7.83150347482492 -7.83150347482492 -7.83150347482492 -7.984999247172176 -8.212824925850114 -8.276108743739952 -8.276108743739952 -8.276108743739952 -8.276108743739952 -8.276108743739952 -8.276108743739952 -8.276108743739952 -8.276108743739952 -8.276108743739952 -8.448407944486911 -8.67745818061258 -8.899854295547547 -9.118693430862507 -9.337966264291559 -9.553969427806699 -9.767932270060212 -9.898234637370331
51
 -1.2279258794276409 -2.888730972290882 -3.8652536893996463 -4.022236547738211 -4.227142631815624 -4.518191118082683 -4.744638185675186 -4.816606198926682 -4.816606198926682 -4.816606198926682 -4.87725872503828 -5.108293264586186 -5.328345287029066 -5.543462075580412 -5.756793649811017 -5.967039645809943 -5.967039645809943 -5.967039645809943 -5.967039645809943 -5.967039645809943 -5.967039645809943 -5.967039645809943 -5.967039645809943 -5.967039645809943 -5.9699417940825645 -6.193339407296447 -6.4118841263942885 -6.601245631846257 -6.601245631846257 -6.601245631846257 -6.601245631846257 -6.601245631846257 -6.601245631846257 -6.601245631846257 -6.601245631846257 -6.601245631846257 -6.630166871650832 -6.85187341744816 -7.06751811638954 -7.281429490581192 -7.495036552701044 -7.702190770921971 -7.8820587612653075 -7.8820587612653075 -7.8820587612653075 -7.8820587612653075 -7.8820587612653075 -7.8820587612653075 -7.8820587612653075 -7.8820587612653075 -7.8820587612653075
51
 -1.2279258794276409 -2.9081604263254532 -3.8924226828289363 -4.062079703410301 -4.297783621545489 -4.580697615363608 -4.73135467060653 -4.73135467060653 -4.73135467060653 -4.73135467060653 -4.944663768990795 -5.094315951700327 -5.094315951700327 -5.094315951700327 -5.094315951700327 -5.094315951700327 -5.094315951700327 -5.094315951700327 -5.094315951700327 -5.094315951700327 -5.176956261718081 -5.4080259766884735 -5.6380342078248775 -5.868698868830265 -6.0965165292003 -6.322666418083701 -6.54639286175725 -6.765022782773022 -6.936702728673248 -6.936702728673248 -6.936702728673248 -6.936702728673248 -6.936702728673248 -6.936702728673248 -6.936702728673248 -6.936702728673248 -6.936702728673248 -6.993279103859601 -7.2248791254507125 -7.4521989483934625 -7.674352548617902 -7.894004792610992 -8.113735214069461 -8.32885938543844 -8.537112509805095 -8.74948450553551 -8.959090673677407 -8.976957255873407 -8.976957255873407 -8.976957255873407 -8.976957255873407
51
 -1.2279258794276409 -2.9227843166526117 -3.89786121780292 -4.273779760809777 -4.273779760809777 -4.544628223007112 -4.774296078253375 -4.9796012416870505 -5.1782305431465305 -5.37013295973938 -5.560726942893118 -5.744499925690219 -5.927794715412278 -5.9689581411873744 -5.9689581411873744 -5.9689581411873744 -6.065587379865941 -6.315962164431514 -6.541635154391246 -6.756580462827265 -6.960928933368826 -7.1636596123903145 -7.339024515345584 -7.339024515345584 -7.339024515345584 -7.339024515345584 -7.339024515345584 -7.339024515345584 -7.339024515345584 -7.339024515345584 -7.339024515345584 -7.3632332335772555 -7.625915262181245 -7.85564615060306 -8.06859306385625 -8.13199732744878 -8.13199732744878 -8.13199732744878 -8.13199732744878 -8.13199732744878 -8.13199732744878 -8.13199732744878 -8.13199732744878 -8.13199732744878 -8.29010425121323 -8.501786247282606 -8.702263156037267 -8.900080641310003 -9.096123503762158 -9.284267181893982 -9.473714289426608
51
 -1.2279258794276409 -2.943451476101081 -3.9288040360088763 -4.002063546967128 -4.2645876594238725 -4.539974039148751 -4.779421313364535 -5.008594659219608 -5.234872527290144 -5.455824437994324 -5.467497690072634 -5.467497690072634 -5.467497690072634 -5.599549261518992 -5.83195055720587 -6.053375001955753 -6.27050476780734 -6.478255648772987 -6.5941639604353535 -6.5941639604353535 -6.5941639604353535 -6.5941639604353535 -6.5941639604353535 -6.5941639604353535 -6.5941639604353535 -6.5941639604353535 -6.5941639604353535 -6.67220543222748 -6.67220543222748 -6.67220543222748 -6.67220543222748 -6.67220543222748 -6.67220543222748 -6.67220543222748 -6.67220543222748 -6.67220543222748 -6.706596036351405 -6.945582226262634 -7.173315301353929 -7.393295079620801 -7.6106816821702585 -7.826915425627293 -8.038014408925514 -8.251216959630097 -8.461921298370598 -8.527898428459535 -8.527898428459535 -8.527898428459535 -8.527898428459535 -8.527898428459535 -8.527898428459535
51
 -1.2279258794276409 -2.8704428112862317 -3.837997834730296 -4.233505135342569 -4.469250256901287 -4.630074413692993 -4.845669194534179 -5.008071610957339 -5.16998814281622 -5.351927277414199 -5.396194119972514 -5.396194119972514 -5.782561583478828 -6.113780922359831 -6.372799105957027 -6.589690018562916 -6.784723339019254 -6.95977183172334 -7.125904378660445 -7.2840238129600055 -7.447053869277624 -7.528193958023574 -7.528193958023574 -7.528193958023574 -7.55677747303211 -7.852970785557675 -8.093528068797106 -8.305295767846834 -8.497375493806082 -8.687596099911303 -8.865387461059937 -8.9284822654718 -8.9284822654718 -8.9284822654718 -8.9284822654718 -8.9284822654718 -8.9284822654718 -8.9284822654718 -8.9284822654718 -8.9284822654718 -9.085028497351852 -9.285148222010571 -9.466024653095856 -9.512134661393722 -9.512134661393722 -9.512134661393722 -9.512134661393722 -9.512134661393722 -9.512134661393722 -9.512134661393722 -9.512134661393722
SGD:0.05
10
51
 -1.2279258794276409 -5.189991772093041 -6.798344320393417 -7.818830445607182 -8.421527180677455 -9.995932141426078 -8.573108639535958 -9.836407662524126 -9.296067631534358 -10.234860852743497 -9.268273794536276 -10.478803745940562 -10.10624445491512 -9.143415346458916 -10.298453313080051 -9.710445624006026 -9.275724530355248 -10.70996057238614 -9.47055754676923 -9.91322300186501 -9.019306565978082 -9.873928799689875 -8.962395983090587 -9.505258812650755 -10.31535540373229 -11.4838560999151 -9.73802691725318 -9.06907264996115 -9.730848513012432 -10.151038264433383 -8.832391287914152 -9.520102629848918 -9.929381422552556 -9.055023935889835 -10.471801364632183 -10.133769553891387 -10.473391372059389 -9.91161945495077 -8.829801427441328 -10.62764694405087 -9.859752861918372 -9.669724539936894 -9.25508228429338 -8.476498318619498 -9.814698237029402 -9.844745034872428 -10.686844467081185 -9.777694502750618 -10.10784930878916 -10.785779820323917 -10.576264424626414
51
 -1.2279258794276409 -5.2084352227700315 -6.6547738006818635 -7.971719619529092 -8.755231079609466 -10.15859271232141 -9.803488768708343 -8.861217603240759 -9.472678591001882 -9.884939883020367 -9.184242796000245 -8.636502939851713 -9.348957005966131 -10.804272036210886 -9.120580549088274 -9.35313434334161 -9.903990706369077 -9.139476883603077 -9.85601868149197 -9.673254480153869 -10.495796861713037 -9.788990184099704 -10.390754281966105 -10.233595966654262 -9.254794477351016 -9.993538679764427 -10.808737674801051 -9.67064183356826 -10.421186030792542 -9.664671931697306 -10.499433472583435 -10.037117884388595 -9.844369154041434 -9.94169037248324 -10.969768653982355 -9.494185349163926 -9.632022104335897 -10.077013522685963 -11.034784074757903 -9.17333619195074 -9.552681622137431 -9.612847344189934 -9.598524748180088 -9.689719952450686 -9.85623729989038 -9.396359854101204 -9.704349618276803 -9.493867622951587 -9.575865966201086 -9.148864543223132 -9.077943370626555
51
 -1.2279258794276409 -5.124505436918744 -6.667645611988864 -7.890880775493758 -8.306642889573833 -8.568426892756854 -8.615862331919455 -9.804304412637704 -9.741803105233398 -9.794740989733715 -9.574610596171635 -9.037759502080316 -9.810812478874292 -9.618236824337634 -10.105516547835729 -10.036180473609107 -9.67614536525095 -9.277032215858288 -9.908970372364152 -9.887435469543274 -9.526073674758493 -9.949960157554974 -10.159870233559111 -10.074570414220574 -10.06547886512605 -8.807088398356822 -9.661940300663797 -9.151347101250673 -10.913340576924398 -10.147697984143308 -11.075225624858462 -9.616919002975386 -9.58417124135654 -9.398200769415249 -9.45676867918634 -10.965985447355708 -9.904035186176078 -11.923081088976074 -9.550036624230149 -9.312696999732925 -9.548947002925768 -9.1262681926486 -9.56915219846119 -9.155547219739834 -9.424510903331251 -10.151256041985489 -10.93452523655215 -10.508035274798969 -9.27156467845317 -10.072889986978627 -10.809325991441858
51
 -1.2279258794276409 -5.33026080520271 -6.454232247851234 -7.673020468137862 -8.396429224304164 -9.856080334280618 -9.21105240687276 -10.50352313646703 -11.01350362408574 -10.323912607963036 -10.103822595338462 -10.442321158570996 -10.290552704168928 -9.60750672719053 -10.376983856405017 -9.165024487614586 -10.05610192552572 -10.305012090689575 -11.340726799803521 -9.515465404293009 -8.79286605471812 -9.992989641870691 -9.841784083552831 -9.486260294947275 -9.949564910131569 -10.227409387209178 -10.085940789427175 -10.151244686969612 -9.737299170449457 -10.053200060186661 -9.379405407554819 -9.060378007304564 -9.049451063268904 -10.304874383546691 -8.973950240589591 -8.68731031178561 -9.180451153413479 -10.141897793360394 -9.484474244469592 -8.954669480674246 -9.880515455927629 -9.655532454880978 -10.968263870512201 -9.608125588508011 -10.069509342387896 -9.993383454245832 -10.670145733231948 -9.980297907577354 -9.390297993743088 -10.332704714564288 -9.784977082453473
51
 -1.2279258794276409 -5.203728019334172 -6.570094421525304 -7.650015332096977 -8.833775537760834 -9.292632966963382 -9.41805299081939 -8.540045410233011 -10.1240692877716 -9.13270904392076 -10.266486636944611 -9.395843863135637 -10.163290491248624 -10.244217437872106 -8.836609601921367 -9.643207925386418 -9.255420039639656 -10.5120428558609 -9.676374345834045 -9.41025608725383 -10.505878003721325 -9.287689375288057 -9.259292901378997 -9.086463641160362 -9.35764721939401 -9.519885729081427 -9.718380928829307 -9.691927982927325 -9.082699238632314 -9.969621739152894 -9.114923214083156 -9.99119310429443 -10.067639984305728 -9.903686409165553 -9.943210615702013 -9.926525878255289 -9.768075011320215 -9.957401058271865 -9.562393582787623 -9.439241385174023 -10.110875428422103 -9.038200044540385 -9.632616173882282 -9.744504456603167 -9.19089224003065 -9.035426676680594 -9.818284828095347 -9.772679578148884 -10.597822437464117 -10.008266548184556 -11.154597375050246
51
 -1.2279258794276409 -5.313427078882224 -6.631191529029619 -8.195123903072687 -9.081815436945547 -9.262082640820294 -9.817619380405997 -9.209285500921029 -9.921988081541418 -10.545221386506688 -10.20145164971747 -10.005276693030849 -9.788188021578232 -9.875063373568674 -10.432249542975507 -9.770337090968239 -10.0839760407954 -9.407131221977147 -9.9211721400248 -10.447053663992468 -10.52069158411588 -9.099107836333083 -9.446096941909277 -10.001651986633965 -9.497399916522102 -10.282770738622988 -10.05083380629667 -9.576220328141746 -9.584097457550012 -9.687101021593564 -9.340109886206394 -10.326281544272883 -10.478138457485628 -8.825844426853827 -9.750873570238273 -11.005706701193368 -9.527143038960256 -10.003218556446077 -10.050635249052934 -10.634057007295905 -9.732489051154394 -10.008786234224866 -9.497464094461607 -10.287362207105462 -9.592425335954163 -9.814464165761805 -9.626645142734388 -9.595157864535985 -9.573493933508315 -9.739218189159462 -9.766530933957005
51
 -1.2279258794276409 -5.252816326358741 -6.90673199071611 -7.70257419797295 -8.700870416777024 -9.13716578195923 -9.359068772019114 -9.26812622418622 -8.65244083668688 -10.500779932574783 -10.080529207407013 -10.006578184799679 -9.732623592818573 -9.611566069319174 -9.392420325268043 -8.882058621760342 -9.221387733730454 -10.771589204461643 -11.044786316973449 -9.335574310415186 -10.372379405771564 -9.521709502467479 -9.413971416091844 -10.245057819914823 -9.916048429707484 -9.834204330440448 -9.916673994205421 -10.227758325322391 -10.0611361786337 -10.711422986998809 -9.29046565327017 -9.348414892428575 -10.231693340204187 -10.152293236396599 -10.026618947740097 -9.46315641054532 -10.328902264391592 -10.017350181408466 -10.060426740992565 -10.52799849174602 -9.561130069318438 -9.498353431969026 -10.31405266138875 -9.422487575854404 -9.505741467165343 -9.635505070945449 -9.533656717403678 -9.789816798324237 -9.28531126808468 -9.96067868116495 -8.705884503035472
51
 -1.2279258794276409 -5.126538281817396 -6.677066105082227 -7.483248711941877 -8.035786120250911 -8.756083563219025 -9.920264031065308 -8.821917049368341 -10.214773053768862 -9.987502069956067 -10.081624177805352 -10.349680175133441 -9.05330406452006 -9.555773051241712 -8.88002131517535 -10.353801719334475 -9.428439967322356 -9.672755745031886 -9.869499703958262 -9.268629150590138 -9.583391277651945 -9.408423725394163 -8.779052788002287 -10.253458403461646 -9.92270615975505 -9.680374498784044 -10.261525035973156 -9.49461566147699 -9.392693927106045 -9.434437570872127 -10.236231219854705 -9.672244377314286 -10.427711158940667 -9.18779359005213 -9.805715489406303 -9.903506346696753 -10.701749763685507 -9.652776482470074 -9.989900766485512 -9.538291997047878 -10.292379640203125 -9.694794908795835 -9.337506895141662 -9.459899982283432 -9.613931708987787 -9.246381369169523 -9.657731511003425 -9.019911985887893 -9.861612249095078 -9.874413581347744 -9.965499578923925
51
 -1.2279258794276409 -5.300960021212678 -6.701595043075404 -8.005046537072758 -9.099484377264549 -9.192378516785604 -9.71645664626416 -9.653271783188298 -9.059589723095256 -9.649523155003521 -8.953800067510894 -10.283689072055132 -10.213905956670743 -9.789086472680435 -9.242467319348977 -8.935728581502499 -10.011673870884605 -9.79626763193957 -10.067387691665049 -10.51415369324351 -10.420145957458141 -10.326087627893473 -9.610957563755473 -10.462638751237995 -11.033309176384039 -9.205771458884433 -8.994387946719577 -9.946221182539798 -9.722569153496982 -10.015774125112861 -10.585824305569085 -9.573201999703135 -10.341994843890172 -9.223457059231489 -8.860371086925174 -10.675083160230676 -9.755048408457826 -10.16074148396664 -10.955393233106683 -10.708481201630361 -9.552156641899197 -9.377770652890128 -10.149323753232798 -8.529566806191582 -9.438397979939877 -10.188089370751184 -8.726451261248242 -10.65516788615497 -10.89444730031024 -10.879406380879862 -10.11897108470184
51
 -1.2279258794276409 -5.28775179190956 -6.843860950805391 -8.009262454909834 -9.216911455948212 -9.22346840933858 -9.262540535076388 -9.319776495752164 -10.01997347081015 -9.42858194632479 -11.110253250425707 -10.104742845846879 -11.508098661670125 -9.406797112354402 -9.375308828149018 -9.266388001475887 -9.048087105348285 -9.981000807386668 -9.697178146358864 -9.794379105581614 -8.992673937623874 -10.946618601112013 -10.357299384129968 -9.747571863102092 -9.547300587038261 -9.737010745384355 -10.312343210424284 -9.0092142760576 -8.913815542475007 -10.313860362248834 -10.864577837382948 -10.45263768089856 -10.27208042598255 -9.702885301101155 -8.846800315601563 -9.976656093790563 -9.893979262420682 -10.012853881256603 -8.945616608461892 -9.06762859930011 -9.6587489826916 -8.832147014166136 -9.953593256566004 -10.544773340060926 -9.59430371068145 -10.99263584581867 -9.81501656364873 -9.521943437069798 -9.477341641013027 -10.176249680612257 -9.479101554116225
SGD:0.005
10
51
 -1.2279258794276409 -3.006773820894171 -3.7523807448233093 -4.110082900683322 -4.333287410755814 -4.504647076108012 -4.662479409027813 -4.819485555792032 -4.978610527218752 -5.143473888021008 -5.31554604790472 -5.481982042474492 -5.635804823007364 -5.7819384400161615 -5.919918399585926 -6.064390421553842 -6.226003658742579 -6.379000782122208 -6.518272570820778 -6.641124047386109 -6.786933982144789 -6.932235487679747 -7.082367963881907 -7.252175156036388 -7.409119944624373 -7.570665830337106 -7.735810131860387 -7.81960317025105 -7.9655195930320515 -8.078851909147435 -8.207795613930157 -8.387351332985318 -8.51166412607633 -8.660604665476878 -8.735071042901705 -8.915734423478325 -9.087104375995784 -9.207924175460821 -9.326567279479915 -9.428406689674146 -9.59507305145865 -9.702618737753731 -9.818402448606118 -9.964164934397484 -10.018119438098894 -10.233710232709058 -10.242903160352975 -10.253792251075673 -10.397269640827993 -10.585484208128216 -10.67524047287017
51
 -1.2279258794276409 -3.0090492944278733 -3.7327519583441093 -4.09651955174712 -4.341763477975 -4.518523710413927 -4.681021859333588 -4.836212999771178 -4.992124997041786 -5.158852575773641 -5.302494329593017 -5.4650281643794045 -5.630612317728304 -5.790919196440641 -5.9662079207093015 -6.099648456192212 -6.235440106328758 -6.405009709114005 -6.559854771348243 -6.71602059291176 -6.8651198905069215 -7.031421835201942 -7.206237378484625 -7.370083094893565 -7.5314053175550395 -7.6652756507336255 -7.796385676359428 -7.981869948335638 -8.125754381890884 -8.203461081733476 -8.352237108019857 -8.507144369862127 -8.663650449043647 -8.821916645226406 -8.91681385620626 -9.103843860383495 -9.176078703678707 -9.2490859263776 -9.17534728414631 -9.395586312087207 -9.568786636206731 -9.674157230778581 -9.854097036463466 -10.002404518025179 -10.126987372491241 -10.258289506239489 -10.444252938190704 -10.49844492367877 -10.723903903654076 -10.643189661423007 -10.823014048596484
51
 -1.2279258794276409 -2.9988307650895685 -3.7419651142816575 -4.102751143419788 -4.336767412371415 -4.521981425508861 -4.689671784468722 -4.842885496978677 -4.998433318394684 -5.161521443977208 -5.316438613587487 -5.466613842998222 -5.62527841980823 -5.786491607199738 -5.929405950209212 -6.097376079633061 -6.252234138337051 -6.409077892234847 -6.547570625082539 -6.689922088118377 -6.817171318946106 -6.996103292857718 -7.143096981352014 -7.291143881548304 -7.408924232050194 -7.539526757571615 -7.663273373488196 -7.809984957272288 -7.946993379721022 -8.12091490223177 -8.230734190588676 -8.357193389569236 -8.513422128984224 -8.675393901063572 -8.786399579487187 -8.937438414265774 -9.118825023100543 -9.179513557184086 -9.254343823540786 -9.294155700364927 -9.582115139611519 -9.693508779683572 -9.783294978025623 -9.776229071914253 -10.006159602205633 -10.151900459747969 -10.373032393046362 -10.347217259045465 -10.471682064987563 -10.537176462055097 -10.593214567029623
51
 -1.2279258794276409 -3.0053773321600636 -3.756758130347463 -4.130891796983441 -4.346511360410264 -4.538665110622428 -4.701152934499968 -4.861855284968801 -5.005617714218433 -5.1555627029646525 -5.2887809046330885 -5.431783150036399 -5.588704645621784 -5.767118782335887 -5.934289187693316 -6.091048020481693 -6.250857297953364 -6.385421745410989 -6.528502826209137 -6.672213282828104 -6.800758377042117 -6.963297961850477 -7.116121275889397 -7.274688085185138 -7.443619209207865 -7.572160970584273 -7.690911331065514 -7.810809776041601 -7.954168733885669 -8.115469025242469 -8.282688372847492 -8.443847984607704 -8.61856604618444 -8.731926514657372 -8.870984733436456 -9.030933161923413 -9.1763941033452 -9.378439675907696 -9.49925852913407 -9.536732936456836 -9.751913703694594 -9.847773884694027 -9.854820474336961 -10.025420208409711 -10.056268757858962 -10.248754834308787 -10.36786325828109 -10.440070399259655 -10.439502951115095 -10.593750145653342 -10.61787094859487
51
 -1.2279258794276409 -3.0241818610513467 -3.74202980562887 -4.114642602458508 -4.335361528602654 -4.518592218821293 -4.684829444132025 -4.838907415223923 -4.9896900251681675 -5.14064167921938 -5.281478400356156 -5.451304913654526 -5.593476100358286 -5.742006914554856 -5.9118526945026915 -6.0341981474351405 -6.1750895505189 -6.335824822562415 -6.505777437656973 -6.662525454637174 -6.811579593375081 -6.928325829465393 -7.06514932337639 -7.214328387553516 -7.385135317998696 -7.533798718169011 -7.71309424184999 -7.79222755641224 -7.9397113206886 -8.040351389717113 -8.212596918047188 -8.380401993969047 -8.484937570193567 -8.624656927972321 -8.743338702195008 -8.881702402170738 -8.959256668671085 -9.067485560984194 -9.290506790665233 -9.414263088865292 -9.521380239274695 -9.608012921527722 -9.697913708981117 -9.813269616430027 -9.96231183624025 -10.020410344608134 -10.260631241138956 -10.216234214008658 -10.487652840389387 -10.549241538148685 -10.627577173841386
51
 -1.2279258794276409 -3.009919381572672 -3.7521009248542385 -4.108571365115932 -4.333862676515761 -4.515146737357475 -4.672672618541976 -4.822722630351514 -4.980005776087464 -5.137103050525622 -5.28985959857236 -5.438126332230517 -5.588605947248149 -5.756948202687051 -5.9002598089162985 -6.056926898635892 -6.227048002953116 -6.3850401039224565 -6.552183312243134 -6.680973538417584 -6.808426340753696 -6.934682612526701 -7.091502315899022 -7.247723269351249 -7.398758730625296 -7.517327043740635 -7.65872229933719 -7.814345847051365 -7.957039906274692 -8.114088891056268 -8.287626473998841 -8.415135836593443 -8.503642411087359 -8.551224918940658 -8.64190219720064 -8.751774266553289 -8.90578117361237 -9.102733122080666 -9.291644847242202 -9.393848316653878 -9.597065782779572 -9.695810554334999 -9.764112982920272 -9.96669578508497 -10.128635647716983 -10.291970780977117 -10.378998955354529 -10.494915771531824 -10.501359639639103 -10.621529516119168 -10.743508236920043
51
 -1.2279258794276409 -2.9601936375597746 -3.706659240650374 -4.101087877703082 -4.339341039090506 -4.546760906236054 -4.712314959979048 -4.866422051831814 -5.027508093172785 -5.176074242013668 -5.305892020340247 -5.452846062879325 -5.60388560861148 -5.746207295777792 -5.912926248036861 -6.046012993049583 -6.1715892250955084 -6.336277870919259 -6.504045574704835 -6.6501482018851945 -6.825972188509341 -6.97408574577929 -7.13553301705297 -7.269755075014618 -7.423052204600197 -7.563578201053661 -7.6820651759629435 -7.833073919250153 -7.970596136154889 -8.124335517544711 -8.27337620491878 -8.385502507760556 -8.544050062071701 -8.699510956160767 -8.873847169787476 -9.02690259664572 -9.14777384310337 -9.30386475691583 -9.441836175757313 -9.481267292149331 -9.633855906050265 -9.764979932338893 -9.915772861540495 -10.050909197280141 -10.008176580733396 -10.268215782468767 -10.352832685202708 -10.382023168239328 -10.61691760698112 -10.541660931916464 -10.63745814322065
51
 -1.2279258794276409 -3.0320733348908258 -3.753593037860786 -4.118125733377137 -4.339994569535256 -4.510803778845831 -4.673565963154934 -4.828642955488479 -4.983320795406925 -5.145331145365811 -5.296829163049177 -5.456734007896286 -5.610955486480023 -5.769378360413586 -5.929520050065315 -6.088470725302755 -6.24178524350455 -6.381097910136513 -6.523120110155086 -6.676295517790241 -6.830729851011132 -6.977591279485134 -7.141508950814819 -7.311058380459229 -7.43693172160695 -7.566883708403066 -7.738660796835065 -7.901019717886526 -8.021605822178119 -8.168479792618212 -8.291282372267926 -8.39849971459028 -8.513117009153763 -8.630128816993745 -8.749122328725933 -8.907775587516065 -8.987160327227647 -9.203740070740986 -9.371490553339147 -9.4477827327974 -9.531731009310645 -9.599152096190283 -9.742645888101489 -9.920245311692003 -10.00487087150872 -10.128164328851883 -10.235263662682398 -10.352130429325275 -10.530004854970075 -10.519686965607937 -10.737400149733311
51
 -1.2279258794276409 -3.005633551663471 -3.76315012937765 -4.108625952353883 -4.332040353187538 -4.498030201191981 -4.669300614921066 -4.819049042354553 -4.95986093946128 -5.136807667408019 -5.286584861972978 -5.436060941723486 -5.5846820910127075 -5.7444178427099715 -5.894362955546654 -6.035461298125497 -6.197969320483074 -6.31758083242111 -6.482262910218886 -6.622336690188025 -6.777633068652967 -6.910052828749782 -7.06760352288291 -7.233581149744615 -7.3845880654995 -7.516648317544247 -7.672644794465508 -7.828092382530203 -7.985010806594659 -8.149488944283394 -8.270283347438044 -8.406050371825303 -8.511834033702447 -8.669785283078355 -8.826721184457224 -8.957063363343636 -9.067074685043801 -9.163093673058402 -9.339841636517821 -9.54988649385879 -9.74060543265426 -9.74123570989421 -10.036910478628489 -10.205837768632591 -10.214731616662363 -10.324801490364218 -10.391421407038472 -10.488201206488814 -10.646292241395127 -10.616127588035281 -10.834457524146828
51
 -1.2279258794276409 -2.990571237929512 -3.744571485828603 -4.108507936171545 -4.340828387240071 -4.521249641493884 -4.683462621434638 -4.8343389045576375 -4.995117801285728 -5.146035166590171 -5.310705916656624 -5.468803659012905 -5.641981820009405 -5.783733506202087 -5.953354617548509 -6.105820311519498 -6.250389646135411 -6.398496181001443 -6.5485391000638415 -6.686326832478981 -6.85104396523074 -7.001929993359192 -7.167927875082507 -7.3176760265505445 -7.482783283148306 -7.626815220873074 -7.720260644598628 -7.877454551895748 -8.030558166345951 -8.192688828818866 -8.337067870784681 -8.468588544026689 -8.572245077307134 -8.701378769009782 -8.834493811618678 -8.987633704121498 -9.026636126193358 -9.222958482252306 -9.302803845455191 -9.461525785761157 -9.593674163584213 -9.671874032020582 -9.843758051538819 -9.963222132374343 -10.135638936634068 -10.255221775082443 -10.280977625928973 -10.415424260468665 -10.638250499403311 -10.72179136002531 -10.610329179891561
StreamingSVRG
10
51
 -1.2279258794276409 -2.869523945864289 -3.9205792580158 -4.322106017629896 -4.592924350538185 -4.836328550265312 -5.07094121276753 -5.309102524524985 -5.53114963465929 -5.758774010673836 -5.969849562753868 -6.2065808204416655 -6.4266814556142915 -6.623249715708794 -6.8378385128526515 -7.040789342187622 -7.247890991123484 -7.412219522899954 -7.663584915507322 -7.906814809176186 -8.135815463905075 -8.274593465758212 -8.494550928431037 -8.77074738875147 -9.003279271191833 -9.190095158674072 -9.340393310480895 -9.433046732640081 -9.397521233244712 -9.530120772615374 -10.028543799035747 -9.965803297219287 -10.255015131424527 -10.444938357009292 -10.444938357009292 -10.731052770893244 -10.82230248327611 -11.171294539890486 -11.059843854315847 -11.22535380990666 -10.71287049232051 -11.038457500782297 -11.490608632515068 -10.963612886561167 -11.428157230194609 -12.57727688515801 -12.57727688515801 -12.57727688515801 -12.57727688515801 -12.127388228980761 -12.182183422393745
51
 -1.2279258794276409 -2.929230223322619 -3.8979455907893703 -4.322685173279168 -4.571372512012731 -4.7839428358244644 -4.9998944758564825 -5.223752638556237 -5.465428667682745 -5.707859437132251 -5.926268688988085 -6.126185791021344 -6.343112801734331 -6.55308449673141 -6.781246948728379 -7.023039518518338 -7.272399858359699 -7.452918500835319 -7.650414435663259 -7.877271298113966 -8.077105592549188 -8.228929775987135 -8.495577598084283 -8.69444650350221 -8.809307432480802 -9.004241559787344 -9.169356151882983 -9.281587681607594 -9.631832306851937 -9.702575133632747 -9.930211418978493 -10.086231866242658 -10.052597672903667 -10.220276453240798 -10.101614200390832 -10.441450114180018 -10.790043682014016 -11.103133647849864 -11.272805714302168 -11.583465749676563 -11.637059236712263 -11.318588844023553 -11.277349587389862 -11.086391535687207 -11.56029833911324 -11.953666584524546 -12.004143552300613 -11.895495141062632 -12.044289067868883 -12.328564973443601 -12.742484474138232
51
 -1.2279258794276409 -2.8850504301816464 -3.898306517148803 -4.3090214954948935 -4.580329578701326 -4.840336792669677 -5.055462493923476 -5.256219602106633 -5.471095350014222 -5.706050313838171 -5.958173543251324 -6.153167038756267 -6.3775860570544625 -6.599808392627388 -6.831558867827474 -7.062017912909574 -7.254535625316559 -7.512336359219619 -7.672756815590898 -7.812740663144084 -8.017508367657875 -8.190302728390316 -8.499892131521928 -8.707490942358778 -8.861551396144739 -9.075960614022135 -9.241001889931127 -9.43045189918352 -9.545563389097996 -9.743337233108374 -9.884553085760786 -9.950044781895082 -10.119233157665608 -10.178255266665246 -10.542319594384445 -10.33454225595897 -10.700526492358403 -10.579795543900358 -10.70166597395412 -10.901534460738942 -11.395660630647956 -11.376051606853114 -11.140912984730493 -10.981928677148252 -10.984929878952844 -11.440257406126738 -11.897888171731102 -11.824660809189046 -12.29604677805293 -12.075427697563478 -12.063999342050991
51
 -1.2279258794276409 -2.9100879036280536 -3.9123647720674652 -4.322550559601845 -4.59665525641555 -4.837690749517393 -5.069501345259325 -5.280256840153471 -5.4853491789784 -5.713460107806497 -5.939621952422814 -6.169559058361845 -6.376165548838725 -6.594696499185023 -6.830778561946772 -7.083875997273519 -7.318681652798069 -7.526286475848423 -7.737202768187713 -7.905819182378391 -8.082305303744892 -8.250876898748437 -8.458930892346787 -8.622249517873387 -8.727810367322098 -8.824004715921722 -8.96003055497201 -9.10814432808226 -9.387270093863384 -9.490727832113903 -9.71847727578243 -9.943540264198772 -10.105599043786441 -10.312200217882623 -10.311309920769368 -10.311309920769368 -10.311309920769368 -10.409710714384516 -10.605362998450422 -10.782047784880602 -10.988400726504388 -10.944907191975263 -11.350492941396453 -11.425174689302708 -11.3837890764046 -11.881312336305536 -11.829747217715381 -11.829747217715381 -11.829747217715381 -11.829747217715381 -11.829747217715381
51
 -1.2279258794276409 -2.9411054848387024 -3.9355857295615104 -4.301721268334201 -4.558426970887693 -4.789218159865994 -5.026260249241499 -5.256468940779623 -5.459442469500201 -5.688072000575837 -5.926356828007399 -6.1580472582166585 -6.413597190381324 -6.630707407129611 -6.8535042626027165 -7.074794672298384 -7.301390139675181 -7.522987331433594 -7.738359076754881 -7.945202073242661 -8.123583993394446 -8.343813849887994 -8.439178646741693 -8.50644467232672 -8.73094055996406 -8.962075213317256 -9.110260431373305 -9.295464471888167 -9.384338016480667 -9.528626652562918 -9.727333204119246 -9.991645355910444 -10.138823781025753 -10.411641976391955 -10.63153030882352 -10.720971261616208 -10.918685272578008 -10.834217928576452 -11.200103621954602 -11.49391680680268 -11.39217656633531 -11.39217656633531 -11.39217656633531 -11.39217656633531 -11.148135206007359 -11.509425005817672 -11.838414077115797 -12.159979143274667 -12.336083714173297 -12.457703959112521 -12.481696886447478
51
 -1.2279258794276409 -2.911951279909256 -3.9155381745126907 -4.298348389505921 -4.584014964027972 -4.827415997595529 -5.060298271117735 -5.292844246770836 -5.518295718855473 -5.745720324298403 -5.976903892567669 -6.176486518963214 -6.406098404983457 -6.645579447529747 -6.85781947734972 -7.025740394859877 -7.212461029808753 -7.440817144614093 -7.570097721049407 -7.829657527617154 -8.02444766981005 -8.125885790600403 -8.30224756554863 -8.556329058426629 -8.748337745386321 -8.9984154653135 -9.12167993816739 -9.400666241405336 -9.538918470665983 -9.616721280081899 -9.770472816035655 -10.045842330939246 -10.144232530900128 -10.336044557120982 -10.491372946217794 -10.674710129828123 -10.68501375190479 -10.969266893267662 -11.018479835507616 -11.251884347927886 -11.240052134448764 -11.747548757887028 -11.627521612950714 -11.664863385049676 -11.829610800400186 -12.06272322936946 -11.809905537155782 -12.334755672747926 -11.969529324997081 -11.99525320979215 -11.804437798506067
51
 -1.2279258794276409 -2.9430772861183354 -3.909222197166096 -4.2976265854491835 -4.568248600759702 -4.817463416984618 -5.059704725014401 -5.270573596487203 -5.50752358764493 -5.722859336547745 -5.928247525115616 -6.152225314414307 -6.358425814908319 -6.586837910711606 -6.818172161318992 -7.030442782317311 -7.211629573013072 -7.375746308657275 -7.629498477615313 -7.873257789378272 -8.073336867506924 -8.220119366159944 -8.44779733412555 -8.641957819380119 -8.818908047346074 -8.86405504511624 -8.998878888475145 -9.027603683936128 -9.247807368442166 -9.521653843083538 -9.78700245481607 -9.969696418500352 -10.09774424550527 -10.190336406617716 -10.426170762586052 -10.540504813075641 -10.636837665281472 -10.935777570664516 -10.878522240197851 -11.168574291160061 -11.073934552650163 -11.197456803727167 -11.197456803727167 -11.197456803727167 -11.197456803727167 -10.897874451486535 -11.644049730247195 -12.020240178930674 -12.047284689217214 -12.483358439783508 -11.851247071224622
51
 -1.2279258794276409 -2.9039015862811284 -3.9386930199894086 -4.306882268012734 -4.5704118925102355 -4.800876442342696 -5.041818704930698 -5.280587052546428 -5.4990599494061865 -5.713108648574018 -5.941429811097801 -6.189072277671268 -6.410136075777241 -6.622279692031791 -6.83636729938747 -7.067262325008017 -7.273150446151765 -7.4430162630919705 -7.623657440614234 -7.837278182977604 -8.061188304623176 -8.275895490957687 -8.512964406033863 -8.725987205669316 -8.792664064436494 -9.071985363583677 -9.306691165354437 -9.37557984247559 -9.688455427848263 -9.835367268809193 -10.162955115085252 -10.107632374491315 -10.268525053751464 -10.521891093130922 -10.768529838038962 -10.796862342277908 -10.502420281884271 -10.66275793948814 -10.914806331540062 -10.914806331540062 -11.194174841693632 -11.39431485754978 -11.87027290308034 -11.9938591079762 -12.043603834290707 -11.774656632790014 -11.862041600143849 -11.879938658075194 -11.86652001812634 -11.911238688613812 -12.039362601309895
51
 -1.2279258794276409 -2.8978611785678985 -3.909345614191501 -4.325320841074706 -4.606288317007316 -4.841225441536103 -5.0802428115511225 -5.321291526473099 -5.567655845715856 -5.790493111473734 -6.005790259594262 -6.225728603005036 -6.446273155196791 -6.668208707996772 -6.838539334638485 -7.068774500632032 -7.249269645299896 -7.4794293639906755 -7.686640860187151 -7.925207259780937 -8.122513957260402 -8.281389188271195 -8.400549197032845 -8.611637728709853 -8.737187873403421 -9.072369947917766 -9.317982944175094 -9.606018340470921 -9.777714993169814 -9.99615882822722 -10.114206208887483 -10.122591609404461 -10.31909701611574 -10.463399901764966 -10.414262367356418 -10.547260263822999 -10.775613530172258 -10.898160187256957 -11.08911084067667 -10.865303209588793 -11.468720468323196 -11.88174719807161 -12.27598963214877 -12.496979984893123 -12.017253533964993 -11.64998035634822 -12.163345587559721 -12.194340555151054 -12.583140220636523 -12.54164667749779 -12.959390604972153
51
 -1.2279258794276409 -2.9320384862417006 -3.8872428355576925 -4.305027799454643 -4.586610956346313 -4.823434602973462 -5.061882535428619 -5.280037607422645 -5.510836669374863 -5.734081185573053 -5.978136282118267 -6.1919122115390905 -6.39877810245396 -6.634113715720452 -6.885024259340429 -7.086141606560475 -7.267014653524046 -7.518762059225695 -7.714116903576559 -7.889474242526423 -8.06716898221684 -8.26352087817614 -8.44710955198921 -8.776805642766083 -8.948033865760802 -9.094986518444111 -9.302661604705866 -9.369818928379598 -9.666483656503992 -9.687037447224217 -9.970114311893404 -9.87051737946781 -10.03660398317878 -10.691968372021345 -10.790694548776596 -10.790694548776596 -10.77879599578779 -11.219857469260424 -10.990729110335097 -11.370567626175825 -11.592437731726454 -11.758939562507988 -11.353273354605381 -11.929138654668506 -11.860893593076243 -12.185572748266278 -12.193505566387596 -11.989567215294176 -11.62245908393484 -12.334393147870003 -12.400344104296346
ADAPTIID
10
51
 -1.2279258794276409 -5.740781633926678 -7.357194508697462 -8.317465110527042 -8.90804473875478 -9.876799552571125 -10.094120521335626 -10.777033006172323 -11.048066285581509 -10.783818386534817 -11.017693635407774 -11.541191230042134 -11.562042650555108 -12.15387202462315 -12.399673066735316 -12.484925030529551 -12.676009118454848 -13.01899660818972 -13.182902430635396 -13.32626630034331 -13.356698272987563 -13.53498171682887 -14.022118524373237 -13.856833253818829 -14.223130284383052 -13.863610000915184 -14.214889705641268 -14.409751859757032 -14.763726128168127 -14.37188610095222 -14.3743802954909 -14.625312030661537 -15.510391768392118 -15.646028335013431 -15.20571327338915 -15.76154923944153 -15.561302581277662 -16.1129312304737 -16.7237424387785 -16.698310689994493 -17.49043144404752 -17.29469549681812 -17.191756679206446 -17.050828015740112 -17.082593153957802 -17.183456915675347 -17.5007633606937 -18.154023237004896 -18.196418054051406 -18.378359975186477 -18.154468379858827
51
 -1.2279258794276409 -5.72170500815584 -7.259911163277305 -8.033874559106092 -8.641410749263777 -9.299801601820247 -10.049288072428633 -10.327708456982986 -10.699031732409404 -10.87881395105517 -11.223933885499005 -11.281882100245564 -11.301451940068981 -11.95111651686104 -12.111843388564726 -12.509824615182248 -12.611713410466251 -12.594821394547376 -12.326831328968776 -12.777377318367165 -13.063805141878339 -13.569319543126385 -13.323184355219517 -13.704083263882389 -13.914506293119185 -14.117777650383456 -14.245508484564805 -14.187838667981294 -14.607194114548015 -14.966042529245055 -15.093880266665074 -15.307984342509613 -14.930853042498986 -15.663913544330082 -15.478253285654556 -15.295398463380277 -15.614611579662554 -15.97787477729373 -15.955048602679042 -15.913297889339718 -16.023016829193132 -16.174555316684277 -16.72560798476341 -17.031482987846715 -16.871942260450986 -16.95660098161084 -16.887648205046112 -17.354789470152674 -17.373970692465367 -17.625244785658598 -17.34608779857662
51
 -1.2279258794276409 -5.663197066823577 -7.185631884824793 -8.518154933641174 -9.293551167569413 -9.827327097620802 -10.215986437813264 -10.535593274433504 -10.611768328173252 -11.209199177613746 -11.436043632909097 -11.421181289363725 -11.594471280383159 -12.09449621793515 -12.374108924397337 -12.857657280994868 -12.424706781703845 -12.68499860920025 -13.093263604860931 -12.681270440413037 -12.955272976534575 -13.254479447555758 -13.256448275208491 -13.67564545734366 -14.259660119654457 -14.588906331354538 -14.539623869645087 -14.636850696108542 -14.707766062153107 -15.403991981105309 -14.930508864545311 -14.934077155784474 -15.008698901194267 -15.671843172675123 -15.664066296345858 -15.483981181312146 -15.962514521894674 -15.856624030564692 -15.789082981716 -15.590981624602598 -16.07982454841366 -15.984760572794043 -16.60752474129178 -16.90027439548571 -17.079680201506694 -17.22823995112313 -17.14349655228145 -17.688435193409408 -17.808081808390327 -17.289779709375072 -18.015374191923627
51
 -1.2279258794276409 -5.668987817071306 -7.25126927990845 -8.215109349069674 -9.243669440793438 -9.526389888568744 -10.147728916990095 -10.059455924736955 -10.758712702186827 -11.48943122833178 -11.065927451009996 -11.604691298304862 -11.867803252299696 -12.406088456940008 -11.702960148123342 -12.054294271378408 -12.748016793795761 -13.227704466012916 -13.304649251934006 -13.344959984203886 -13.772360772656754 -13.849630371012587 -14.18852768532192 -14.029036300075424 -14.243201396020089 -14.13855245534628 -13.82636234876748 -14.48523451849188 -14.254828510044034 -14.510834792323786 -14.861941011389321 -14.93078402987999 -15.275059232938371 -15.048300072632362 -15.642654708860894 -15.602469609726755 -15.781880780263819 -16.30655111414997 -16.065504092090737 -16.746314232048757 -17.015768799207596 -16.3783997583427 -16.273688488048357 -16.913594787758335 -17.0780058603822 -17.84408419475067 -17.865340039420055 -18.22540858601543 -18.057744334858867 -18.10908873294782 -18.265122801043383
51
 -1.2279258794276409 -5.755173474013969 -7.258778449744308 -8.279649914886186 -8.672979464548904 -9.70366901980373 -10.451052925619765 -10.780799486667805 -10.881989851879641 -11.282295122159155 -11.77606683388916 -11.85302370720131 -11.709664585608287 -11.987199940432241 -12.396542070111813 -12.82566709926631 -13.339076487836474 -13.7120088615994 -13.722017665064188 -13.312408801115199 -13.20602460779453 -13.560983206890604 -13.838211811069867 -14.459068776970584 -14.307504766406888 -14.345688435050775 -14.141210596812277 -13.807623929765994 -14.047896444684872 -15.07019368076439 -15.17329166104844 -15.023679235951079 -15.373511875437144 -15.607576318713662 -16.04575081209332 -16.31838158835606 -16.065275231052492 -16.001773258339625 -16.449652833818156 -16.834258169683576 -17.08568264225207 -17.509951146925797 -17.589207156454325 -17.89909249391151 -18.22394639467595 -17.890417502308292 -17.931067773629543 -17.785988821537497 -18.403546020959187 -18.327622721788877 -18.553363752817546
51
 -1.2279258794276409 -5.686332158090041 -7.333530773915657 -8.09781764302586 -8.842881691471494 -9.647588700240028 -9.76783538798705 -10.148000247986243 -10.745966123444836 -10.874803323089122 -10.768549231786038 -11.177677563805918 -11.033826885564343 -11.190644941875792 -11.716159189643765 -12.280697726845723 -12.405667050248505 -12.598896995361201 -12.716948863463548 -13.507823325033002 -13.381269222799768 -13.771370385684353 -13.619859431672491 -13.808165168808646 -14.224626308024096 -13.9915538582816 -13.738345441349932 -14.382609759511006 -14.162831065514284 -14.384646881483453 -15.129475537001209 -15.435026159260048 -15.50906451806349 -15.758901699953062 -15.725814769647831 -15.77696275278979 -15.657688989706637 -15.649477456547606 -15.957310423256308 -15.846507950639962 -16.52080317320896 -16.40035203938553 -16.18760851218093 -16.625360081895497 -17.10155227133126 -16.909589864878942 -16.89373400501698 -17.496206834947355 -17.56402090062564 -17.480861542076724 -17.497142017590363
51
 -1.2279258794276409 -5.613384641829063 -6.8897224911969 -7.958934202503083 -8.866851143238957 -9.341547421603117 -10.067348503881982 -10.440893009080195 -10.69238034725301 -11.18445285348773 -11.66071798945753 -11.331753002467991 -12.097504888946816 -12.19405095112982 -12.288454370802253 -12.59510993056904 -12.821526070859063 -12.894701496474744 -13.09026138438727 -13.446293247891001 -13.106982619236327 -12.974657403082126 -13.095474473932871 -13.726700171813576 -14.456400502391029 -14.214869759062108 -13.962560659633512 -14.021394737815001 -14.993383401382033 -15.481911904196298 -15.247339800286497 -15.320691846007838 -14.921406362263708 -15.34946604917522 -15.093219191614082 -16.03572909806904 -16.387006486883415 -16.649646506232575 -16.536090308673266 -16.351725704868247 -17.029624080756452 -16.76838040534038 -17.35709474299743 -17.464008505524415 -17.857859377420386 -17.83498255237537 -17.80405049367466 -17.621970015271224 -17.792119388245368 -18.217940530300794 -18.43099116064952
51
 -1.2279258794276409 -5.759206829491172 -7.146096078978892 -8.38808926611503 -8.812518539939022 -9.725551114340343 -9.638839938745122 -9.95738881094967 -10.217452827369627 -10.453456776000682 -11.141666808995943 -10.932445909546306 -11.275693748816265 -11.48667417809432 -11.841625550393074 -11.624574872663109 -11.819911322683359 -11.8878693947682 -12.931850304951288 -12.837139298860919 -13.344733698204639 -13.824724790936958 -13.738222489779705 -13.677725811023507 -13.792118126801725 -14.061322978633319 -13.956023411708022 -14.396595208909227 -14.961262178145976 -15.134564588856808 -14.837321709135994 -15.875181167186712 -15.248615258077251 -15.575193155630766 -15.85418742348345 -16.14695742914203 -15.737372256125772 -16.38152071492767 -16.61522087321001 -16.90650073876729 -16.467906934524652 -16.63497939526302 -17.022355334473556 -16.975311910111106 -17.269973808048857 -17.266621518038765 -17.67768642414939 -17.72023104934627 -17.822708278926182 -18.168178936763276 -18.283036191671044
51
 -1.2279258794276409 -5.69613043200611 -7.065717093388058 -8.052615926178104 -8.862414798335381 -9.238476824832759 -9.680118227319282 -10.388109753927255 -10.554276240919576 -10.903837358882267 -11.616090079137091 -11.543865971865658 -11.441891641576445 -11.997469504802554 -12.233306790846337 -12.012079970065558 -12.674948365501963 -13.007616065738176 -12.950463674335294 -13.000805215115319 -12.683098844690756 -13.466944774230434 -13.574709793722779 -14.061886754281915 -14.217946663926126 -13.629564952623532 -13.78926688403662 -14.440886042069364 -14.627137392940401 -14.835692593097539 -14.605687219293344 -14.63025910937208 -14.71000688278182 -15.133287967920257 -15.371132822232385 -15.884390789661568 -16.1072424122041 -15.959235146705492 -15.942929748605039 -16.451859121935676 -16.92169241100511 -16.564551083752136 -16.929018079071376 -17.21653507463875 -17.15739339535079 -17.5489894923435 -17.39771906420423 -17.256962749375642 -18.098271323621955 -18.09037205824024 -17.780966079284013
51
 -1.2279258794276409 -5.592553865104618 -7.337442708284557 -7.975470761289111 -9.006572734853927 -9.430350421654879 -10.101095782941723 -10.663240596622908 -10.64395464498169 -10.789967832676874 -11.403230201583304 -11.515866924870634 -12.074439622206226 -12.178766152474 -12.075001939958685 -12.360725033248466 -12.347845838538802 -12.960413952741185 -12.7951873106617 -12.897407131181858 -13.123611047233402 -13.354119329953473 -14.144372851835262 -13.985094842280063 -13.97037251892157 -14.295803735233447 -14.136474213041913 -14.080651092933952 -14.839929703953418 -14.476340161760897 -14.885076977148385 -15.487560556792268 -15.28786297165382 -15.420668752005675 -15.578331051052192 -15.814997961362838 -16.06048823845391 -16.49435697219649 -15.953072799331173 -16.186388125999837 -16.936477235330397 -17.412163761549998 -17.18848204386049 -17.662563859303365 -17.52147336744193 -17.885635554055426 -17.840415956709318 -18.350143281725753 -18.641764893160346 -18.001713731063738 -18.504709900664775
steps
10
51
 0 5000 10000 15000 20000 25000 30000 35000 40000 45000 50000 55000 60000 65000 70000 75000 80000 85000 90000 95000 100000 105000 110000 115000 120000 125000 130000 135000 140000 145000 150000 155000 160000 165000 170000 175000 180000 185000 190000 195000 200000 205000 210000 215000 220000 225000 230000 235000 240000 245000 250000
51
 0 5000 10000 15000 20000 25000 30000 35000 40000 45000 50000 55000 60000 65000 70000 75000 80000 85000 90000 95000 100000 105000 110000 115000 120000 125000 130000 135000 140000 145000 150000 155000 160000 165000 170000 175000 180000 185000 190000 195000 200000 205000 210000 215000 220000 225000 230000 235000 240000 245000 250000
51
 0 5000 10000 15000 20000 25000 30000 35000 40000 45000 50000 55000 60000 65000 70000 75000 80000 85000 90000 95000 100000 105000 110000 115000 120000 125000 130000 135000 140000 145000 150000 155000 160000 165000 170000 175000 180000 185000 190000 195000 200000 205000 210000 215000 220000 225000 230000 235000 240000 245000 250000
51
 0 5000 10000 15000 20000 25000 30000 35000 40000 45000 50000 55000 60000 65000 70000 75000 80000 85000 90000 95000 100000 105000 110000 115000 120000 125000 130000 135000 140000 145000 150000 155000 160000 165000 170000 175000 180000 185000 190000 195000 200000 205000 210000 215000 220000 225000 230000 235000 240000 245000 250000
51
 0 5000 10000 15000 20000 25000 30000 35000 40000 45000 50000 55000 60000 65000 70000 75000 80000 85000 90000 95000 100000 105000 110000 115000 120000 125000 130000 135000 140000 145000 150000 155000 160000 165000 170000 175000 180000 185000 190000 195000 200000 205000 210000 215000 220000 225000 230000 235000 240000 245000 250000
51
 0 5000 10000 15000 20000 25000 30000 35000 40000 45000 50000 55000 60000 65000 70000 75000 80000 85000 90000 95000 100000 105000 110000 115000 120000 125000 130000 135000 140000 145000 150000 155000 160000 165000 170000 175000 180000 185000 190000 195000 200000 205000 210000 215000 220000 225000 230000 235000 240000 245000 250000
51
 0 5000 10000 15000 20000 25000 30000 35000 40000 45000 50000 55000 60000 65000 70000 75000 80000 85000 90000 95000 100000 105000 110000 115000 120000 125000 130000 135000 140000 145000 150000 155000 160000 165000 170000 175000 180000 185000 190000 195000 200000 205000 210000 215000 220000 225000 230000 235000 240000 245000 250000
51
 0 5000 10000 15000 20000 25000 30000 35000 40000 45000 50000 55000 60000 65000 70000 75000 80000 85000 90000 95000 100000 105000 110000 115000 120000 125000 130000 135000 140000 145000 150000 155000 160000 165000 170000 175000 180000 185000 190000 195000 200000 205000 210000 215000 220000 225000 230000 235000 240000 245000 250000
51
 0 5000 10000 15000 20000 25000 30000 35000 40000 45000 50000 55000 60000 65000 70000 75000 80000 85000 90000 95000 100000 105000 110000 115000 120000 125000 130000 135000 140000 145000 150000 155000 160000 165000 170000 175000 180000 185000 190000 195000 200000 205000 210000 215000 220000 225000 230000 235000 240000 245000 250000
51
 0 5000 10000 15000 20000 25000 30000 35000 40000 45000 50000 55000 60000 65000 70000 75000 80000 85000 90000 95000 100000 105000 110000 115000 120000 125000 130000 135000 140000 145000 150000 155000 160000 165000 170000 175000 180000 185000 190000 195000 200000 205000 210000 215000 220000 225000 230000 235000 240000 245000 250000
