8
dyna-reg-lbfgs
1
42
 3.3280524630479538 3.136642326234952 0.4504360915819897 0.1788272740900381 0.4494358984305492 0.14173111161216054 0.1565473309984767 0.16567648087592476 0.16567648087592465 0.16567648087592465 0.16567648087592465 0.16275097180909562 0.16275097180909517 0.16275097180909517 0.14944833218302242 0.12227576321774034 0.10153668340989105 0.07070809941951092 0.04767498605256629 0.030295134152671294 0.01734406450556497 0.011484371633239038 0.006915284377820602 0.0041454220632260175 0.002098790379764376 8.793498047154902E-4 2.89968882767222E-4 1.6187788140889503E-4 8.700492930677206E-5 3.492262014884173E-5 1.718365047179149E-5 7.755463281827746E-6 2.9917264224854634E-6 1.1010464513738771E-6 6.589867454220855E-7 4.760511679580137E-7 3.192872797819213E-7 1.7863713705490447E-7 9.951765850280125E-8 5.6815778831653674E-8 3.164551368173285E-8 1.2801721488431284E-8
steps1
1
42
 0.0 0.0014669600586784024 0.002933920117356805 0.004400880176035207 0.00586784023471361 0.007334800293392012 0.008801760352070413 0.010268720410748817 0.01173568046942722 0.013202640528105622 0.014669600586784024 0.016136560645462424 0.017603520704140826 0.019070480762819232 0.022004400880176037 0.027872241114889645 0.03960792158431686 0.0630792825231713 0.11002200440088018 0.20390744815629794 0.39167833566713345 0.7672201106888045 1.5183036607321465 2.5183036607321463 3.5183036607321463 4.518303660732147 5.518303660732147 6.518303660732147 7.518303660732147 8.518303660732146 9.518303660732146 10.518303660732146 11.518303660732146 12.518303660732146 13.518303660732146 14.518303660732146 15.518303660732146 16.518303660732148 17.518303660732148 18.518303660732148 19.518303660732148 20.518303660732148
static-lbfgs
1
22
 3.3280524630479538 3.1919895614846294 1.19499160987984 0.9975872325955422 0.7987753358011068 0.321693404203818 0.2922356043087424 0.11866509085652768 0.03359046388638398 0.014338442393966366 0.007894458459597159 0.005512135412289926 0.0029586732993469034 5.133634892015293E-4 2.940838723999306E-4 6.24219128067538E-5 4.853489897857499E-5 3.29097083337504E-5 1.987369720499177E-5 8.693745024934696E-6 6.4248224906360285E-6 1.7420333882911532E-6
steps3
1
22
 0.0 1.0 2.0 3.0 4.0 5.0 6.0 7.0 8.0 9.0 10.0 11.0 12.0 13.0 14.0 15.0 16.0 17.0 18.0 19.0 20.0 21.0
newton-dyna-reg
1
42
 3.3280524630479538 0.431777393880139 0.7637236524270924 0.14860494416973288 0.19524537811193257 0.16236450301349806 0.1623645030134981 0.1623645030134981 0.1623645030134981 0.1623645030134981 0.1623645030134981 0.1623645030134981 0.1623645030134981 0.1623645030134981 0.1318750722921879 0.10240995589741911 0.07201500830930577 0.043840084753999586 0.024656328719194653 0.01161262299268101 0.005235111471961484 0.0015276095809524382 1.8664696511233592E-4 3.3757269279899305E-7 1.9071133561254783E-12 -2.1371793224034263E-15 -2.3037127760972E-15 -2.3314683517128287E-15 -2.3592239273284576E-15 -2.3592239273284576E-15 -2.3592239273284576E-15 -2.3592239273284576E-15 -2.3592239273284576E-15 -2.3592239273284576E-15 -2.3592239273284576E-15 -2.3592239273284576E-15 -2.3592239273284576E-15 -2.3592239273284576E-15 -2.3592239273284576E-15 -2.3592239273284576E-15 -2.3592239273284576E-15 -2.3592239273284576E-15
steps5
1
42
 0.0 0.0014669600586784024 0.002933920117356805 0.004400880176035207 0.00586784023471361 0.007334800293392012 0.008801760352070413 0.010268720410748817 0.01173568046942722 0.013202640528105622 0.014669600586784024 0.016136560645462424 0.017603520704140826 0.019070480762819232 0.022004400880176037 0.027872241114889645 0.03960792158431686 0.0630792825231713 0.11002200440088018 0.20390744815629794 0.39167833566713345 0.7672201106888045 1.5183036607321465 2.5183036607321463 3.5183036607321463 4.518303660732147 5.518303660732147 6.518303660732147 7.518303660732147 8.518303660732146 9.518303660732146 10.518303660732146 11.518303660732146 12.518303660732146 13.518303660732146 14.518303660732146 15.518303660732146 16.518303660732148 17.518303660732148 18.518303660732148 19.518303660732148 20.518303660732148
newton-static
1
22
 3.3280524630479538 1.1874802510990605 0.13998984846955384 0.022264931017887374 0.0033835795793447643 1.3895220166279532E-4 3.162772545806103E-7 1.7965628984484283E-12 -5.828670879282072E-16 -2.0261570199409107E-15 -2.0539125955565396E-15 -2.1371793224034263E-15 -2.1649348980190553E-15 -2.192690473634684E-15 -2.192690473634684E-15 -2.192690473634684E-15 -2.192690473634684E-15 -2.192690473634684E-15 -2.192690473634684E-15 -2.192690473634684E-15 -2.192690473634684E-15 -2.192690473634684E-15
steps7
1
22
 0.0 1.0 2.0 3.0 4.0 5.0 6.0 7.0 8.0 9.0 10.0 11.0 12.0 13.0 14.0 15.0 16.0 17.0 18.0 19.0 20.0 21.0
