10
SGD
10
51
 -1.1296016682030516 -6.7888751877627795 -7.60799272841069 -7.963323722147212 -8.322266041064333 -8.677898032819414 -8.810290702614106 -9.059125338836445 -9.107617340542923 -9.178787232717136 -9.28811578667899 -9.375800150575433 -9.469998377366732 -9.586246847142002 -9.701443132352027 -9.768034849328101 -9.835860032340197 -9.865617984409088 -9.965478685245092 -9.99343598200352 -10.047977817301662 -10.078559959280215 -10.150225165083539 -10.199406555749652 -10.219954085027432 -10.300492932271117 -10.326609817678394 -10.367048278894904 -10.37653754835299 -10.422362678815837 -10.466321456785646 -10.489581288802059 -10.56229934797693 -10.592222077440164 -10.5960796012693 -10.649287628048377 -10.669465124959371 -10.732914591720688 -10.750987241627898 -10.77765450171705 -10.803688204346397 -10.823235726101851 -10.829828611938165 -10.838424715060443 -10.835822864434643 -10.875477362473719 -10.858297011645321 -10.89414738166546 -10.920718013165413 -10.958150364619389 -10.986646398779461
51
 -1.1296016682030516 -6.882567660208565 -7.645564645582255 -8.087052162676205 -8.38481542115319 -8.614287478041788 -8.711312183818489 -8.855348320173736 -9.000663290103187 -9.018286665839824 -9.100191819545975 -9.169174078907579 -9.26217457243149 -9.340640627324827 -9.417903865672063 -9.465059643442995 -9.517244738441592 -9.595062492953035 -9.660420959794536 -9.652268257422392 -9.710354084260281 -9.782878247285604 -9.82851300041312 -9.833020418639537 -9.899952230940963 -9.921883357614291 -9.95138582685115 -10.000150341748219 -10.028745308028963 -10.05367543123829 -10.092880952435412 -10.116672386916692 -10.142017917840056 -10.170728453403306 -10.185696958512876 -10.200212290581346 -10.222708948296615 -10.245527299705653 -10.2715357208473 -10.289830824038804 -10.293946005153284 -10.325556298235442 -10.346085075359577 -10.356801423119238 -10.385577342215516 -10.403115087736449 -10.404196493562733 -10.428495962898262 -10.449928167915553 -10.47048832956903 -10.473948443805801
51
 -1.1296016682030516 -6.682407329176371 -7.528756983230785 -7.924584908825266 -8.348804080344681 -8.596184155462325 -8.74441696518912 -9.024321321720098 -9.070816726860198 -9.247051749927225 -9.347142731197275 -9.437246574338978 -9.471587313196112 -9.55851025270194 -9.659073204932568 -9.735857726692213 -9.783991286941706 -9.839305123187534 -9.891855255489626 -9.916004732270677 -10.008236566696834 -10.00860799206775 -10.043345574592088 -10.052625045014159 -10.092341008790546 -10.1450142127449 -10.175309913097076 -10.249403575030673 -10.288481217313159 -10.284144199268509 -10.321096552450932 -10.329001157791867 -10.39253470034325 -10.417722309152422 -10.429675507005665 -10.413445904686366 -10.4412666663223 -10.435273139123746 -10.444387850904105 -10.468810753937886 -10.505772255838716 -10.527949596066009 -10.591004205218951 -10.602870821034616 -10.642576553060252 -10.670588001806351 -10.716389480628388 -10.727493215156377 -10.745474716893854 -10.748407474884463 -10.758193981770255
51
 -1.1296016682030516 -6.659822799240671 -7.484124582387687 -7.863703391197358 -8.20167552708261 -8.385815760419192 -8.477876496135003 -8.736671141443855 -8.950973560051125 -9.093994681606473 -9.182713726301076 -9.291288916771336 -9.330425715921107 -9.480675512447302 -9.572424464284333 -9.632474849454052 -9.658098208035186 -9.697056206254768 -9.698710297716737 -9.734415767025274 -9.824546023077612 -9.862211756018974 -9.932546929944358 -9.981513252387822 -10.011553202396444 -10.05611509906357 -10.08191364176833 -10.137393932833255 -10.18477757687846 -10.196832698217584 -10.201481615198952 -10.239077604001931 -10.263655572167064 -10.278062760451245 -10.309457314140703 -10.338494056318726 -10.322280499934939 -10.379485272100341 -10.380859234757494 -10.443033803023626 -10.470759434541954 -10.481539637475965 -10.4957539560541 -10.538449491670187 -10.543585419973363 -10.56622585311179 -10.585856336412741 -10.624406139962309 -10.653426467047643 -10.671555183251929 -10.686061409544028
51
 -1.1296016682030516 -6.663450499398597 -7.592759055736793 -7.928679370468295 -8.173425960229158 -8.350563836240635 -8.5025512625234 -8.557577140343053 -8.777713042301734 -8.8831531786343 -9.031009678777783 -9.113288674879163 -9.169947034646318 -9.226195688535077 -9.26018491293954 -9.415604857652816 -9.480601607498116 -9.527829618299327 -9.561437913945555 -9.639040606103434 -9.691939872826609 -9.692779739031499 -9.732288125906662 -9.789731410840384 -9.83522683550002 -9.863646003076962 -9.860664782277373 -9.962043938866344 -9.986211399795907 -10.009962171529471 -10.043620111951466 -10.087776162404062 -10.113128337039898 -10.155664198782898 -10.166773454391368 -10.187468801553337 -10.218201249895214 -10.251530459310501 -10.272968227793594 -10.28590658775098 -10.3275615060825 -10.354856248751252 -10.362056873406093 -10.381685079886324 -10.417039427084738 -10.439459992594657 -10.452954921852129 -10.455474688430371 -10.464358193100777 -10.483565559914638 -10.494842901469827
51
 -1.1296016682030516 -6.844536553166028 -7.384379972524175 -8.027572126829163 -8.289025981502027 -8.591811707591905 -8.618608481027309 -8.904378452297632 -8.878597153184915 -9.09718120744316 -9.190866611946667 -9.26374585314635 -9.381820645831986 -9.470729741314909 -9.522299848148748 -9.59444717523237 -9.679013327513895 -9.76680714189746 -9.8056867565388 -9.853132219336883 -9.926040052354935 -9.935041426242805 -9.934848897806342 -9.972843002233 -10.046816743212279 -10.104829074802801 -10.15672284296524 -10.177775191515517 -10.198967666051628 -10.194620324083408 -10.235486206941342 -10.281398343157575 -10.303403226084221 -10.355619805054387 -10.376951984476147 -10.362770915089445 -10.407536276898037 -10.432256623477825 -10.420438218646181 -10.456673060999357 -10.484467243171975 -10.49407527054651 -10.519969534505892 -10.502397312543485 -10.502040182702629 -10.533175575443545 -10.584173473566981 -10.633031945406245 -10.619827107328184 -10.647801564839428 -10.66646144301399
51
 -1.1296016682030516 -6.814154509287367 -7.837120108189485 -8.345839497917634 -8.622453812862197 -8.700123751564492 -8.96002556340605 -9.13126904371529 -9.186753718298094 -9.278798787939383 -9.426824025759654 -9.441499416008899 -9.595174113070987 -9.610895931766898 -9.702861989789026 -9.763615387572017 -9.843586698191869 -9.9113313167825 -9.901559237797814 -9.939280861314318 -9.984849579360407 -10.011870371696995 -10.092461256853191 -10.149021862724764 -10.148783310993997 -10.160534934253425 -10.171026852675276 -10.246303554827444 -10.288783552761123 -10.324192475712811 -10.342882865098689 -10.362582335608888 -10.416676332109622 -10.408615151213418 -10.487694733115687 -10.520848680931156 -10.548034896159416 -10.568440761664018 -10.567652451783589 -10.579289786758734 -10.58276987118411 -10.606334583896945 -10.654439747984485 -10.697774901007746 -10.699315229560439 -10.7217864034963 -10.720407146809727 -10.743833450943296 -10.750068077839536 -10.733894770482195 -10.754875947153511
51
 -1.1296016682030516 -6.942347719955879 -7.689832757140573 -8.01973055905993 -8.417434736952297 -8.517675612212372 -8.599351336971601 -8.914893243481512 -9.084790101395942 -9.21158709055643 -9.266986688337138 -9.286467097017427 -9.505664355183317 -9.560494420326027 -9.66610542879072 -9.757521435603868 -9.857548296224769 -9.919500434616904 -9.990957961932933 -10.055166832707798 -10.077369877049744 -10.0977477800495 -10.099528005870752 -10.155490635081739 -10.152356887555937 -10.177460174857824 -10.173368972963894 -10.274378689534982 -10.256634476657483 -10.247703041684831 -10.340090895466405 -10.362733755674885 -10.447277538793216 -10.433412920715881 -10.456911218267212 -10.528539795409802 -10.516015153947004 -10.523749860344674 -10.531407195267073 -10.573360395275596 -10.561599138652008 -10.588580558740073 -10.61554375978967 -10.606513062346712 -10.639506177603257 -10.651804081754548 -10.70292686954403 -10.725559561720832 -10.74760265301093 -10.77647313510448 -10.791825685320884
51
 -1.1296016682030516 -6.657728503861888 -7.357406124164169 -7.772044964842979 -8.017931511089834 -8.336786444961755 -8.534144778537396 -8.640947665339109 -8.812436175617881 -9.040031142121169 -9.177880443226773 -9.305284818638896 -9.384244132502019 -9.45683920834753 -9.477847643979286 -9.462656469618787 -9.586067776716757 -9.649626907224713 -9.699239191915517 -9.772656616342294 -9.819867635613381 -9.888010262003743 -9.9410729421706 -9.960370985158793 -10.019020859963973 -10.073125790906484 -10.092140162868748 -10.13210924071095 -10.211736246956564 -10.217488758346263 -10.238251440356917 -10.291821093722826 -10.32806793401885 -10.338774350349922 -10.382290071895238 -10.398818159091912 -10.418183698382617 -10.43630938028179 -10.46110428389379 -10.477365770070502 -10.482540615803352 -10.485944407065057 -10.504556775596042 -10.50753499732523 -10.511451647683305 -10.521558235890614 -10.5482242683324 -10.569737125959662 -10.597215268561325 -10.591538808310323 -10.603026338303122
51
 -1.1296016682030516 -6.8797931282255895 -7.525254281231632 -7.968156840665933 -8.115344086914538 -8.323504548268671 -8.555591058184076 -8.712444465362797 -8.856184756004149 -8.963629414243412 -8.99402858840572 -9.082147291524642 -9.185997889704753 -9.209592879094439 -9.202630178937179 -9.328618020836172 -9.442765439230813 -9.487780314203325 -9.519220564216143 -9.538833502666245 -9.602226116556833 -9.635497971426817 -9.700093323727364 -9.717355631767047 -9.755458144684143 -9.76580012288938 -9.813803853652033 -9.853951753713567 -9.902932211381408 -9.926973109364095 -9.942324224326907 -9.981549071302483 -10.031968299263275 -10.055354753672395 -10.071244835211932 -10.086792028429567 -10.110092599671987 -10.115894556100338 -10.137797848857332 -10.175787931511785 -10.191898417157285 -10.19686665812328 -10.20217293769275 -10.253935475108618 -10.26709151332705 -10.275832631741368 -10.307004890792676 -10.293057658691689 -10.291023985215812 -10.289532644366712 -10.306760787622189
SAGA
10
51
 -1.1296016682030516 -3.7381062265523965 -4.233898138262422 -4.642815044540985 -5.047133153026112 -5.434676043742917 -5.837102809881986 -6.176602747767756 -6.5204733860386 -6.886939222714296 -7.213901228384312 -7.501537155411811 -7.847336251470538 -8.147285912113604 -8.419030118699602 -8.706654684548202 -8.972370867972234 -9.207797807446104 -9.512079459406626 -9.774161101293227 -10.065308789091684 -10.28309069666339 -10.55805598881714 -10.750503890138058 -10.988096796669243 -11.221301091826422 -11.297981986611372 -11.588700025295507 -11.725586981713272 -12.057454270370307 -12.232349405571531 -12.482396221195152 -12.826902000580066 -12.912187606864745 -13.243259286344196 -13.398839429112163 -13.638949038445384 -13.854540236078735 -14.053020665479496 -14.230353562586789 -14.410491694023289 -14.6381362795191 -14.86729859958829 -15.004978424465351 -15.081647753639439 -15.423590313344317 -15.317992308549622 -15.68179512738908 -15.993864807601947 -16.049432736738606 -16.268246019792702
51
 -1.1296016682030516 -3.7289517136718717 -4.215354228330323 -4.635750061844551 -5.061041499413683 -5.435684401871342 -5.81613644271129 -6.215355653816593 -6.593665689899037 -6.959805759584334 -7.29067504964757 -7.640750839925108 -7.932441200729869 -8.209923895146039 -8.480315708688044 -8.7105289092587 -8.988101996009691 -9.265161644919521 -9.525736506437548 -9.72131576169064 -9.934977483972155 -10.147890585055565 -10.363679366593278 -10.657776360331258 -10.896741950768076 -11.045363103938964 -11.30920601448696 -11.48577701266069 -11.744567271889496 -11.988077943302951 -12.291988619895676 -12.457795944566959 -12.599478464498786 -12.9360666498256 -13.11375398695539 -13.353535985980624 -13.538224936992695 -13.69227524891552 -13.896432574649156 -14.12055037700881 -13.95902849139787 -14.336576089176601 -14.512589206923534 -14.779587716360547 -15.018261720992605 -15.160779561650052 -15.512728225112827 -15.45780133319257 -15.808063761999295 -15.980006814972405 -16.127290144305356
51
 -1.1296016682030516 -3.7163742660538945 -4.215561227203321 -4.619723804300388 -5.010065464913381 -5.412399300393061 -5.816452543156643 -6.207264485085983 -6.571667106753867 -6.9517503834420395 -7.268641841702854 -7.580753339544812 -7.914472540923791 -8.210045503762958 -8.527868995184965 -8.78082486025363 -9.08933508148973 -9.343234175724128 -9.661312745931015 -9.899972970484104 -10.172625213586679 -10.52037542166119 -10.722485314372236 -10.995844645776742 -11.262540897930284 -11.4645460513096 -11.623789018539405 -11.996630326168429 -12.053385196954311 -12.41503713408168 -12.589583567721139 -12.78394459450619 -13.073508188002267 -13.322248198556018 -13.62813271070082 -13.833723483095028 -13.935648077079806 -13.997074303616309 -14.41168425073569 -14.666190393115286 -14.815684465013165 -15.036308286957079 -15.164265285691968 -14.929575436748035 -15.339935073952008 -15.621805481664968 -16.053915965118073 -16.00315775444131 -15.915751456993831 -16.336787400989 -16.64491103115015
51
 -1.1296016682030516 -3.7058050716903397 -4.178860253995028 -4.6362997225390625 -5.06965051983187 -5.465188071900903 -5.876167882822672 -6.254804673952234 -6.577098227325199 -6.916594016624681 -7.235563316193363 -7.603902798217861 -7.920468533872187 -8.230684954481765 -8.515900210545677 -8.774259709811401 -9.062744498547813 -9.306180112412097 -9.499581992338456 -9.808438335290056 -10.096852611666948 -10.27852317092913 -10.578796284920937 -10.73957051410989 -11.105944597432105 -11.331994089506583 -11.504170004967635 -11.757983539081179 -11.912887243253516 -11.993568527884761 -12.350872645172304 -12.325065072387565 -12.708055514334555 -12.83506451401571 -13.071380991734681 -13.301519563385392 -13.615274591382361 -13.73992465998004 -13.965339136220269 -14.185501132983864 -14.368161590284057 -14.263373559522034 -14.58191366609402 -14.573323648851344 -15.065893769292991 -15.297202389377231 -15.591852840151306 -15.720363652952262 -15.69345467259801 -15.93207396996822 -16.30948462386761
51
 -1.1296016682030516 -3.733735149427506 -4.209446769977591 -4.648523378282437 -5.080949494340741 -5.465286802612785 -5.816292800211428 -6.203258749133856 -6.52816538992171 -6.864693153612185 -7.138166823338389 -7.517099970443006 -7.828156668149379 -8.10914662236974 -8.44898906418411 -8.747015702920791 -8.98346563131635 -9.236370451644817 -9.5887122271717 -9.836972084260118 -9.946891575420533 -10.271477831846635 -10.5044138025789 -10.719380441686482 -11.01256100849447 -11.23543490601839 -11.491308758060597 -11.767460328844383 -11.975169361969405 -12.109158329342794 -12.241851443821934 -12.508959937201585 -12.719954416625681 -12.84904032968544 -12.989178974464139 -13.35100931969554 -13.544374294866367 -13.701306657875953 -14.013811681034975 -14.161487717332836 -14.23050251864094 -14.523629003887917 -14.693631155284756 -14.904800204318288 -15.029410478368977 -15.212042095041294 -15.484872468182113 -15.71951304562315 -15.73023235947521 -16.028390635737544 -15.991124024303128
51
 -1.1296016682030516 -3.720129260864798 -4.187614247917366 -4.594755202819183 -4.9975714951321475 -5.391818884860948 -5.768988437434029 -6.129733508293514 -6.495517705883679 -6.8165608346805 -7.142656904581765 -7.485722598799432 -7.7717489849231995 -8.102266012787988 -8.379439280545135 -8.645808368950448 -8.916137695402886 -9.20735425605776 -9.461437780922417 -9.647387809420248 -9.880991519563848 -10.125509829149806 -10.363377009025086 -10.658572512126396 -10.841436527582397 -11.139729803229242 -11.39643407760069 -11.566520386596057 -11.931986991716906 -12.073117612058597 -12.286415086695563 -12.369306474271797 -12.81070491696299 -13.039724894220651 -13.211283961225444 -13.423511471127371 -13.63622649399631 -13.910655330451997 -13.894296944333323 -14.237245075330332 -14.304581423896327 -14.713190396450031 -14.638540820310032 -15.004606210116522 -14.981200045677296 -15.191641415711155 -15.586448840229544 -15.772631185888963 -15.742488951638265 -16.042405618654243 -16.067714636372646
51
 -1.1296016682030516 -3.726508358200306 -4.170903594557119 -4.588436776461941 -5.0172525148386065 -5.408827664874706 -5.788792650203982 -6.1335352376044145 -6.5083983282808955 -6.819995295798444 -7.171692756547592 -7.482857994786078 -7.812653652769072 -8.115428449139964 -8.428308281670185 -8.745100833365518 -9.008413634316822 -9.24399477144269 -9.541394175495006 -9.85220834682525 -10.02091016032877 -10.185223368776246 -10.443534577377747 -10.761067764468699 -10.988150781385288 -11.215533629465927 -11.39850523267186 -11.72701333885368 -11.629273182351113 -11.997748630345741 -12.34539602002016 -12.416683375198351 -12.716374501544623 -12.946578257475647 -13.054725802742832 -13.155654092993558 -13.47816373212904 -13.575365731196309 -13.922697864175497 -13.9714852477118 -14.231621522733256 -14.41723967128004 -14.68977422062934 -14.872478096546908 -14.91833720088418 -15.3048283278268 -15.353342947141654 -15.645859051407983 -15.852555504560428 -16.054176621987583 -16.012657205842835
51
 -1.1296016682030516 -3.724414532039183 -4.1799184649026415 -4.6018475898508555 -4.994661983139971 -5.413109220017297 -5.798495751761621 -6.175490611010648 -6.542892258455275 -6.907855763230511 -7.237893447927282 -7.599352357417737 -7.938719099986201 -8.182646625595662 -8.463883980537753 -8.77658319803636 -8.935855650041162 -9.208015918302136 -9.49174154311922 -9.757351488436473 -10.05991215706924 -10.28287669448796 -10.42785416905077 -10.722203736413064 -10.911270589611235 -11.245764122568438 -11.423855386091514 -11.749180391948396 -11.88772237833866 -12.210151467150574 -12.36480495534613 -12.576906934573667 -12.733808826260448 -12.887870558860197 -13.139757451267155 -13.11540327018541 -13.501019117433259 -13.754276829452639 -13.977053108885535 -14.02807189960385 -14.269038999862728 -14.537582690152943 -14.498948681490754 -14.87095300735165 -15.041958238559324 -15.051509701535098 -15.554538201415298 -15.624774390302616 -15.763181735461384 -15.956049898751257 -16.247226692981826
51
 -1.1296016682030516 -3.716441471637766 -4.189801137061301 -4.566407112393482 -5.00063012487224 -5.415364783928389 -5.80718725747755 -6.1952055975392355 -6.543510265706214 -6.86764514363261 -7.213970375276823 -7.553545775511274 -7.842800773273681 -8.16033750344548 -8.40301253915925 -8.694756673046578 -8.922578612935103 -9.17801184134585 -9.47242011794118 -9.712898158646425 -9.942151128130973 -10.215850646364178 -10.411729365637076 -10.679830794556862 -10.88083371296139 -11.103490615230248 -11.315751322253568 -11.518818387819708 -11.784947905270313 -11.854749935805398 -12.209824952497781 -12.455227886638983 -12.647334849473943 -12.769408455151677 -13.05551503022007 -13.317353920995933 -13.418802447520134 -13.56176008731716 -13.618857349206978 -14.023861376049696 -14.013097418303586 -14.335307737933551 -14.545239307677608 -14.726415512024138 -14.897108930305167 -15.111330601791407 -15.301426411982597 -15.634733750427996 -15.717146884938183 -15.941084961692892 -16.2511295276672
51
 -1.1296016682030516 -3.7313841546557085 -4.215850311390728 -4.656160692339506 -5.0658936352576 -5.4701917817096275 -5.847047450206979 -6.20062211179475 -6.540233589401504 -6.936804236941726 -7.24798503686826 -7.574029642165056 -7.916502891074729 -8.207148378943955 -8.492528578626215 -8.789958399364197 -9.07587077730116 -9.424427472676628 -9.69799807641286 -9.871009714613228 -10.122757127185606 -10.404823480665435 -10.628311485872567 -10.816408479016133 -11.10045302633657 -11.349317775860614 -11.632978793017505 -11.809049521993876 -11.893456400349042 -12.221974027885565 -12.406937026134749 -12.650302555004233 -12.968896907874402 -13.136572867991426 -13.169669368951832 -13.274286974995148 -13.172061994567812 -13.697103285134624 -14.003995254695461 -14.019823771699182 -14.269559039509007 -14.631959405393511 -14.832038400492863 -15.096230907454473 -15.067096065185458 -15.360146557547145 -15.646847311847308 -15.88040283856399 -16.03197962271855 -16.19664755950096 -16.403053365159835
ADAPTSAGA
10
51
 -1.1296016682030516 -5.369282215593731 -6.825555140584266 -8.183986947761554 -8.933631348904916 -8.856182025373112 -8.919042786258341 -9.782873831908537 -9.9569809883615 -10.127914536632513 -10.867735087340682 -10.774789403645475 -11.208885775081908 -10.87467487161174 -11.34283579770461 -11.897247659441286 -10.969461771090728 -12.531822468952354 -12.729216500846983 -14.018426693048621 -14.846289484690772 -15.132134893772518 -15.372085397688878 -15.480160865229093 -15.655554925029525 -15.81695762584615 -16.103810458429496 -16.288413732942836 -16.55715280690869 -16.70539474035762 -16.934067178316205 -17.09119702697774 -17.292307868532802 -17.443624067962322 -17.667614955839074 -17.873780456005697 -18.030518515075663 -18.274723395265642 -18.500912279191592 -18.684088618385882 -18.89985733930895 -19.00450409384956 -19.139482429583364 -19.449327637356273 -19.651899400832075 -19.8479555739175 -20.03795149026353 -20.166663066404762 -20.283068760561886 -20.573862344575506 -20.812068449269255
51
 -1.1296016682030516 -5.482671102909288 -7.053921226551239 -8.195741966532838 -8.865816708448474 -8.926936399829021 -8.905105271143988 -9.664016652630163 -9.876636923855733 -10.088525460197411 -10.846507068321369 -10.82203849623594 -11.176618688801302 -10.86377017166764 -11.301648181383943 -11.9639322977444 -10.963337886541773 -12.548517882974773 -12.716285405972274 -13.991542211511163 -14.816887350613873 -15.26960995917983 -15.462466234514263 -15.630765180684218 -15.911001817165458 -15.980156758486574 -16.211733292185414 -16.506227460538163 -16.62235974544482 -16.74044943197794 -17.054777381765206 -17.221232264529245 -17.49728038098673 -17.655349754617326 -17.924874184624215 -18.164760137410592 -18.2746926582729 -18.27531864475266 -18.55180801571463 -18.773654473706 -19.001844051050288 -19.228986077435856 -19.316533057967 -19.58348478459362 -19.764505393717272 -19.94952315940625 -20.11980980063639 -20.228601828381066 -20.50956256132046 -20.585069398763963 -20.82637874886621
51
 -1.1296016682030516 -5.586787664986245 -6.972255673063276 -8.17318069570287 -8.826692183584969 -8.885987243426937 -8.898239492850504 -9.664809292315825 -9.89279547808108 -10.111080437738762 -10.794803920048217 -10.802067734436491 -11.10465830249448 -10.919890538368511 -11.260248758862373 -11.97594761592078 -10.843444032008628 -12.497223443702213 -12.662207385470799 -14.003908367189695 -14.79009854828862 -15.076863843514456 -15.342967764799058 -15.574598780223734 -15.75310020652776 -15.95407902207542 -16.147708380467993 -16.38224582091859 -16.584682417929134 -16.723134634252887 -16.955241878792826 -17.101069202010372 -17.30419472031512 -17.53258618259434 -17.69229217330241 -17.87705733199785 -18.096109900421727 -18.222601851308493 -18.466882251870164 -18.5916798469176 -18.814589263033042 -18.96732959792434 -18.990434181168467 -19.25447233051377 -19.2252503153045 -19.663792158989533 -19.749852437156676 -19.854203227270535 -19.998479030168642 -20.38293719180345 -20.659884698659155
51
 -1.1296016682030516 -5.4738629568702075 -7.11575327277536 -8.259445149266613 -8.962158277827173 -8.958792503813969 -9.070644897252134 -9.811996866708288 -9.94214385298986 -10.04930581511075 -10.832348982991604 -10.67365626261014 -11.184488553550493 -10.831541362250071 -11.30837927812786 -11.93723949503356 -10.859066507521455 -12.345112319990138 -12.74883442276889 -14.003738095472348 -14.58767527769655 -14.987335840736161 -15.324918221538315 -15.559640100928368 -15.807041147794834 -15.994708766229087 -16.158685800595805 -16.354811831482508 -16.598924638365574 -16.723155235880817 -16.972921288071962 -17.086249015825473 -17.352910649447463 -17.59982478442191 -17.805125081017323 -17.966930314590407 -18.152742875124954 -18.403349195452577 -18.554911836869657 -18.784432957348393 -18.895334067608687 -19.218528601918127 -19.25980816610892 -19.574768773534306 -19.74684227413928 -19.94192300855214 -20.23879367808216 -20.321069549529977 -19.947102399860345 -20.695674952751173 -20.960156011627895
51
 -1.1296016682030516 -5.420323885204377 -6.970717591881733 -8.38934550807593 -8.895495796767536 -8.894973398119877 -8.928973488606793 -9.582514701611842 -9.917286064654764 -10.134048651828365 -10.899250212208171 -10.919057929998292 -11.208652725670564 -10.938699419917823 -11.291791510735553 -11.967502253972171 -10.904519625312044 -12.524116732423135 -12.68203575186496 -13.980486179935937 -14.723642420001024 -15.152955921987402 -15.420006649997944 -15.653944456861108 -15.88306812140052 -15.910412598928069 -16.202125333685153 -16.391852825098514 -16.6851297353042 -16.823762466064174 -17.04687061938743 -17.211097647577816 -17.438189461028482 -17.67624292051965 -17.309498463296652 -17.855728465871632 -18.07993056294704 -18.324624008710718 -18.524539992404478 -18.516937774249243 -18.744681610683493 -18.970849984887874 -19.255209301976684 -19.543394865123737 -19.727956504538586 -19.923157163344026 -20.079461603254142 -20.262067663001154 -20.515995755932643 -20.64579995532099 -20.823044323733374
51
 -1.1296016682030516 -5.551020845386991 -6.975968075309527 -8.19092175955657 -8.855235698451953 -8.841584277160578 -9.018057797480258 -9.825535090530797 -9.89766033560782 -10.084748499519735 -10.771077941537104 -10.811989597805455 -11.15812063981169 -10.810930759903501 -11.237240140495329 -11.819490965165608 -10.791840712125941 -12.392136608928576 -12.72387315080582 -14.1879095157708 -14.774064220461241 -15.069299646960582 -15.349819571414228 -15.457398657746252 -15.749836537033127 -15.87637722096768 -16.13707972280797 -16.334834704118066 -16.476468211433453 -16.592047538441157 -16.80766687533885 -17.04580682074207 -17.231356076840054 -17.416892589823327 -17.625755219464956 -17.782608563928537 -18.07680801838779 -18.246413029271135 -18.39899057824653 -18.596415865428952 -18.72320682406785 -19.017023465517898 -19.21534129884724 -19.325673153839464 -19.598579481938422 -19.77789303914052 -19.975827803169185 -20.072101478702486 -20.334520216546164 -20.62935086678973 -20.851681797913322
51
 -1.1296016682030516 -5.604666855576801 -7.105294996205744 -8.177529929987951 -8.822327156158687 -8.82481898467471 -8.899811909228005 -9.77373740741778 -10.024795673229319 -10.05764641733963 -10.839637024136866 -10.746510747383812 -11.130048507021492 -10.877255867129335 -11.333725467573188 -12.02825308499766 -10.975336778322237 -12.433003756634458 -12.674392704574183 -14.151431514369104 -14.779222673754354 -15.076904877127962 -15.358647489334182 -15.586218373676171 -15.841309406309875 -16.050621757332326 -16.141502878028728 -16.426277017820556 -16.681938176904485 -16.76190950274554 -17.00501470908714 -17.141956041559713 -17.432882287324894 -17.626680553294733 -17.66869909035249 -17.94358984276277 -18.20644925167143 -18.418025453069276 -18.557681264504474 -18.822431462629588 -18.50625949838361 -19.147359309840194 -19.46876612862817 -19.649900196985502 -19.8800299126763 -20.022493374984094 -20.191653992109046 -20.42881417772879 -20.654045476399265 -20.841209306961918 -21.12104015502275
51
 -1.1296016682030516 -5.369338455795794 -6.865054684958373 -8.20453415591451 -8.819693044073928 -8.877817479117775 -8.94174713903668 -9.704726372118783 -9.843537810135535 -10.013216557855118 -10.749964975701955 -10.7985214744488 -11.110817449394562 -10.75371359893356 -11.303954171235567 -11.737388773613366 -10.867653869770079 -12.408710882494786 -12.637898414525369 -13.80052993173763 -14.710474296216063 -15.145342308262167 -15.415617962890053 -15.581817643087101 -15.84818720059732 -16.039189264727515 -16.198193193868306 -16.467971462421353 -16.67553495942154 -16.826564721974954 -17.06058975033611 -17.23142260844674 -17.469546890860858 -17.43598426213207 -17.78340763990657 -17.952935290237082 -18.09619793434961 -18.16752104475045 -18.470878096818662 -18.677805954779444 -18.961357198406755 -19.006852211912985 -19.275561601667267 -19.467077370723658 -19.69018342788622 -19.834172684407253 -19.762376461233504 -20.17259971916779 -20.387932605186244 -20.652601768392564 -20.860200973136262
51
 -1.1296016682030516 -5.411877286076297 -6.894247425800517 -8.17313351459091 -8.804232664904038 -8.846247596977069 -8.79005022257668 -9.644429645706625 -9.876325021600334 -10.060300269811082 -10.726894675277157 -10.683486185256806 -11.162987605032434 -10.84945365034409 -11.293589047477585 -11.813517354577543 -10.89931104457638 -12.426675271592412 -12.787184732298126 -14.107559636884316 -14.692411639502074 -15.034736009841554 -15.213206795303774 -15.463909445339395 -15.678054416174392 -15.864785292639828 -16.078036117947253 -16.266949387671414 -16.43454666175825 -16.469501446045815 -16.70205897838296 -17.019614047681312 -17.159543813603655 -17.43038189551175 -17.644827247503162 -17.758507934093373 -18.034164597227537 -18.182650777898953 -18.41245306269246 -18.496800038086754 -18.22370558933888 -18.931666419962134 -19.132099766244224 -19.297254230917982 -19.377695575204868 -19.62414900003317 -19.821702624741476 -20.119587199385595 -20.34707257836087 -20.581662799306425 -20.773544326331212
51
 -1.1296016682030516 -5.587306505330948 -7.053793976625775 -8.371560627400022 -8.867657488897084 -8.860093181344023 -8.873262250961597 -9.812727685839445 -9.948753558813443 -10.107739867844833 -10.768581914474469 -10.70762696835435 -11.220208529183262 -10.863420219215316 -11.255528988416755 -11.925947402499206 -10.88815047925496 -12.426861220680761 -12.731439079680705 -14.101180724172288 -14.74808857281242 -15.03070308372191 -15.302865463460867 -15.4779340140975 -15.718103433466709 -15.907821089366179 -16.09262652840684 -16.34865304524388 -16.539038082613306 -16.745988244522852 -16.9068630200826 -17.12198854756033 -17.28054412195668 -17.483384249973064 -17.701385476550247 -17.84289002847848 -18.044562268839428 -18.113010228630976 -18.386243075269846 -18.665551067071995 -18.866369216149362 -19.072852332882064 -18.87921453084458 -19.35054756593268 -19.656278328228687 -19.715806482157255 -20.002419606814033 -20.242378782461305 -20.477244181053052 -20.580577527996137 -20.838758722848855
ADAPTDoubling
10
51
 -1.1296016682030516 -5.239671397573354 -6.748006567620285 -7.711957491776617 -8.432318081625096 -8.988746557876363 -9.24158487527607 -9.632352125396936 -10.217250748602515 -10.62477783570623 -10.930830052601378 -10.977150064365476 -11.303636830833822 -11.475771046005352 -11.79244086004415 -12.159172399833013 -12.175972829026074 -12.153732302255435 -12.177574617561985 -12.618936776031225 -12.179025248177117 -12.438505790425953 -13.120554966762858 -13.64499407269407 -13.228896972822552 -13.389357662573381 -13.782597900523179 -13.790857669738555 -13.993256359606157 -14.980809874821492 -14.029854065505893 -15.191786650977548 -15.054932960937151 -14.900749575869762 -15.294270512662395 -15.234821843371888 -15.969815881275219 -15.695030846908809 -15.618833654419495 -16.454098360346155 -15.402462927183494 -16.051632377907705 -16.067710579658883 -16.20977612674895 -16.414622615300807 -16.76404385449522 -16.95402663561629 -16.89959961703028 -16.813616002769454 -17.474701705200154 -18.76904071468828
51
 -1.1296016682030516 -5.350083932693923 -6.837143751443066 -7.74312691983012 -8.927319388101061 -9.34573238801121 -9.631524363205209 -10.011948447788553 -10.023136349175118 -10.624915794883075 -10.484782979660162 -10.956201707019206 -11.555912065119394 -11.650044621938799 -11.543173290921171 -11.11071888195725 -11.35544822988104 -12.300250798581002 -12.01803283083968 -12.430964610175641 -13.06184317374395 -12.519608981108489 -12.691078024096042 -12.693926890060844 -13.253942664859986 -13.073664202278081 -13.245598999547099 -13.5270824727479 -13.74962445663565 -14.769360410089327 -14.403733153771977 -14.522119633606684 -14.528008512811278 -14.411222793897876 -14.736327579173679 -15.124726539116798 -14.88441004738084 -15.95179577320025 -16.069201450202783 -16.03923189496214 -16.70757836773671 -16.21099462707571 -16.393842940621848 -16.381982580081736 -16.555605986593516 -17.14763872394601 -17.32965603825188 -17.080800062897318 -17.018405525558187 -17.261340895028656 -17.418958941609784
51
 -1.1296016682030516 -5.342396574569995 -6.661786990794914 -7.50987278002753 -8.361086580035876 -8.98808222495307 -9.427054339350624 -9.7339070188831 -10.090201820645117 -10.299580276344424 -10.65762561853533 -10.862371354467268 -10.816654216517046 -11.113908525084002 -11.428973560130778 -11.992696823673763 -12.301540149948403 -11.992126766849632 -12.033619342019165 -12.609087338860455 -12.683089017187841 -12.338965037743066 -13.093762994881184 -13.34119539764063 -12.94255960870714 -13.320839801742569 -13.892694253980494 -13.837465189625563 -14.278907059478938 -14.720490970115721 -14.59329577649613 -14.38430543212178 -14.461638468861258 -14.395473425533686 -15.085694254531726 -14.982298995810151 -15.591526014965188 -15.467586357434595 -15.569654652538713 -15.6157639011109 -16.15163756538351 -15.913141080253078 -16.661425701270947 -16.802671266983563 -16.8725503319366 -16.77158897897258 -17.83126135296482 -17.24540472897231 -17.424206134139993 -17.48251850475743 -17.59349024293821
51
 -1.1296016682030516 -5.426042873189061 -7.107518349364819 -7.982014861910297 -8.57573507369273 -9.255707674687509 -9.461731712322669 -10.02442466708507 -10.57370915841511 -10.474485917020527 -10.994089607490226 -11.244303576128273 -11.518009605443492 -11.586603991516778 -11.647511882326038 -11.71104244231004 -11.653972352259833 -11.931106140532439 -12.595943152110147 -12.855378358523225 -12.478771678494843 -13.286557475748477 -12.723510936100583 -12.797399685274375 -13.194334121679983 -13.212928813125911 -13.466050889378547 -13.607668090546339 -13.634915914349794 -13.410739566593008 -13.721641947735014 -14.35708342733841 -13.800141210615068 -14.662556348958063 -14.527260300982357 -14.934426592633324 -14.69467497029214 -15.421665052366809 -15.79113175456602 -16.146535034572576 -16.17358739768143 -16.35798775931026 -16.136066075757686 -16.110333980013802 -17.049018830985485 -16.289073660670873 -17.01732472264885 -17.274030642239307 -17.39969861479152 -17.685581635206308 -17.651732022284072
51
 -1.1296016682030516 -5.404086204929619 -6.854217521589752 -8.089562562883637 -8.42088850018135 -8.828427382206781 -9.54942240440082 -9.990507640197329 -10.191078040443838 -10.494073497162072 -10.481047787545585 -10.989842206795718 -11.128557385722168 -11.363134331885727 -11.866621470228779 -11.958239953316827 -11.384056682905882 -12.07975043412362 -12.413801561395118 -12.503164000204823 -12.755100334265537 -13.436935991813778 -12.768489755149567 -13.686490492546612 -13.228231834228962 -13.77268670129446 -13.886193422209569 -14.228651187696254 -13.830926574112077 -14.121930435793725 -14.27008787090785 -14.726637175818874 -14.606422606118656 -15.304022468540177 -15.512603238995979 -14.420373755584952 -15.152350419295288 -15.103979209955606 -15.842258086999516 -15.74604838500757 -16.361378191130306 -16.30200273266077 -16.767121230717812 -17.000184440472154 -16.949224704488877 -16.834282825787454 -17.173402035221386 -17.447420815916647 -17.907391048623918 -17.685202614401284 -17.710939501310087
51
 -1.1296016682030516 -5.35127586943424 -6.8397278287050245 -7.935608007055337 -8.658465303848782 -8.986564812987467 -9.139059412902137 -9.783273504650762 -10.116471739174713 -10.156120062655619 -10.397631129132957 -11.088448992471552 -10.948511151573726 -11.474620622036168 -11.44668502819959 -11.946539622799483 -12.44369698650108 -11.826117707688299 -11.925317960599934 -12.85660561827156 -12.227455458823021 -13.504458747963811 -13.33856748883875 -13.04014077302671 -13.261921919339217 -13.620410781518531 -13.638340259686773 -13.423834836738482 -14.443393580550524 -14.036654766950697 -14.010567426886023 -14.812069984112092 -15.449596832288032 -15.487108221887917 -14.505493503324933 -16.086256682414955 -15.848491090591375 -17.01942155936515 -16.42431374356611 -16.526235413357668 -16.827386493182058 -17.415536509339095 -17.60115259816949 -16.647669737908476 -16.887300382121072 -17.371899379813218 -17.715734717040267 -18.156928792235046 -17.466798590714248 -18.375069824650954 -17.635875364182386
51
 -1.1296016682030516 -5.194550413279857 -6.836490709524902 -7.611876937607702 -8.477226205621744 -8.779522264189398 -9.244380348964553 -9.81671804304869 -10.120881216390671 -10.437722644507652 -10.425685904889718 -11.098801975141315 -11.215731916169425 -11.467602582496136 -11.396582884478589 -12.046563164882086 -11.778585303703656 -11.65687111848018 -12.339307918504359 -12.49699221422349 -12.78202542705603 -13.092703835152342 -13.112318263562113 -13.138909576107672 -12.99312802572589 -12.812004210157367 -13.433897378257564 -13.967521869025687 -14.05153108037555 -13.587207467968303 -13.979924388089712 -14.527796101295847 -14.715383569476526 -14.947427057574536 -15.078747208001085 -15.610968343720044 -15.833551371778428 -15.358191816463702 -15.432406042756776 -15.713867011218865 -16.042814217166395 -16.11748220271954 -16.737392534374518 -16.435475850294967 -16.20556732978812 -16.538832893785717 -17.208360184968363 -17.01628650601616 -17.010146867543153 -17.42975445542228 -17.840161361417817
51
 -1.1296016682030516 -5.319687084796643 -6.813683827820741 -7.679738435259819 -8.482942722243873 -8.930410336418928 -9.524059820508864 -9.789823228596891 -10.260161087482231 -10.392649143294177 -10.802249085874799 -10.623324547977916 -11.238277425344906 -11.411334429342828 -11.615149576751417 -11.74740919232959 -12.069615284498934 -11.898072628462602 -12.201203498421625 -12.541489091918763 -12.482962129814895 -12.800475869369082 -13.026628283122221 -13.506807614481497 -13.406331510948274 -13.90664614350086 -14.203288873437964 -14.123271513216634 -14.109027855127916 -14.421502040734573 -14.079104102348307 -14.556286756232835 -14.716467738868527 -14.697236616901323 -15.420806786316813 -15.811149804880273 -15.85346707913296 -15.703811638308585 -16.163492910166703 -15.9200807831901 -15.828591209449085 -16.579865450445983 -16.965173670200095 -16.41988919356648 -16.31392077733692 -16.97449945476459 -16.086661689822506 -16.580336432285268 -16.883343303782286 -16.553266881772245 -18.05535139379166
51
 -1.1296016682030516 -5.343615028034011 -6.84021554772057 -7.926766981152981 -8.356415962338744 -9.086135348323415 -9.29725636381149 -10.16025154357104 -10.481540361628152 -10.194704783128275 -10.239412717655215 -10.944295296143558 -11.32912379255059 -11.1321869399654 -11.821053433531567 -11.689929011106058 -11.677005110130905 -11.849699523023984 -11.741072984671181 -12.895202284955648 -12.797407991877071 -12.79004880138487 -12.95695354108404 -13.388454006161961 -13.310507248717213 -13.355421650086464 -14.435800891150054 -14.26267716712274 -13.850938684995906 -14.184695206075425 -14.607775939978243 -15.109962905828597 -15.180856089606815 -14.445133432968461 -14.881982121201283 -14.554000309118514 -15.727652775660063 -15.328614513758334 -15.50932212581091 -15.878785771082331 -16.467366769508427 -16.52305697305392 -17.055139140026846 -16.850365680818467 -16.903548987825857 -17.37219892416371 -17.66350595308751 -17.23037723665159 -17.906905710013312 -16.90006093961844 -17.97289004001129
51
 -1.1296016682030516 -5.453957990777794 -6.85192555970557 -7.839076658247545 -8.439734396612298 -9.202577998193478 -9.700377883430015 -10.140112149177773 -10.144014733855041 -10.65598228219042 -10.740333918604959 -11.557988760370053 -11.5375860148298 -11.269391471970657 -11.644045056724378 -11.91279824288535 -12.190142908082281 -11.711808092024478 -12.104028766725635 -13.018594452088223 -12.997381781825 -13.231945952147475 -12.603316429359923 -13.232086359864958 -13.413471500275813 -14.156878579000775 -14.659533675315117 -13.859993009082672 -14.373878689692447 -14.525314865212483 -15.205951606436315 -14.65527312658993 -15.404023631752063 -15.24821289618222 -14.967114829232134 -15.519089207874492 -15.925757162528193 -15.072624425112854 -16.124589559870117 -16.659925230886927 -16.65394951189788 -16.487529911462396 -16.67992836306185 -17.50212225292367 -16.274127002186805 -16.56824231523953 -17.451976354381813 -17.43761047182742 -18.300832903199595 -17.90069149246941 -18.330475571126566
MainSSVRG
10
51
 -1.1296016682030516 -1.3915068010373701 -3.178550682417902 -3.636367749263185 -3.8597239449654817 -4.025326325002733 -4.178425094312764 -4.360854904451677 -4.494216114806694 -4.638179211498784 -4.799370133542987 -4.9386695975544335 -5.095235454955259 -5.180978428122785 -5.3105366895272 -5.415955166748638 -5.622117819205131 -5.685825821341683 -5.764441420326347 -5.943330155211712 -6.067880897671568 -6.135585606728556 -6.248945811729634 -6.270644384529193 -6.267459290407261 -6.267459290407261 -6.309735555263928 -6.658089185307251 -6.930521231245834 -7.151185332975122 -7.3365843214003625 -7.506267613407905 -7.666964194235734 -7.81919259113933 -7.93727032765941 -7.93727032765941 -7.93727032765941 -7.93727032765941 -7.93727032765941 -7.93727032765941 -7.93727032765941 -7.93727032765941 -7.93727032765941 -8.118131769263325 -8.14261988271609 -8.14261988271609 -8.14261988271609 -8.14261988271609 -8.14261988271609 -8.14261988271609 -8.14261988271609
51
 -1.1296016682030516 -1.385039803822977 -3.112620789626944 -3.4386996532123852 -3.4386996532123852 -3.4386996532123852 -3.6560807673677864 -3.892797718166259 -4.08388938864413 -4.261157650267642 -4.436788619978009 -4.607172061378102 -4.7781147424977375 -4.9455520050781425 -5.1148145696100595 -5.279780196002745 -5.437692680953671 -5.591506955334108 -5.747918137761993 -5.901720786902409 -5.901720786902409 -5.901720786902409 -5.901720786902409 -5.901720786902409 -5.901720786902409 -5.901720786902409 -5.901720786902409 -5.901720786902409 -6.023911698729655 -6.174401377877939 -6.316693900648677 -6.452278598759427 -6.583109935694733 -6.715239493190699 -6.844167302692076 -6.971394969438738 -7.100526707713358 -7.22106331066537 -7.341192434984716 -7.462409802167842 -7.576152682040324 -7.69387845411158 -7.805834011127443 -7.920233852222527 -8.027871632063732 -8.136095286330667 -8.23938024927151 -8.281976700773452 -8.281976700773452 -8.281976700773452 -8.281976700773452
51
 -1.1296016682030516 -1.386314907061732 -3.127660592210359 -3.6047252325030867 -3.84124645179806 -4.019383468469155 -4.1846332616975905 -4.33642780148875 -4.462077506294756 -4.598338801913235 -4.739398501052112 -4.888457213441676 -5.032477021413594 -5.16420453595647 -5.271230250278967 -5.403250598734281 -5.500036502951418 -5.704223943791668 -5.843086786777684 -5.907186200342375 -5.920959546745879 -6.033545187086803 -6.144604937030867 -6.1913709035356455 -6.185246384100447 -6.18880391252776 -6.18880391252776 -6.18880391252776 -6.351323305886312 -6.686713275017822 -6.921085462404133 -7.113460596431406 -7.270320093010528 -7.419346025683712 -7.453154573284545 -7.453154573284545 -7.453154573284545 -7.453154573284545 -7.453154573284545 -7.453154573284545 -7.453154573284545 -7.453154573284545 -7.521896394683817 -7.669521744500372 -7.8052747582990625 -7.934613192769787 -8.060475767209791 -8.182628274794002 -8.302620970590342 -8.42094827492972 -8.537090679053835
51
 -1.1296016682030516 -1.3858201726426769 -2.817577295995044 -2.817577295995044 -2.817577295995044 -3.2862583175455873 -3.6759644707035917 -3.893062893056401 -3.908205092176251 -3.908205092176251 -3.908205092176251 -3.908205092176251 -3.908205092176251 -3.908205092176251 -3.908205092176251 -3.908205092176251 -4.015289875839821 -4.187638131667631 -4.355360355985225 -4.521479476607993 -4.68364218567282 -4.8433031915829075 -5.004377241443074 -5.162400831688234 -5.32130033687391 -5.477431048450589 -5.624482291162386 -5.7671694272571195 -5.9107794836805585 -6.059006239101107 -6.208429969635966 -6.310098486217241 -6.310098486217241 -6.310098486217241 -6.310098486217241 -6.310098486217241 -6.310098486217241 -6.310098486217241 -6.310098486217241 -6.310098486217241 -6.348464259509207 -6.485775348767931 -6.617010608159767 -6.74471881066735 -6.871642274084854 -6.912979235593107 -6.912979235593107 -6.912979235593107 -6.912979235593107 -6.912979235593107 -6.912979235593107
51
 -1.1296016682030516 -1.382318776901376 -1.6228960384260769 -1.6228960384260769 -2.011544622767179 -3.2892131488832796 -3.681892036794978 -3.897264567022818 -4.080626327419404 -4.241682824736632 -4.356080705336036 -4.356080705336036 -4.356080705336036 -4.356080705336036 -4.356080705336036 -4.356080705336036 -4.356080705336036 -4.356080705336036 -4.356080705336036 -4.526715037687657 -4.695108624357165 -4.8598224687989005 -5.02062789879589 -5.181022473888098 -5.3369301884087985 -5.492352790502636 -5.646376762274745 -5.797705208151876 -5.948103301623815 -6.086184440806087 -6.231161132046733 -6.367093552470469 -6.5094903677373335 -6.6324977240096 -6.7613615835156775 -6.89457745671635 -7.026374472242338 -7.150275288068331 -7.278704972895271 -7.391601389703721 -7.530712578751505 -7.652282030854702 -7.7514963460747754 -7.7514963460747754 -7.7514963460747754 -7.7514963460747754 -7.7514963460747754 -7.7514963460747754 -7.7514963460747754 -7.7514963460747754 -7.7514963460747754
51
 -1.1296016682030516 -1.3873672049459194 -3.1171330566997475 -3.593853198880881 -3.8154657986453184 -3.9736489827638577 -4.109312221730082 -4.282436435211368 -4.421878077275548 -4.557380173978334 -4.557380173978334 -4.557380173978334 -4.636485900519639 -4.833413921414578 -5.013647681988933 -5.183186959076144 -5.348997695772933 -5.512818761429809 -5.67256061521462 -5.834173836702625 -5.984012906787029 -6.130915157972632 -6.271928269286367 -6.420707460365183 -6.560437450194968 -6.702012575635556 -6.840314254436942 -6.9796602630783715 -7.102100720293021 -7.233180165452665 -7.3548942627984655 -7.431801515387714 -7.431801515387714 -7.431801515387714 -7.431801515387714 -7.431801515387714 -7.431801515387714 -7.431801515387714 -7.431801515387714 -7.431801515387714 -7.5786436335201 -7.71537322858655 -7.843509903502938 -7.965999100217682 -8.083979261727878 -8.200404665191126 -8.314770572444722 -8.425508272960837 -8.53216973684106 -8.640368081835856 -8.747797092721168
51
 -1.1296016682030516 -1.3859450668319642 -3.1041922424683563 -3.5859150863285905 -3.7932091430678505 -3.957160974553447 -4.078881351651281 -4.225061305368113 -4.371021319154102 -4.457679088720712 -4.605515447945355 -4.748699102342851 -4.84743157218222 -4.84743157218222 -4.84743157218222 -4.99176941251918 -5.201927714148768 -5.385618945738544 -5.5550912349725 -5.579008234171296 -5.579008234171296 -5.579008234171296 -5.579008234171296 -5.579008234171296 -5.579008234171296 -5.579008234171296 -5.579008234171296 -5.662871712927124 -5.820020621685713 -5.970935372228468 -6.121709690422171 -6.2677787250145105 -6.411810821016156 -6.551666961633172 -6.692056334650144 -6.823650589483533 -6.958899345411079 -7.0915186945465525 -7.217096016443307 -7.347298232922154 -7.480516696255008 -7.58129319767224 -7.58129319767224 -7.58129319767224 -7.58129319767224 -7.58129319767224 -7.58129319767224 -7.58129319767224 -7.58129319767224 -7.58129319767224 -7.619028232173297
51
 -1.1296016682030516 -1.382036002206867 -3.0920121025605276 -3.5919053850573586 -3.8299410603638986 -4.047248720661554 -4.218493239559018 -4.4088719863741614 -4.560931174090401 -4.736394615972574 -4.887270587187643 -5.018909326815005 -5.199212936126399 -5.383494263394334 -5.504194353046742 -5.6482999809545635 -5.78601580512794 -5.909867695778098 -6.041992966315753 -6.151148828327066 -6.258306314910444 -6.3338717893368806 -6.427793621646311 -6.578538232068256 -6.759728130719025 -6.900663067841708 -6.889097056410227 -6.889097056410227 -6.889097056410227 -7.156604234795639 -7.402027546142799 -7.5783777817649405 -7.723743438647112 -7.846199360247739 -7.964951263726056 -8.071221356217338 -8.177685609867432 -8.284854571361915 -8.396961591713518 -8.501745807180873 -8.604717214279672 -8.696135233078822 -8.799837567132077 -8.899120698859146 -8.99126327353914 -9.090606838368446 -9.178061175252417 -9.258332669897962 -9.343066614465705 -9.424764146199115 -9.514391409179016
51
 -1.1296016682030516 -1.3872759100077345 -3.1392147915530306 -3.608141591048113 -3.8271510238251074 -3.959659489849357 -4.09564316670442 -4.230985622677012 -4.372293570091495 -4.518178479095383 -4.635596220062858 -4.796374961688616 -4.926795173946929 -5.020460769950163 -5.154896760786548 -5.250316665132981 -5.320131324990245 -5.450258095383194 -5.545672205773617 -5.608382808841779 -5.723812336984332 -5.8614797204456925 -5.932788810600642 -5.946530626480897 -6.056678379098397 -6.133992900985808 -6.153955542457111 -6.153955542457111 -6.204448472204395 -6.533275066671579 -6.759244045290106 -6.931781989613133 -7.073471866566905 -7.198865224617268 -7.317106043610356 -7.424252770811802 -7.5303060354494455 -7.635236350390965 -7.737151128640721 -7.827655060730525 -7.929219037801046 -8.025652413844591 -8.10632031708104 -8.203359459690597 -8.307869090847406 -8.397612700926661 -8.507532417094266 -8.58278585286278 -8.662300680546645 -8.73710922750071 -8.755878343593714
51
 -1.1296016682030516 -1.3857011382046767 -3.1261020731982536 -3.5941152992742604 -3.81737390153508 -3.992882250454143 -4.145917753721277 -4.303307518279389 -4.424538128031343 -4.581016367797719 -4.7036622993493475 -4.849325430551103 -5.0104329826399665 -5.181432090712367 -5.3008926590794445 -5.380300056868876 -5.461443251045075 -5.510934164603523 -5.641312962884267 -5.641312962884267 -5.641312962884267 -5.802198957914899 -5.944225808977583 -5.944225808977583 -5.944225808977583 -5.944225808977583 -5.944225808977583 -5.944225808977583 -5.944225808977583 -5.944225808977583 -5.977582826232921 -6.196623567809132 -6.3789684175028984 -6.542060352502091 -6.689296361869833 -6.831194044309375 -6.962865718707773 -7.0940046151031 -7.221258405454881 -7.350275129545691 -7.47720327985206 -7.600726642725905 -7.719436604288151 -7.833363451883877 -7.943208915243947 -8.055923952519482 -8.159957007163717 -8.271725925573952 -8.379002694243576 -8.483175283786268 -8.5848479186809
SGD:0.05
10
51
 -1.1296016682030516 -4.424179468682746 -5.518782697127556 -6.312604248297587 -7.256544053530043 -8.075684058342818 -8.506498661136854 -8.91595183656097 -8.709962442882626 -9.370095416328146 -9.051753941986341 -9.676918311686514 -9.026189308321204 -10.5063751253641 -9.478556876213899 -9.479668823528757 -9.66001358854692 -10.424970354925307 -10.872720212272743 -9.620948413847193 -10.128228421819204 -10.43887965177767 -9.54975676782248 -9.220516733978846 -9.675260443518711 -9.692689430613939 -9.058676935866817 -9.53582039176229 -10.144867108794784 -10.240673728108876 -9.80710573035909 -9.370916332947782 -9.817741136052573 -9.965248618251817 -9.467942825296673 -9.725915481175932 -11.581538189663664 -9.662534114819588 -10.147488835787668 -9.948772309841189 -11.141246477359225 -10.542697797936519 -8.88800856351787 -10.870961616657732 -9.49946210389276 -10.421679336742166 -9.447655660365333 -10.574449395182443 -9.587426561176127 -9.389708823471944 -11.162518192585017
51
 -1.1296016682030516 -4.459875011223605 -5.5232022663147875 -6.386989034340556 -7.262034226067243 -8.12540344969861 -8.72246420291969 -8.598700176180502 -9.367214625513816 -8.81070370847887 -9.571996718800158 -9.736285130026886 -9.634732020823932 -8.97131248710104 -9.63795931787804 -10.086667969373977 -10.07537807083079 -9.857692912041411 -10.099812892789263 -10.585753889845325 -9.914191398582137 -9.561729145862998 -10.272862222254544 -9.080352304037275 -10.603230723937669 -10.832940296393083 -10.174899504346504 -9.921607344592244 -9.761209703202411 -10.581508236144524 -9.751312234793279 -10.16670194809941 -9.574730545392507 -10.543269772768989 -9.6689437137225 -9.564509134111772 -9.625764921586727 -9.66116257013431 -9.205960565357959 -9.33514878830425 -9.566593295840491 -10.014803703078465 -10.728594339299818 -9.760324488012875 -9.451443534873576 -9.1508762429308 -9.36506566251888 -10.956118852990379 -9.961474380075163 -11.691473031454631 -9.26522369896558
51
 -1.1296016682030516 -4.409960440248669 -5.387343798357695 -6.168603297901621 -7.082135331450761 -7.7695519493139305 -8.50804037523246 -8.819254082535434 -9.41018104923712 -9.484749462070049 -9.895796961715991 -9.940459972193391 -9.627353792155878 -9.056947094978392 -10.214779691512126 -9.423078763954859 -10.585555373228484 -10.430454454635518 -10.463193280489866 -9.708500118317263 -9.45354549659942 -10.964798783014375 -9.899962996447242 -10.01256683745586 -8.737470209598955 -9.341497266275079 -10.304194692591317 -9.74750419031043 -9.681302265969096 -9.300230535270105 -9.403955633134396 -10.93178998525408 -9.61224886854179 -9.868419475687336 -9.191805313287137 -9.583389565588076 -9.469458800107668 -10.425879174674545 -10.955233981217505 -9.494621834914298 -9.779467726793662 -10.651283623209974 -10.176087013849484 -10.494540219835482 -10.50188258989162 -9.589779114274359 -10.235069453224396 -9.510512019792325 -10.126691512837363 -10.729805191855503 -9.21012674195826
51
 -1.1296016682030516 -4.37546277342038 -5.482278359689692 -6.323689049136563 -7.423081307027118 -7.842343093704562 -8.467644025280093 -8.848125018171247 -9.245552672031744 -9.421182450532063 -9.990738011659642 -10.165756879430049 -9.535918310038841 -10.332910500712048 -9.722853966617066 -9.301468353236576 -9.220299573613898 -10.164405243483522 -9.54303244856923 -10.758375971858602 -9.737208682298748 -9.95911699319879 -9.991517021452319 -8.777300742130155 -10.056566343806763 -10.363790360993978 -10.08114926007509 -9.82383558249015 -9.872312743244642 -9.940575592218083 -10.40710415155963 -10.081363747399735 -10.083543405199844 -9.967353624079834 -10.464592089739556 -9.625666200690352 -9.754089674961708 -9.941632698521623 -9.69048494433158 -10.39949481070014 -9.854749552451574 -9.96818686525126 -9.73789980419648 -8.666521051605837 -9.988792935247021 -9.824415108794987 -10.43626252191461 -9.414596197573097 -10.522009905623175 -9.608094394196769 -10.483462610395492
51
 -1.1296016682030516 -4.443329166267586 -5.447278670578175 -6.350853307407411 -7.4195245730784904 -8.173233474142839 -8.701345348219464 -9.26964373049411 -9.32409872644466 -9.408040880418836 -9.693858469231037 -9.712372401653493 -9.334788889456286 -8.996232946536116 -10.358168453950718 -9.926097079245869 -9.631789289769783 -10.607344398286704 -9.998597351139153 -9.310963303383659 -9.758725312037566 -9.65793232355333 -9.31704966505738 -10.626942853669645 -9.786227054530185 -9.541490090895623 -10.249816207500423 -10.10462279559181 -9.908749218689495 -10.407256980750072 -10.786282546394686 -10.424700435137906 -10.599473165288208 -9.461741406169535 -10.100066385764029 -9.36717897908657 -9.778059755161795 -10.516554374574515 -9.733928225846185 -10.385503513021863 -9.281051503920011 -9.499281955849288 -9.969989086632193 -8.976226906981957 -9.562816389357947 -9.809942623016184 -10.250032555846019 -9.558994965390204 -9.54014372098736 -9.597899386081398 -10.291731671189858
51
 -1.1296016682030516 -4.513744790016451 -5.687152112881215 -6.575605351639296 -7.339596230762664 -7.499930281637648 -8.081598164052181 -8.685059214519235 -9.381219950284049 -9.652440033883389 -9.611703513283272 -9.80559000161008 -9.638941143855385 -9.45236136742411 -10.552509122697002 -9.364690904534484 -9.366461987644405 -10.108112848877388 -9.219660019334563 -10.494673552732088 -8.728110309311766 -9.359935744683307 -9.525922609512698 -10.239139060024005 -10.62778023254605 -9.859763497962746 -9.767380426123696 -9.089942067694412 -9.04553991578852 -10.78717128797147 -9.935723610631015 -11.050798366681754 -10.701433436288397 -11.090354845179414 -9.914434891054839 -9.467140626894272 -9.866664570221001 -10.214500223943938 -10.403802819069218 -9.911679152287194 -10.143624766354321 -8.761746191846935 -9.792449758978492 -10.06292924149885 -9.561106590054141 -10.498977982105615 -11.183459195686066 -10.16050968253001 -10.736320835668923 -9.690741643532576 -9.81719651278672
51
 -1.1296016682030516 -4.517298929234548 -5.494835756374725 -6.305810868701296 -7.059763583588895 -8.083082361032849 -8.748277133749903 -8.108527458321056 -8.782007648696096 -9.11247304785355 -9.88814920689752 -9.842298726311347 -9.912106987021158 -9.220059602667323 -9.95487700745615 -10.64952595330771 -10.172452186235658 -10.054989601161223 -9.517624028106434 -9.670523040126206 -10.171824240844035 -10.151535585217871 -10.523469587958813 -10.339655088115448 -9.47077191947397 -10.086576379296828 -9.793959915825193 -10.401161503133967 -8.656532227288423 -9.983466569487858 -9.155039870745089 -10.467253228041372 -9.856338108386817 -9.881024112138764 -9.714721991146716 -9.832491145780528 -10.792573870288283 -9.192820492092466 -9.172197928811363 -9.579403801471708 -9.700639521611784 -9.46674794990715 -9.769760822698956 -9.607984244742187 -9.925496894429623 -9.657447468573968 -9.888684683434866 -9.827837827920648 -9.40942726037367 -9.72863218864594 -10.330074150589702
51
 -1.1296016682030516 -4.412957058559116 -5.413710705739235 -6.384717657456016 -7.0159497251454415 -7.41777774587045 -8.355439481409691 -8.422084023970072 -9.238699174241559 -9.569629403925093 -9.164318522978446 -9.620926196916434 -9.72971223035523 -9.57500297488663 -9.375543112230666 -10.257177406109546 -9.728005202153456 -9.014158001132321 -10.5987902390901 -10.10804175209358 -9.687625256056936 -8.817645417803483 -9.26532662155013 -9.409828873471552 -10.22253810816043 -10.335395539541098 -8.865969605707267 -9.671213942539392 -10.07972206266652 -9.83890974233696 -9.452997075485149 -9.342742817844176 -10.395120024085848 -9.60231705080354 -9.796548013452163 -10.485184949526756 -9.727830942746017 -9.882941308385988 -8.570979350659371 -10.240566626937087 -9.72319083857934 -9.143463005392917 -10.866854680570654 -9.71199115737912 -9.726591464784061 -10.312219910752745 -9.19483608058491 -9.123427384535583 -9.849316904961283 -9.275699990002789 -8.769791335832958
51
 -1.1296016682030516 -4.462260591399413 -5.479657788779244 -6.363633135022316 -7.206713053554322 -8.203038343000161 -8.426964743952775 -9.016224266310836 -10.087114919619975 -9.961785483726509 -10.770405288504447 -9.713042161747627 -9.072578967778988 -9.678794364374687 -9.791274751903499 -9.106274071572233 -9.20887694829935 -9.502689620459241 -9.473785872932673 -10.255449865273858 -9.294202329801319 -9.52716338301991 -9.909669953452793 -9.378119466674212 -9.73652510695082 -10.923323223764339 -9.614872837898353 -9.339173620030246 -9.842288472343968 -8.980729186094475 -10.133122071439056 -11.050657685374937 -10.486786030326702 -10.039741367133619 -9.64224151237758 -9.5314401834741 -9.243616950714333 -8.526637807838725 -9.97418260154956 -10.48200879118644 -9.71308549366028 -9.031476122967474 -10.121633820731683 -9.705874143852785 -10.319283608168666 -9.804551705074342 -9.399036546889404 -9.667260678130564 -10.00290916279027 -9.992026765307102 -9.821591195061146
51
 -1.1296016682030516 -4.465397877075555 -5.603114183757067 -6.354288007806562 -7.24915078027292 -7.719803483080774 -8.402383175935103 -9.10630508310704 -8.678060035834848 -9.825966835373464 -9.602890842340862 -9.653208554166161 -9.715521462067878 -9.722614931903077 -9.514564318615472 -9.890257726883187 -8.964664487263246 -9.932316513593111 -9.224691931382589 -10.143760098452228 -9.786200552524706 -9.491327708203027 -10.357896065146655 -9.934436869343541 -9.940040766926332 -8.732868686421385 -10.198637689921505 -9.610048955926572 -9.675136992831193 -10.11438993644488 -9.560277590982945 -9.701060545383314 -9.618684337756738 -10.048570171920277 -9.611091742971364 -9.963462322385864 -10.537712644708613 -10.261750643297665 -9.846821029047788 -9.071035984059098 -9.681283300789461 -9.511390205063089 -9.793159473582293 -8.982216086881799 -9.752781352674965 -9.256272317526749 -10.167492704112131 -9.139644513869316 -10.13510315579384 -9.112517496251616 -9.092839312442402
SGD:0.005
10
51
 -1.1296016682030516 -2.7066389876772914 -3.3125037626167826 -3.5882269392212227 -3.7693172956984355 -3.9100271753180262 -4.038952187627262 -4.167068263397881 -4.275812726170248 -4.385787615227394 -4.49473336647888 -4.598701291465713 -4.706745774764375 -4.81774770846856 -4.933500863922335 -5.0321139918792435 -5.14744947337516 -5.266049320528801 -5.374965862823934 -5.486544212794299 -5.592664729532047 -5.698306216305372 -5.796270809355506 -5.890022646033307 -5.997669958881594 -6.09317890134572 -6.185617174207934 -6.27439864327334 -6.366164455238706 -6.462792702432721 -6.57253152819624 -6.660042063784169 -6.754093914673634 -6.8518408829607855 -6.945655498350069 -7.020297660821389 -7.1167012287897995 -7.220701533079861 -7.334029816428867 -7.395732044949775 -7.492235315749047 -7.5612503577228996 -7.629073562739949 -7.715661510974099 -7.782687784753676 -7.826912508183457 -7.9461435965304466 -8.007876116290193 -8.126431054739253 -8.207578634136322 -8.2651199749331
51
 -1.1296016682030516 -2.7353664561979856 -3.318780084338551 -3.5922693782944837 -3.762919377362863 -3.9064926600412426 -4.039195296142263 -4.151858871390701 -4.262319693268403 -4.372173731034752 -4.476541805484496 -4.601370002588644 -4.71801306872559 -4.828191042053174 -4.9390169830762725 -5.050115159300491 -5.158115936993694 -5.268499651317882 -5.368885730081152 -5.465735997224186 -5.559373457581053 -5.674492793708236 -5.781689870304317 -5.884931642386589 -5.994689417724122 -6.099159420764407 -6.190045430448255 -6.281648607798435 -6.3873364561123225 -6.483600736676074 -6.582568524580544 -6.667443551317072 -6.751508836939568 -6.8695556819118435 -6.954322047829609 -7.037285098889529 -7.107812442053239 -7.165678927977863 -7.305958292573088 -7.363876370247018 -7.458466567525887 -7.527618772305763 -7.623751112742157 -7.715745545563073 -7.798917665527721 -7.884691430318837 -7.95277815103939 -8.032987702896616 -8.10904837167375 -8.180201389153607 -8.245339452796737
51
 -1.1296016682030516 -2.7278030782261866 -3.2993915662763267 -3.59253646340656 -3.785043635112985 -3.9217860502717636 -4.042389632359725 -4.162143109582186 -4.272331257798344 -4.388176567139933 -4.498319321745724 -4.610913374935631 -4.723676091411296 -4.826217960731819 -4.938780356613139 -5.0391626461278705 -5.153992562265385 -5.252088364671011 -5.367452092909792 -5.462390732574643 -5.5613228181846575 -5.663180831932337 -5.770635289760889 -5.869843656865944 -5.9727126956184975 -6.068362067844878 -6.163950547431558 -6.252119007917496 -6.336834158702337 -6.439491883966835 -6.5373697335843906 -6.61259630629057 -6.711696717819014 -6.787320902644437 -6.8883108687895245 -6.986166109940303 -7.061924025242559 -7.117435840269887 -7.214437459214828 -7.3172096169697225 -7.42433958277003 -7.510774577250282 -7.597190737733696 -7.685645681032799 -7.773679197138746 -7.867322947853622 -7.94902352738094 -8.012781314285627 -8.084232161567904 -8.184687100321907 -8.24197396673389
51
 -1.1296016682030516 -2.7238423970633363 -3.3109412790589268 -3.5877637310800536 -3.7748438387862393 -3.910327556023018 -4.0272769552500876 -4.151884106176678 -4.2683246440151175 -4.383561406893371 -4.498453423718032 -4.605076549029108 -4.713893909108006 -4.813460762107505 -4.929381598891185 -5.027533619711553 -5.134534484089407 -5.237470383521945 -5.345915779345913 -5.458899832504655 -5.568499801906499 -5.661524614660732 -5.7625845844974615 -5.862203053235232 -5.959179067618699 -6.050412168870464 -6.153545687045046 -6.2609781955442605 -6.3498230932922315 -6.449802422349024 -6.543653147968184 -6.625516802826348 -6.747526149734111 -6.823739414054987 -6.905927328272018 -6.9943785672667245 -7.08152856290582 -7.145514251500934 -7.24809204641394 -7.326918031988745 -7.418344680163437 -7.5149919639754295 -7.596737554528612 -7.68881938654459 -7.785657965122544 -7.8361233758490565 -7.916156865452222 -8.001991647777631 -8.086017553867302 -8.152027733070664 -8.221703367857211
51
 -1.1296016682030516 -2.710346199472 -3.3380951068541402 -3.6098492158526985 -3.7809274676515527 -3.920175576543966 -4.046762173220565 -4.164774137363602 -4.282585827313607 -4.400173940389801 -4.506904146259991 -4.61172562140311 -4.728376478592728 -4.844741877979962 -4.954756311258007 -5.062319356598496 -5.163488791787487 -5.269090795206344 -5.3673726758260205 -5.467149419042919 -5.571267163084262 -5.67391604967311 -5.770987869550953 -5.88447322631362 -5.983018639029129 -6.081503759907789 -6.191031560438466 -6.290380960802381 -6.371612973086627 -6.462053577959541 -6.542303202682612 -6.6408370639932786 -6.730804731755236 -6.823287667669594 -6.905218915727482 -7.018445878865881 -7.101384394043308 -7.18978144698186 -7.2781670506634075 -7.359358318498062 -7.4390322998672405 -7.5131634656591135 -7.610514780768615 -7.6903342339358245 -7.780501227030006 -7.83713821274532 -7.913895216941766 -7.975982337503045 -8.042538518591789 -8.105802286992125 -8.193170821082047
51
 -1.1296016682030516 -2.7362305900431445 -3.3162814553375717 -3.591600858731741 -3.769252882724934 -3.9069444448788273 -4.02860485661772 -4.142815205813423 -4.252393331772864 -4.363256557341666 -4.470493405972385 -4.577200027528611 -4.70155124187592 -4.802682934123802 -4.907379630826283 -5.0197676335438635 -5.140172069092796 -5.242156238503072 -5.3577610193610115 -5.461543479045913 -5.564413738049194 -5.67341995226411 -5.776363862420023 -5.876923357730444 -5.974597668606083 -6.079923558784795 -6.182481032973828 -6.284577096661166 -6.382701723775455 -6.470772747156542 -6.557054528687561 -6.640256240248975 -6.727134139384819 -6.809876900220931 -6.896513501241292 -6.982493103495889 -7.081742057314925 -7.1744925728373135 -7.2654076296156695 -7.343979470100681 -7.421883524122293 -7.498328698463611 -7.5833991385304875 -7.655109190057367 -7.741064042725027 -7.8330311900150145 -7.945723828172467 -8.032912464210316 -8.107239216199416 -8.168251276341547 -8.239041599306617
51
 -1.1296016682030516 -2.7303051836880643 -3.316847969544458 -3.5936411486794233 -3.7693323179353335 -3.9091643023343794 -4.03244585432915 -4.150965305932701 -4.268361771221953 -4.377348016433165 -4.494740617727589 -4.603439475042052 -4.719514328499432 -4.829022775161335 -4.949283529382145 -5.0489865488284105 -5.153586089703853 -5.249023655352038 -5.367519466962319 -5.471878038378364 -5.578759078670013 -5.672644709291768 -5.773647041621636 -5.8736104531732725 -5.978695924084223 -6.074906165245664 -6.163190307796474 -6.277378539326726 -6.368295676059176 -6.476654041046641 -6.556980549309366 -6.65737396805373 -6.755327718014862 -6.834613381992368 -6.941272008895802 -7.042456395137345 -7.115726259368051 -7.205989451493548 -7.292297506274766 -7.392363078278318 -7.4906463210714485 -7.5732586802283866 -7.6448088873593845 -7.73357899837752 -7.778986469142477 -7.863909019467666 -7.961331764117915 -8.033546264369162 -8.083136819208256 -8.155133379648667 -8.23253835328134
51
 -1.1296016682030516 -2.6961918931652376 -3.332410602563309 -3.608246424787454 -3.7746158366981843 -3.909987454246625 -4.0366753769855075 -4.157596766150692 -4.267262567126129 -4.375947027817759 -4.488568254261899 -4.606054045510979 -4.7317506775842695 -4.847227479903751 -4.960563814810605 -5.061463662210163 -5.174756369424872 -5.276902135426787 -5.37707229769128 -5.484645621016604 -5.592706507583218 -5.702310068733107 -5.794799413450634 -5.896978617890945 -5.998562552237636 -6.08671065953767 -6.185729171690572 -6.291415627500223 -6.386508414258681 -6.480682664920465 -6.566340161797372 -6.672482961325505 -6.771441354833531 -6.856132952035609 -6.933661447690542 -7.028958524661102 -7.1192723739008565 -7.214739123722603 -7.3009965524586455 -7.385516662508006 -7.479615328707942 -7.558087676159104 -7.667409211955618 -7.7412104056693956 -7.831593111996567 -7.921140164517559 -7.984524540275895 -8.05376936113848 -8.163646106722595 -8.237858477862861 -8.306952130371052
51
 -1.1296016682030516 -2.7177123181813614 -3.3165612515339786 -3.605674822395512 -3.7795438537576023 -3.9176354619439855 -4.036351530257006 -4.152716290252145 -4.265298890821563 -4.385497643216726 -4.501600790191759 -4.605786319631598 -4.7196829962776325 -4.827990399498904 -4.943430755278356 -5.057421684212462 -5.164377923131343 -5.277624593232015 -5.391454173498575 -5.4850284382672365 -5.589946131270537 -5.707854404985509 -5.810012161324994 -5.913448631271105 -5.995822093332066 -6.100007108955298 -6.188791262081505 -6.298805051363249 -6.382056363332883 -6.481781413461741 -6.578865948280134 -6.673205622257643 -6.757103636891775 -6.85054056523687 -6.953236359834123 -7.048658678498224 -7.146675847089022 -7.226403612014181 -7.302925649062511 -7.392094139964976 -7.488637995912432 -7.571897671155296 -7.677113792902851 -7.754694250638522 -7.846743969224411 -7.914466359847334 -8.005558936166022 -8.069639221142628 -8.137563787476635 -8.20202613442767 -8.300904604018877
51
 -1.1296016682030516 -2.7074894629377253 -3.3060649514025977 -3.5849960987900484 -3.759325133632561 -3.9054221242463356 -4.031860721777219 -4.149141173723058 -4.264702020693682 -4.371097297680503 -4.487898249766336 -4.594451471905686 -4.69705140879963 -4.80966695448888 -4.911480859649796 -5.025261621594906 -5.1395804428084375 -5.245027280887288 -5.347081774915207 -5.4411165311922165 -5.5524293372301505 -5.650538437145702 -5.743506524365064 -5.85767227604865 -5.958333282561837 -6.069180419775145 -6.153880436418534 -6.2409304776976215 -6.344002474568103 -6.441896330051481 -6.534292774344801 -6.640487329912226 -6.739985124960042 -6.82406645586533 -6.921564705229786 -7.018021300144201 -7.1105344119558636 -7.201945136046961 -7.301496360961868 -7.379867206565275 -7.454247724266288 -7.554122866170802 -7.6576253304143345 -7.755792059214259 -7.831832027549614 -7.927623088532517 -8.002925800906269 -8.08671680820749 -8.169610474141004 -8.248168652149737 -8.292444358716624
StreamingSVRG
10
51
 -1.1296016682030516 -1.3935116567373769 -3.1457312166659332 -3.609820109852087 -3.8382801060533627 -4.013647299695507 -4.177226452589751 -4.335486726308609 -4.489064724566223 -4.657561828858112 -4.825728301450234 -4.992657355749093 -5.145804313396236 -5.315954858751806 -5.478348151183352 -5.634107500827106 -5.789185842700575 -5.937255908812553 -6.102967166570428 -6.228404359612993 -6.285119461759757 -6.285119461759757 -6.285119461759757 -6.4239697826796425 -6.559592566347149 -6.7072209366880395 -6.850264679698843 -6.995534398303632 -7.12673623440751 -7.292343293439383 -7.3980269902233085 -7.556157428378356 -7.678117491443059 -7.7644962350367095 -7.924920654818913 -8.034694252433242 -8.15777808188158 -8.280791210952959 -8.405407643066294 -8.544481275865529 -8.590445205273452 -8.756972804639043 -8.755834806757283 -8.91408200061613 -9.077884974316428 -9.20613290566223 -9.30522399347916 -9.32957251664857 -9.396537581514135 -9.422044502123237 -9.573072630664562
51
 -1.1296016682030516 -1.3930341113000353 -3.1445503944591806 -3.6214188982109503 -3.8579413266485516 -4.046067707426166 -4.2113665772633215 -4.385772051484304 -4.555598106831189 -4.708811373490761 -4.876695286011295 -5.048937519634517 -5.207446332590654 -5.367674318035378 -5.509508789609943 -5.65659303428165 -5.792043870343581 -5.952069644474498 -6.111846161458496 -6.259964924647895 -6.412188397632115 -6.543743707696153 -6.703957849134288 -6.859547434207518 -6.976119011117265 -7.134994958155698 -7.2787437970336875 -7.389849854082346 -7.523091949641926 -7.657380365899393 -7.772534742264774 -7.8942839412063295 -8.015568307595007 -8.148859918663476 -8.25321736705967 -8.385150212573539 -8.467656399228192 -8.599906181328027 -8.635087008213656 -8.787789447913802 -8.936053265633726 -8.979120989349338 -9.060671637606779 -9.204441578626577 -9.319016154551987 -9.461530223667816 -9.536000215368606 -9.653235344961587 -9.749192384991451 -9.83392339561968 -9.813001037156475
51
 -1.1296016682030516 -1.3887997398387906 -3.098332198843699 -3.6045399820387196 -3.855798107075926 -4.054327644801878 -4.234177233028499 -4.410122836404014 -4.580259002000981 -4.7439082202175955 -4.908422185878625 -5.0669557251104775 -5.237859734414735 -5.393707678808253 -5.555013407899169 -5.7128400536785024 -5.874649163120791 -6.010016681853388 -6.150352863217189 -6.302178906332406 -6.457317807924885 -6.593163748123521 -6.752956344854756 -6.881795715891943 -7.0091897886114305 -7.138356369014991 -7.26826510216619 -7.387434577931349 -7.516436617612433 -7.618404379799653 -7.769750893849682 -7.876992282792122 -7.992954866713331 -8.197381997021957 -8.283198402070457 -8.370096622167548 -8.466209941164681 -8.581360776352225 -8.751800542443632 -8.865029048831325 -9.015988797226282 -8.97193673806238 -9.103411440542938 -9.219615095459162 -9.392129100815106 -9.389730347656178 -9.393859343033624 -9.65095866421672 -9.825739337193466 -9.893536743095005 -9.902898701471106
51
 -1.1296016682030516 -1.394907693403275 -3.1239174467642505 -3.594533874273772 -3.858558901128117 -4.0540666842660675 -4.226930292822582 -4.399544810717744 -4.5682669878196505 -4.7320855229294745 -4.898944579369112 -5.063646967415475 -5.214262769770975 -5.364221682105313 -5.529065738238209 -5.692885413653531 -5.845929630667569 -6.0042224106671975 -6.139299403386814 -6.284884318644531 -6.435183412525845 -6.594628095971261 -6.702462381255676 -6.844094099869265 -6.995011193961518 -7.101173314990634 -7.257545225521939 -7.389930433120684 -7.503978913893465 -7.627867114319957 -7.763682566554154 -7.848657771224279 -7.958160243496974 -8.096442717901734 -8.233901101466897 -8.344619253594532 -8.449939983011049 -8.577164649757606 -8.650739417418896 -8.617701181416061 -8.692897873773415 -8.853651324759982 -9.026590564571139 -9.00011913825288 -9.280277280965858 -9.338563904526351 -9.446646378452638 -9.533518646573151 -9.641914670821999 -9.820510815273142 -9.866187288984275
51
 -1.1296016682030516 -1.3950950964870559 -3.1246016374841448 -3.610773167339411 -3.8519809846897166 -4.039499545424473 -4.21656519962076 -4.398197975360695 -4.563548636330958 -4.7423500566900625 -4.899262907883361 -5.0497165606319205 -5.210574842868487 -5.382521208018369 -5.548600167079304 -5.694439272819538 -5.852741514218751 -5.999070065929367 -6.154327300398619 -6.2670057050014245 -6.433966390866724 -6.561432689651962 -6.720537747804577 -6.867447775566578 -6.974177787166704 -7.089868454173136 -7.21379265343031 -7.352861492345284 -7.483871890729682 -7.586879518663669 -7.716709498634452 -7.822666733683737 -7.95167858561049 -8.00538585685098 -8.183249642108265 -8.284413187872184 -8.42837719810351 -8.539102854783351 -8.599477099869167 -8.723249856819299 -8.83421418497166 -8.92198505991995 -9.132681118450943 -9.19494351968676 -9.339768636029943 -9.339768636029943 -9.339768636029943 -9.362320525284083 -9.40218071978128 -9.500547963151591 -9.669441863437465
51
 -1.1296016682030516 -1.3998804825112832 -3.1447882560685385 -3.6122384724240097 -3.8578971322715456 -4.0327947593998905 -4.193312207324475 -4.362770672154219 -4.517851860188531 -4.678374990126951 -4.862892979646118 -5.026795188854548 -5.175525654306141 -5.332440258229513 -5.466261668151796 -5.622119915616105 -5.790230817332004 -5.915203391362251 -6.058630468245685 -6.216569858128264 -6.3690402470930305 -6.490311036380163 -6.628096157140747 -6.7802875067569985 -6.92799294357426 -7.062898992150867 -7.1876541479167315 -7.1876541479167315 -7.1876541479167315 -7.227660927113298 -7.362914775412271 -7.50716735160127 -7.622016055055795 -7.748692284341176 -7.88312594266552 -7.9769857815844505 -8.1060969607648 -8.258731943037224 -8.37458834014721 -8.459063239389634 -8.520474094884063 -8.641046539224487 -8.758050104482573 -8.911194862617268 -9.042269503633934 -9.077768881413924 -9.18045876776131 -9.306443892755192 -9.346427420191567 -9.366431101046553 -9.482650046846302
51
 -1.1296016682030516 -1.3725333897285763 -3.111654746796237 -3.603587587529937 -3.8467077477609175 -4.044458232618151 -4.218846013203265 -4.398227796247198 -4.5785873747717485 -4.742404204360475 -4.905485201729315 -5.064306697076428 -5.220534729420054 -5.377942367311455 -5.526997793863132 -5.676245048101581 -5.82918348214285 -5.98037163762756 -6.144335756197144 -6.296944264707185 -6.443521936541746 -6.588816013569912 -6.719017791391544 -6.855442650443239 -6.9803081877836775 -7.1310038931932285 -7.23691251939252 -7.385158074640931 -7.526716238778769 -7.640901846822886 -7.751977715637345 -7.892837016024132 -8.014195229690362 -8.149022099433884 -8.226540910502411 -8.32923237646096 -8.340941529804732 -8.340941529804732 -8.340941529804732 -8.500242341116385 -8.61106352075547 -8.741013716846618 -8.847455332477649 -8.958227895845017 -8.931850161993252 -9.12941533765999 -9.25030098689154 -9.334533592129649 -9.396305774686292 -9.431403764883816 -9.648846293321833
51
 -1.1296016682030516 -1.408615798450506 -3.0992830853686866 -3.6021464335123135 -3.856179458529996 -4.057533104669882 -4.231850032104282 -4.402116040385967 -4.55726285938 -4.714692441228433 -4.887534370631355 -5.0336248478323515 -5.197881909152407 -5.366432302002493 -5.530215298175964 -5.681323527326556 -5.821433655491404 -5.964110571470401 -6.089343091184512 -6.223216627634089 -6.336696188361116 -6.485720541434246 -6.645653526345836 -6.785361394733832 -6.9034293992580205 -7.048934857507521 -7.179866631832469 -7.294770920259147 -7.408373042797395 -7.472863191654743 -7.618738717249184 -7.769349743265316 -7.832536523109973 -7.993276471507904 -8.096450716359197 -8.223886549740604 -8.352551644369846 -8.441093913360705 -8.58579035160635 -8.641206110431005 -8.772641531340721 -8.853401174410287 -8.9852622530185 -9.083476996714463 -9.059936943774886 -9.210116503388766 -9.420404539864249 -9.560210923622163 -9.659476674568225 -9.765467263430487 -9.789308606073321
51
 -1.1296016682030516 -1.3984212890419758 -3.1258040419841002 -3.600751647202638 -3.8552779109386917 -4.0417118194218355 -4.214348686128521 -4.391282181274064 -4.552976923023435 -4.721205133712508 -4.8805079278531664 -5.03581902978553 -5.190030587172348 -5.356093714287403 -5.489589416594815 -5.630440818914863 -5.783019874813117 -5.937016956907807 -6.045540707852351 -6.21073956008909 -6.331614408185485 -6.448719991320659 -6.604471594684051 -6.720720998941344 -6.851086814516794 -7.003110673138488 -7.104168634685534 -7.254345455666911 -7.3948534344210906 -7.469300709004459 -7.575325221890079 -7.688195149263463 -7.795418000014533 -7.948529233163953 -8.07553256398561 -8.242060338983055 -8.294068530074199 -8.432971638019403 -8.5968845945382 -8.686389771479831 -8.801315929568467 -8.868677626789154 -9.027094129084611 -9.129434036809561 -9.22040749636832 -9.227678890676243 -9.424581526423237 -9.431102524743899 -9.596371142846726 -9.685027225645316 -9.698759552314216
51
 -1.1296016682030516 -1.3823078596405463 -3.158995659872398 -3.602451173018879 -3.8322825314605606 -4.0234705767747325 -4.208163309996817 -4.3788187602279605 -4.540767603597434 -4.70859191754419 -4.868314900045916 -5.045111636942145 -5.215186040189412 -5.371840920093434 -5.526252033765283 -5.661431160924056 -5.802798725581366 -5.9404983785910535 -6.088281910398473 -6.215898853212937 -6.354497702584442 -6.5116559548272 -6.658479819429648 -6.777521826883208 -6.930139266973946 -7.062046113760228 -7.1794174526001475 -7.301208702691587 -7.426387915011828 -7.552462214877796 -7.699241692667147 -7.826028185834718 -7.949012197840239 -8.06522140487544 -8.149275779371232 -8.297604320489329 -8.37836573979595 -8.515925307032996 -8.53964185595355 -8.689313535554689 -8.672918437864531 -8.672918437864531 -8.683775553104548 -8.821853221040543 -8.878793022132548 -9.03460510398834 -9.179558731338966 -9.244919983097255 -9.369933618736251 -9.488806808733383 -9.67398752834514
ADAPTIID
10
51
 -1.1296016682030516 -5.616237064780414 -7.3682469768630385 -8.76764838631609 -9.348152208001482 -10.654169533648558 -10.159184310599034 -10.654614771856181 -11.1341136374677 -11.255339172409366 -10.732306416408951 -11.275994811155567 -11.706424678857239 -11.362234887951196 -11.492910127204015 -12.101227578012443 -11.823236435847601 -11.59138173543062 -11.745816723874572 -12.851137709537499 -13.2852500471587 -13.017356366234278 -13.09337769203587 -13.026354505147994 -12.915311279191966 -13.401967405789954 -13.336350325624046 -13.536068950694524 -13.801148927515634 -13.75197311457497 -14.138584848627863 -14.905202544388198 -15.196292031272122 -15.155729337220055 -15.099541496312089 -14.46039768821453 -14.808444958216828 -15.688327746456368 -15.784679021802596 -16.135648977349685 -16.168279328703964 -16.124912167927494 -16.03510276723463 -16.127013956408256 -15.889891619892346 -16.101681642479463 -16.459918055110865 -16.673628351378127 -16.371205310379207 -17.29027368484842 -17.73033259431039
51
 -1.1296016682030516 -5.366815665224921 -7.246401896418551 -8.114526140806396 -8.857020902110053 -9.05528626365655 -10.013284348025731 -9.865986642314553 -10.531091244804635 -10.625495790862514 -10.541118891536778 -10.740381912670037 -11.046800418290971 -11.082799178374394 -12.091551209963715 -11.807605041729426 -12.620707810519336 -11.985934826627188 -12.814435623058426 -12.39863347486119 -12.154036971056106 -13.159270270031586 -13.078256281411608 -13.42694367458399 -12.833031285659722 -13.728072334244123 -14.240719123361718 -14.0061036384474 -13.571025131775098 -14.32846102248325 -14.441115895594969 -14.648933404107577 -14.004456518768597 -14.851343805758708 -16.074247894830872 -15.73737537356785 -16.132157436317637 -16.222274698520376 -16.177335079309373 -16.919468281123912 -16.242938400447333 -16.128748570194176 -16.72817271150817 -17.22407017346883 -16.830146144580947 -16.65789158008827 -17.08011951361131 -17.12600223857173 -17.340848486898903 -17.297079392335174 -18.031008838754907
51
 -1.1296016682030516 -5.677372827118009 -7.248512432469236 -8.373749613548394 -9.176515501282227 -10.077616332943405 -9.56584213561977 -10.154124056290996 -10.217473029096327 -11.354522532156844 -11.447124332221225 -11.483912807002923 -11.054492662042568 -11.485971727890384 -11.30921771239206 -11.118106204649761 -12.244123512244576 -12.229805202343291 -12.164172603867081 -11.912561159476542 -11.122100522055455 -12.176717705310365 -12.669298041648231 -13.346689939376867 -12.850339518334563 -13.578186826594418 -12.919747354145407 -12.956904317924087 -13.499791864550726 -14.674972328287614 -15.248266573233602 -14.181408235123063 -15.773889281990243 -16.086215947667586 -14.82669903485262 -15.925024119593381 -16.15813477604873 -16.185029878082855 -15.883084402872079 -16.185372033836494 -17.025495589788907 -16.506548029723103 -16.36646046596221 -16.499101871544024 -17.221727331148372 -17.46947769630417 -17.400205694424685 -17.762025540671452 -17.382894629594826 -17.441372606303187 -18.37842207116926
51
 -1.1296016682030516 -5.5664445978051456 -7.417450325486577 -8.02320509064215 -9.048119959917873 -10.016585903789048 -9.362485325610974 -10.292791465736215 -10.379922244899511 -10.814366511541394 -11.280229732801603 -11.307569643945822 -10.670245557618413 -11.214344482764249 -12.051771633085655 -12.074582837001403 -12.437117332349226 -13.024452063278934 -12.725088326675966 -13.208351849854779 -13.185023504758588 -13.776520177222569 -13.074087782218268 -13.364083056694824 -13.487790219835563 -12.846610857438751 -13.451372701573007 -14.409433709740824 -14.122073654928522 -12.744417876883153 -14.513184995809585 -13.47696042525033 -14.39974120135854 -14.713723831072548 -15.358574662106138 -16.241480231158036 -16.499096757594206 -16.826766370852226 -15.609864983367645 -15.379495316118028 -16.701727725407824 -16.195846290225358 -16.770744911188196 -16.832701814124185 -16.315038990425364 -16.13887303911357 -17.768131676027938 -18.096243455046466 -18.00832223457746 -18.11861555661525 -17.60322817806723
51
 -1.1296016682030516 -5.6285709869227025 -7.249420180375147 -8.57999388730195 -9.346598296049072 -10.373825991178741 -9.791094123751638 -10.395608971087157 -11.065457242826033 -10.944920990198206 -11.473962808202169 -11.452038014299196 -11.919181929079773 -11.776926271282118 -12.37279227872739 -12.552959932694254 -12.368674700795195 -12.211723422587589 -11.700266274061299 -12.342873779853953 -13.433592867101302 -12.609226894084198 -13.964894504080233 -12.93843438166783 -13.015869597386589 -14.814968509975888 -13.928888888394525 -13.928648095730571 -14.50777821918226 -14.594936644508286 -14.688959524719182 -14.766477390849143 -14.844260281072632 -13.554835065226966 -15.006924333938041 -16.1429173310748 -16.121276783038407 -15.963394017355887 -15.59877014707657 -15.915009381526044 -17.1938670738515 -16.347986394108453 -16.317734120245767 -16.53676983836041 -15.933762062956514 -17.313774173673924 -17.964653310298043 -17.046391736126438 -17.231681753653884 -17.667551589594424 -18.182802256288
51
 -1.1296016682030516 -5.490886608098066 -7.446709269203076 -8.117204566942561 -9.113371656203437 -10.000176048126901 -9.645079580262214 -10.19069799578648 -10.997335469655434 -10.723085337967344 -10.482567360561895 -10.90531755890243 -11.691065538653126 -11.674641808626623 -11.36663904418799 -11.901672316593686 -12.182195325760748 -11.675649351496142 -11.851642382694626 -12.873681638139498 -12.606558076405546 -13.234557690319011 -13.67873685172302 -12.76714189835309 -13.97816574412065 -13.399584422715016 -13.056537170023619 -14.461045807866933 -14.374472232480453 -14.56006631215632 -15.100847747863353 -13.939865524684418 -14.411968137257608 -13.962392879097875 -14.826539015117799 -15.308241047804655 -15.89803842340301 -16.038209694112616 -16.19225277647934 -15.590299469678737 -15.777298534248107 -16.749090874395968 -15.496256178533056 -16.600363940355894 -16.422420118687945 -16.763797356657502 -17.024011280383593 -16.37743615384228 -17.14393726430197 -17.28292898583915 -17.21286292325832
51
 -1.1296016682030516 -5.449301682516019 -7.443817897498168 -8.413620542785452 -8.898167331768123 -9.75070126758752 -10.694844562397922 -10.02652669989933 -10.774890572630072 -11.118004265408024 -11.128522054353601 -11.266606981818695 -10.999542983694198 -11.080075846899739 -11.481609126890358 -12.157602136540119 -11.852806057243734 -12.190197282466617 -13.003848227199484 -12.325795081976779 -12.844072762956136 -12.820961428180071 -13.08854320261812 -13.471553473715431 -13.234184621620898 -14.094794645483724 -14.019285749932994 -13.236590641879308 -14.599937559311975 -13.612172687446572 -14.743550350947265 -14.7242044703646 -14.424887493120252 -15.20341304587659 -15.398408301826827 -15.773035680287053 -14.47542081587543 -15.791075990441563 -16.08241577432983 -15.797961532186303 -15.378121290229164 -15.748220216643158 -16.608171975522566 -17.532599270507006 -17.55874961875077 -17.407074882718803 -17.813395177476835 -17.281402222863626 -18.073983388865532 -16.704774043155258 -18.11886524953296
51
 -1.1296016682030516 -5.539024135826943 -7.365216425441697 -8.58106766849774 -9.017223310672865 -9.934484340190581 -9.990565071589765 -10.640062076567354 -10.785600838476208 -10.75486870128306 -11.623309305626831 -11.106848575053876 -11.373820832541488 -11.05673477980352 -11.883425917869397 -11.446219321807764 -11.830417039143548 -12.17186300388555 -12.056231289439644 -11.667434310560841 -12.56893487694736 -12.582525018406347 -13.267611601384225 -13.343930307011746 -13.901488834322146 -13.310537954056262 -13.612237566630576 -13.72143617282668 -14.36095542502076 -14.469960578327864 -14.695791367537689 -14.342354643972998 -15.057170230987143 -15.296987786587188 -15.408681511794116 -14.331095539582694 -14.519988414373085 -15.167417676081445 -15.414714391180516 -15.008865850351501 -16.159685368598787 -16.43710524369635 -15.95128279686502 -16.953112529345372 -16.839121285307442 -17.343918151227378 -18.2323637356601 -16.72177342875317 -16.716439399900853 -17.446691335035535 -18.268180856810915
51
 -1.1296016682030516 -5.701947087023399 -7.229804078701344 -8.594423934691886 -8.982855369550842 -9.096000813507146 -10.235775643445015 -10.686761699712866 -10.197326406357675 -10.422310311111273 -10.934142212969695 -10.58133154246305 -11.14880683765825 -11.785050516151253 -11.863174048003168 -12.102015900203273 -11.621886505692464 -12.093976985945503 -12.380320984656448 -11.884575584959608 -12.862583544272884 -12.43449270174138 -12.965535077887102 -12.953088570974357 -13.752288960750501 -14.503762673624253 -13.422455588539009 -13.817052423573223 -14.344782814107415 -14.898052906696652 -14.455524554499107 -15.211783415071126 -14.407490661628318 -13.533781842780812 -14.67234243656815 -15.328094257026557 -15.71850107744186 -15.144918526680785 -15.130996250312947 -15.688834510712237 -15.513895940812793 -16.05763201666266 -16.317432730251724 -15.660512102152321 -16.597213174166043 -16.58443638112433 -17.17714390638942 -17.49556518162131 -16.926971896450826 -16.55539461650484 -17.235581139951027
51
 -1.1296016682030516 -5.3217590961266925 -7.1596069285174995 -7.9810915078804125 -9.231270772010916 -9.675874220739205 -10.005065675491796 -10.075467000298687 -10.46186456391995 -10.56331188030608 -11.464389844691045 -11.207702382276997 -11.63477813808849 -11.404814049089133 -11.056469496973202 -11.522454644445986 -11.364135625768615 -12.278833178765046 -12.479302907082106 -12.868179065099547 -12.005857259894054 -12.407391709975835 -13.375352873958894 -13.607859645494177 -13.477601090265708 -13.998515900584895 -13.999740867761632 -13.568950106371945 -14.150595151177694 -15.663974388034942 -14.694367370370179 -15.224373133463052 -15.224528301266629 -14.141422616031841 -14.413261221151664 -15.308836960011881 -15.558458276716893 -15.76710380717866 -15.741268942365682 -15.425903816034616 -16.367334351308646 -16.30975799803424 -16.654309022060666 -17.38852054536744 -16.92945580140882 -17.145227055032308 -16.37310268241835 -17.125875016634847 -18.228466673929734 -17.688041985981773 -17.894917401925643
steps
10
51
 0 5000 10000 15000 20000 25000 30000 35000 40000 45000 50000 55000 60000 65000 70000 75000 80000 85000 90000 95000 100000 105000 110000 115000 120000 125000 130000 135000 140000 145000 150000 155000 160000 165000 170000 175000 180000 185000 190000 195000 200000 205000 210000 215000 220000 225000 230000 235000 240000 245000 250000
51
 0 5000 10000 15000 20000 25000 30000 35000 40000 45000 50000 55000 60000 65000 70000 75000 80000 85000 90000 95000 100000 105000 110000 115000 120000 125000 130000 135000 140000 145000 150000 155000 160000 165000 170000 175000 180000 185000 190000 195000 200000 205000 210000 215000 220000 225000 230000 235000 240000 245000 250000
51
 0 5000 10000 15000 20000 25000 30000 35000 40000 45000 50000 55000 60000 65000 70000 75000 80000 85000 90000 95000 100000 105000 110000 115000 120000 125000 130000 135000 140000 145000 150000 155000 160000 165000 170000 175000 180000 185000 190000 195000 200000 205000 210000 215000 220000 225000 230000 235000 240000 245000 250000
51
 0 5000 10000 15000 20000 25000 30000 35000 40000 45000 50000 55000 60000 65000 70000 75000 80000 85000 90000 95000 100000 105000 110000 115000 120000 125000 130000 135000 140000 145000 150000 155000 160000 165000 170000 175000 180000 185000 190000 195000 200000 205000 210000 215000 220000 225000 230000 235000 240000 245000 250000
51
 0 5000 10000 15000 20000 25000 30000 35000 40000 45000 50000 55000 60000 65000 70000 75000 80000 85000 90000 95000 100000 105000 110000 115000 120000 125000 130000 135000 140000 145000 150000 155000 160000 165000 170000 175000 180000 185000 190000 195000 200000 205000 210000 215000 220000 225000 230000 235000 240000 245000 250000
51
 0 5000 10000 15000 20000 25000 30000 35000 40000 45000 50000 55000 60000 65000 70000 75000 80000 85000 90000 95000 100000 105000 110000 115000 120000 125000 130000 135000 140000 145000 150000 155000 160000 165000 170000 175000 180000 185000 190000 195000 200000 205000 210000 215000 220000 225000 230000 235000 240000 245000 250000
51
 0 5000 10000 15000 20000 25000 30000 35000 40000 45000 50000 55000 60000 65000 70000 75000 80000 85000 90000 95000 100000 105000 110000 115000 120000 125000 130000 135000 140000 145000 150000 155000 160000 165000 170000 175000 180000 185000 190000 195000 200000 205000 210000 215000 220000 225000 230000 235000 240000 245000 250000
51
 0 5000 10000 15000 20000 25000 30000 35000 40000 45000 50000 55000 60000 65000 70000 75000 80000 85000 90000 95000 100000 105000 110000 115000 120000 125000 130000 135000 140000 145000 150000 155000 160000 165000 170000 175000 180000 185000 190000 195000 200000 205000 210000 215000 220000 225000 230000 235000 240000 245000 250000
51
 0 5000 10000 15000 20000 25000 30000 35000 40000 45000 50000 55000 60000 65000 70000 75000 80000 85000 90000 95000 100000 105000 110000 115000 120000 125000 130000 135000 140000 145000 150000 155000 160000 165000 170000 175000 180000 185000 190000 195000 200000 205000 210000 215000 220000 225000 230000 235000 240000 245000 250000
51
 0 5000 10000 15000 20000 25000 30000 35000 40000 45000 50000 55000 60000 65000 70000 75000 80000 85000 90000 95000 100000 105000 110000 115000 120000 125000 130000 135000 140000 145000 150000 155000 160000 165000 170000 175000 180000 185000 190000 195000 200000 205000 210000 215000 220000 225000 230000 235000 240000 245000 250000
