2
suboptimality
4
7
 0.02401708621287929 0.013742380266509924 0.008113458901291865 0.005087332629546221 0.002630967493814168 0.0014174250469076166 4.373634682622307E-4
7
 0.022177809836376017 0.01490158631084676 0.008539625025224568 0.004735599254451772 0.002877492279337618 0.0012038484964994045 5.57379375453193E-4
7
 0.026853712596226792 0.017169034945425515 0.012232726941123012 0.006793899774327178 0.004419781470379025 0.0019460343293738747 6.490218802496783E-4
7
 0.023542679591586124 0.015020176668240431 0.010134657831337046 0.005390860663267771 0.003051925723643739 0.0016877696155202238 5.414219314991697E-4
steps
4
7
 2000.0 3000.0 4500.0 6750.0 10125.0 15187.0 22781.0
7
 2000.0 3000.0 4500.0 6750.0 10125.0 15187.0 22781.0
7
 2000.0 3000.0 4500.0 6750.0 10125.0 15187.0 22781.0
7
 2000.0 3000.0 4500.0 6750.0 10125.0 15187.0 22781.0
