12
c:5
1
13
 3.3280524630479706 0.13334947031258018 0.38321123599794293 0.2753575291737661 0.2728833406853949 0.15483630213260693 0.08010037247917431 0.02475999989036487 0.005867163363782485 3.1819143169881103E-4 1.5383717193173663E-6 4.2239739483918015E-11 -1.8596235662471372E-15
steps1
1
13
 0.0 4.889866862261341E-4 9.779733724522683E-4 0.0014669600586784024 0.003911893489809073 0.016136560645462424 0.07725989642372919 0.38287657531506303 1.382876575315063 2.382876575315063 3.382876575315063 4.382876575315063 5.382876575315063
time2
1
13
 0.0 0.001 0.001 0.001 0.001 0.004 0.016 0.075 0.371 1.345 2.311 3.278 4.244
c:10
1
13
 3.3280524630479706 0.21634697177839254 0.4748263599231949 0.4239531214157808 0.3160505104211493 0.31321599738439465 0.1211417222251929 0.04052776877491829 0.008881770520043492 7.442555417213059E-4 8.100308818537183E-6 1.1527866439209333E-9 -1.1379786002407855E-15
steps4
1
13
 0.0 4.889866862261341E-4 9.779733724522683E-4 0.0014669600586784024 0.0019559467449045366 0.0068458136071658775 0.05574448222977929 0.5447311684559134 1.5447311684559133 2.5447311684559133 3.5447311684559133 4.544731168455914 5.544731168455914
time5
1
13
 0.0 0.001 0.002 0.003 0.004 0.004 0.009000000000000001 0.057 0.536 1.504 2.471 3.439 4.411
c:15
1
13
 3.3280524630479706 0.1845971578700252 0.40764118162678487 0.3701271204117915 0.2625533958216314 0.25895679001027183 0.10169108586184936 0.02814437171988554 0.005269531011481227 3.2460627992403346E-4 1.7068773535411363E-6 5.351671883424558E-11 -1.6375789613221059E-15
steps7
1
13
 0.0 4.889866862261341E-4 9.779733724522683E-4 0.0014669600586784024 0.0019559467449045366 0.009290747038296548 0.11931275143917672 1.1193127514391767 2.1193127514391765 3.1193127514391765 4.1193127514391765 5.1193127514391765 6.1193127514391765
time8
1
13
 0.0 0.001 0.001 0.002 0.003 0.004 0.012 0.12 1.0859999999999999 2.053 3.024 3.991 4.966
c:20
1
12
 3.3280524630479706 0.15482247590950995 0.30430978384338847 0.2378527578138834 0.23522016187822312 0.09446938911640737 0.026054259544161157 0.004670958229830963 2.598209668164819E-4 1.104581384386849E-6 2.2361223983580203E-11 9.43689570931383E-16
steps10
1
12
 0.0 4.889866862261341E-4 9.779733724522683E-4 0.0014669600586784024 0.011246693783201084 0.20684136827365474 1.2068413682736547 2.2068413682736545 3.2068413682736545 4.206841368273655 5.206841368273655 6.206841368273655
time11
1
12
 0.0 0.001 0.002 0.003 0.004 0.013 0.202 1.175 2.144 3.1100000000000003 4.081 5.048
