9
newton:0
1
32
 NaN NaN NaN NaN NaN NaN NaN NaN NaN NaN NaN NaN NaN NaN NaN NaN NaN NaN NaN NaN NaN NaN NaN NaN NaN NaN NaN NaN NaN NaN NaN NaN
steps1
1
32
 0.0 1.0 2.0 3.0 4.0 5.0 6.0 7.0 8.0 9.0 10.0 11.0 12.0 13.0 14.0 15.0 16.0 17.0 18.0 19.0 20.0 21.0 22.0 23.0 24.0 25.0 26.0 27.0 28.0 29.0 30.0 31.0
time2
1
32
 0.0 0.313 0.626 0.938 1.248 1.562 1.872 2.1870000000000003 2.5000000000000004 2.8230000000000004 3.1350000000000002 3.455 3.77 4.09 4.403 4.718999999999999 5.031 5.348999999999999 5.667999999999999 5.983 6.302 6.609 6.924 7.239000000000001 7.549 7.863 8.174000000000001 8.481000000000002 8.792000000000002 9.102000000000002 9.411000000000001 9.717
newton:1
1
32
 NaN NaN NaN NaN NaN NaN NaN NaN NaN NaN NaN NaN NaN NaN NaN NaN NaN NaN NaN NaN NaN NaN NaN NaN NaN NaN NaN NaN NaN NaN NaN NaN
steps4
1
32
 0.0 1.0 2.0 3.0 4.0 5.0 6.0 7.0 8.0 9.0 10.0 11.0 12.0 13.0 14.0 15.0 16.0 17.0 18.0 19.0 20.0 21.0 22.0 23.0 24.0 25.0 26.0 27.0 28.0 29.0 30.0 31.0
time5
1
32
 0.0 0.31 0.625 0.9339999999999999 1.2489999999999999 1.5639999999999998 1.8709999999999998 2.186 2.4939999999999998 2.8089999999999997 3.1229999999999998 3.433 3.746 4.058 4.372 4.679 4.995 5.309 5.627 5.938 6.252 6.563 6.875 7.188 7.505 7.822 8.134 8.452 8.763 9.072 9.389999999999999 9.703999999999999
newton:2
1
32
 NaN NaN NaN NaN NaN NaN NaN NaN NaN NaN NaN NaN NaN NaN NaN NaN NaN NaN NaN NaN NaN NaN NaN NaN NaN NaN NaN NaN NaN NaN NaN NaN
steps7
1
32
 0.0 1.0 2.0 3.0 4.0 5.0 6.0 7.0 8.0 9.0 10.0 11.0 12.0 13.0 14.0 15.0 16.0 17.0 18.0 19.0 20.0 21.0 22.0 23.0 24.0 25.0 26.0 27.0 28.0 29.0 30.0 31.0
time8
1
32
 0.0 0.313 0.624 0.9390000000000001 1.252 1.563 1.878 2.194 2.512 2.836 3.1519999999999997 3.4619999999999997 3.7819999999999996 4.101 4.414 4.726999999999999 5.0409999999999995 5.356999999999999 5.672999999999999 5.9879999999999995 6.300999999999999 6.608 6.917999999999999 7.2299999999999995 7.545999999999999 7.8549999999999995 8.168999999999999 8.477999999999998 8.793999999999999 9.104999999999999 9.415999999999999 9.720999999999998
