10
SGD
10
51
 -1.5537748285457103 -7.507822069783257 -7.836132647185016 -8.002370128573343 -8.10202513779968 -8.190671194796648 -8.262244546277868 -8.33419186324881 -8.395642154435789 -8.445630111793905 -8.490818953013175 -8.53498531301808 -8.575087954135904 -8.612303734797543 -8.641726458074363 -8.664410709112552 -8.692180785424197 -8.719855193653444 -8.739610472651307 -8.757256769691397 -8.77975765451047 -8.801036569230321 -8.82013908054221 -8.833756396323405 -8.853780008153882 -8.87193321375481 -8.886465774524991 -8.902821727723365 -8.910981977772337 -8.924050502101117 -8.937520872431477 -8.950564999252943 -8.963573623589701 -8.97545483989478 -8.991085012409425 -9.001421541942673 -9.009936972572183 -9.018376054841722 -9.031409898760463 -9.036466733938806 -9.047697385509725 -9.06051960805772 -9.069232349652276 -9.077892171700682 -9.087783608362843 -9.096919313214636 -9.1076804543496 -9.116826184817807 -9.125119008907369 -9.134596109285486 -9.139867949190608
51
 -1.5537748285457103 -7.064573702869077 -7.402061182457164 -7.575544356667966 -7.709692034807549 -7.812036391864785 -7.882150495980691 -7.940337826286674 -7.998127668169793 -8.04363548983077 -8.092431160873051 -8.135888169688469 -8.170805683386174 -8.202057746321309 -8.234548022196401 -8.26086370850782 -8.288742775795898 -8.312524980336182 -8.332403261890217 -8.353597156503781 -8.372077568334724 -8.389462324117643 -8.410992059669049 -8.426384036997415 -8.445084043046498 -8.460119044392417 -8.475061798964807 -8.491674892386277 -8.506980733435773 -8.522803059427947 -8.537069516547309 -8.550552572360868 -8.563861955309095 -8.576176611131155 -8.585499434409348 -8.598181751148966 -8.607679615073998 -8.618741946384914 -8.627934577241515 -8.636885720968522 -8.644269296234926 -8.651581971267893 -8.662740137326454 -8.67197495354154 -8.679317377534016 -8.687164428457079 -8.696707959783533 -8.702853916944633 -8.71147228639279 -8.719545920052768 -8.726547434387134
51
 -1.5537748285457103 -7.056998446250605 -7.418478465997044 -7.585579998270988 -7.708324491933892 -7.8142356445141985 -7.893410717804373 -7.954137949569853 -8.011980890199856 -8.055574899584505 -8.099749408598646 -8.139960204683842 -8.171667709802495 -8.209716138039898 -8.243502383314011 -8.270508729994223 -8.298455600360995 -8.324181677709054 -8.344769932830372 -8.368965856931451 -8.387477855594765 -8.406548552054034 -8.424985325167272 -8.44327073217237 -8.457711990700728 -8.474512666514721 -8.48832279056227 -8.505318905688304 -8.519473315444293 -8.533701947714803 -8.546352036123201 -8.559613317781501 -8.571085553209151 -8.583204897999968 -8.593745026454892 -8.606818635339632 -8.617364698622568 -8.628701991428237 -8.639695081727321 -8.648448379710354 -8.658264448200129 -8.667858994864812 -8.677875992223793 -8.687502411346406 -8.697382795310526 -8.707170421198075 -8.71398029252834 -8.72202127863892 -8.731025192370781 -8.73942087740642 -8.746279476969985
51
 -1.5537748285457103 -7.057839598672005 -7.4102111733628755 -7.608624180055603 -7.717109395693682 -7.824704168373886 -7.915241897132792 -7.985776658236576 -8.05431113899737 -8.101876004300113 -8.151521046930068 -8.195543066405175 -8.229550833076296 -8.267614284711492 -8.302115093202136 -8.324789910137165 -8.354330792859342 -8.380578893176303 -8.402801137531162 -8.421329104103261 -8.44574447044784 -8.4671109213628 -8.483950632581834 -8.503150561826583 -8.523127445990312 -8.54216711596388 -8.558728103827024 -8.576104419079407 -8.589903398038638 -8.603540211614 -8.619586902203315 -8.632391887877372 -8.642910743935168 -8.654827017941374 -8.664163529974244 -8.676868819796477 -8.687341506728876 -8.699872348793953 -8.712406097377988 -8.723180887486272 -8.734109847267963 -8.743422598042747 -8.756317061908797 -8.765124959550336 -8.778285232051484 -8.787947115927976 -8.798833154210808 -8.807869252636522 -8.818630195310693 -8.828259698321007 -8.83665516411959
51
 -1.5537748285457103 -7.470304986454259 -7.79269330153536 -7.973451029129003 -8.115144958202261 -8.209355624030731 -8.29455479338919 -8.34562915300752 -8.409915664774944 -8.463964740252466 -8.504441210345922 -8.542428816734004 -8.570953828590271 -8.603592196849766 -8.636576555420707 -8.66557549344161 -8.697350941286583 -8.721541585192162 -8.749981812389878 -8.773261037695507 -8.790860286646998 -8.814687434732884 -8.829827747701135 -8.852668191041452 -8.869360295951859 -8.886994195491512 -8.904047491779089 -8.917715640818654 -8.932899434193054 -8.946453873979841 -8.961417471268643 -8.975655024273816 -8.988007918702342 -8.997052596520048 -9.006425749632328 -9.02060623879436 -9.032686398982687 -9.042906273761242 -9.05481571578549 -9.066430568221087 -9.073654221680345 -9.084373226450007 -9.09605584056625 -9.107234907805186 -9.116318010306223 -9.126222787564627 -9.137222698812181 -9.146966076112886 -9.15598726092334 -9.163665001368196 -9.17254585243985
51
 -1.5537748285457103 -6.89279510010007 -7.217450363466594 -7.39171930378916 -7.50292807826245 -7.596081909094882 -7.68306208766798 -7.749029698395873 -7.805257355350161 -7.868804563076294 -7.9183476780971995 -7.955182503174062 -7.983964293219886 -8.020333788909522 -8.046247606010974 -8.075531563133014 -8.110272107262915 -8.138212217387267 -8.162622301940887 -8.182280534221382 -8.203583554085355 -8.226721628299552 -8.244133502908506 -8.267263911525067 -8.285515601205793 -8.30155166228016 -8.320378764439713 -8.335270634002653 -8.347974576234675 -8.36061434025928 -8.374816733314425 -8.389438322028536 -8.404170110007206 -8.416599699372975 -8.42931889943683 -8.443471289563698 -8.453501265798154 -8.465212000294684 -8.476684121338563 -8.488333158031372 -8.498567060653683 -8.510520455025446 -8.519522455337793 -8.52805042064501 -8.538580817119716 -8.547271369679295 -8.558407526939888 -8.567868655065377 -8.575287770925424 -8.583309209047053 -8.591434807803028
51
 -1.5537748285457103 -7.2795768101666445 -7.5494115310205885 -7.71025758534955 -7.808477790010507 -7.894762700894368 -7.961388387788645 -8.01558381043735 -8.081326001106953 -8.124099847943803 -8.166314381033658 -8.201549285105987 -8.246498701384851 -8.278340011973079 -8.320769685635813 -8.347072715885227 -8.367769546799781 -8.393805739150624 -8.41184200656766 -8.431559224527755 -8.455758859267561 -8.477801412212314 -8.498348190789573 -8.516688776351495 -8.529516486648953 -8.548194703609967 -8.56265849396625 -8.576869465174457 -8.58832989544605 -8.6004332639898 -8.611091868330833 -8.624856891662073 -8.634918595756202 -8.645868653093286 -8.657546245839963 -8.669960706287615 -8.678685235375147 -8.689002754890383 -8.69924124276852 -8.709616207418275 -8.719746689670835 -8.73143130794668 -8.743023130284133 -8.75135018174772 -8.76205526426839 -8.770217202154367 -8.778706841140142 -8.787443542482125 -8.794257455145429 -8.80116954414963 -8.806407068502697
51
 -1.5537748285457103 -7.285493605293274 -7.634191465913183 -7.832015904476368 -7.959136291401621 -8.060856624110876 -8.142256321622304 -8.211678090449286 -8.271277929195064 -8.329571187180226 -8.378678838109332 -8.420735163475637 -8.460258878175805 -8.495061746625996 -8.527211144869932 -8.556116120593488 -8.583210037208538 -8.60645987324751 -8.62888168490048 -8.650869540756409 -8.674373626959333 -8.693511613894389 -8.714931673916292 -8.731124268085798 -8.749883770512392 -8.76525042911585 -8.779802268167572 -8.79412910770785 -8.808606052228212 -8.820994696251978 -8.832360756511882 -8.846749323047845 -8.855736794019114 -8.868800965314385 -8.882511662547104 -8.894842288798785 -8.906873825388027 -8.919287605875143 -8.931911678593282 -8.943482163847971 -8.955370563172757 -8.965826984518374 -8.974848734610466 -8.985829128112213 -8.996490044764139 -9.00613116735649 -9.014614132778858 -9.023796423800475 -9.03151155882259 -9.038916686169783 -9.047602720035512
51
 -1.5537748285457103 -6.791943688452053 -7.107651722940749 -7.277970822011878 -7.404590984244927 -7.504334799860628 -7.565968267524307 -7.63165930115098 -7.677836680397724 -7.729516912259551 -7.775450153814213 -7.813275124019581 -7.853573011445545 -7.880228775838181 -7.911972446810184 -7.940330176695547 -7.971063732884784 -7.9979673179915505 -8.02379786838712 -8.042957928372827 -8.059585785082884 -8.077900124220776 -8.097034997239433 -8.114372384425133 -8.130254282273963 -8.14575206382966 -8.164316975474007 -8.178588686953056 -8.19350590057219 -8.206470646388478 -8.219310101259234 -8.231627797833204 -8.243821450125706 -8.256608316711093 -8.269330751286178 -8.280934305923697 -8.291816071725176 -8.302614322125713 -8.312847032957253 -8.32196123834535 -8.332450022147183 -8.341436621710345 -8.35015476319853 -8.361644669598578 -8.371302155702265 -8.378787553199553 -8.38786291210287 -8.395775887085396 -8.403364977578786 -8.409447912594135 -8.418073963437452
51
 -1.5537748285457103 -6.48428950846102 -6.7970855315210175 -6.955443453690654 -7.068789314991423 -7.169576938455455 -7.26397806957396 -7.329805882231706 -7.390508412471968 -7.440986776678088 -7.485404498487917 -7.522183370272408 -7.563764391543471 -7.598630827958592 -7.626554959060664 -7.659844304879481 -7.688044992904009 -7.7145405294196605 -7.73750265319936 -7.762782598840987 -7.780388375975524 -7.796465406561511 -7.817054206132042 -7.835199534278698 -7.854224831803643 -7.870709461028119 -7.889251538052167 -7.901483234024162 -7.917124248135623 -7.934799388018257 -7.948323118432229 -7.96148975787234 -7.975717407043109 -7.9902423241327165 -8.003791384510064 -8.016499555679951 -8.026376153319601 -8.035924752967375 -8.046673307789469 -8.055714511766384 -8.065703332701377 -8.075269459980865 -8.085996767059232 -8.093932673340705 -8.101622109594711 -8.111130946520682 -8.120160795606068 -8.130245184577856 -8.139149947703654 -8.148174712102138 -8.157187829331638
SAGA
10
51
 -1.5537748285457103 -2.4346139451947244 -3.167406803187774 -3.8074579441648817 -4.357550557967402 -4.815079930127949 -5.225849757715397 -5.557607968875696 -5.846059426801232 -6.097822793289127 -6.333301415425221 -6.540148988694389 -6.721975773424435 -6.880301935226357 -7.035961351524097 -7.187886790524454 -7.332214693517524 -7.4708537242299125 -7.606809254862878 -7.745708062447369 -7.882255669249128 -8.010848365677294 -8.13344783478159 -8.26345514241944 -8.381130098330123 -8.50680606595689 -8.63508838796448 -8.771612435287302 -8.89959643396274 -9.025002050053436 -9.151698400313064 -9.27439935050165 -9.402950518776025 -9.534174305984257 -9.65879177661925 -9.79523476922113 -9.914002102446238 -10.03765852556048 -10.16837071925596 -10.299004327932836 -10.435029947182022 -10.561543909296539 -10.702891320991172 -10.8316627964301 -10.95838947772099 -11.086108085932267 -11.216156221578819 -11.346457343325 -11.47352197495186 -11.597375894244266 -11.722579098298805
51
 -1.5537748285457103 -2.419375445658259 -3.147745549438553 -3.792090193344232 -4.325834231834157 -4.793600423722767 -5.18051461549843 -5.546582201685472 -5.84997819880607 -6.11473428035449 -6.344137038286777 -6.5454449783894635 -6.71612765325398 -6.893919376927262 -7.049590537773802 -7.197176191686288 -7.329368430667606 -7.466805062787982 -7.598325947941892 -7.7238802246647325 -7.848991275354658 -7.980121115037142 -8.10506538351128 -8.229589832641429 -8.361602241402391 -8.484584163469679 -8.61258752281095 -8.739565948858539 -8.864256519429803 -8.989909514136114 -9.119370775886795 -9.245688771737774 -9.36949367897352 -9.492398419010248 -9.619266549601845 -9.749471945229534 -9.870709720886643 -10.001478073300174 -10.126091086395906 -10.2496875637671 -10.381281062781401 -10.514579776481515 -10.636541814672581 -10.766687911257545 -10.892930501322677 -11.020606040320798 -11.151090379992022 -11.278074954989092 -11.408116108078602 -11.530979522787167 -11.655143375349967
51
 -1.5537748285457103 -2.4224440288478792 -3.176496546299337 -3.8163936233137745 -4.353105195768351 -4.825635785334695 -5.219267631670288 -5.560988141136146 -5.846540229964367 -6.095807926721464 -6.316338823235637 -6.51573667705002 -6.692002512553491 -6.860559093754348 -7.020770261471638 -7.168497223224635 -7.314915421802723 -7.450780049301639 -7.584521048517769 -7.718193140873501 -7.849689458273698 -7.975654934024537 -8.112845592889512 -8.243331579522042 -8.377502541874085 -8.502971160508471 -8.627327147013276 -8.75789603273097 -8.887948078077292 -9.014422056565945 -9.138643845888224 -9.266570901586206 -9.402231330185069 -9.52751015414557 -9.660909290090327 -9.783462741619417 -9.910024928345814 -10.036907658132522 -10.160231031740295 -10.28489199701006 -10.411074574929023 -10.5398560032515 -10.65977596410986 -10.788465362539077 -10.914321615524948 -11.040385475362427 -11.167495559563356 -11.293436685784398 -11.420616298500251 -11.542764518172195 -11.666931817378654
51
 -1.5537748285457103 -2.42510422187515 -3.165814794130008 -3.803981169929176 -4.36624877525735 -4.84108394130396 -5.24478556575401 -5.581824629802775 -5.87694352620397 -6.129943732900352 -6.352458111617852 -6.5516401929879216 -6.727879581052686 -6.884521581824193 -7.040335289918539 -7.183082328151242 -7.325701380075 -7.468552342427236 -7.604002246436546 -7.732250554980167 -7.871046267057605 -7.992937349380842 -8.116215034041529 -8.239465529534176 -8.364574811830199 -8.498489406062498 -8.617966496336406 -8.744945147228737 -8.866595023618716 -8.989020689131282 -9.116822858159582 -9.237595892812605 -9.36027043455601 -9.4899347337825 -9.619128786849913 -9.74786566270629 -9.871811394817637 -9.997304113088964 -10.122733830045197 -10.25526482175111 -10.386255735835023 -10.513865772638342 -10.64262504800085 -10.76265808296422 -10.887497242015659 -11.019157816904436 -11.143561420192052 -11.27128144489235 -11.401794590128674 -11.526660057814366 -11.655473926451807
51
 -1.5537748285457103 -2.40064614100528 -3.140670797424529 -3.7896771540145973 -4.349075078214263 -4.790356666371015 -5.1988522951386775 -5.5450811375556315 -5.846059696318464 -6.099932493959491 -6.311023852233116 -6.507703435261819 -6.699583194171281 -6.878532576142912 -7.0347091584671455 -7.18821407516953 -7.3445944996222705 -7.489200323513445 -7.623004318129853 -7.765387537519096 -7.896722500376819 -8.035665357510773 -8.169259247680058 -8.297350327608234 -8.42288220033568 -8.561268408986686 -8.685473561151941 -8.81577564561596 -8.948982033363501 -9.07895071073639 -9.20344164982115 -9.338487508671632 -9.471819341114298 -9.60004554617086 -9.726837305912598 -9.853452775390975 -9.987601920756429 -10.112322358048136 -10.2376645068274 -10.361503696143597 -10.492531237516591 -10.620228492708945 -10.748016191308555 -10.883791171178478 -11.013640316820897 -11.143161490046637 -11.270550969325157 -11.396331736697821 -11.525170157153106 -11.649012507628486 -11.776345799184735
51
 -1.5537748285457103 -2.433744473717388 -3.1874693881980707 -3.8373893578243194 -4.358572068418854 -4.831931223004025 -5.2379237979002 -5.55996061564314 -5.85897219674281 -6.118225542974156 -6.333406162442585 -6.545331336507045 -6.736579703340106 -6.908285853498128 -7.070287183766736 -7.209310309316816 -7.351441025638343 -7.491328284535506 -7.622997625318206 -7.7577709950640985 -7.888160064658538 -8.010685227184947 -8.145907786721812 -8.275705227379639 -8.409034203999086 -8.535903685737985 -8.668034521004461 -8.798683857926045 -8.92771775454661 -9.051276562713916 -9.168330274469529 -9.295016495348868 -9.411425460496568 -9.535639796002572 -9.669484855545212 -9.80531505167191 -9.934425707390528 -10.065655727061282 -10.187524631325186 -10.311444353748218 -10.440876568429033 -10.574437897110936 -10.70243227688776 -10.829885464139796 -10.960076622919575 -11.080784129825604 -11.206884093335834 -11.338386674619096 -11.460705235024445 -11.594285549477632 -11.728148776193535
51
 -1.5537748285457103 -2.4173012839956542 -3.1702759985667113 -3.804717438986886 -4.336122844767371 -4.813485084338116 -5.212423641658989 -5.559423538484323 -5.829105954036961 -6.0792202776373045 -6.3094289401897345 -6.523573166901364 -6.696948058236573 -6.865705982117226 -7.032660743119702 -7.178721649350396 -7.31480852719349 -7.450502606564425 -7.58736811119075 -7.718433403171842 -7.848025370940644 -7.973949537120557 -8.103556722877514 -8.243204687359253 -8.381946476323975 -8.51822071165669 -8.643702604714827 -8.77143291339755 -8.900005512081597 -9.029047199178141 -9.15819601752258 -9.285453128408907 -9.406473100657072 -9.538104987404223 -9.665600461704216 -9.799297619361118 -9.928102363204138 -10.05350707973104 -10.18744028910841 -10.314457280353658 -10.442220940181883 -10.567314103503577 -10.699964585649765 -10.831779426128202 -10.95451052904173 -11.084490584394874 -11.211891225699102 -11.33967221163048 -11.468469662589252 -11.594082936816795 -11.722466228602505
51
 -1.5537748285457103 -2.431736719639221 -3.1948087525964874 -3.8292607262138594 -4.375403914607719 -4.846918447916897 -5.221466944711011 -5.558131126228853 -5.847672879495642 -6.090631993019233 -6.313045232471731 -6.516113325271192 -6.7022059024371154 -6.877958463663859 -7.03892067471853 -7.18855871907765 -7.335929234904885 -7.473621007269239 -7.6130394000535935 -7.74291419712075 -7.873152515445919 -7.99911048806754 -8.128295019329931 -8.258471323698515 -8.388420076265554 -8.515340727039293 -8.646644080761659 -8.781477595951973 -8.918594460115704 -9.045845978985259 -9.176341502091955 -9.309269048135903 -9.435303006347178 -9.565189848431176 -9.69369262902784 -9.82042155519931 -9.947322749439937 -10.072248829761508 -10.202796710847911 -10.328040951681794 -10.453200737514134 -10.581914511748874 -10.712449402273128 -10.838850724220867 -10.965150840551427 -11.093697655374418 -11.223623348362233 -11.35003687477761 -11.477863012003546 -11.601070500283162 -11.736287964183642
51
 -1.5537748285457103 -2.414608947444476 -3.1470615260123025 -3.794978315790068 -4.342461697901101 -4.814894533822387 -5.225928148829106 -5.556711108441357 -5.864697868302401 -6.103509651031458 -6.332572085180936 -6.5269547930354905 -6.712482700481754 -6.890911886806961 -7.050003180994496 -7.202701863723614 -7.341976898213308 -7.476995553481083 -7.607230867715627 -7.737689527289923 -7.875471337540833 -8.009565650200887 -8.139724402341615 -8.27677918189646 -8.411864583564082 -8.543535951445127 -8.672309288173121 -8.805487174181811 -8.934577589685915 -9.060891159117274 -9.189380048096249 -9.320510880435133 -9.44345725896823 -9.573155566903145 -9.697964793428286 -9.826985178027577 -9.958636982313406 -10.089264950892419 -10.226368907620516 -10.350963354013535 -10.476659755547285 -10.605522432274427 -10.735292169195153 -10.865288694325326 -10.998803250809923 -11.127473771326716 -11.25478029919668 -11.385732533678256 -11.510256224148671 -11.636960688379855 -11.76317397275217
51
 -1.5537748285457103 -2.4094895111770174 -3.1527669753756284 -3.7954572468006633 -4.347175684455017 -4.8119836698429355 -5.198642823875925 -5.551472736601507 -5.846433459299916 -6.10967814647367 -6.347505449443762 -6.541440444572548 -6.715120078625105 -6.8991105530593195 -7.053623666257249 -7.208888313473862 -7.355188970148767 -7.499559298888548 -7.641380517901225 -7.780995982080128 -7.910648704492357 -8.05140823438245 -8.18747664950047 -8.32130690444706 -8.447921126340034 -8.573216453723871 -8.703042925351648 -8.831863297180389 -8.963575355088702 -9.090241959897455 -9.217673826759547 -9.341484484154 -9.46674563647971 -9.595320483983357 -9.718962365147819 -9.849319985000854 -9.97458209038466 -10.101498264395955 -10.228207654646534 -10.35384660470645 -10.474281217830201 -10.601115911146422 -10.725222389642255 -10.850281028084762 -10.986398005857204 -11.116927297086555 -11.244703548647053 -11.373115734288728 -11.502034078561532 -11.621781495547735 -11.747386902416006
ADAPTSAGA
10
51
 -1.5537748285457103 -9.054710030548925 -10.270878583330303 -11.003301643757766 -10.841565433426148 -11.040147031334715 -11.438425535352822 -11.980413730295737 -12.709257931471374 -13.143152867673217 -13.665099714724565 -13.931160635803877 -13.722290749304017 -14.252400689720846 -14.806699831187542 -15.354342913199156 -15.439571743148697 -15.989504771596811 -16.375234786513982 -16.52963963554341 -16.661751060937092 -16.792800435245375 -16.93645914617774 -17.068530780378392 -17.19993861777277 -17.327545642952845 -17.45407822006284 -17.58059345242467 -17.709272405995126 -17.835153732490976 -17.959365630408715 -18.083365634048082 -18.212736385125506 -18.33252523192405 -18.456471381593065 -18.578836641473224 -18.703041102921347 -18.824405837173984 -18.949936471907375 -19.071323861302485 -19.194899041584613 -19.318940841205638 -19.44669414524194 -19.574226762442343 -19.698586949236912 -19.82463024935686 -19.949421135550132 -20.07536814610715 -20.197776530552186 -20.31933335864382 -20.44210204103853
51
 -1.5537748285457103 -8.93272198711648 -10.193699328340195 -10.95893185221474 -10.839318314446803 -11.040990618354616 -11.442886823106123 -11.963468780590187 -12.693677418627283 -13.128905478841002 -13.64053655876813 -13.915743105886445 -13.727871580997299 -14.256464396777778 -14.802400221363486 -15.326088994942081 -15.427810813325332 -15.987279652576524 -16.356705562655687 -16.510046029239962 -16.653926961481073 -16.798821468867203 -16.933000752166947 -17.06555324383633 -17.1990775050598 -17.329301520421154 -17.4492030154025 -17.584728760568215 -17.712431527265764 -17.83645130652446 -17.957894615426397 -18.08311690688509 -18.210842718238215 -18.334798317812027 -18.46130368743828 -18.584493258818622 -18.706840886670353 -18.831744144673618 -18.96087501517104 -19.084314514009563 -19.208109376218665 -19.332568311201037 -19.454636224608343 -19.5825984438105 -19.704961104128476 -19.831873112508838 -19.953873739014135 -20.077182438842538 -20.200951063806567 -20.322883430889004 -20.44960366357353
51
 -1.5537748285457103 -9.110395263635986 -10.302854908373433 -11.080966808138612 -10.910292901132257 -11.072709370934511 -11.473946434342572 -11.989778363183525 -12.746850012703547 -13.191769207442642 -13.70558006882477 -13.991441464377107 -13.765204560333812 -14.319079912051137 -14.897530724247565 -15.483035678197732 -15.593676528096704 -16.182998795379476 -16.591545504153405 -16.73655725298325 -16.876323123969843 -17.013794832075288 -17.14806801423944 -17.27827228062381 -17.425066563539524 -17.55447223254814 -17.686311107091868 -17.81886580192575 -17.948178319970783 -18.07531596970431 -18.202902376704092 -18.325321894212646 -18.45371958410957 -18.583113770445138 -18.71087356759517 -18.836097085976345 -18.960999580119815 -19.08473025348326 -19.210111843529447 -19.337937026815737 -19.464734824918512 -19.58967161071666 -19.714667961412708 -19.842179918790873 -19.96583471072943 -20.086966754919942 -20.21343369646035 -20.340746093209038 -20.462214437411763 -20.586672388478878 -20.71347811945889
51
 -1.5537748285457103 -9.002756865363219 -10.264587748724448 -11.024420182686738 -10.866751785049948 -11.051249257648237 -11.464210636024935 -12.002759161907852 -12.753815457290814 -13.21327406944637 -13.738581378538514 -14.039868052487753 -13.801783061749001 -14.356389410754279 -14.937550259774836 -15.518296244271465 -15.60056943641171 -16.18161054984399 -16.579589829166153 -16.7366014562191 -16.890531402702212 -17.033178840091242 -17.172919835539894 -17.308850731706485 -17.43959499888864 -17.56699613117868 -17.695636283483392 -17.813243154715593 -17.941134505432935 -18.064721686897347 -18.188625974944763 -18.311044943716773 -18.44212918609553 -18.57090153830177 -18.698199757899648 -18.826855622177728 -18.95608763239687 -19.081727391858966 -19.210695880150585 -19.335276126841023 -19.453540913374074 -19.57806093618308 -19.70224207700033 -19.826623893328826 -19.953734515764417 -20.072143984890786 -20.19885101300474 -20.31699744456787 -20.44085369628134 -20.56304770137278 -20.69063342581804
51
 -1.5537748285457103 -8.973873585822128 -10.277425743853053 -11.05715483791776 -10.894280251001996 -11.072272409390504 -11.474205394176336 -12.004259782796279 -12.744088126193178 -13.199139822140307 -13.71712925540343 -13.981992431001467 -13.751104587073606 -14.29936636152331 -14.859241477565188 -15.420979088720246 -15.525985873048471 -16.07591303037089 -16.511804417163702 -16.658489782797247 -16.794541303710258 -16.93141909858825 -17.067049213758576 -17.201589129650095 -17.334769782919185 -17.4727804565881 -17.6004365285177 -17.727853918198278 -17.853652439561333 -17.982068608359327 -18.110033522303993 -18.234163669416468 -18.360434401772913 -18.48401687707054 -18.613613222037962 -18.737724411275828 -18.861322862077966 -18.98530254536433 -19.110443763150442 -19.234249037904377 -19.357632125734632 -19.476754145178006 -19.59705598122539 -19.715684971443256 -19.841246799100674 -19.96563851005634 -20.088258155877195 -20.214154429944056 -20.33932201313234 -20.46246483930183 -20.58881992308958
51
 -1.5537748285457103 -9.075086565657859 -10.32363629490105 -11.063891912285719 -10.90984285634752 -11.0870280641152 -11.473508163053747 -11.995694780343882 -12.744046571297204 -13.199928352026967 -13.721552827181899 -13.988888157277529 -13.752499585317272 -14.296022566551805 -14.875994590033425 -15.46727365519975 -15.575738016258757 -16.18261622819112 -16.623610146361422 -16.762166005006616 -16.905691504892566 -17.04637357408869 -17.18158655337754 -17.317510340096906 -17.450788984090273 -17.582737375047472 -17.705596167833086 -17.833049783741092 -17.95795605639744 -18.085015780366366 -18.215802831802236 -18.339584233411973 -18.46763389200387 -18.595796889936295 -18.719416162892752 -18.842329963039255 -18.96800494584649 -19.087361413919513 -19.207484128274434 -19.3336353372214 -19.458802744952315 -19.584051378479923 -19.70855000798693 -19.83325683457652 -19.954406126971044 -20.073553017566912 -20.204081443306592 -20.32296451182944 -20.446074630515277 -20.569586458639726 -20.688699368321743
51
 -1.5537748285457103 -8.887343446003717 -10.211045298133817 -10.973619720547708 -10.84127392644419 -11.036222276446841 -11.42544577490614 -11.946483774066957 -12.693480360408012 -13.117360229317365 -13.625229953140941 -13.884166553088562 -13.689311078768792 -14.229583604128692 -14.775787124967641 -15.306698070605384 -15.394121267893954 -15.943657643166514 -16.29102128605896 -16.423898112189026 -16.566721921367996 -16.70207756824385 -16.84395738311247 -16.97427156237957 -17.102067870801083 -17.232074491093755 -17.358681501097855 -17.49088328426384 -17.61772077536296 -17.745632110063518 -17.869846053016158 -17.996664525625008 -18.12512991732353 -18.244148145936403 -18.370152964013062 -18.495033438205393 -18.62229208923769 -18.748497207780797 -18.873593146756424 -19.001604637069104 -19.1281989264208 -19.249236738515975 -19.37531862695363 -19.499003064102272 -19.62686700581204 -19.75269682926955 -19.87964407677271 -20.000324828740833 -20.122700095086476 -20.247683090129904 -20.370350116335796
51
 -1.5537748285457103 -8.937906492403982 -10.249281966787306 -10.969639307207325 -10.848880248718855 -11.047469446585659 -11.443116222724592 -11.97862949651468 -12.720187407970212 -13.170485237383321 -13.69602627409306 -13.975573077970534 -13.74212822578681 -14.279438728526946 -14.862769684442137 -15.413055875796548 -15.497019434135828 -16.038199205090073 -16.426580675844423 -16.572218123551426 -16.71933213547543 -16.856550866830315 -16.984898819724616 -17.12213166327369 -17.257483675176072 -17.38663726751806 -17.517018147971132 -17.646798019139005 -17.77402298160487 -17.901679705574587 -18.030595063979508 -18.15648367789354 -18.287764864934804 -18.415002646452717 -18.539621268779072 -18.663850913569657 -18.787310603681576 -18.912621491279143 -19.038210869766335 -19.16240267301663 -19.288822508247318 -19.41943294411065 -19.54751512436616 -19.67544853784225 -19.794578627421178 -19.920351159695162 -20.04538485173659 -20.169563937718852 -20.299156405927054 -20.42487726408853 -20.543972385511736
51
 -1.5537748285457103 -8.997584442076768 -10.242139457196613 -11.005589184166782 -10.861962473552804 -11.064827193823005 -11.474298188254846 -11.996986344612099 -12.738886379433897 -13.184512468716829 -13.723266315411744 -13.996318342558716 -13.780030620435774 -14.316329392175048 -14.87738613762986 -15.440454928905545 -15.532272029409942 -16.123863086813323 -16.506597253899336 -16.646921464554705 -16.79957121029932 -16.932560100236685 -17.070451186269736 -17.20642118061603 -17.338940731791833 -17.470500307648564 -17.60444215950313 -17.73331701469001 -17.85988510701129 -17.98610633919754 -18.110208143873916 -18.242156467097523 -18.37066846077879 -18.494333644269233 -18.62146111207568 -18.742934176661024 -18.869377209264144 -18.99696866709596 -19.131991792003223 -19.253120233587158 -19.378722182983328 -19.501457388209385 -19.631762102298598 -19.751695297722318 -19.875240418531842 -20.000036983965906 -20.117835503952538 -20.239364929311837 -20.367460083197873 -20.49575285211792 -20.618914657374145
51
 -1.5537748285457103 -8.969858949219255 -10.239008050596496 -11.03037707479701 -10.884823517862248 -11.072168092743588 -11.473964727939144 -12.002968388196937 -12.747420265912265 -13.218384086587008 -13.747315979013454 -14.021159462887695 -13.793190572237046 -14.34342207376458 -14.918403176888841 -15.487333378490215 -15.574714113021086 -16.200529877799955 -16.654581370506367 -16.803464310404205 -16.95072209700523 -17.091261411908434 -17.222372028616405 -17.36149888968513 -17.496550606388006 -17.628139287442906 -17.758546466767367 -17.88557886667822 -18.01327835957188 -18.142991513716982 -18.265840296348184 -18.389502531416763 -18.512111834353448 -18.63713423048798 -18.761412335693326 -18.89014059136456 -19.02341748475773 -19.149074196665545 -19.278098904670852 -19.40433883753369 -19.532823811769674 -19.656561141415686 -19.78239381691773 -19.908743224695453 -20.027705402768795 -20.15103177828919 -20.275709401801592 -20.39901415104663 -20.51786757342845 -20.644318841641283 -20.772350302767656
ADAPTDoubling
10
51
 -1.5537748285457103 -8.226320827891696 -9.17498872759494 -9.757373707632798 -10.201509513742094 -10.48931714828437 -10.870308609271113 -10.953933981793686 -11.177721578335115 -11.24342543910135 -11.448853529918125 -11.699722886311394 -11.873692051551684 -12.113910221859461 -12.331932463816285 -12.462374431668623 -12.731363062101686 -12.943005586112372 -13.087834396910939 -13.266619667145717 -13.362260905094338 -13.480685387975042 -13.633163519501027 -13.766001865244798 -13.917355005075006 -14.024160024840208 -14.187531913291767 -14.331373759389688 -14.453124731085335 -14.620760460141222 -14.786584020275582 -14.877953858239014 -15.00921584528526 -15.149925113783912 -15.279785230854786 -15.413712552256525 -15.544899488548358 -15.66161240362952 -15.744683496371138 -15.874791695041267 -16.006554221645658 -16.168431726497232 -16.304969843464967 -16.39954132971969 -16.53568444012147 -16.654349664627453 -16.79973487770399 -16.958322383659095 -17.053565352665313 -17.25826959599028 -17.36734037480745
51
 -1.5537748285457103 -8.185622193444377 -9.108474088510759 -9.734697913118074 -10.456155000406488 -10.690953316189983 -10.959755327996923 -11.215298071692033 -11.330919561366759 -11.670741531018116 -11.795716157847865 -12.029747297522919 -12.259838519025822 -12.419740543932964 -12.571992047374476 -12.63869717034215 -12.795195967881957 -12.873602030756349 -13.12255382784428 -13.304383935803795 -13.305527963955953 -13.358726612151175 -13.524076732616457 -13.64170080887864 -13.894829909618283 -14.039805844362176 -14.176408699160644 -14.288657949235905 -14.42016329798213 -14.518675076606533 -14.634724637352408 -14.675494765106718 -14.710326085602098 -14.836482643782675 -14.961268917645754 -15.047226195447427 -15.298759079219698 -15.391210294628358 -15.48845647571295 -15.58727015348776 -15.750466280433756 -15.867503460567008 -15.960292634214726 -16.091691601597667 -16.16320141808217 -16.304494877092363 -16.400275076209272 -16.475678785746904 -16.661181610942037 -16.863203883926435 -16.986059392045636
51
 -1.5537748285457103 -8.079262331319079 -8.910180873960746 -9.572358045412825 -10.083856015732414 -10.49214806221176 -10.802281682710095 -11.089876892269373 -11.230227875476768 -11.415651748013424 -11.734977319819766 -11.886793187385415 -11.989878081022809 -12.134634998646586 -12.192779256480383 -12.260320978403966 -12.309523782804545 -12.426194172246687 -12.676060651189404 -12.884943802935096 -13.106774880225624 -13.284517269264944 -13.3928007273292 -13.513555210052962 -13.658591529712156 -13.806618077217951 -13.973463049273962 -14.116617812331462 -14.254017152253072 -14.389185081220802 -14.501981078293733 -14.604679018150305 -14.716296833924952 -14.872026443052288 -15.051257089942832 -15.201025891320036 -15.320275442363142 -15.493361176644894 -15.680863443702414 -15.808424117557523 -15.914811958152875 -16.099448961416872 -16.21444148419655 -16.40571309851469 -16.455056466340753 -16.56089584291361 -16.70054758658523 -16.82218432111721 -16.938688641361274 -17.094109447603454 -17.246588783572612
51
 -1.5537748285457103 -7.899620724825981 -9.000940370487 -9.43027914110616 -9.98191922049095 -10.191968895883655 -10.505027046279569 -10.59633950118651 -10.961917439423598 -11.175824690751924 -11.362816682233776 -11.45197119002369 -11.655597674966366 -11.878282656669306 -12.076062510164292 -12.210065331259324 -12.472448798737027 -12.603413641066167 -12.82733240236085 -12.985946009210602 -13.096011343321278 -13.273762288563123 -13.306406999174877 -13.489788730582644 -13.772385689118611 -13.918231343032536 -14.089960038539438 -14.180595991716404 -14.303058185090313 -14.474744046717015 -14.616768185395834 -14.715913178373071 -14.802944536834195 -14.89148570061049 -15.031034350440319 -15.18270583539682 -15.301073616228122 -15.39013559401449 -15.547251529703043 -15.682566667688876 -15.818578538948644 -15.948539747640522 -16.079561464765742 -16.229839930538937 -16.380578530158683 -16.458660791070265 -16.592473391645683 -16.699888159957855 -16.78299763621724 -16.949500836848333 -17.0559871121901
51
 -1.5537748285457103 -8.007428434126696 -9.0083498051268 -9.5397063898988 -10.244532335057553 -10.379655051342343 -10.490924157709452 -10.688653083263517 -10.877134122397466 -11.001827911134848 -11.138294075156416 -11.446142568701745 -11.650559272863335 -11.885356100927659 -12.122753587522276 -12.293905230705642 -12.40736816071902 -12.615359560136062 -12.711208921055215 -12.867492723950988 -12.96224878236773 -13.157372589379543 -13.250861904582527 -13.438262777667909 -13.589759676595765 -13.69207721998416 -13.828621528669053 -13.918438595577637 -14.009270248559254 -14.140925974245482 -14.303909505453879 -14.504491064883904 -14.604918017729085 -14.753918391900454 -14.902532118286006 -14.98659376032523 -15.117732802100635 -15.29380220028459 -15.41366241897345 -15.59594581051226 -15.705669204832951 -15.834641099913435 -15.995874975885414 -16.145885016632832 -16.255882789109506 -16.398522562854307 -16.509682388286247 -16.658150594199032 -16.791603859524738 -16.951889295570446 -17.104784002659805
51
 -1.5537748285457103 -8.17405314947766 -8.82100956581839 -9.472586080166291 -10.034818251103989 -10.37957496755035 -10.587009347248674 -10.702201737454375 -10.84955017819345 -11.030896499434945 -11.2433472376275 -11.488775763516028 -11.800589595538558 -12.02642646691725 -12.15765288786074 -12.33753614938762 -12.532884572255716 -12.739174767211562 -12.818606024452812 -12.95262558326411 -13.079165548463289 -13.229297170318441 -13.399076050430052 -13.572838489636295 -13.804685838937557 -13.921420705521749 -14.037430685343724 -14.18936203784481 -14.395625110206472 -14.516516195903048 -14.693062845097058 -14.834691614400905 -14.948099707427714 -15.084338738714473 -15.186084242934168 -15.335863124492183 -15.527686556790478 -15.722717068913656 -15.841426929042742 -16.033359283489478 -16.186563896676343 -16.34011370870708 -16.497062159947163 -16.62926910142985 -16.769059252862085 -16.89990513599978 -17.012368341226775 -17.162197240458042 -17.310249221059443 -17.459495342370907 -17.563426518391942
51
 -1.5537748285457103 -7.976970850982929 -9.129326733408469 -9.787058461830478 -10.249279861320167 -10.626428778554763 -11.146353880183296 -11.2622783058584 -11.557441433837434 -11.59461539844647 -11.86422087095946 -12.049263210765726 -12.12351761739406 -12.302413395028031 -12.432467229892444 -12.622732627849624 -12.84854011498864 -12.847721433546024 -13.079781850791841 -13.17541404987897 -13.200478627607248 -13.281807453677223 -13.49403510431522 -13.564488347571801 -13.705769290004563 -13.84745035107965 -13.978138092822466 -14.031499317889034 -14.26651357898332 -14.363559702685297 -14.50074057972925 -14.685392556971271 -14.802410526917084 -14.933360325274942 -15.086080348770414 -15.21585071272114 -15.34299175760558 -15.50186629549226 -15.632933750362515 -15.778192994207153 -15.869416458344793 -15.989522817950785 -16.117272284870218 -16.23982135881688 -16.34393924450327 -16.412600451420655 -16.593039563498724 -16.737727500898934 -16.87590005788619 -17.059598384982436 -17.208484039875884
51
 -1.5537748285457103 -7.9047174668342395 -8.918771059108476 -9.466678253775475 -10.13859762350653 -10.324646557706176 -10.654802021010266 -10.825840522666603 -11.002324596020951 -11.162181544314695 -11.281523735800917 -11.477397392586383 -11.726984559293594 -11.926393076172323 -12.056411644547 -12.219330942502161 -12.391133157820857 -12.554027769683831 -12.721755662996696 -12.865536058468232 -13.037166135935598 -13.202858668337216 -13.260939449044463 -13.400300133311765 -13.479748288906684 -13.717955916530963 -13.853613931165317 -14.092886305943333 -14.232099244200157 -14.36243595523885 -14.4339039581152 -14.57861739425164 -14.690261706116623 -14.805988630727079 -14.974197742885346 -15.156933144472058 -15.294212241576862 -15.397114543729908 -15.574301647291406 -15.683263803233565 -15.769036176349234 -15.8811969044475 -15.935767135087145 -16.101801828371748 -16.248475325494756 -16.373676504568138 -16.41330540938651 -16.58734503396219 -16.739888867118967 -16.86864725791287 -17.047268105159723
51
 -1.5537748285457103 -7.82847781270131 -8.951019439595731 -9.818560150052473 -10.037776239442893 -10.438726668386172 -10.74680069290067 -11.019869381751725 -11.25997679658963 -11.426748932623768 -11.502744851652627 -11.630021231426245 -11.708852152207255 -11.761585569920989 -12.031761127277013 -12.191697679658322 -12.338841113765737 -12.602412473252079 -12.719497066784633 -12.810848813571816 -12.971113573912552 -13.110720073562605 -13.204203181895725 -13.302887109871351 -13.447952225535875 -13.628756434075713 -13.713551476343538 -13.858625970985575 -14.006675354979802 -14.084456375455963 -14.219652694891018 -14.40860753008811 -14.561240657130375 -14.718146744671795 -14.861241656303632 -15.01576679930094 -15.13722123613164 -15.229727002711307 -15.426557866915699 -15.5208868084322 -15.631951440400648 -15.841149373331271 -15.974523877601564 -16.0915301188721 -16.21485538409331 -16.336425627211646 -16.488490305980758 -16.613517076728687 -16.712109023945406 -16.850441611694052 -16.960754494620435
51
 -1.5537748285457103 -7.819062985033527 -8.713229850150018 -9.31999394420508 -9.981842599436021 -10.23948651664167 -10.499658530226041 -10.684656298331747 -11.004461241660422 -11.09253033120926 -11.262983327385413 -11.406739977743511 -11.628069111164438 -11.77171505056986 -11.959517755661457 -12.053541683963319 -12.163243027875435 -12.243276563142679 -12.42692479028592 -12.543972735093288 -12.696047511481085 -12.856808331352028 -12.96166812858625 -13.139465658780395 -13.277410656820654 -13.360369259947651 -13.389107492850345 -13.552196539395169 -13.638692865851835 -13.754481748501183 -13.848090638458144 -14.035176348508532 -14.215069793265654 -14.352546249828553 -14.513495844699616 -14.661255518551718 -14.808474358801044 -14.926313190604994 -15.033025101255932 -15.138383629036344 -15.298328260274138 -15.432369536447956 -15.562839658371702 -15.673754957639302 -15.813539491642835 -15.948446515462859 -16.054422542479195 -16.19644642434216 -16.322002048412042 -16.419657309712186 -16.508241380685554
MainSSVRG
10
51
 -1.5537748285457103 -4.170362588205329 -5.776271483520193 -6.14065477703039 -7.257499417240733 -7.257499417240733 -7.8716072046011565 -8.689614931031503 -8.81418661743715 -8.81418661743715 -8.81418661743715 -8.81418661743715 -8.81418661743715 -8.893107966724783 -8.893107966724783 -8.893107966724783 -8.893107966724783 -8.893107966724783 -8.893107966724783 -8.893107966724783 -8.893107966724783 -8.893107966724783 -8.896900318982475 -8.896900318982475 -8.896900318982475 -8.896900318982475 -8.896900318982475 -8.896900318982475 -8.896900318982475 -8.896900318982475 -8.896900318982475 -9.280679450134075 -9.904742391758258 -9.932602552525221 -9.932602552525221 -9.932602552525221 -9.932602552525221 -9.932602552525221 -9.932602552525221 -9.932602552525221 -9.932602552525221 -9.932602552525221 -9.93413720874698 -9.93413720874698 -9.93413720874698 -9.93413720874698 -9.93413720874698 -9.93413720874698 -9.93413720874698 -9.93413720874698 -9.93413720874698
51
 -1.5537748285457103 -4.539853847449786 -5.370174111273737 -6.453375943778959 -6.4860222455240475 -6.628353824813746 -6.628353824813746 -6.628353824813746 -6.628353824813746 -6.628353824813746 -6.628353824813746 -6.771889247865557 -6.771889247865557 -6.771889247865557 -6.771889247865557 -6.771889247865557 -6.771889247865557 -6.771889247865557 -6.771889247865557 -6.771889247865557 -7.554533441687322 -7.554533441687322 -7.554533441687322 -7.554533441687322 -7.554533441687322 -7.554533441687322 -7.554533441687322 -7.554533441687322 -7.554533441687322 -7.575858352061244 -7.786225686153606 -7.786225686153606 -7.786225686153606 -7.786225686153606 -7.786225686153606 -7.786225686153606 -7.786225686153606 -7.786225686153606 -7.786225686153606 -8.158084072455047 -8.158084072455047 -8.158084072455047 -8.158084072455047 -8.158084072455047 -8.158084072455047 -8.158084072455047 -8.158084072455047 -8.158084072455047 -8.35821059680409 -8.489196315045378 -8.489196315045378
51
 -1.5537748285457103 -4.40461796422059 -5.115553655398521 -6.422608618929611 -6.633314401163472 -7.488446749190897 -7.574674568265879 -7.6955415799043285 -8.358702575103594 -8.483038890753454 -8.483038890753454 -8.483038890753454 -8.483038890753454 -8.483038890753454 -8.50446792244796 -8.50446792244796 -8.50446792244796 -8.50446792244796 -8.50446792244796 -8.50446792244796 -8.50446792244796 -8.50446792244796 -8.50446792244796 -8.560332785638513 -8.560332785638513 -8.560332785638513 -8.560332785638513 -8.560332785638513 -8.560332785638513 -8.560332785638513 -8.560332785638513 -8.560332785638513 -8.965010459494804 -9.229991844003703 -9.229991844003703 -9.229991844003703 -9.229991844003703 -9.229991844003703 -9.229991844003703 -9.229991844003703 -9.229991844003703 -9.229991844003703 -9.300352931042875 -9.300352931042875 -9.300352931042875 -9.300352931042875 -9.300352931042875 -9.300352931042875 -9.300352931042875 -9.300352931042875 -9.300352931042875
51
 -1.5537748285457103 -4.544244006370347 -5.490659814527337 -6.020581170801357 -6.020581170801357 -6.0618079768980015 -6.0618079768980015 -6.0618079768980015 -6.0618079768980015 -6.0618079768980015 -6.371423948970458 -7.164548674244049 -7.164548674244049 -7.164548674244049 -7.164548674244049 -7.164548674244049 -7.164548674244049 -7.164548674244049 -7.164548674244049 -7.164548674244049 -7.23007265506436 -7.708583686621651 -7.708583686621651 -7.708583686621651 -7.708583686621651 -7.708583686621651 -7.708583686621651 -7.708583686621651 -7.708583686621651 -7.708583686621651 -7.952891838299661 -8.433341990186442 -8.433341990186442 -8.433341990186442 -8.433341990186442 -8.433341990186442 -8.433341990186442 -8.433341990186442 -8.433341990186442 -8.433341990186442 -8.647747279408575 -8.808086060778242 -8.808086060778242 -8.808086060778242 -8.808086060778242 -8.808086060778242 -8.808086060778242 -8.808086060778242 -8.808086060778242 -8.808086060778242 -9.359585561980113
51
 -1.5537748285457103 -4.759873815727797 -4.918782553697171 -4.918782553697171 -5.674016742927109 -6.096034275795441 -6.096034275795441 -6.096034275795441 -6.096034275795441 -6.096034275795441 -6.595956643346712 -7.35851455936363 -7.433604648953519 -7.433604648953519 -7.433604648953519 -7.433604648953519 -7.433604648953519 -7.433604648953519 -7.433604648953519 -7.433604648953519 -7.433604648953519 -7.507906712375193 -7.507906712375193 -7.507906712375193 -7.507906712375193 -7.507906712375193 -7.507906712375193 -7.507906712375193 -7.507906712375193 -7.507906712375193 -7.7337929991849865 -7.7337929991849865 -7.7337929991849865 -7.7337929991849865 -7.7337929991849865 -7.7337929991849865 -7.7337929991849865 -7.7337929991849865 -7.7337929991849865 -8.078423492360024 -8.396142140064505 -8.396142140064505 -8.396142140064505 -8.396142140064505 -8.396142140064505 -8.396142140064505 -8.396142140064505 -8.396142140064505 -8.396142140064505 -8.764455923318486 -9.105245015423312
51
 -1.5537748285457103 -4.463656806300008 -5.391799798581633 -6.29068982830534 -6.29068982830534 -6.355060258152948 -6.355060258152948 -6.355060258152948 -6.355060258152948 -6.355060258152948 -6.79275411953563 -7.566422058418766 -7.597690057073474 -7.597690057073474 -7.597690057073474 -7.597690057073474 -7.597690057073474 -7.597690057073474 -7.597690057073474 -7.597690057073474 -7.597690057073474 -7.616705933357178 -7.616705933357178 -7.616705933357178 -7.616705933357178 -7.616705933357178 -7.616705933357178 -7.616705933357178 -7.616705933357178 -7.616705933357178 -8.230228791808528 -8.515023203177874 -8.515023203177874 -8.515023203177874 -8.515023203177874 -8.515023203177874 -8.515023203177874 -8.515023203177874 -8.515023203177874 -8.515023203177874 -8.898042292422076 -9.328678757039683 -9.328678757039683 -9.328678757039683 -9.328678757039683 -9.328678757039683 -9.328678757039683 -9.328678757039683 -9.328678757039683 -9.328678757039683 -9.571818060890019
51
 -1.5537748285457103 -4.2350733211493825 -5.165336662067579 -5.414509231772648 -5.647157196315195 -5.885430741924044 -5.885430741924044 -5.885430741924044 -5.885430741924044 -5.885430741924044 -6.665549891709092 -7.364468775385784 -7.364468775385784 -7.364468775385784 -7.364468775385784 -7.364468775385784 -7.364468775385784 -7.364468775385784 -7.364468775385784 -7.364468775385784 -7.4804231785153075 -7.8973004245201075 -7.8973004245201075 -7.8973004245201075 -7.8973004245201075 -7.8973004245201075 -7.8973004245201075 -7.8973004245201075 -7.8973004245201075 -7.8973004245201075 -8.18197599578567 -8.18197599578567 -8.18197599578567 -8.18197599578567 -8.18197599578567 -8.18197599578567 -8.18197599578567 -8.18197599578567 -8.18197599578567 -8.215052658994937 -8.881956159278431 -9.179733074721929 -9.179733074721929 -9.179733074721929 -9.179733074721929 -9.179733074721929 -9.179733074721929 -9.179733074721929 -9.179733074721929 -9.179733074721929 -9.541034855408077
51
 -1.5537748285457103 -4.275214962460004 -5.584345974054738 -5.652877527559064 -5.676989625586424 -6.685561228571563 -6.691728760548352 -6.691728760548352 -6.691728760548352 -6.691728760548352 -6.691728760548352 -7.39786799584421 -7.76036279474688 -7.76036279474688 -7.76036279474688 -7.76036279474688 -7.76036279474688 -7.76036279474688 -7.76036279474688 -7.76036279474688 -7.76036279474688 -8.109802412660752 -8.109802412660752 -8.109802412660752 -8.109802412660752 -8.109802412660752 -8.109802412660752 -8.109802412660752 -8.109802412660752 -8.109802412660752 -8.133388135664552 -8.815462099520943 -9.091570876769868 -9.091570876769868 -9.091570876769868 -9.091570876769868 -9.091570876769868 -9.091570876769868 -9.091570876769868 -9.091570876769868 -9.091570876769868 -9.478051029691922 -9.835618316701385 -9.835618316701385 -9.835618316701385 -9.835618316701385 -9.835618316701385 -9.835618316701385 -9.835618316701385 -9.835618316701385 -9.835618316701385
51
 -1.5537748285457103 -4.260262363330936 -5.310361617033791 -5.966090646357938 -5.966090646357938 -6.847979079009666 -7.301842011955781 -7.301842011955781 -7.301842011955781 -7.301842011955781 -7.301842011955781 -7.356310896863351 -7.356310896863351 -7.356310896863351 -7.356310896863351 -7.356310896863351 -7.356310896863351 -7.356310896863351 -7.356310896863351 -7.356310896863351 -7.474056482451048 -8.167359131976095 -8.419728111160728 -8.419728111160728 -8.419728111160728 -8.419728111160728 -8.419728111160728 -8.419728111160728 -8.419728111160728 -8.419728111160728 -8.419728111160728 -8.839526806043624 -9.339493376564112 -9.339493376564112 -9.339493376564112 -9.339493376564112 -9.339493376564112 -9.339493376564112 -9.339493376564112 -9.339493376564112 -9.339493376564112 -9.494762547017976 -10.063496846217678 -10.10407702594763 -10.10407702594763 -10.10407702594763 -10.10407702594763 -10.10407702594763 -10.10407702594763 -10.10407702594763 -10.10407702594763
51
 -1.5537748285457103 -3.6159198373092445 -5.263455497181841 -5.74507200852628 -5.7513550622144 -6.3003941173646005 -6.3003941173646005 -6.3003941173646005 -6.3003941173646005 -6.3003941173646005 -6.726922284125454 -7.301750628653061 -7.301750628653061 -7.301750628653061 -7.301750628653061 -7.301750628653061 -7.301750628653061 -7.301750628653061 -7.301750628653061 -7.301750628653061 -7.502027520752568 -7.6183412571871765 -7.6183412571871765 -7.6183412571871765 -7.6183412571871765 -7.6183412571871765 -7.6183412571871765 -7.6183412571871765 -7.6183412571871765 -7.6183412571871765 -8.176647404287138 -8.671696512021118 -8.671696512021118 -8.671696512021118 -8.671696512021118 -8.671696512021118 -8.671696512021118 -8.671696512021118 -8.671696512021118 -8.671696512021118 -8.832754912534627 -9.514867123227829 -9.524036833531648 -9.524036833531648 -9.524036833531648 -9.524036833531648 -9.524036833531648 -9.524036833531648 -9.524036833531648 -9.524036833531648 -9.524036833531648
SGD:0.05
10
51
 -1.5537748285457103 -9.374935204211551 -9.417751886643044 -10.364870948021688 -9.513184565280401 -10.064264437051488 -9.26145384716342 -9.235364630411466 -8.744965727472895 -9.71942190194988 -10.063136668632731 -8.904841569398771 -9.436984210720981 -9.15260569126247 -9.517932115551256 -9.191040408883893 -9.18298677205139 -9.017869714651953 -8.609420345238023 -9.541458815220574 -8.99994493029198 -8.587814393429927 -9.852209139793246 -8.842546924747912 -9.269951700405636 -9.070586429624218 -9.405742386446777 -9.1970350733542 -8.992277622323732 -9.854742147421437 -9.653669798385105 -9.2865367534848 -9.00329639949265 -9.047076832139016 -9.970842195901136 -9.460313730206964 -10.219502796609126 -9.810731453020978 -8.783598205328827 -10.13758816878035 -9.819253697429737 -9.350351679858443 -8.918393124316005 -8.910376630115122 -9.59541212965802 -9.265946297045325 -9.057061995071473 -9.982542618562123 -9.12996121564006 -10.039272166840002 -9.392097067322798
51
 -1.5537748285457103 -8.79077878102966 -9.303006293362321 -9.205586426744745 -9.360966434762487 -9.744785404252259 -9.109040522019132 -9.273183903608649 -9.990046522024016 -9.410568515854525 -8.921412716925861 -8.978632416752843 -9.469642358564718 -10.295840208865995 -8.857599634392136 -10.177705370537202 -8.826147003325584 -9.12806697617969 -8.68447693004465 -10.587230343527791 -8.296524737341349 -10.184614334369485 -10.750644670579907 -9.7597346391307 -8.975062257977287 -11.868837964297876 -9.214432908883698 -9.961319020208773 -10.93735860554454 -9.654639611138352 -9.790609985744103 -8.712165242967968 -10.947399474785882 -9.357306193544648 -9.976866819555344 -10.363634894126724 -10.15528920847921 -10.433407342268511 -9.375135442024854 -9.146005278886454 -9.446833944138627 -8.647094267246136 -9.282088423755848 -9.836534763746494 -8.446004772965287 -9.644925832638078 -9.587471323582683 -9.513385959459967 -9.5639204526229 -9.744184520797777 -9.043975193955704
51
 -1.5537748285457103 -9.099828794924608 -9.983821756817306 -9.615980503748494 -9.68617272173298 -9.800092766278631 -8.418603075091092 -9.210364818202535 -10.517107185709776 -9.350302214969844 -8.804030932002428 -9.549885086482476 -9.197620304777724 -9.797862063942798 -10.261832498571234 -9.123629901430007 -9.772394234536161 -11.03656967968723 -10.340032714771636 -10.27820099304805 -9.766565289698189 -10.328358130074868 -8.993538037806147 -9.870101946250617 -9.106342210282628 -9.555288336391188 -8.71111914673872 -9.618904394423602 -10.969893283848734 -9.999694502936364 -9.957341738838917 -8.867524009648262 -9.424711576129058 -8.804685193380326 -8.459390912381346 -9.69954353663872 -8.63642968108232 -9.172888728714765 -8.942650160851557 -10.0217470386532 -9.962394748520097 -9.27093004045085 -8.130897053707216 -10.446048419398837 -10.071906235872932 -9.54730842085112 -9.985216444836823 -10.161279803035448 -8.750775706147545 -8.872721265356835 -10.44172540475732
51
 -1.5537748285457103 -8.22909711023991 -9.151812454477414 -9.439759789888983 -9.821389098306527 -10.352378773191749 -9.008056252086545 -10.072305390446651 -9.581018634504263 -10.718838343318492 -8.94289317378232 -9.29732807268101 -8.536280667913832 -10.979503720389971 -9.565983612339467 -9.369934174778551 -9.51546965658606 -9.741771652196688 -8.717465472703617 -9.291736830089635 -9.807654215816985 -9.218268339454594 -10.27423430220665 -8.873713048201692 -10.501225764870869 -10.970034510435548 -10.400924259049843 -10.934943657071932 -9.3477501171354 -9.808182615371551 -9.51642079274061 -8.72051000783713 -9.583228509700266 -9.349858798241419 -10.38746373207521 -10.361008940495573 -9.053446772083301 -9.95854387031684 -9.381833343006083 -9.989289234349354 -9.428588214632288 -9.398956054773354 -8.623228621913796 -8.821760465270499 -8.747105049150264 -9.311879247638664 -9.563857044452561 -10.502209443959307 -9.756010535269773 -9.264201775779302 -9.255909356760071
51
 -1.5537748285457103 -8.49755090667142 -8.984272886938262 -9.455075780702483 -9.616614497594467 -8.973523737248673 -10.572621103214866 -9.649812505249828 -9.812226962767781 -9.088959920990876 -10.317116541057924 -9.426320570920536 -9.305532867978087 -9.337118889731414 -9.367932921760303 -8.165629068172926 -9.661001667071105 -10.037354317023755 -9.218813027462296 -9.500711364786595 -9.075565758906748 -9.72808391111421 -9.71854486099284 -9.958805757473987 -9.054318409128808 -9.693186649261952 -9.548549142486097 -9.84278815265227 -9.715674815073497 -10.144675658250359 -10.472640057349464 -9.526615129531333 -9.336338925301579 -9.677340112930642 -8.989996590080974 -10.2759715103167 -10.153310878929485 -8.578495638529159 -10.524991145251656 -9.176189773153618 -8.777944200834181 -9.461633767014261 -8.85330763796323 -9.09595543169719 -10.058373935617825 -9.783800359191098 -9.397948866892675 -9.338537193747893 -8.835230080449648 -9.761848912298435 -9.371577525203444
51
 -1.5537748285457103 -9.329597246367028 -8.588768716080015 -9.041957622110374 -8.97551391299897 -8.596566608721307 -9.04808935672635 -9.32158336924243 -9.64537248917986 -10.67751201706724 -10.035153228930929 -10.447803687960104 -9.662413914403135 -9.261401231830211 -10.199703610797002 -9.519562705865582 -9.490286030415845 -9.142582718531752 -9.55190445226677 -11.066758132342443 -9.714123955228679 -9.193936875248207 -10.176119981010064 -10.273489935238885 -9.726624131678264 -9.145239248769082 -9.02745526906893 -8.774232970764977 -9.33441076848439 -8.980596542968048 -9.012345362688768 -9.356494061858749 -8.418699704365498 -9.07394357791556 -8.878292797968438 -10.04212899605318 -9.842196760715941 -9.950334287201935 -8.908427185781672 -10.061240610994705 -8.458161706257814 -9.411263404773868 -9.066906863660858 -9.438357558151463 -9.403928928274988 -9.350983974466876 -10.17331826669105 -9.511386569465405 -9.637154116117694 -9.763037260939203 -9.60614894169083
51
 -1.5537748285457103 -8.659021166718242 -8.37033290343635 -9.355938824239685 -9.154770708771988 -8.907802555709628 -10.222459944955846 -10.082328132501228 -9.584002622065181 -10.3168016366275 -9.369714327385566 -8.532377823533068 -9.472935072857823 -9.455436996889762 -10.061409624042604 -9.106563287344247 -9.408141800403643 -9.179850779895233 -9.539778675355015 -9.893804910751076 -9.45788014169972 -8.631496173795972 -9.559417438863086 -9.601617727061683 -9.223451727574643 -9.94914781960345 -10.052600086992165 -8.772320213725331 -9.60365975849596 -9.55955620888528 -9.503999594824519 -9.979481903384409 -9.904973864426331 -9.271242604985227 -10.206477607931895 -9.881669683834406 -9.960495002873703 -9.075081005392983 -9.993543851672005 -8.690965414259052 -9.356866373481814 -8.60721843241358 -8.801153131573795 -9.527198693491039 -10.380840255607701 -10.902242345280154 -8.99187950037201 -9.35429345139243 -10.14837701448792 -10.354187486177707 -9.174474255025942
51
 -1.5537748285457103 -8.351823908663867 -9.435294659416854 -8.996017314079975 -8.973690794307899 -9.91940181696188 -9.5644002094863 -9.325761824956492 -9.391440783684175 -8.379313321470997 -9.507898632726645 -9.387671878842765 -9.54040320771537 -9.230996863318454 -9.192409115048031 -9.771683214051944 -9.535144939942372 -10.055823056252247 -9.134791736638425 -9.22610885914076 -8.292095010719475 -10.164670691714706 -9.828296419495725 -9.477795110155254 -8.753523540949287 -9.576815477416234 -9.218440401692957 -10.870086015936208 -9.458841102426979 -10.220096922669837 -9.741135070446221 -9.189055487476905 -10.426153103306865 -10.150131544629202 -9.253857720079706 -9.153185151870748 -9.056608468644022 -9.79282415061372 -9.77235327870095 -9.560898270105538 -9.173079507276723 -8.63792515093015 -8.706179037064668 -9.033129140358643 -9.693676685718966 -9.605230459511596 -9.390114552759318 -9.297080798904009 -9.100871500724097 -9.185901612234126 -10.209756064472279
51
 -1.5537748285457103 -9.291995566619564 -9.499070206960893 -8.869552362919924 -8.298894593942222 -10.08374161119236 -9.832435765396097 -10.374603455120312 -9.170503504246645 -9.265991389180328 -9.269539468883913 -9.281719264705254 -9.26727004248826 -8.996717120699225 -10.304663278426421 -8.946139858561446 -9.798300455426771 -9.64000494371541 -9.808291226351837 -10.78202712435927 -9.35418897898176 -9.417250594154629 -9.522748819483766 -9.947085826447047 -9.242295418196584 -8.638550402105583 -9.731010253392904 -9.521320920057358 -9.454565963929648 -9.84721263562032 -8.585149924788329 -9.772358534522882 -9.63801766476007 -9.698237302612476 -10.470021774011897 -10.326948023524803 -8.59617549121853 -9.014022837198658 -9.693610310837327 -10.24527877287418 -10.308014966923473 -9.88108770501509 -9.605506695307241 -8.684881125240489 -8.932296124658377 -9.626193378350793 -9.32457500163837 -8.538126258986834 -9.63569510489385 -9.693274597064134 -9.586507865745531
51
 -1.5537748285457103 -8.376770249753099 -9.690689745660164 -9.48048896816503 -9.160636745093129 -9.115881732065395 -10.176220301407987 -9.028850050727435 -9.352731050693626 -8.933069915789716 -8.398600298123778 -9.017746873428429 -9.656985905596791 -9.239732043555284 -10.11384817729341 -9.847617378279446 -9.428525311830294 -9.80868907385464 -9.67213362159738 -9.633708767277694 -9.976926525167913 -10.148055089771242 -8.796919507269948 -9.33355642941626 -8.516133714552081 -10.442486908869848 -10.666421274924925 -9.44892962383394 -8.77179111893432 -10.363859837988382 -9.61139068455902 -9.660193966288869 -9.86975703998697 -10.283788504068347 -10.132573608762486 -9.772919939177607 -9.922345356802458 -9.1417374900822 -9.871302230828077 -9.373692691251634 -9.273521621569403 -8.738962480677 -9.64722187978821 -9.293000139274529 -9.720137010668942 -10.288567450670163 -8.483924354018205 -8.936715053837055 -8.644267608903997 -9.421650791478289 -9.284617593338309
SGD:0.005
10
51
 -1.5537748285457103 -4.148267342261737 -5.591605115777698 -6.480619630409736 -7.073491915880163 -7.598042773466918 -8.13738609914339 -8.65134001850758 -9.036775648320862 -9.43830684174453 -9.836586077539053 -10.260280312923424 -10.817367148254277 -11.080765907475346 -11.246416143175832 -11.67979823598519 -11.841149932154329 -12.0753042356343 -12.179439219409145 -12.590675070608457 -12.250681306374016 -12.2626146026917 -12.72118660080489 -13.369822405057887 -12.940311740722882 -13.470149111248901 -13.100922331135392 -13.454735789122951 -13.86718374534039 -13.364878354200313 -13.771647546542544 -13.973402015093518 -13.299440650261197 -13.615581349665087 -14.346146894773586 -12.615375108573424 -13.039481314563766 -12.689589277383106 -12.333678492929007 -12.607639262642952 -12.442178191461503 -12.852162269434064 -13.654013699138648 -13.328862229956767 -11.835253604709308 -12.317399641444363 -12.639275994005928 -12.236713711485663 -12.693642921035007 -12.86728267414372 -13.541548407914577
51
 -1.5537748285457103 -4.088279582031039 -5.578048252450031 -6.388711569452192 -7.018584184212645 -7.647386610909895 -8.098918194226789 -8.590926846572069 -9.060176694187849 -9.521202436085014 -9.785834256697893 -10.091812944758153 -10.327451869789593 -11.079951754946478 -11.406898502763426 -11.633714904151917 -11.717245319196378 -11.717959055773843 -12.060588979045841 -12.270323242628542 -11.948758325928532 -12.005300074497008 -12.140149518729373 -12.347451428756782 -12.982508668614305 -13.844378179995292 -12.450902364355985 -13.053002349618891 -12.722278380800631 -14.172504265668826 -13.566850499718088 -12.867818488734345 -13.408294678533224 -12.734555900692804 -12.910124845562304 -13.276731922594692 -13.092015980690128 -12.259258929227077 -12.250006045188483 -12.346910298186767 -14.138257543311308 -13.289223276731363 -12.627784464619518 -11.577401890325214 -11.861649293106005 -12.240905446455406 -12.297446443828562 -12.256845960852774 -12.030374596900627 -13.093826317983211 -13.457506391141965
51
 -1.5537748285457103 -4.160271943911292 -5.573882279039554 -6.425094971799099 -7.030742640080902 -7.5602247550236275 -7.984610443908989 -8.408225890790552 -8.933369575254755 -9.294285808499394 -9.775033177868476 -10.192184573253355 -10.590462606468439 -10.844558076369658 -11.061848515787334 -11.476946850256974 -11.713956456155591 -12.271068814479351 -12.56615614033558 -12.688677679172825 -12.04922116237163 -12.160614821150597 -11.704631254700498 -12.395203609367982 -11.801607276881096 -11.488718855475199 -11.483338866522967 -12.068146679197415 -12.621921510866796 -12.614801007055759 -13.1887862513356 -12.65277998940242 -12.844339151550235 -11.473327529581233 -11.893379263558309 -11.963809404696693 -11.709309095295065 -11.465436538594567 -12.070969323503753 -12.073626879761672 -12.980072321622224 -12.686410375966386 -12.90291778314769 -13.07427652069254 -14.03818027663734 -12.792330213486792 -12.344206598318513 -12.16646065271287 -12.39904823687578 -13.313432156145218 -13.048308904947412
51
 -1.5537748285457103 -4.1007561933067365 -5.537559953869479 -6.462097404224794 -7.0825585433532385 -7.577496863273609 -8.001714911305132 -8.441978578419864 -8.879726267238139 -9.291400866090482 -9.766981876219537 -10.088897826458847 -10.560792052216275 -10.992613716708911 -10.991089764034124 -11.310768594399212 -11.263105010710856 -11.75947646201216 -12.088507913616217 -11.945363442032013 -12.114969528659788 -12.379422886254332 -12.63569894536565 -12.458846267477917 -12.080916070312984 -11.705487469697838 -13.175675493880666 -12.902173847103395 -12.766315112408618 -12.316241038164915 -12.267908640713909 -13.849282093234772 -13.906438850725632 -12.544499375301847 -12.51967580385107 -12.926832720582773 -12.84920933758738 -13.163471660665088 -13.055266323199673 -12.430226658164068 -12.974135845536901 -12.241572775164462 -12.275423929573272 -13.775875956461713 -13.52469534836065 -12.34105133031007 -12.801536181164911 -12.63561899142258 -11.886217118864495 -12.12591465108088 -12.257515811708663
51
 -1.5537748285457103 -4.053100006674023 -5.538689870140979 -6.408360385044758 -7.073747440505777 -7.564355534471981 -8.031025383084083 -8.52745546844812 -8.824705970185788 -9.226087533396552 -9.813526696268964 -10.314583838609991 -10.566215142525174 -11.083276307750387 -11.5119297170814 -11.993001815776152 -11.449281351446068 -11.853364970129753 -12.060944708556505 -12.26642324259012 -11.634726605828078 -12.75126023906592 -12.884495681012634 -12.401525447746774 -13.617945082394263 -12.716210344545827 -13.440357460845323 -13.426076055867288 -12.202693173770657 -12.41310241331877 -11.950699771712076 -12.98131932957197 -12.774634981911118 -13.188058689014198 -12.791731346211083 -13.387802288756227 -13.238809656460871 -12.250356736292824 -12.060023551438052 -11.70322419763412 -12.16324688244537 -11.960142847471532 -12.113848210466733 -13.624249468869383 -13.198918682656053 -12.789508674579997 -13.72939935015573 -13.202683656164012 -13.368712730480938 -13.003390640493024 -13.116211185161275
51
 -1.5537748285457103 -4.16150562548756 -5.577603473602024 -6.466248496754594 -6.9920433533579525 -7.466096183284637 -7.821097603690909 -8.316322608378583 -8.754911561336991 -9.218568812851315 -9.680434994829316 -10.14973331388813 -10.287812574983555 -10.822390087002288 -11.180545904476768 -11.621740847182778 -11.663414167172952 -12.13748742333014 -12.399388661606892 -12.330519140241835 -12.317306914573145 -12.268993154029344 -12.431859435801359 -12.878904140796111 -12.66871725207534 -13.285383826296526 -13.142888221087599 -12.850276576678674 -12.806836445560611 -13.51944572692381 -13.350267639770802 -12.310752977154277 -12.397143765911977 -12.379012746600191 -12.893196580241247 -12.338814388722797 -11.794827611782503 -12.380750906684208 -12.444502899678609 -12.791358853916943 -13.931630325569847 -12.760871788942602 -12.955183132908525 -13.734026827365946 -12.969353970194655 -12.986235645744037 -13.09067626467585 -12.498885510662609 -12.363653727749222 -11.459361541557104 -11.696621976292924
51
 -1.5537748285457103 -4.107504685355749 -5.5749364688418375 -6.479338184788723 -7.06988852986133 -7.5684209271421015 -7.95996790164867 -8.333731089173964 -8.769487929020158 -9.133686311316445 -9.46088840847512 -9.848310514119637 -10.11758630581368 -10.784927758680148 -11.204157482920921 -11.515505927498289 -11.487883282265981 -11.429780788798798 -11.92556653383721 -11.881986129989187 -12.613974067885854 -12.291195866484054 -12.481046697611767 -12.124167957676569 -12.621072182645815 -12.262460162314934 -12.706506367661998 -13.403402600149557 -12.087505384862935 -12.357640655257768 -12.74676005465697 -12.831392811917059 -12.619389029866483 -12.789205206999906 -11.818478895507305 -12.406857284521063 -13.16485285301518 -12.65944516379423 -12.417916521327474 -12.163300694175286 -13.245993205195012 -12.576002476395232 -13.166848912482827 -13.218371152457182 -13.427582517787897 -13.320778404023287 -12.945292926123035 -14.082711867749316 -13.085150974102065 -12.738558015211767 -13.0373096381695
51
 -1.5537748285457103 -4.078172056089872 -5.570085103449737 -6.433308923144242 -7.025955378054518 -7.484711701716311 -7.85889970092988 -8.375660819086121 -8.868736070524228 -9.19064371204024 -9.73054675076399 -10.130519747242397 -10.442591947406193 -10.487195476235513 -11.090059041614705 -11.012493832271256 -11.632896490800178 -11.519893357875153 -11.303906650453538 -11.542499644529405 -12.069437446097366 -12.72422994558449 -13.039500364916613 -11.921103929623785 -13.026074922157536 -12.067215414636355 -13.381965312499231 -13.126728401945986 -12.65369676341967 -14.031811936148898 -12.02025527931158 -12.057489622849385 -12.43477029937672 -12.141001816032693 -13.23852937199874 -12.642102813085119 -12.334556390348107 -13.036648866143265 -12.67708753574374 -12.839630973352287 -13.639909507745154 -12.770537321895207 -13.972508328263089 -13.645748333250957 -12.280657333535043 -12.621446228830182 -13.517046808672882 -13.326320838238516 -12.817797424140702 -12.80879524938826 -13.746935367792274
51
 -1.5537748285457103 -4.086150183700874 -5.642125046259329 -6.477268264049938 -7.000975232233947 -7.560576171140855 -8.049635184784634 -8.387269597210098 -8.866511496540989 -9.263079622266241 -9.669842585171981 -10.081288461831972 -10.407841839890906 -10.780140616369525 -11.003088987685896 -11.385079455924188 -11.833438957501256 -11.941345497569818 -13.043872129182956 -11.9925154358317 -12.919005535223793 -12.920092221957777 -13.286686631074936 -13.259516927355522 -12.204151856249451 -12.053136527055244 -12.349020672686763 -12.368940241092766 -12.540754631917018 -13.991624532110096 -13.687126283356916 -12.662157537394307 -13.496195724335797 -12.809817509171038 -12.069687758163456 -13.228768418424883 -13.92076734776731 -12.789034418577703 -13.733456218473254 -13.61014929407523 -13.236924266662728 -12.917342570064037 -11.99660000451074 -12.22711909284381 -12.937532342136405 -11.93916763146679 -12.096602316941198 -11.901179692117465 -11.784269622283528 -13.15881027216018 -12.31267113875081
51
 -1.5537748285457103 -4.047471631426114 -5.565256107917475 -6.452592795304375 -7.03142026302315 -7.567152217324296 -8.028167753482556 -8.423155866392552 -8.798779583866958 -9.311446339617097 -9.802965249502403 -10.283538986763041 -10.659387147773092 -10.91924765470464 -11.28127619946849 -11.238011833771605 -11.16869678304376 -11.748916076997528 -11.985106229882696 -12.461198153329278 -12.576985871709075 -12.11006317510096 -12.16418095417458 -12.686859437070925 -12.760824600386202 -12.804420004975396 -12.594940964918997 -12.154612461704337 -12.912056649915046 -14.11458454534512 -12.924949635205442 -13.552337646913221 -12.854198861195492 -12.497306390700698 -12.764888700921981 -12.595428952086667 -11.71072306493709 -12.086812720604742 -12.572225047972008 -13.001771076448998 -13.030650163057048 -12.60437606464469 -12.812664577223517 -12.103252603540412 -12.30497170916858 -12.746221642915751 -13.269439334499442 -12.818646247956815 -12.640880042778733 -12.394736780467975 -13.289067591214176
StreamingSVRG
10
51
 -1.5537748285457103 -4.779600085589084 -6.396800922497 -7.10980598642758 -7.804969453132722 -8.40230833653288 -8.998927538860963 -9.490415548630954 -9.792556505864402 -9.778553311105448 -9.95876053999429 -10.622993256750858 -10.863224349235516 -11.631949086048419 -11.630851906662205 -11.630851906662205 -11.630851906662205 -11.630851906662205 -11.630851906662205 -12.010355620326976 -11.602857230446423 -11.711680103771162 -11.711680103771162 -11.711680103771162 -11.711680103771162 -11.711680103771162 -11.711680103771162 -11.711680103771162 -11.711680103771162 -11.711680103771162 -12.345815091711186 -12.052032509237401 -12.289890521049939 -13.371679224788126 -13.371679224788126 -13.371679224788126 -13.371679224788126 -13.371679224788126 -13.371679224788126 -13.371679224788126 -13.371679224788126 -13.371679224788126 -12.933304230648035 -13.70875012806415 -12.005708515261286 -13.560251692726396 -12.924362136190476 -12.948974978595732 -14.25720392318409 -13.68654436953728 -13.702044394236442
51
 -1.5537748285457103 -4.842032690235409 -6.077203750012534 -7.010494536632134 -7.816577544033114 -8.48237682746633 -9.174071958056208 -9.56671747459568 -10.117853960978218 -10.610053300737762 -10.76450206609278 -10.429712025863573 -10.429712025863573 -10.614702270370136 -10.767057293088442 -10.767057293088442 -10.767057293088442 -10.767057293088442 -10.767057293088442 -11.295491141317942 -11.295491141317942 -11.295491141317942 -11.295491141317942 -11.295491141317942 -11.295491141317942 -11.295491141317942 -11.295491141317942 -11.295491141317942 -11.349210870297055 -12.2562866162286 -12.916546305471632 -12.35364292707939 -13.468901302031878 -13.72517175738802 -13.31088517597753 -13.041874491341595 -13.041874491341595 -13.041874491341595 -13.041874491341595 -13.041874491341595 -13.041874491341595 -13.041874491341595 -13.041874491341595 -13.041874491341595 -13.012491362461711 -12.797831900295078 -14.028174859824023 -14.08495390706022 -13.42672887829443 -13.469103547390366 -13.159671263404737
51
 -1.5537748285457103 -4.835716054715348 -6.37742047891562 -7.247171687511507 -7.933886813740937 -8.580721619023267 -9.007018702142167 -9.633415509983049 -9.944411088408517 -10.56864015957475 -10.74752644167544 -11.20239241080333 -11.467938399483073 -12.3577072868333 -12.69626598091922 -12.566856617239203 -12.338304550445569 -12.544914692314949 -12.764417721505339 -12.23751231255436 -12.828950179510553 -12.07610566514352 -11.732850912817065 -11.732850912817065 -11.732850912817065 -11.732850912817065 -11.732850912817065 -11.688969784628085 -12.69571208892908 -12.18765033758162 -13.513031181208328 -12.870189295319872 -12.840030635883162 -12.752569183797416 -12.566211182652939 -12.566211182652939 -12.566211182652939 -12.566211182652939 -12.566211182652939 -12.566211182652939 -12.566211182652939 -12.566211182652939 -12.566211182652939 -13.050935536435212 -13.522123451530902 -12.908729045056958 -13.307359279339503 -13.102591247878799 -13.102591247878799 -13.102591247878799 -13.102591247878799
51
 -1.5537748285457103 -4.81324649539857 -6.35549822538744 -7.153613947968424 -7.7944363654962485 -8.362631132405443 -8.97907307224759 -9.911998352550498 -10.696789391315553 -10.996319042361387 -11.133464308423484 -11.133464308423484 -11.31036136002537 -11.602942320232664 -11.64762405217143 -11.64762405217143 -11.64762405217143 -11.64762405217143 -11.64762405217143 -11.95406518424541 -12.704255912456121 -12.97496921083594 -12.779506751058557 -12.830636469092621 -14.47199417721241 -12.609523212432132 -12.609523212432132 -12.609523212432132 -12.609523212432132 -12.609523212432132 -12.609523212432132 -12.609523212432132 -12.609523212432132 -12.609523212432132 -12.793876822944755 -14.143917652151252 -14.544409138318306 -13.321105693064537 -13.807399693574265 -13.573647999048017 -14.958831053688929 -13.633687364136598 -13.633687364136598 -13.633687364136598 -13.633687364136598 -13.633687364136598 -13.633687364136598 -13.633687364136598 -13.633687364136598 -13.633687364136598 -13.594582193157981
51
 -1.5537748285457103 -4.807547627601268 -6.3572686248460135 -7.049645370988239 -7.675886392211914 -8.395138731727927 -8.746447420987352 -9.458198625553118 -10.086436585256406 -10.43337201687687 -11.542539566277487 -11.579280655022798 -11.579280655022798 -11.748206139692634 -12.186422403158737 -12.427743238870953 -12.427743238870953 -12.427743238870953 -12.427743238870953 -12.427743238870953 -12.427743238870953 -11.767559175044006 -12.284340912376257 -12.926572385359412 -12.648689652292145 -12.318119732260163 -12.622066247673514 -12.695662792248493 -12.695662792248493 -12.695662792248493 -12.695662792248493 -12.695662792248493 -12.695662792248493 -12.695662792248493 -12.695662792248493 -12.695662792248493 -13.866412264005255 -13.760230691083615 -13.760230691083615 -13.760230691083615 -13.760230691083615 -13.760230691083615 -13.760230691083615 -13.760230691083615 -13.760230691083615 -13.760230691083615 -13.945906091078495 -13.426146661545216 -13.342967085368741 -13.342967085368741 -13.342967085368741
51
 -1.5537748285457103 -4.856363638051135 -6.384304362426344 -7.198084340875057 -7.7631785545206204 -8.418593086465155 -8.587386099991562 -9.276339757113366 -10.000682852764479 -10.595388324583316 -11.020816276689313 -11.012943324186256 -11.5732537208719 -11.954390454340393 -12.29334080634132 -12.028290086169957 -12.878554009534465 -13.399070006878926 -12.385581165595049 -12.58272182030299 -12.300807811273682 -12.300807811273682 -12.300807811273682 -12.300807811273682 -12.300807811273682 -12.325565445243885 -13.183250544763702 -13.195545335655744 -14.421399742464152 -14.421399742464152 -14.421399742464152 -14.421399742464152 -14.421399742464152 -14.421399742464152 -14.421399742464152 -14.421399742464152 -14.421399742464152 -13.875353549826135 -13.03449803379237 -13.436205935236758 -13.342218646757804 -11.799764126798607 -11.691415548161961 -11.691415548161961 -11.691415548161961 -11.691415548161961 -11.691415548161961 -11.691415548161961 -11.691415548161961 -11.691415548161961 -11.691415548161961
51
 -1.5537748285457103 -4.783440381129116 -6.3812843152372825 -7.157173740871866 -7.81828720984651 -8.58650527041175 -9.011662117888635 -9.323287757426787 -9.952849114473349 -10.467167291788863 -10.467167291788863 -10.487093523633815 -11.092475952829766 -11.28146918313125 -12.827689741635243 -12.093195914835224 -12.21808142782429 -12.21808142782429 -12.21808142782429 -12.21808142782429 -12.21808142782429 -12.516672040486634 -12.823365386445865 -12.744212097769198 -12.898687660747841 -12.978866565730335 -12.978866565730335 -12.978866565730335 -12.978866565730335 -12.978866565730335 -12.978866565730335 -12.978866565730335 -12.978866565730335 -12.978866565730335 -12.705678436379797 -13.236268960866115 -13.015464480270845 -13.265681088693583 -12.511256091142455 -13.07536374930105 -13.07536374930105 -13.07536374930105 -13.07536374930105 -13.07536374930105 -13.07536374930105 -13.07536374930105 -13.07536374930105 -13.07536374930105 -13.72264359721428 -13.847026925593648 -14.574657545348634
51
 -1.5537748285457103 -4.764950830162975 -6.167261196498946 -7.035959903398521 -7.779525585161434 -8.328643412720318 -8.971110559551045 -9.603589514961168 -9.900312965548073 -10.692653817709662 -11.36221704871236 -11.322175933505175 -11.392469438223706 -10.94952654897281 -10.91273981455141 -12.103383724578524 -12.307868594103013 -12.384876462109593 -12.75796559360328 -11.611008464591713 -11.611008464591713 -11.611008464591713 -11.611008464591713 -11.611008464591713 -11.868318457831608 -12.647567982968187 -12.343268217716185 -12.241966316361465 -13.01122124445803 -12.407920429654654 -13.038087426855485 -13.038087426855485 -13.038087426855485 -13.038087426855485 -13.038087426855485 -13.038087426855485 -13.038087426855485 -13.038087426855485 -13.038087426855485 -12.868963496772295 -12.868963496772295 -12.868963496772295 -12.868963496772295 -12.868963496772295 -12.868963496772295 -12.868963496772295 -12.868963496772295 -12.868963496772295 -12.95424717733177 -13.35404391785592 -13.457935417680272
51
 -1.5537748285457103 -4.7586955859074065 -6.2587559447180166 -7.1740701514822955 -7.937382373725715 -8.470078543116255 -9.248116507466895 -9.703452709113208 -10.702648746365053 -11.02468736553142 -11.269353134189803 -11.366075783070094 -12.070296623683891 -12.566608448597991 -11.80197260692634 -12.983148587438054 -12.983148587438054 -12.540154720929268 -12.532151549954936 -12.75155299005034 -12.014640425298362 -12.267124234766392 -12.551012277095614 -11.98346578832327 -12.38282805247712 -11.977163880632652 -11.977163880632652 -11.977163880632652 -11.977163880632652 -11.977163880632652 -12.185617782880463 -11.96051258055683 -12.142633845238121 -12.788159425336103 -12.72467170152741 -12.72467170152741 -12.72467170152741 -12.72467170152741 -12.72467170152741 -12.72467170152741 -12.72467170152741 -12.72467170152741 -12.72467170152741 -13.024481268592655 -14.203416955882053 -14.18762892336292 -13.126249496452475 -13.889558404660809 -12.609644151523199 -13.53667491063656 -13.639790430448492
51
 -1.5537748285457103 -4.712399876498862 -6.374182557385279 -7.176541176673367 -7.810945356013428 -8.460649100797168 -9.015163557180967 -9.748211257978136 -10.003084968474294 -10.48442892569477 -10.817488533513808 -10.913202829718136 -11.635557633746421 -11.446717975310799 -11.621184953643692 -11.25425933491534 -11.701957768377072 -11.541444583050428 -11.819911809311582 -11.819911809311582 -11.819911809311582 -11.819911809311582 -11.819911809311582 -11.861451074277975 -11.867855252359545 -13.377888880628003 -12.86509769604395 -13.44362897026807 -13.44362897026807 -13.44362897026807 -13.44362897026807 -13.44362897026807 -13.44362897026807 -13.44362897026807 -13.44362897026807 -13.44362897026807 -13.466762907082135 -12.928004145971894 -13.372759897041648 -13.56759883703186 -13.946382808142024 -14.29300398314086 -14.29300398314086 -14.29300398314086 -14.29300398314086 -14.29300398314086 -14.29300398314086 -14.29300398314086 -14.29300398314086 -14.29300398314086 -14.068155277767225
ADAPTIID
10
51
 -1.5537748285457103 -8.572765392998132 -9.471567005776514 -9.97058363255924 -10.562875623927804 -10.855199774137757 -11.113554660519506 -11.401705166640513 -11.842456896296707 -11.980696964569878 -12.126357995604137 -12.335684709501061 -12.512346220056807 -12.653987546987077 -12.901379692699885 -12.82459256260841 -12.954885098617925 -13.003555384809745 -13.255469038699506 -13.394729217676819 -13.541712880169026 -13.850667066893767 -14.105400553701793 -14.237531279148767 -14.284593143369667 -14.442684683472837 -14.52470526960393 -14.625234775181816 -14.749746631906383 -14.803557939046046 -14.972884609325348 -15.205249235406123 -15.446825848362806 -15.644643614929645 -15.809907156097006 -15.905604779494576 -16.02354761927255 -16.176614763160053 -16.421898888485057 -16.642150721310205 -16.819524006720204 -16.889676422195826 -17.05374269789402 -17.182717957257616 -17.35288381859976 -17.449981511158608 -17.547831731038634 -17.53688246227574 -17.703723284573435 -17.901436069684856 -18.000660203236357
51
 -1.5537748285457103 -8.34077034744794 -9.479799414560532 -10.14780504358619 -10.695683247201845 -11.035242479740212 -11.451938336480158 -11.790292298664543 -12.00104039507868 -12.204428481877782 -12.525995777103008 -12.678669248974172 -12.798925602456432 -12.78976576039662 -12.886390787659092 -12.93337069449848 -13.03711657743883 -13.202106833702416 -13.213413361760995 -13.424218377306136 -13.607881356746505 -13.990859978273521 -14.393759099592106 -14.514878508429351 -14.711186320830613 -14.691407408644375 -14.828498683036445 -15.097728083195424 -15.196484423629743 -15.275696149444956 -15.596715395858284 -15.860800193302834 -16.06608418385383 -15.946304988566286 -16.14164496136634 -16.37011948223851 -16.39327683784371 -16.502273312645933 -16.485153717989128 -16.58887703567666 -16.92115625197655 -17.043342065389993 -17.165041222350492 -17.206887543348657 -17.368767681803813 -17.62803988922717 -17.78858204229852 -17.934416743318767 -18.01317428416918 -18.290228184317744 -18.40892605721649
51
 -1.5537748285457103 -8.41120856512904 -9.387565847840209 -10.417468012811256 -10.66766787484339 -11.068942613277764 -11.367748918821771 -11.771463854427473 -11.878821037523831 -12.056814119681517 -12.058675305441598 -12.308623508435772 -12.58285523494618 -12.929815455899705 -13.122555316609082 -13.14764725166138 -13.188415757805858 -13.428403055610742 -13.722480349480392 -14.147267974326912 -14.041625354889636 -14.208801523713301 -14.395678667634401 -14.530303383299184 -14.627970334379954 -14.938714310800787 -15.029690449349344 -15.149271130574272 -15.375189939480196 -15.636614842299462 -15.655897074568776 -15.73918361688223 -15.691713263320954 -15.958516577269776 -16.13840631642502 -16.138515630130147 -16.435421897460916 -16.508651124382535 -16.60023894338473 -16.729130942294997 -16.741348892346025 -16.87397009365071 -17.027562862499686 -17.204220268172744 -17.403449470519618 -17.54060223485909 -17.61413969319742 -17.70930409366894 -17.8467105004219 -17.996343657169415 -17.97259725839863
51
 -1.5537748285457103 -8.541799217793072 -9.291444285175332 -10.430630535779214 -10.697078327710885 -11.077092750987966 -11.200820108178169 -11.344740608889055 -11.612633799633905 -11.870226999199177 -12.115222729795732 -12.186741305386489 -12.062710785339304 -12.332373355561717 -12.376674845691584 -12.579806395184777 -12.762043191212664 -12.885653795111464 -13.195044937819183 -13.300720803868716 -13.469806772175904 -13.607475573228367 -13.782428987088812 -14.078444864697433 -14.394575893504095 -14.633487549533452 -15.049190836792896 -15.171979533839867 -15.33023871249862 -15.46905631339599 -15.599641318368539 -15.545889846868663 -15.486352612377365 -15.62661912926679 -15.660473250073927 -15.841245651126751 -15.924018721896223 -16.042783523201944 -16.017483384063453 -16.019867151000863 -16.15605406074709 -16.299055964440907 -16.369418179717705 -16.875092573971603 -17.15179424724938 -17.27251525666527 -17.225075210748226 -17.419268031409732 -17.70113613327459 -17.815833738449985 -17.99987810564377
51
 -1.5537748285457103 -8.109227917014715 -9.331318820943931 -10.14661783016896 -10.82101224707887 -11.381924825503935 -11.671707789538573 -11.584003134754166 -12.012323199336423 -12.264588901705734 -12.45129663746909 -12.49320725988441 -12.71090592357957 -12.850740570363197 -12.82274722759423 -13.228727047137017 -13.278831601008063 -13.409973615688978 -13.43464664820458 -13.628517200118843 -13.892076036159057 -13.869885865012236 -14.034449634234225 -14.300882831434317 -14.442960742158302 -14.584226531945829 -14.961884329544272 -15.066863883593255 -15.25324726998672 -15.548251289688057 -15.64452561496499 -15.655986084714254 -15.859284784916994 -16.027693934527413 -16.149349264797905 -16.279103305228304 -16.43562247564114 -16.44948511638721 -16.561626694354523 -16.785112401506534 -16.982723597611702 -17.006403248901513 -17.142757183036828 -17.244127955573013 -17.345414125130667 -17.46160665798954 -17.739351715729033 -17.89343273027861 -18.104825838227924 -18.011975092695256 -18.294714359537487
51
 -1.5537748285457103 -8.0472379324461 -9.416551453475769 -10.194928815510028 -10.688893284752385 -11.125994818226586 -11.821081082300916 -11.995729115805993 -12.344272447685132 -12.44256088122307 -12.982729096567997 -13.09476161709535 -13.161097673263674 -12.968811855238162 -13.077589663445062 -13.209753550852056 -13.453359846771239 -13.446411364887826 -13.496131358068597 -13.637527845093755 -13.53275636230689 -14.027674243703885 -14.139949747511602 -14.465039505128768 -14.810173403704946 -14.886134533121053 -15.098589696036912 -15.36110094492627 -15.478898483400316 -15.55991062743741 -15.7143152392182 -15.938563408883475 -15.896570215418974 -16.06195961682562 -16.1785089183037 -16.345091703999348 -16.453851933243506 -16.676088258412122 -16.688294758970358 -16.8333741405534 -17.00707433868634 -17.201738397747228 -17.356967562632306 -17.399205216169637 -17.394772308124594 -17.43302254823777 -17.49367576275102 -17.530019369182327 -17.69610631020952 -17.780576064267123 -17.96709872351127
51
 -1.5537748285457103 -8.316635457363255 -9.628318442860365 -10.54741885458904 -10.906291029899617 -11.233223788684466 -11.404114159834823 -11.86170655344293 -12.145373336074984 -12.515971508126334 -12.941818511924653 -13.159318597875846 -13.141294531210454 -12.907177081338864 -12.973313937208914 -13.04320250971926 -13.037715092124467 -13.279987880989445 -13.380204468868996 -13.691253059090604 -14.096882269802856 -14.177747784001095 -14.558755518366176 -14.624478701018692 -14.610593162840068 -14.72046147159979 -14.985315254232269 -15.088287047948413 -15.26863227908012 -15.533710202577753 -15.736808559186484 -15.667452545087365 -15.854209771916167 -16.125305178972965 -16.05696345487927 -16.29680460292432 -16.479218313795233 -16.742802739695474 -17.1557261308968 -17.245311318080837 -17.60173615812499 -17.65413623778472 -17.773888182132424 -17.921224393018623 -17.9727272671796 -17.92171724942278 -18.401206920924235 -18.55358251338142 -18.566324732638993 -18.619341229951942 -18.711382183528038
51
 -1.5537748285457103 -8.583995971639489 -9.60154535317729 -10.58930103284016 -10.911183192689599 -11.164855823458776 -11.640969639725752 -11.701452332985307 -12.258998264136908 -12.512901304343057 -13.045003193984975 -13.176316557821979 -12.87835810305984 -13.048545892543887 -13.175414167906075 -13.370155809293857 -13.564773309182666 -13.58348870376033 -13.75816739794267 -13.86011709516799 -13.943824722122342 -14.063346264341696 -14.373230172384083 -14.41529382849128 -14.864094506019189 -14.963325804239016 -15.077764099618069 -15.32617108423707 -15.536263963547947 -15.799750157587763 -15.829612624663437 -15.924263006529708 -15.97900989479371 -16.21295699815266 -16.219407114582854 -16.480716361701415 -16.75267550253646 -16.808802357514296 -16.93906567033769 -17.03495772744648 -17.10780126791577 -17.322727285936594 -17.462609744836254 -17.64129237277489 -17.731099228829063 -17.893392973236644 -18.091151085942656 -18.232555882612097 -18.250831815744927 -18.472098934496803 -18.64867549231796
51
 -1.5537748285457103 -8.021599132940679 -9.341723425719618 -10.10838811207208 -11.10819342826261 -11.665018487671155 -11.841597642980453 -12.009662692323559 -12.182568210850755 -12.338458882036173 -12.367590294027798 -12.60290815085126 -12.77484165446295 -12.848176188333582 -13.144274080883601 -13.331036220696975 -13.546891229142128 -13.798781139171163 -14.187269102074003 -14.367977046348772 -14.612527604955174 -14.832085499919831 -14.838503292798228 -15.056509989995575 -15.014619268938697 -15.15858126682245 -15.193208299206946 -15.351011183536757 -15.48356038401059 -15.765162620768079 -15.850692458431462 -16.03740187324022 -16.271848586857814 -16.46372357343397 -16.589629151409166 -16.50667720505859 -16.61814928418021 -16.92927771710835 -16.87653339173979 -16.782888845599654 -16.882237076803403 -16.954405512483596 -17.11694129484107 -17.309516410623328 -17.474545481078387 -17.745068342176676 -17.95561106036602 -18.086137967076667 -18.202207772237774 -18.25430494500049 -18.39865052482565
51
 -1.5537748285457103 -8.404122066043847 -9.016943015713696 -10.051548335698461 -10.779940289857052 -11.11701026474999 -11.552159582047588 -11.998632366061056 -12.131282228904068 -12.317714586483286 -12.49518094978182 -12.551119862433943 -12.399027167723418 -12.598006981919466 -12.900688449953611 -13.209578634476786 -13.441503894406976 -13.579621646012795 -13.603064052512751 -13.740404881981693 -13.795054020687308 -14.044453220333045 -14.069382788270987 -14.328874430524804 -14.558267390261204 -14.796268305539515 -14.859258995679896 -15.132217038204832 -15.44948494684957 -15.618957630751675 -15.753841015510515 -15.813927192919472 -16.11321563434153 -16.199569230907365 -16.318239793974538 -16.389302491637864 -16.52410589447877 -16.66357215882486 -16.636480312355328 -16.91006014738776 -17.042199600726725 -17.19483099551083 -17.240815378141516 -17.402082271890976 -17.658996381596104 -17.780793812149874 -17.867368717895985 -18.06266831777324 -18.07377350147171 -18.097321234478375 -18.120817391808835
steps
10
51
 0 5000 10000 15000 20000 25000 30000 35000 40000 45000 50000 55000 60000 65000 70000 75000 80000 85000 90000 95000 100000 105000 110000 115000 120000 125000 130000 135000 140000 145000 150000 155000 160000 165000 170000 175000 180000 185000 190000 195000 200000 205000 210000 215000 220000 225000 230000 235000 240000 245000 250000
51
 0 5000 10000 15000 20000 25000 30000 35000 40000 45000 50000 55000 60000 65000 70000 75000 80000 85000 90000 95000 100000 105000 110000 115000 120000 125000 130000 135000 140000 145000 150000 155000 160000 165000 170000 175000 180000 185000 190000 195000 200000 205000 210000 215000 220000 225000 230000 235000 240000 245000 250000
51
 0 5000 10000 15000 20000 25000 30000 35000 40000 45000 50000 55000 60000 65000 70000 75000 80000 85000 90000 95000 100000 105000 110000 115000 120000 125000 130000 135000 140000 145000 150000 155000 160000 165000 170000 175000 180000 185000 190000 195000 200000 205000 210000 215000 220000 225000 230000 235000 240000 245000 250000
51
 0 5000 10000 15000 20000 25000 30000 35000 40000 45000 50000 55000 60000 65000 70000 75000 80000 85000 90000 95000 100000 105000 110000 115000 120000 125000 130000 135000 140000 145000 150000 155000 160000 165000 170000 175000 180000 185000 190000 195000 200000 205000 210000 215000 220000 225000 230000 235000 240000 245000 250000
51
 0 5000 10000 15000 20000 25000 30000 35000 40000 45000 50000 55000 60000 65000 70000 75000 80000 85000 90000 95000 100000 105000 110000 115000 120000 125000 130000 135000 140000 145000 150000 155000 160000 165000 170000 175000 180000 185000 190000 195000 200000 205000 210000 215000 220000 225000 230000 235000 240000 245000 250000
51
 0 5000 10000 15000 20000 25000 30000 35000 40000 45000 50000 55000 60000 65000 70000 75000 80000 85000 90000 95000 100000 105000 110000 115000 120000 125000 130000 135000 140000 145000 150000 155000 160000 165000 170000 175000 180000 185000 190000 195000 200000 205000 210000 215000 220000 225000 230000 235000 240000 245000 250000
51
 0 5000 10000 15000 20000 25000 30000 35000 40000 45000 50000 55000 60000 65000 70000 75000 80000 85000 90000 95000 100000 105000 110000 115000 120000 125000 130000 135000 140000 145000 150000 155000 160000 165000 170000 175000 180000 185000 190000 195000 200000 205000 210000 215000 220000 225000 230000 235000 240000 245000 250000
51
 0 5000 10000 15000 20000 25000 30000 35000 40000 45000 50000 55000 60000 65000 70000 75000 80000 85000 90000 95000 100000 105000 110000 115000 120000 125000 130000 135000 140000 145000 150000 155000 160000 165000 170000 175000 180000 185000 190000 195000 200000 205000 210000 215000 220000 225000 230000 235000 240000 245000 250000
51
 0 5000 10000 15000 20000 25000 30000 35000 40000 45000 50000 55000 60000 65000 70000 75000 80000 85000 90000 95000 100000 105000 110000 115000 120000 125000 130000 135000 140000 145000 150000 155000 160000 165000 170000 175000 180000 185000 190000 195000 200000 205000 210000 215000 220000 225000 230000 235000 240000 245000 250000
51
 0 5000 10000 15000 20000 25000 30000 35000 40000 45000 50000 55000 60000 65000 70000 75000 80000 85000 90000 95000 100000 105000 110000 115000 120000 125000 130000 135000 140000 145000 150000 155000 160000 165000 170000 175000 180000 185000 190000 195000 200000 205000 210000 215000 220000 225000 230000 235000 240000 245000 250000
