24
newton-dyna-reg
1
16
 0.49665072877670735 0.1727592413211714 0.15637618377352622 0.15581732713443266 0.1288216980908827 0.10546344303103508 0.0729020983926417 0.04191508333485719 0.02302904209010867 0.010949513511623488 0.004146438096108818 0.0011694686964772438 1.8802917550042597E-4 3.288326384798257E-7 1.6524837054276986E-12 7.216449660063518E-16
steps1
1
16
 0.0 0.0014669600586784024 0.002933920117356805 0.00586784023471361 0.01173568046942722 0.02347136093885444 0.04694272187770888 0.09388544375541776 0.1877708875108355 0.375541775021671 0.751083550043342 1.502167100086684 2.502167100086684 3.502167100086684 4.502167100086684 5.502167100086684
time2
1
16
 0.0 0.003 0.016 0.018000000000000002 0.021 0.027000000000000003 0.038000000000000006 0.060000000000000005 0.10500000000000001 0.2 0.395 0.756 1.452 2.3689999999999998 3.404 4.423
newton-static
1
8
 0.49665072877670735 0.08413842697454352 0.024225327628725507 0.004521507484907289 2.5243212590486674E-4 1.0550927850294656E-6 2.0515755760897036E-11 6.106226635438361E-16
steps4
1
8
 0.0 1.0 2.0 3.0 4.0 5.0 6.0 7.0
time5
1
8
 0.0 0.894 1.788 2.683 3.581 4.476 5.371 6.266
static-lbfgs
1
33
 0.49665072877670735 0.4662340359241802 0.14255227215867614 0.11455938444480088 0.09071354449819327 0.062142170222531296 0.017257199877328017 0.005281499184981886 0.0031035646490582824 0.002482166118376039 7.618789732216358E-4 5.355857752966653E-4 1.508103897874813E-4 6.738784112580998E-5 2.224811602591359E-5 3.7410688064065667E-6 1.8956534671710212E-6 1.2841304214139537E-6 3.6756148932837185E-7 1.444269108752394E-7 3.078581287119242E-8 1.4596501035635256E-8 2.6125480112604293E-9 1.3830064593545188E-9 6.320463874498472E-10 2.0328766447974544E-10 2.1967316854443197E-11 6.721345702231929E-12 1.0109690862236675E-12 7.542300117791001E-13 5.945244296867713E-14 4.324318680914985E-14 2.4702462297909733E-15
steps7
1
33
 0.0 1.0 2.0 3.0 4.0 5.0 6.0 7.0 8.0 9.0 10.0 11.0 12.0 13.0 14.0 15.0 16.0 17.0 18.0 19.0 20.0 21.0 22.0 23.0 24.0 25.0 26.0 27.0 28.0 29.0 30.0 31.0 32.0
time8
1
33
 0.0 0.562 1.138 1.7079999999999997 2.267 2.827 3.387 3.946 4.506 5.065 5.6240000000000006 6.28 6.839 7.399000000000001 7.959000000000001 8.519000000000002 9.078000000000001 9.637 10.198 10.757 11.322 11.882 12.442 13.03 13.600999999999999 14.159999999999998 14.719999999999999 15.312 15.872 16.431 16.992 17.552 18.113
dyna-reg-lbfgs
1
136
 0.49665072877670735 0.46818088934183477 0.20547125654653278 0.1878187577935391 0.18122322279725864 0.18122322279725864 0.18122322279725864 0.18122322279725864 0.18122322279725864 NaN NaN NaN NaN NaN NaN NaN NaN NaN NaN NaN NaN NaN NaN NaN NaN NaN NaN NaN NaN NaN NaN NaN NaN NaN NaN NaN NaN NaN NaN NaN NaN NaN NaN NaN NaN NaN NaN NaN NaN NaN NaN NaN NaN NaN NaN NaN NaN NaN NaN NaN NaN NaN NaN NaN NaN NaN NaN NaN NaN NaN NaN NaN NaN NaN NaN NaN NaN NaN NaN NaN NaN NaN NaN NaN NaN NaN NaN NaN NaN NaN NaN NaN NaN NaN NaN NaN NaN NaN NaN NaN NaN NaN NaN NaN NaN NaN NaN NaN NaN NaN NaN NaN NaN NaN NaN NaN NaN NaN NaN NaN NaN NaN NaN NaN NaN NaN NaN NaN NaN NaN NaN NaN NaN NaN NaN NaN
steps10
1
136
 0.0 0.0014669600586784024 0.002933920117356805 0.004400880176035207 0.00586784023471361 0.007334800293392012 0.008801760352070413 0.010268720410748817 0.01173568046942722 0.013202640528105622 0.014669600586784024 0.016136560645462424 0.017603520704140826 0.020537440821497634 0.02347136093885444 0.026405281056211243 0.03227312129092485 0.038140961525638464 0.04400880176035207 0.05574448222977929 0.06748016269920651 0.07921584316863373 0.10268720410748816 0.1261585650463426 0.14962992598519703 0.1965726478629059 0.2435153697406148 0.29045809161832364 0.38434353537374144 0.4782289791291592 0.5721144228845769 0.7598853103954124 0.9476561979062479 1.1354270854170834 1.5109688604387543 1.8865106354604255 2.2620524104820965 3.0131359605254384 3.7642195105687803 4.515303060612123 5.515303060612123 6.515303060612123 7.515303060612123 8.515303060612123 9.515303060612123 10.515303060612123 11.515303060612123 12.515303060612123 13.515303060612123 14.515303060612123 15.515303060612123 16.515303060612123 17.515303060612123 18.515303060612123 19.515303060612123 20.515303060612123 21.515303060612123 22.515303060612123 23.515303060612123 24.515303060612123 25.515303060612123 26.515303060612123 27.515303060612123 28.515303060612123 29.515303060612123 30.515303060612123 31.515303060612123 32.51530306061212 33.51530306061212 34.51530306061212 35.51530306061212 36.51530306061212 37.51530306061212 38.51530306061212 39.51530306061212 40.51530306061212 41.51530306061212 42.51530306061212 43.51530306061212 44.51530306061212 45.51530306061212 46.51530306061212 47.51530306061212 48.51530306061212 49.51530306061212 50.51530306061212 51.51530306061212 52.51530306061212 53.51530306061212 54.51530306061212 55.51530306061212 56.51530306061212 57.51530306061212 58.51530306061212 59.51530306061212 60.51530306061212 61.51530306061212 62.51530306061212 63.51530306061212 64.51530306061213 65.51530306061213 66.51530306061213 67.51530306061213 68.51530306061213 69.51530306061213 70.51530306061213 71.51530306061213 72.51530306061213 73.51530306061213 74.51530306061213 75.51530306061213 76.51530306061213 77.51530306061213 78.51530306061213 79.51530306061213 80.51530306061213 81.51530306061213 82.51530306061213 83.51530306061213 84.51530306061213 85.51530306061213 86.51530306061213 87.51530306061213 88.51530306061213 89.51530306061213 90.51530306061213 91.51530306061213 92.51530306061213 93.51530306061213 94.51530306061213 95.51530306061213 96.51530306061213 97.51530306061213 98.51530306061213 99.51530306061213 100.51530306061213
time11
1
136
 0.0 0.001 0.002 0.003 0.004 0.014 0.021 0.036000000000000004 0.042 0.043000000000000003 0.045000000000000005 0.04700000000000001 0.04900000000000001 0.05700000000000001 0.06000000000000001 0.06300000000000001 0.06600000000000002 0.07200000000000002 0.07700000000000003 0.08300000000000003 0.09300000000000003 0.10700000000000003 0.12000000000000002 0.14 0.16 0.18 0.222 0.263 0.305 0.388 0.47100000000000003 0.554 0.7190000000000001 0.8840000000000001 1.0490000000000002 1.3800000000000001 1.7100000000000002 2.0410000000000004 2.6990000000000003 3.357 4.015000000000001 4.888000000000001 5.764000000000001 6.643000000000001 7.518000000000001 8.394 9.269 10.146 11.028 11.907 12.782 13.659 14.535 15.412 16.289 17.164 18.040000000000003 18.916000000000004 19.794000000000004 20.674000000000003 21.559000000000005 22.446000000000005 23.328000000000007 24.210000000000008 25.090000000000007 25.967000000000006 26.845000000000006 27.723000000000006 28.609000000000005 29.485000000000007 30.366000000000007 31.243000000000006 32.121 32.997 33.874 34.751000000000005 35.62800000000001 36.50300000000001 37.37800000000001 38.254000000000005 39.129000000000005 40.118 40.995000000000005 41.874 42.749 43.626000000000005 44.50300000000001 45.379000000000005 46.25600000000001 47.13400000000001 48.043000000000006 48.92100000000001 49.800000000000004 50.679 51.559000000000005 52.438 53.392 54.273 55.154 56.038000000000004 56.929 57.812000000000005 58.693000000000005 59.578 60.464000000000006 61.346000000000004 62.229000000000006 63.114000000000004 63.998000000000005 64.88300000000001 65.766 66.652 67.538 68.42099999999999 69.306 70.191 71.077 71.961 72.845 73.729 74.62 75.50800000000001 76.39900000000002 77.29000000000002 78.18100000000003 79.07400000000003 79.96200000000003 80.84900000000003 81.73400000000004 82.61900000000004 83.50200000000004 84.38600000000004 85.27100000000004 86.15600000000005 87.04200000000004 87.92600000000004
saga
1
22
 0.49665072877670735 0.001968650193925864 4.4623384690339885E-4 1.4774136561879203E-4 4.841861446422402E-5 3.744762230914467E-5 7.317014528607224E-6 3.047018780844013E-6 2.517865449747081E-7 1.4068419481316763E-6 2.7176721095756307E-8 5.996809715469453E-9 6.447481520899245E-9 4.226246297367453E-10 1.468143107086206E-10 7.151551573159054E-11 1.343194999670061E-11 1.5442092049511302E-12 2.4041879598257765E-13 1.0433320873914909E-13 1.486033518460772E-13 6.772360450213455E-15
steps13
1
22
 0.0 1.0 2.0 3.0 4.0 5.0 6.0 7.0 8.0 9.0 10.0 11.0 12.0 13.0 14.0 15.0 16.0 17.0 18.0 19.0 20.0 21.0
time14
1
22
 0.0 0.42400000000000015 0.7030000000000004 0.9990000000000007 1.2969999999999724 1.6059999999999441 1.9109999999999159 2.2249999999998877 2.485999999999859 2.8029999999998303 3.0639999999998015 3.3859999999997727 3.6449999999997442 3.9049999999997156 4.22299999999976 4.485999999999848 4.747999999999935 5.069000000000023 5.3280000000001095 5.591000000000197 5.853000000000285 6.1710000000003715
DataDrivenNewton
1
15
 0.49665072877670735 0.1727592413211714 0.15637618377352622 0.1288434477620077 0.10546359582887663 0.07290228910175242 0.04191509478416253 0.023029044064474813 0.010949514080479256 0.004146438132537705 0.0011694686997019699 1.8802917564136878E-4 3.288326383688034E-7 1.6523449275496205E-12 6.38378239159465E-16
steps16
1
15
 0.0 0.0014669600586784024 0.004400880176035207 0.010268720410748817 0.022004400880176037 0.04547576181903047 0.09241848369673934 0.1863039274521571 0.3740748149629926 0.7496165899846636 1.5007001400280056 2.500700140028006 3.500700140028006 4.500700140028005 5.500700140028005
time17
1
15
 0.0 0.001 0.003 0.007 0.013000000000000001 0.026000000000000002 0.062 0.11299999999999999 0.21499999999999997 0.418 0.831 1.559 2.395 3.317 4.24
external-lbfgs-dyna-reg
1
136
 0.49665072877670735 0.35863613826585705 0.2033409850775613 0.18650354498970775 0.18094401181837247 0.18013734492982106 0.18092975578616097 0.18094376714343194 0.1809440076210326 0.1809440117463699 0.18094401181713768 0.18094401181835293 0.1809440118183724 0.18094401181837258 0.18094401181837247 0.18094401181837247 0.18094401181837247 0.18094401181837247 0.18094401181837247 0.18094401181837247 0.18094401181837247 0.18094401181837258 0.18094401181837264 0.18094401181837258 0.18094401181837258 0.18094401181837258 0.18094401181837247 0.18094401181837258 0.18094401181837258 0.18094401181837258 0.18094401181837258 0.18094401181837258 0.18094401181837258 0.18094401181837258 0.18094401181837258 0.18094401181837258 0.18094401181837258 0.18094401181837258 0.2403006079958325 0.18034042179080909 0.18058535106297355 0.1800410413107337 0.17993761333269723 0.1799209319214676 0.1798975366641878 0.17987990787342942 0.1798872557795749 0.17987746135067625 0.1798748341163803 0.17987443220343244 0.1798741133496579 0.17987402219691276 0.17987398057533785 0.17987396918393297 0.17987395829257888 0.1798739583989691 0.179873957316498 0.1798739568946289 0.17987395666853304 0.17987395652383006 0.1798739564810903 0.17987395644088142 0.17987395643832307 0.17987395643783324 0.1798739564371207 0.17987395643740187 0.17987395643706158 0.17987395643702583 0.17987395643701012 0.17987395643700396 0.17987395643700418 0.1798739564370099 0.17987395643700962 0.17987395643700407 0.17987395643700396 0.17987395643700396 0.17987395643700424 0.17987395643700396 0.17987395643700396 0.17987395643700413 0.17987395643700396 0.17987395643700396 0.17987395643700407 0.17987395643700396 0.17987395643700396 0.17987395643700396 0.17987395643700396 0.17987395643700407 0.17987395643700396 0.17987395643700396 0.17987395643700396 0.17987395643700424 0.17987395643700396 0.17987395643700396 0.17987395643700413 0.17987395643700396 0.17987395643700396 0.17987395643700396 0.17987395643700407 0.17987395643700396 0.17987395643700396 0.17987395643700407 0.17987395643700396 0.17987395643700396 0.17987395643700407 0.17987395643700396 0.17987395643700396 0.17987395643700396 0.17987395643700396 0.17987395643700396 0.17987395643700396 0.17987395643700396 0.17987395643700407 0.17987395643700396 0.17987395643700396 0.17987395643700407 0.17987395643700396 0.17987395643700396 0.17987395643700396 0.17987395643700407 0.17987395643700396 0.17987395643700396 0.17987395643700407 0.17987395643700396 0.17987395643700396 0.17987395643700396 0.17987395643700396 0.17987395643700396 0.17987395643700396 0.17987395643700396 0.17987395643700396 0.17987395643700396 0.17987395643700396 0.17987395643700396 0.17987395643700413 0.17987395643700396
steps19
1
136
 0.0 0.0014669600586784024 0.002933920117356805 0.004400880176035207 0.00586784023471361 0.007334800293392012 0.008801760352070413 0.010268720410748817 0.01173568046942722 0.013202640528105622 0.014669600586784024 0.016136560645462424 0.017603520704140826 0.020537440821497634 0.02347136093885444 0.026405281056211243 0.03227312129092485 0.038140961525638464 0.04400880176035207 0.05574448222977929 0.06748016269920651 0.07921584316863373 0.10268720410748816 0.1261585650463426 0.14962992598519703 0.1965726478629059 0.2435153697406148 0.29045809161832364 0.38434353537374144 0.4782289791291592 0.5721144228845769 0.7598853103954124 0.9476561979062479 1.1354270854170834 1.5109688604387543 1.8865106354604255 2.2620524104820965 3.0131359605254384 3.7642195105687803 4.515303060612123 5.515303060612123 6.515303060612123 7.515303060612123 8.515303060612123 9.515303060612123 10.515303060612123 11.515303060612123 12.515303060612123 13.515303060612123 14.515303060612123 15.515303060612123 16.515303060612123 17.515303060612123 18.515303060612123 19.515303060612123 20.515303060612123 21.515303060612123 22.515303060612123 23.515303060612123 24.515303060612123 25.515303060612123 26.515303060612123 27.515303060612123 28.515303060612123 29.515303060612123 30.515303060612123 31.515303060612123 32.51530306061212 33.51530306061212 34.51530306061212 35.51530306061212 36.51530306061212 37.51530306061212 38.51530306061212 39.51530306061212 40.51530306061212 41.51530306061212 42.51530306061212 43.51530306061212 44.51530306061212 45.51530306061212 46.51530306061212 47.51530306061212 48.51530306061212 49.51530306061212 50.51530306061212 51.51530306061212 52.51530306061212 53.51530306061212 54.51530306061212 55.51530306061212 56.51530306061212 57.51530306061212 58.51530306061212 59.51530306061212 60.51530306061212 61.51530306061212 62.51530306061212 63.51530306061212 64.51530306061213 65.51530306061213 66.51530306061213 67.51530306061213 68.51530306061213 69.51530306061213 70.51530306061213 71.51530306061213 72.51530306061213 73.51530306061213 74.51530306061213 75.51530306061213 76.51530306061213 77.51530306061213 78.51530306061213 79.51530306061213 80.51530306061213 81.51530306061213 82.51530306061213 83.51530306061213 84.51530306061213 85.51530306061213 86.51530306061213 87.51530306061213 88.51530306061213 89.51530306061213 90.51530306061213 91.51530306061213 92.51530306061213 93.51530306061213 94.51530306061213 95.51530306061213 96.51530306061213 97.51530306061213 98.51530306061213 99.51530306061213 100.51530306061213
time20
1
136
 0.0 0.017 0.017 0.018000000000000002 0.018000000000000002 0.018000000000000002 0.019000000000000003 0.019000000000000003 0.019000000000000003 0.019000000000000003 0.020000000000000004 0.020000000000000004 0.020000000000000004 0.020000000000000004 0.021000000000000005 0.021000000000000005 0.022000000000000006 0.023000000000000007 0.02500000000000001 0.028000000000000008 0.030000000000000006 0.03200000000000001 0.03400000000000001 0.03900000000000001 0.044000000000000004 0.049 0.059000000000000004 0.069 0.078 0.097 0.116 0.135 0.17200000000000001 0.21000000000000002 0.24700000000000003 0.322 0.397 0.47200000000000003 0.621 0.81 0.9590000000000001 1.157 1.356 1.554 1.752 1.95 2.148 2.346 2.545 2.743 2.944 3.169 3.368 3.566 3.764 3.9629999999999996 4.161 4.359 4.557 4.755000000000001 4.953000000000001 5.162000000000001 5.409000000000001 5.640000000000001 5.838000000000001 6.036000000000001 6.234000000000002 6.433000000000002 6.631000000000002 6.829000000000002 7.027000000000003 7.225000000000003 7.424000000000003 7.622000000000003 7.820000000000004 8.018000000000004 8.220000000000004 8.418000000000005 8.617000000000004 8.815000000000005 9.013000000000005 9.210000000000004 9.408000000000005 9.605000000000004 9.803000000000004 10.001000000000005 10.199000000000005 10.397000000000006 10.595000000000006 10.810000000000006 11.025000000000006 11.223000000000006 11.422000000000006 11.620000000000006 11.822000000000006 12.020000000000007 12.222000000000007 12.420000000000007 12.618000000000007 12.816000000000008 13.014000000000008 13.212000000000009 13.410000000000009 13.612000000000009 13.81000000000001 14.00800000000001 14.20600000000001 14.40400000000001 14.60300000000001 14.80100000000001 14.999000000000011 15.197000000000012 15.395000000000012 15.594000000000012 15.792000000000012 15.990000000000013 16.188000000000013 16.390000000000015 16.588000000000015 16.786000000000016 16.985000000000017 17.183000000000018 17.381000000000018 17.58000000000002 17.77900000000002 17.978000000000023 18.176000000000023 18.374000000000024 18.572000000000024 18.771000000000026 18.973000000000027 19.171000000000028 19.37000000000003 19.56900000000003 19.76700000000003 19.965000000000032
external-lbfgs-static
1
37
 0.49665072877670735 0.34457360398885184 0.1402270853575752 0.11211686816789976 0.08896156279864934 0.05816943100207153 0.013905807718614466 0.006374711569467367 0.003853593583976439 0.003150125687894745 0.0023562021857229665 0.0013239033742171724 3.3111608464669873E-4 2.1147752440228706E-4 1.659256022279454E-5 8.475514288258656E-6 5.641512988319164E-6 3.1677610743408025E-6 8.539658186701438E-7 1.5123903193692279E-7 6.534116323009265E-8 1.0655221344135768E-8 3.6250749346766753E-9 1.1361721286018422E-9 5.836993388630418E-10 1.7455151213319198E-10 5.681685677494386E-11 2.5889040911053485E-11 1.3291007183724446E-11 4.24510426810798E-12 1.2975731600306517E-12 3.9140912733159894E-13 9.620082508376981E-14 1.0241807402167069E-13 3.902433931557425E-14 1.2351231148954867E-14 6.439293542825908E-15
steps22
1
37
 0.0 1.0 2.0 3.0 4.0 5.0 6.0 7.0 8.0 9.0 10.0 11.0 12.0 13.0 14.0 15.0 16.0 17.0 18.0 19.0 20.0 21.0 22.0 23.0 24.0 25.0 26.0 27.0 28.0 29.0 30.0 31.0 32.0 33.0 34.0 35.0 36.0
time23
1
37
 0.0 0.18 0.36 0.5409999999999999 0.722 0.9019999999999999 1.083 1.264 1.447 1.6280000000000001 1.8090000000000002 1.991 2.172 2.353 2.5340000000000003 2.7270000000000003 2.9310000000000005 3.1110000000000007 3.291000000000001 3.471000000000001 3.654000000000001 3.835000000000001 4.016000000000001 4.196000000000001 4.376 4.557 4.738 4.918 5.099 5.297000000000001 5.519000000000001 5.767000000000001 5.947000000000001 6.127000000000001 6.307 6.488 6.6690000000000005
