21
c:1.25
1
37
 0.49665072877670735 0.19229534523712613 0.1764052918291877 0.1759120750870732 0.16623338574542265 0.155407180109253 0.1467256282777811 0.13224268617723847 0.12400365586509929 0.12043356699807492 0.11202637444864447 0.09620737785380115 0.0850674375881468 0.07485704873182733 0.0681366726913892 0.061804631841622965 0.05320489721758073 0.047439763777263555 0.039570807897575805 0.03387099097111143 0.027957018283787133 0.023998278303440645 0.017674344505524076 0.012433291006022806 0.009219538489154327 0.007739404323587579 0.005449140652549561 0.003966933711197329 0.002636201937774918 0.001603326590996046 0.0011252000164856946 6.929258714177267E-4 2.9535014760523337E-4 7.8693698184501E-5 1.580134021147983E-5 1.2184469544429533E-9 6.106226635438361E-16
steps1
1
37
 0.0 9.779733724522683E-4 0.0019559467449045366 0.0031784134604698716 0.0046898268542597404 0.006579093596497077 0.008935120357404814 0.01186904047476162 0.015536440621457625 0.0201151341379387 0.025827387699762176 0.03296214798515259 0.04187504167500167 0.053010602120424084 0.06692449601031317 0.08430575003889666 0.10602120424084817 0.13315996532639862 0.16707786001644773 0.20946411504523127 0.2624302638305439 0.32862127981151784 0.4113489364539575 0.5147473939232291 0.6439954657598186 0.8055388855548887 1.0074681602987263 1.2598741970616345 1.5753817430152697 1.969749505456647 2.4626925385077016 3.078860216487742 3.8490587006290147 4.811806805805605 5.811806805805605 6.811806805805605 7.811806805805605
time2
1
37
 0.0 0.002 0.014 0.015 0.016 0.017 0.018000000000000002 0.019000000000000003 0.021000000000000005 0.023000000000000007 0.02500000000000001 0.02700000000000001 0.038000000000000006 0.04200000000000001 0.04700000000000001 0.053000000000000005 0.061000000000000006 0.07200000000000001 0.08900000000000001 0.10400000000000001 0.12300000000000001 0.14700000000000002 0.21000000000000002 0.24500000000000002 0.29100000000000004 0.34700000000000003 0.41600000000000004 0.503 0.613 0.748 0.914 1.129 1.408 1.74 2.157 2.583 3.172
c:1.5
1
23
 0.49665072877670735 0.2273086757434055 0.21017051507545728 0.20946391279598972 0.19593197331279724 0.14100558439319508 0.11331114577640453 0.1007965368629141 0.0907267111066413 0.07246347589907806 0.056315264690156325 0.038601133795825415 0.026247876700666806 0.018680621792851376 0.012394638931769841 0.007134196944793614 0.003733568320237801 0.002143104233836707 6.798693815051604E-4 2.674100734298135E-4 8.339488007297335E-6 5.277639436584991E-10 1.0E-14
steps4
1
23
 0.0 9.779733724522683E-4 0.0019559467449045366 0.0034229068035829388 0.005623346891600542 0.00891289368984908 0.013847213887221889 0.0212486941832811 0.032339801293592055 0.04896534862528061 0.07390366962281344 0.11131115111911272 0.16741126002978374 0.2515614233957903 0.3777866684448001 0.5671134226845369 0.8511035540441422 1.2770776377497721 1.9160276499744393 2.874441554977662 3.874441554977662 4.874441554977662 5.874441554977662
time5
1
23
 0.0 0.0 0.001 0.002 0.003 0.005 0.007 0.01 0.015 0.020999999999999998 0.031 0.046 0.068 0.10300000000000001 0.15300000000000002 0.22900000000000004 0.331 0.452 0.63 0.897 1.312 1.728 2.152
c:2.0
1
16
 0.49665072877670735 0.22136868783580813 0.2048244206304227 0.20420216395890842 0.1439863289921888 0.11958170660088477 0.0979075152187869 0.053408607940153036 0.0337632806096462 0.017623749370063113 0.008487348090803148 0.002881886795593952 6.564196213263707E-4 3.7224585898998352E-6 2.2432286583828898E-10 1.0E-14
steps7
1
16
 0.0 9.779733724522683E-4 0.0019559467449045366 0.003911893489809073 0.007823786979618146 0.015647573959236293 0.031295147918472585 0.06259029583694517 0.12518059167389034 0.2503611833477807 0.5007223666955614 1.0014447333911227 2.0014447333911227 3.0014447333911227 4.001444733391122 5.001444733391122
time8
1
16
 0.0 0.001 0.001 0.002 0.003 0.005 0.009000000000000001 0.016 0.028999999999999998 0.05499999999999999 0.10699999999999998 0.21899999999999997 0.43199999999999994 0.855 1.276 1.702
c:3.0
1
13
 0.49665072877670735 0.23267540779422605 0.22251718815374152 0.2223434563321928 0.13614628030333545 0.08961507227455975 0.045239875521421696 0.01701878819207278 0.004921670450380888 4.408244591765087E-4 2.541581168830076E-6 1.083562128911808E-10 1.0E-14
steps10
1
13
 0.0 9.779733724522683E-4 0.0019559467449045366 0.004889866862261341 0.013691627214331755 0.040096908270543 0.11931275143917672 0.3569602809450779 1.0699028694627815 2.0699028694627812 3.0699028694627812 4.069902869462782 5.069902869462782
time11
1
13
 0.0 0.0 0.001 0.001 0.002 0.006 0.018000000000000002 0.052000000000000005 0.15300000000000002 0.459 0.88 1.412 1.8319999999999999
c:5.0
1
12
 0.49665072877670735 0.22377776584101186 0.2108627379466991 0.21052512251912528 0.12052902974656923 0.04710933931181166 0.015261345279097838 0.0023174076244634467 6.525953212882518E-5 7.081329311819928E-8 8.928968675547821E-14 8.604228440844963E-16
steps13
1
12
 0.0 9.779733724522683E-4 0.0019559467449045366 0.0068458136071658775 0.031295147918472585 0.1535418194750061 0.7647751772576737 1.7647751772576739 2.7647751772576736 3.7647751772576736 4.764775177257674 5.764775177257674
time14
1
12
 0.0 0.001 0.001 0.001 0.003 0.013999999999999999 0.069 0.335 0.758 1.188 1.6039999999999999 2.029
c:9.0
1
11
 0.49665072877670735 0.24821061067938713 0.2346507918088093 0.23422207564956135 0.09457040912759776 0.029379048338684405 0.005697684933675423 3.659562514248538E-4 2.126006725111651E-6 8.1758017023148E-11 4.163336342344337E-16
steps16
1
11
 0.0 9.779733724522683E-4 0.0019559467449045366 0.01075770709697495 0.08997355026560867 0.8029161387833122 1.8029161387833121 2.802916138783312 3.802916138783312 4.802916138783313 5.802916138783313
time17
1
11
 0.0 0.0 0.001 0.001 0.005 0.038 0.33899999999999997 0.766 1.189 1.618 2.033
c:17.0
1
11
 0.49665072877670735 0.22531357264577076 0.21040837865157994 0.20986720405337958 0.08071505723856451 0.020652984387918683 0.0032564525860785953 1.339458594169507E-4 3.0303748388416096E-7 1.7037204980141496E-12 1.0E-14
steps19
1
11
 0.0 9.779733724522683E-4 0.0019559467449045366 0.018581494076593097 0.30121579871529863 1.3012157987152986 2.301215798715299 3.301215798715299 4.301215798715298 5.301215798715298 6.301215798715298
time20
1
11
 0.0 0.001 0.001 0.002 0.008 0.127 0.5469999999999999 0.9769999999999999 1.4 1.8239999999999998 2.246
