10
SGD
5
101
 -2.591421568514398 -4.169974590653217 -4.488880463178749 -4.672374854237891 -4.812353036014958 -4.914893607108417 -4.998618693240831 -5.069362126970958 -5.132905314814826 -5.18762705470936 -5.235933053025901 -5.280548922817184 -5.321054756026854 -5.358925057596806 -5.392206848618068 -5.422145583477467 -5.450481341797138 -5.477667756285175 -5.502696172952108 -5.527710398735361 -5.5505975532037235 -5.572494563856582 -5.593301675415266 -5.613174410199009 -5.632173237609773 -5.650461285942896 -5.668288625642738 -5.684916288945876 -5.701326573550061 -5.716931107703092 -5.731530058112732 -5.74643234562885 -5.76012933130015 -5.77407309733662 -5.787469623439723 -5.800764899005202 -5.81289579750268 -5.825218329770817 -5.836736078975972 -5.848317577390871 -5.859671372411006 -5.870813610350054 -5.881492198020925 -5.8927619141547645 -5.903315745043671 -5.913421811302865 -5.923117082008923 -5.93289885254019 -5.942307109315622 -5.951232765613032 -5.9599098338475205 -5.968608558921914 -5.97728583160762 -5.985929212951565 -5.993517820758086 -6.001546919154925 -6.009437157104744 -6.016746701368798 -6.024339635520791 -6.031971919563674 -6.039832332967771 -6.047093765098833 -6.054241839763401 -6.060881152881656 -6.068162224450463 -6.074953830702709 -6.081571833266154 -6.08778534836695 -6.094653391526577 -6.101209361686726 -6.107286904336474 -6.113601568439836 -6.119621498240666 -6.125540128792321 -6.131671571640867 -6.13761751034682 -6.143174767347967 -6.14887873337038 -6.154327495950402 -6.159903523494555 -6.165431129148003 -6.17105040340747 -6.17646422075111 -6.181758861748068 -6.187101058178099 -6.192262542674034 -6.197411893318105 -6.202471206783577 -6.207542924563393 -6.212586149380782 -6.217134945666063 -6.221816186347844 -6.226407558924467 -6.231284785847423 -6.236232626596941 -6.240968447764203 -6.245708816271004 -6.25022130460041 -6.2544451614151715 -6.258856223216843 -6.263352077439953
101
 -2.591421568514398 -4.180702847400254 -4.506432367755832 -4.70352874119504 -4.834324369791753 -4.936625005379327 -5.024759660694098 -5.095234572607935 -5.154117638156411 -5.209709556649911 -5.256413861317026 -5.299171323402343 -5.3368893942173194 -5.372570849096131 -5.40472337333975 -5.435477930098467 -5.463502768933723 -5.49122303766187 -5.516974856513371 -5.542066659653988 -5.563274847120707 -5.585129234139824 -5.605697754582015 -5.626341777931659 -5.645554738417658 -5.663978823861377 -5.682255887676789 -5.698203128992389 -5.714230120531222 -5.729955933302986 -5.744518308905029 -5.7590211698690705 -5.773469500559661 -5.786995443433083 -5.800894899948888 -5.813639891361398 -5.825720800259327 -5.838165261051742 -5.850626141013504 -5.862273381187452 -5.873743836525359 -5.884198650212266 -5.894573718242136 -5.905085669864508 -5.915261402560934 -5.924978147818394 -5.934941035950807 -5.944766759055535 -5.954496534468213 -5.963263371340072 -5.972339314146757 -5.98126915661658 -5.989808046826172 -5.998237767675138 -6.006280596313837 -6.014224898472243 -6.022515177417108 -6.029919092983033 -6.037475725306977 -6.045292088547553 -6.0527528153828944 -6.0597847591148835 -6.066926934389155 -6.0743736005722395 -6.0811559194388645 -6.087911703230649 -6.094557174408052 -6.101387117926111 -6.108031192404798 -6.1145209989899145 -6.120990258775043 -6.127261994593142 -6.133590976627135 -6.139860716629917 -6.145876312794307 -6.15161513653299 -6.1575748914025805 -6.163302577836354 -6.169270536227585 -6.174809321103585 -6.180284352596965 -6.185823706574493 -6.1914876152947125 -6.1969036276944145 -6.202220045623387 -6.2074353182024185 -6.212627266330143 -6.217719115974298 -6.222821447325652 -6.227680245068521 -6.23212508933207 -6.237144546530836 -6.241737218324744 -6.246618016598915 -6.251487172346856 -6.255993171435043 -6.2606127365467685 -6.264714542071668 -6.269146235061197 -6.273646783353049 -6.278147868821199
101
 -2.591421568514398 -4.1392730621707505 -4.467721888789867 -4.656768417283596 -4.7901359241456625 -4.895308947909732 -4.97913690827452 -5.049405534646012 -5.11010207022706 -5.163094673058967 -5.211884670327215 -5.256080391278597 -5.296235420483936 -5.3325230697544015 -5.363824370884338 -5.396578386384344 -5.426181009890427 -5.453719513329938 -5.479900297793445 -5.50373987814639 -5.527658310886671 -5.549783877807718 -5.570900326135096 -5.590658649300641 -5.609233353580229 -5.627620060767141 -5.644190189276125 -5.661438151460444 -5.6779371010995305 -5.694042455325166 -5.70885705355973 -5.72291174144321 -5.737669490913301 -5.751319061510938 -5.764102455805634 -5.777400732242146 -5.789609942956484 -5.802291501079987 -5.813985842132309 -5.825443202712578 -5.8369964047651015 -5.8480388708622275 -5.8586502634619535 -5.868695318931186 -5.878681193228266 -5.8884513877477 -5.898349144080738 -5.907757902200932 -5.916922526938489 -5.925440971471903 -5.93441980768214 -5.942996029904204 -5.95159552902672 -5.95991467397545 -5.967994990860038 -5.976344063530245 -5.984248548781804 -5.992314116380834 -6.000230388541578 -6.007947060017641 -6.015181144865167 -6.022833506459119 -6.029788036047743 -6.036843913536441 -6.043878742476623 -6.050665337613145 -6.057406745489287 -6.063983998087553 -6.070111659930669 -6.076641428066306 -6.082610189505284 -6.089032810413369 -6.0948702548351354 -6.100834719374884 -6.106859117060704 -6.112787351262073 -6.118712420129806 -6.124209495356187 -6.130035296282988 -6.135470979846991 -6.140727322612164 -6.146417234631942 -6.151495178468984 -6.156687369922681 -6.161678139907061 -6.16670533120954 -6.1717318978436975 -6.176620079394131 -6.181380991767811 -6.186356449274467 -6.191178468272478 -6.195901206974675 -6.200558969232376 -6.205252562764762 -6.210020399147662 -6.2146088031822355 -6.219335627189543 -6.223885273627011 -6.228422950768011 -6.232787078138941 -6.237336058175363
101
 -2.591421568514398 -4.295640918123161 -4.603668358510467 -4.780846780157691 -4.909655661541746 -5.008357507172634 -5.088698041331422 -5.156548891393274 -5.215135470970874 -5.267147747459874 -5.311093782994973 -5.352794429547828 -5.3901941790392005 -5.423569035334729 -5.455662311479441 -5.485568857430387 -5.512215494757559 -5.539296334132263 -5.564900936286294 -5.5882386291498785 -5.610542658769171 -5.631341672266864 -5.652131595945879 -5.671882771918731 -5.690737150886777 -5.708285210675681 -5.724858726109022 -5.7404114501658094 -5.756592314923567 -5.772124696560706 -5.786356841909811 -5.800735690623043 -5.814249814984864 -5.8277709867776135 -5.8399108080311155 -5.8516010809499805 -5.863467683900394 -5.875179448590766 -5.886692089125682 -5.897234647062044 -5.9077104774976785 -5.918059173409587 -5.928474606947257 -5.938558091491556 -5.9482189301485535 -5.957518577554587 -5.966296990280664 -5.975522640661102 -5.984755762729754 -5.993430570374227 -6.00206228772872 -6.010228404436811 -6.018434059952157 -6.02690610259783 -6.034455612526889 -6.042365286921977 -6.04964279174747 -6.057006758420358 -6.064344739516472 -6.071766833445966 -6.079223447516889 -6.086079805735021 -6.093231474350443 -6.09979079009452 -6.1063798502049105 -6.112781137046143 -6.1192853786198445 -6.125871384836584 -6.132407136371902 -6.138667429405716 -6.1445340081093365 -6.150682645673696 -6.156485331766314 -6.1621658455378485 -6.168204254046821 -6.17368282006017 -6.179641680559714 -6.184871341727626 -6.190638547448898 -6.195810894817365 -6.201020564638419 -6.206137355891887 -6.211550842048658 -6.216331023384142 -6.2213727336642375 -6.226469055414435 -6.231329591463131 -6.236354539477459 -6.241227922252678 -6.246120289856455 -6.25096384145969 -6.255720559201388 -6.260322282260758 -6.264801535264422 -6.269290533498694 -6.273569417837845 -6.277610645309355 -6.282185973755336 -6.2864271824426305 -6.290673527523038 -6.294786709094751
101
 -2.591421568514398 -4.238994942989783 -4.55277631927693 -4.737142673195246 -4.869620153609317 -4.973323904063631 -5.05537246124236 -5.122176922295743 -5.181570349568576 -5.2355389840177615 -5.281683483020177 -5.324324846473269 -5.364201438022477 -5.399575983609797 -5.4319784178866986 -5.460995035782664 -5.489129675305905 -5.517183262239424 -5.542313956830362 -5.566000638576859 -5.588584559510282 -5.609569557917222 -5.629188348465881 -5.6479960426234905 -5.666589923725991 -5.683962234404029 -5.701259024062957 -5.716474712126827 -5.732417280042579 -5.7484380102001165 -5.763069739603245 -5.777428378527004 -5.791461323358934 -5.804535125849078 -5.817825030474789 -5.830663803512386 -5.842770966866391 -5.854917466210268 -5.866259846975221 -5.877882120148746 -5.889155671378158 -5.8998521317206 -5.9101637994892675 -5.92048230164307 -5.929969164865597 -5.93955059546922 -5.949201438403504 -5.958463550512771 -5.96759711376007 -5.976532495962747 -5.985403617431529 -5.994380026917091 -6.00279616504147 -6.011406405502122 -6.019396010430702 -6.027316006457065 -6.034941838967688 -6.042615969189879 -6.049958522926688 -6.057465159587774 -6.064611204531063 -6.071647505131767 -6.078969273121412 -6.0860776505649365 -6.09270305019207 -6.099178873633207 -6.10554639619138 -6.11213903991601 -6.118493590241115 -6.124896211788434 -6.130953542342017 -6.137450038855855 -6.143227742571167 -6.149229735219632 -6.15518562939455 -6.16063707264217 -6.166035362859471 -6.171641422185792 -6.177310893905165 -6.18256421505597 -6.188080732056243 -6.193336221121901 -6.198657426599447 -6.203640390714336 -6.20863306278534 -6.21357470565471 -6.218586498351772 -6.223578070596358 -6.228528985269187 -6.233064017062931 -6.237710358936875 -6.242370685435144 -6.247190902466084 -6.25195028642909 -6.256609694929188 -6.261160929289676 -6.265594010714269 -6.269860595073873 -6.274370311878604 -6.2785487152917225 -6.282790457497786
SAGA
5
101
 -2.591421568514398 -2.7668152382010787 -2.942116098710789 -3.117299851010648 -3.2891717950436266 -3.4587439236695667 -3.6187462914073545 -3.782789784710648 -3.9444037841842725 -4.098433356721125 -4.257474404617075 -4.4150910019306 -4.570165300900904 -4.726878054535102 -4.880064362727928 -5.032478840968113 -5.186502243219797 -5.3365676920157945 -5.487454693026006 -5.639172478438377 -5.788269211720894 -5.933189627670413 -6.078495577370398 -6.225996515065062 -6.3664686983077114 -6.509995232683031 -6.649486163806735 -6.792620171988088 -6.932001287714364 -7.067675764136271 -7.211038712999581 -7.350811111447146 -7.491086379585646 -7.630225092893031 -7.770006840860572 -7.906995124078233 -8.042824038320406 -8.183245195926556 -8.314591339049722 -8.455284613960435 -8.589770237877053 -8.72403528506002 -8.856820085042346 -8.991537622859338 -9.116812041793201 -9.251522904570779 -9.3856465241145 -9.515067427604327 -9.645054609281525 -9.777544946950117 -9.90615350928626 -10.032882821915189 -10.166173968000718 -10.292761315066407 -10.418061825520633 -10.546751572165103 -10.671082129805985 -10.793878261733859 -10.918953379454509 -11.047608282460367 -11.17401215814873 -11.298620674236872 -11.424896573020538 -11.5493285954752 -11.674405839697497 -11.798793788509126 -11.92561190216335 -12.044457505893655 -12.169455262793484 -12.2932858005062 -12.410340927075385 -12.535914438012256 -12.651733760477107 -12.77209759663628 -12.884930681674165 -13.002015258864395 -13.123295553284308 -13.245007604866494 -13.368220343331457 -13.485637897240865 -13.604276121272221 -13.72396585505643 -13.844486926090674 -13.963576835496138 -14.082144868593375 -14.202554275860761 -14.3156130225847 -14.431401489923893 -14.541725213519255 -14.659172202247554 -14.776053429705515 -14.891076217924457 -15.009436628959646 -15.126757815315313 -15.240926545454704 -15.358286150317142 -15.47653677065668 -15.591719506574387 -15.707520610216575 -15.820456975256802 -15.932912077756619
101
 -2.591421568514398 -2.766535711622572 -2.9449111871947817 -3.1216545760291328 -3.294105748794962 -3.457623541850886 -3.6204312987026097 -3.782624088478714 -3.9429206348784622 -4.102846805146963 -4.258263685280432 -4.4128943984810824 -4.568245957276901 -4.722260925873143 -4.878805194915315 -5.029607001703195 -5.181926311670296 -5.331393899123197 -5.479313920151737 -5.630101128327964 -5.776807525976274 -5.918743113921107 -6.063563540914842 -6.209820234943798 -6.352130707226099 -6.494447287327339 -6.637211867353539 -6.785120332099466 -6.928126951836153 -7.068014765132072 -7.2093933082747865 -7.347801113036715 -7.48478351934447 -7.628247061029105 -7.764859954108854 -7.901095671492914 -8.039901374604282 -8.178572069360474 -8.314392464904815 -8.44998425898488 -8.585419080327728 -8.71496383008836 -8.851971459440959 -8.985565428850592 -9.121178153864705 -9.250221276788666 -9.383188611840806 -9.504350997680405 -9.634601955700802 -9.762410811794723 -9.892829147691055 -10.020454083682969 -10.15305168305706 -10.281399380402084 -10.410356557005722 -10.538962309281077 -10.660348089225245 -10.78834738231784 -10.915761501603331 -11.042922212078183 -11.161789317940364 -11.28422248980657 -11.402832335314454 -11.527112194523628 -11.65012141541748 -11.7715206189249 -11.890586735639864 -12.01510062757731 -12.137036873323696 -12.257918576051097 -12.384528503955714 -12.508554377556099 -12.63311701905839 -12.765218892749292 -12.887834541004294 -13.012503139514692 -13.124823199957559 -13.245406588075813 -13.367458461504564 -13.48131794942957 -13.597619077498335 -13.717466411679702 -13.833288218410535 -13.94699945217255 -14.065817425523548 -14.182501916373015 -14.300029502780522 -14.41669812215507 -14.536302418864459 -14.65283137318275 -14.772896815221772 -14.891224603170789 -15.002756235500014 -15.124297743757658 -15.243911391010483 -15.358785385201458 -15.47456714407257 -15.594423642694496 -15.70729224330023 -15.819716225785168 -15.929008848233122
101
 -2.591421568514398 -2.7661605886363216 -2.939135028209035 -3.108036487975191 -3.2787914229943445 -3.4462616557815053 -3.6120226922052527 -3.779154697712041 -3.9381967509724802 -4.100285351136821 -4.262017245384197 -4.416607534447146 -4.568408922081093 -4.723084507227856 -4.8762088403394905 -5.030696373827573 -5.182895364058515 -5.331814363018774 -5.479941045535189 -5.628985429688723 -5.7759929050324885 -5.925010943100619 -6.0713089484683485 -6.219449360946946 -6.358379198941371 -6.505099872855332 -6.6486968803629996 -6.7918943831729415 -6.937530592353301 -7.079336055301731 -7.214456039743388 -7.357477858422539 -7.494981029612995 -7.633163854875443 -7.771889467711477 -7.909679497017657 -8.04395693282122 -8.183743455675845 -8.319640167227837 -8.45137433525472 -8.590781245991582 -8.728009217638764 -8.865580151940813 -9.002357878262183 -9.132649438685874 -9.260033515272879 -9.391719334640351 -9.523602830103671 -9.655543399748298 -9.781529524333518 -9.912617084130442 -10.040506543947325 -10.175619651605535 -10.309176908605862 -10.432208356973584 -10.554620222419787 -10.684474495126743 -10.806614380387616 -10.934220213712498 -11.051750530176893 -11.177635349483129 -11.307352722715288 -11.426173498098812 -11.550304146089665 -11.673405650117477 -11.796156067609544 -11.923460175280496 -12.042973661327862 -12.163353083815148 -12.285769398231801 -12.411657899310134 -12.52895016863111 -12.650457609931687 -12.767746592142373 -12.889745063429555 -13.013510061646565 -13.134827444459399 -13.258632909799374 -13.377478451323576 -13.499674432541646 -13.618106612809449 -13.737532117069403 -13.857552408519723 -13.978443329959681 -14.095518495820205 -14.211420697041527 -14.330779395229307 -14.446529846535471 -14.570185335470512 -14.680307075858405 -14.795337979609888 -14.912353537545695 -15.025114751350527 -15.141400445737307 -15.257319464622954 -15.375452065343437 -15.494384190349294 -15.603642595580276 -15.721060257608626 -15.833378411158579 -15.95138043826809
101
 -2.591421568514398 -2.764976494932079 -2.938896754664553 -3.108076982162325 -3.275973485135559 -3.441680786609259 -3.6053708610402904 -3.771791985845243 -3.9329839493307013 -4.097042351355847 -4.25448265660941 -4.4131851758770395 -4.5717423441723435 -4.726307217362561 -4.879469767765026 -5.029481330308745 -5.181629843634137 -5.33065699964729 -5.4819535817942455 -5.628957220484704 -5.774990046987364 -5.920914766491644 -6.065609512393686 -6.2099151719711925 -6.357300044311074 -6.498207899392238 -6.644019705722597 -6.789623932776677 -6.93627710955957 -7.074607339463792 -7.215880429025805 -7.357159234125138 -7.493857812129144 -7.634445141507415 -7.773659919191634 -7.908032937679001 -8.039692429946589 -8.181009075449595 -8.316891944153966 -8.448668059128524 -8.58226624376316 -8.716275330796961 -8.854817312421355 -8.98772756412107 -9.12062116800717 -9.255535918395656 -9.388241833953572 -9.51654824134412 -9.648803949961344 -9.782976146793619 -9.912056246853734 -10.046882477587175 -10.175170006137536 -10.30279210620616 -10.429605574619266 -10.553049217844823 -10.678279837866084 -10.801690576416828 -10.929399715063974 -11.05657373252813 -11.182268393792938 -11.314400960005898 -11.441253569643983 -11.559180275889926 -11.682566501208916 -11.808699837371961 -11.928875207008723 -12.049720206870692 -12.171959977175511 -12.294648971346028 -12.421331343144498 -12.547139607254987 -12.67389007618561 -12.795040799390549 -12.910425368325537 -13.028966970348801 -13.155041770698743 -13.277481691959274 -13.400284504145882 -13.517006964105562 -13.63383670523022 -13.757939421384451 -13.87795043546187 -13.997017870680175 -14.11351907524147 -14.231722097661887 -14.347052728490993 -14.47042875957091 -14.592336012341354 -14.711524912985675 -14.833960796404025 -14.940827306319058 -15.06322521445972 -15.175524622558122 -15.291197286238468 -15.408521359210297 -15.52338033767186 -15.636865976719182 -15.752429383365914 -15.863041096956476 -15.975265207265975
101
 -2.591421568514398 -2.760080946572144 -2.935475017947273 -3.1011572006080947 -3.2699237133212646 -3.4382968344004414 -3.5997851786500563 -3.7664681891968987 -3.9306027096235217 -4.091356669658714 -4.247397084640629 -4.407548761058625 -4.562008854546026 -4.719225688618941 -4.870463416488904 -5.025467831380108 -5.176179893118228 -5.321393906894692 -5.466124709436747 -5.611863348942425 -5.758234415932302 -5.908614044868055 -6.052609089691138 -6.2005892616408405 -6.343722632248424 -6.486519734714364 -6.629817588891635 -6.769136184810505 -6.912812308625442 -7.052437060085569 -7.19682899730077 -7.339713750549264 -7.4811190613444145 -7.62372204275727 -7.755391267024165 -7.892103933063436 -8.028366591836738 -8.158925531792123 -8.30083871418132 -8.43910390788162 -8.570813046485704 -8.704353810267218 -8.835432913192612 -8.966084087658887 -9.09446609422711 -9.228903764042146 -9.365519936281752 -9.497084658190602 -9.617158497651442 -9.751812267803144 -9.881636734150273 -10.010699933400277 -10.138030259527914 -10.267518068057642 -10.398653544481707 -10.53096995159324 -10.65848184014371 -10.792357897054293 -10.917728450659297 -11.047210777851651 -11.169952379732397 -11.297279984778179 -11.424045509274814 -11.546598430751205 -11.67410275214554 -11.79961205539552 -11.921013152717435 -12.051817654554004 -12.174084809702293 -12.29457456693302 -12.417273448123726 -12.538310353026406 -12.657721306430215 -12.774153900370663 -12.896023021777463 -13.01375927841749 -13.132034335237954 -13.25466633699929 -13.372790664590083 -13.493012668851904 -13.611497445546341 -13.72655087573246 -13.84300914832356 -13.956892261010436 -14.07003742703094 -14.190971657050985 -14.312212024723113 -14.432234364238868 -14.551379666025676 -14.669815570788195 -14.792666097950743 -14.911272939866025 -15.03095976582953 -15.139865992105571 -15.25870629283977 -15.378726631860388 -15.49320916965156 -15.610072121615046 -15.719976703003889 -15.83334053883669 -15.954318738070766
ADAPTSAGA
5
101
 -2.591421568514398 -3.990024627362778 -4.930093175287356 -5.572491681749214 -6.045912878832976 -6.414985178835649 -6.72160139937596 -6.988554557659448 -7.208764910944717 -7.433126015747988 -7.637761633263249 -7.821677332593654 -8.008451657240325 -8.191594079363504 -8.357011413323285 -8.519633116935333 -8.681457989248784 -8.837096138883098 -8.986620198217683 -9.109500686142159 -9.220007689138859 -9.33308238856949 -9.441158624192099 -9.550178321430707 -9.65862094716617 -9.767820226365068 -9.87554365878432 -9.981150238049521 -10.089967029359222 -10.195163613136977 -10.302757220848338 -10.41095998692519 -10.51684518138068 -10.622480392249846 -10.726535700244906 -10.833293056873176 -10.940936335220066 -11.04727483449276 -11.1500830928226 -11.25352058716883 -11.360125928445498 -11.464144293149925 -11.564633574580645 -11.664927898106134 -11.765504576900662 -11.868265631419225 -11.971358994955773 -12.075231187431458 -12.175068530304559 -12.275127755918326 -12.37599663934304 -12.480136780649236 -12.581099177017599 -12.684536277175884 -12.785601073894773 -12.885871714321965 -12.98640771109842 -13.08892922671472 -13.185176893669569 -13.284270851349088 -13.385480453935541 -13.486949292381164 -13.585849866458144 -13.685716356280468 -13.783187588447595 -13.882957734324814 -13.981206800223456 -14.085587311251844 -14.183201655965954 -14.2804850469612 -14.380695835195139 -14.482357936620154 -14.582324674249437 -14.679900681316495 -14.780121408884488 -14.880223355021949 -14.978043017072205 -15.076406758636143 -15.174504862965247 -15.26962162813282 -15.365654830337407 -15.461527669279347 -15.558899825538132 -15.656001749994374 -15.754093859506067 -15.851642888859445 -15.948164132008085 -16.04357905471007 -16.13806884777463 -16.233537520168046 -16.331516453482205 -16.42903695761976 -16.52658813059956 -16.622513799905633 -16.72055743097892 -16.817695384091003 -16.913850502347817 -17.010362964371577 -17.105841553919795 -17.20377235971689 -17.302326332690644
101
 -2.591421568514398 -3.9838396985927838 -4.945278871825353 -5.587776702141664 -6.061376281275112 -6.433460496911016 -6.739746617827655 -7.007726512252046 -7.222006567321824 -7.448838424142373 -7.654832471912476 -7.836857061004054 -8.02208476868858 -8.202807537825121 -8.369490423213247 -8.537386128705576 -8.702066406852266 -8.856814098830288 -9.012478290214009 -9.130352378108087 -9.23992393591718 -9.351091177628117 -9.46488774903333 -9.570578222863809 -9.678612210591783 -9.783958637384366 -9.89092662378146 -9.999475459846547 -10.107475779135882 -10.21458846688175 -10.323107333660175 -10.430285952791722 -10.537417871779823 -10.643360240328262 -10.748666586655423 -10.855338461460983 -10.960478569688268 -11.059487742082323 -11.163140132497697 -11.268620861357995 -11.371127072847933 -11.476210646161618 -11.579040613359695 -11.683653659320509 -11.787311223697492 -11.88995572252516 -11.997033503372961 -12.099610801834999 -12.20034487992539 -12.302803676294696 -12.400901545214138 -12.501673305212798 -12.602705095644982 -12.703491795366807 -12.803415169141138 -12.90122051708101 -13.000183701979127 -13.103624703682987 -13.202129045157307 -13.302424099373248 -13.403936518918263 -13.504268354338492 -13.602363687287676 -13.702193253814412 -13.801670375442834 -13.902703801524126 -14.00483598493974 -14.105542210800685 -14.200483175948001 -14.2972697222052 -14.396498419418402 -14.496935128627774 -14.595629348822701 -14.695274849029333 -14.79370822108447 -14.89293638686312 -14.99017823309059 -15.085554094610554 -15.184532056626498 -15.281970565237526 -15.377897575727111 -15.475187585340418 -15.572577089746476 -15.671374102301895 -15.770794467346834 -15.863247812701793 -15.960236830177108 -16.05773972433822 -16.155569180822493 -16.251359350344217 -16.349986741460942 -16.4463895943192 -16.542588385273284 -16.639011744899555 -16.735198512918032 -16.832613106577185 -16.92986135147775 -17.02604492347876 -17.12321180379427 -17.221803075614584 -17.31827095893852
101
 -2.591421568514398 -3.969300684084631 -4.93226030992215 -5.566464290963603 -6.039773081993839 -6.411022362571087 -6.719277297718178 -6.991182415933683 -7.207184683727415 -7.436625334398016 -7.6397200169637856 -7.825069986078832 -8.010286466364164 -8.191137399852915 -8.359463481497691 -8.527882302791054 -8.687884709636256 -8.84168493285966 -8.995331221322772 -9.11780901067853 -9.227771179405753 -9.336568732694948 -9.448113123431972 -9.557038306153324 -9.665527732969457 -9.773830798574629 -9.885491336419342 -9.992846260040658 -10.099115924242184 -10.206483056192504 -10.313519825710346 -10.417289458661354 -10.524494885870029 -10.630896727006702 -10.735881303566783 -10.841950950428597 -10.946273284465665 -11.048258041228378 -11.154110285524814 -11.258503258576571 -11.362459259670093 -11.46664195468983 -11.570600812797359 -11.671001604277103 -11.776984814900647 -11.878677613707495 -11.980669745904255 -12.080926024596428 -12.180005786797418 -12.280399359089772 -12.378324543350429 -12.478633351387646 -12.579558518805545 -12.680589329937979 -12.782727647741691 -12.885200746114421 -12.98863885440499 -13.091344643058592 -13.192597342134805 -13.29326487450771 -13.39376906702496 -13.495167587241076 -13.596422408184182 -13.696647071784977 -13.798204877220925 -13.89611894619852 -13.992188675094146 -14.088180821875154 -14.186367701963249 -14.285904464513232 -14.3851698986248 -14.484099921907688 -14.583538881925229 -14.684726562057785 -14.780328965708078 -14.877864328470439 -14.97630795130128 -15.072537027477338 -15.168191140805249 -15.267633360743423 -15.366971056665435 -15.464922092815263 -15.564270477759921 -15.661351841205722 -15.759037702624266 -15.859015668603725 -15.955772116275348 -16.05272075910278 -16.14853594900066 -16.246901819546277 -16.345698177617518 -16.44291403086444 -16.541960848378068 -16.64185528225568 -16.74037195339928 -16.837696157463228 -16.934170717568733 -17.03484536574032 -17.13239067802527 -17.229075453883752 -17.3258973315983
101
 -2.591421568514398 -3.952056879354139 -4.919127533172686 -5.573107076281607 -6.048990055858823 -6.429244452228609 -6.738785951100069 -7.005369274823563 -7.2213746505347505 -7.449944076695963 -7.655974833442793 -7.839608136911617 -8.026496593662399 -8.207188172485784 -8.37249516965792 -8.535051930066187 -8.696337215794472 -8.852500505345303 -9.005757339315458 -9.126077076856468 -9.23921279611392 -9.349116676045114 -9.459811056671082 -9.56807511538479 -9.678214114149828 -9.78619111251164 -9.893550978474039 -10.000614489310538 -10.10758496614606 -10.210219922201368 -10.318919717226965 -10.423407266700403 -10.528748214435677 -10.630887924393857 -10.738189141918621 -10.846392652575176 -10.951651604307399 -11.05579433232283 -11.1616213665583 -11.265112340939043 -11.366631106724734 -11.469230885373655 -11.570652252161674 -11.672038192558293 -11.774372511293281 -11.879239333294413 -11.97701927550599 -12.076823592633033 -12.178031301764156 -12.276422660893555 -12.381101023037711 -12.483535322486217 -12.585488624344855 -12.685633616255473 -12.787748331463588 -12.88881893203452 -12.98893198072365 -13.09309171219344 -13.194697061097415 -13.292495993236631 -13.393523486021708 -13.492345449799451 -13.592818069454976 -13.694713637979492 -13.79181084394843 -13.890427039428353 -13.987646915103426 -14.087549810737295 -14.188241691035966 -14.284248786051899 -14.383010011306267 -14.483433529271018 -14.58279230253094 -14.680048222371996 -14.777510701552377 -14.877540751978717 -14.976189221970028 -15.071364424010087 -15.170913263914453 -15.266719043748814 -15.36477099591535 -15.461448803904164 -15.55754405947362 -15.656347688052834 -15.754159836365641 -15.847980049517362 -15.944609871717592 -16.044366593093304 -16.1410526102323 -16.23830881021191 -16.332439790507514 -16.42915676767778 -16.52508053888722 -16.62100224828156 -16.713969543310103 -16.810553837920466 -16.906278486742526 -17.002361883802994 -17.096005540833357 -17.19411252808865 -17.289726143887783
101
 -2.591421568514398 -3.9780050767700006 -4.928572951590491 -5.573575242455285 -6.045891014216032 -6.4178656112531645 -6.720371238496076 -6.985760501008869 -7.202770006980287 -7.430680037381825 -7.633199804302603 -7.818469902118632 -8.001685985415104 -8.183521150653435 -8.350763454022706 -8.51471267249616 -8.673739381350286 -8.82806426869232 -8.980697840570771 -9.102124686989075 -9.214586731028678 -9.32391454821581 -9.431023749976308 -9.54014934512887 -9.649038461278664 -9.757001430246893 -9.866303936671933 -9.974247530614763 -10.080298728030826 -10.191476907347214 -10.298660916538704 -10.408352410291496 -10.515367761517798 -10.617494209913252 -10.725495653901193 -10.832314933274057 -10.935334569855899 -11.042700265729145 -11.148196779330455 -11.251536854531297 -11.354558043922133 -11.457693812650646 -11.563058289546454 -11.664386575274555 -11.769264702414754 -11.873915874186498 -11.977463044035643 -12.079005648939885 -12.184824392627617 -12.282387100813404 -12.38575488960129 -12.485284121183719 -12.588006512107507 -12.687319731813622 -12.789543187208519 -12.889450765060696 -12.99089904808834 -13.09194455967429 -13.195937650702918 -13.293093771667705 -13.393416486652715 -13.49241343274213 -13.598051196884539 -13.697749164557859 -13.798310251989149 -13.89818268018395 -13.994581868331933 -14.095120963216162 -14.192162206682616 -14.290681296876448 -14.388079953333841 -14.485798276525577 -14.586718639326671 -14.6854422698427 -14.785902542388042 -14.88401388869218 -14.983461973007543 -15.082187253203179 -15.18116123467058 -15.277278239140694 -15.376235719282583 -15.476463404991058 -15.573386857874224 -15.671071974877666 -15.769515878586537 -15.865717375379642 -15.962766975958365 -16.058662077130897 -16.153417193785803 -16.250902774752735 -16.347036288118915 -16.44667843668914 -16.545804985157496 -16.643647514759067 -16.740288677337535 -16.83685200870586 -16.934552601475406 -17.031182395621816 -17.13020030991269 -17.227911861047463 -17.3274044118359
ADAPTDoubling
5
101
 -2.591421568514398 -3.967416645865219 -4.755742094398374 -5.212145948579434 -5.630968184737366 -5.894630550476459 -6.1367595714575955 -6.353354708473565 -6.561763824317785 -6.714856587992102 -6.847413253059082 -6.969347747430656 -7.094010912800579 -7.220046979438766 -7.339858568919569 -7.465614965910854 -7.588543527778051 -7.710084894595319 -7.824897095056768 -7.941640113005679 -8.053867371539333 -8.165762141815902 -8.274396455537604 -8.385321719541837 -8.493068075259513 -8.605907321870292 -8.719752480085223 -8.830176076103108 -8.938665146634719 -9.051524811370783 -9.157324977353133 -9.265785984561223 -9.37413778320582 -9.480718795951853 -9.585660697856232 -9.691413983478698 -9.796700617523632 -9.899453493309078 -10.00560213342882 -10.11438802175974 -10.222255267112857 -10.327758895372295 -10.432335770685135 -10.541321592594286 -10.647235713818523 -10.74560088945337 -10.849718453857621 -10.952018978475804 -11.057387645888795 -11.160459815142378 -11.262199780196285 -11.364962876892722 -11.468033156621763 -11.570590627772177 -11.670102771039714 -11.773271153363734 -11.871759280502314 -11.97161528233441 -12.07190557061065 -12.172893694452519 -12.270108517032753 -12.367171586379566 -12.468483504183553 -12.573684453305118 -12.675470069015438 -12.77561308888629 -12.879315740325243 -12.978232424391631 -13.074950961683388 -13.1756684015421 -13.271268468634355 -13.373395347192723 -13.472173164655263 -13.567742129472968 -13.665769815861646 -13.761264728139501 -13.861170267429815 -13.956050861566943 -14.055097510798873 -14.148368471504755 -14.241650920365464 -14.339376212361728 -14.43841165101379 -14.538000880901771 -14.632940494193297 -14.729889507210952 -14.829592408063688 -14.929204265319138 -15.027247263422696 -15.123339972863004 -15.21991926871409 -15.320348040092062 -15.414955488607875 -15.511313251008099 -15.60600084342586 -15.6992390570512 -15.794686230900766 -15.892243787941148 -15.9879734183637 -16.08580441269537 -16.18109217080883
101
 -2.591421568514398 -3.969288781013815 -4.728550443945459 -5.196309205293671 -5.583350674007228 -5.839986860587752 -6.079441790649174 -6.304900699653245 -6.525140302455852 -6.675842816573589 -6.806854728566279 -6.938718673332823 -7.063624674479936 -7.190035169850766 -7.310016211876129 -7.43127730497463 -7.553933853717582 -7.67782373333184 -7.792399934200589 -7.90884939366785 -8.020564531754072 -8.136505606797511 -8.24617004673328 -8.360352581369456 -8.469845975394389 -8.582441209606833 -8.692323588436087 -8.801922434355852 -8.910753798448626 -9.01949275025985 -9.127405978723166 -9.23483522367979 -9.341288496828446 -9.44679854500409 -9.551212032783338 -9.656192623141408 -9.761792721991213 -9.866868418802833 -9.973749890294435 -10.081373104085992 -10.189796286200988 -10.293580743725794 -10.398396195414566 -10.502482463495475 -10.605491970941703 -10.709143148809353 -10.813418030863483 -10.915437724105646 -11.016619051819658 -11.11726818708922 -11.219883247529397 -11.320082241494218 -11.423544807660033 -11.527339387784977 -11.629855036036705 -11.730640922964124 -11.834232503914496 -11.932160024771155 -12.032881312325161 -12.132532428866394 -12.23540628974586 -12.332706231354864 -12.43400954311138 -12.533624090687407 -12.63493309196036 -12.735287131906325 -12.836574741956237 -12.933330075199127 -13.032462061444438 -13.132263161788986 -13.230591481840044 -13.330480984783868 -13.428066943375322 -13.525892937314072 -13.625792569384782 -13.72398799072407 -13.825603771276173 -13.92527757915676 -14.020492889358664 -14.118240472506926 -14.219044345491822 -14.317164280893348 -14.41611646088752 -14.509393180060115 -14.608084878526432 -14.704664604746 -14.798487757201157 -14.897840104227658 -14.99474184977808 -15.090575639417471 -15.187349327965546 -15.286278100064246 -15.386195228130628 -15.483392152521649 -15.582587291102376 -15.677929594355222 -15.774706518909111 -15.870620565528185 -15.967577913237054 -16.061819764587 -16.157210930878335
101
 -2.591421568514398 -3.95357896856655 -4.73539603822998 -5.2049434904798115 -5.609841776552457 -5.86490374500417 -6.095976400905726 -6.314492969885319 -6.524665553249914 -6.675051038280149 -6.80635606751837 -6.933220348252193 -7.058993899752748 -7.18427613938617 -7.303867262916337 -7.427600870316154 -7.546359765527845 -7.668477169997778 -7.779892876934194 -7.894537456118182 -8.008510526756664 -8.118661264108383 -8.229404580553949 -8.342761817237067 -8.455073294095204 -8.561023067089994 -8.670039570951223 -8.777019853271563 -8.885248225258449 -8.994127820562044 -9.104106891681148 -9.212719129408452 -9.319561637726508 -9.426588913842114 -9.531656622725057 -9.639784931250848 -9.746981386071452 -9.852287540529147 -9.957000641727598 -10.061125201505153 -10.169060662785084 -10.27546076915236 -10.379122690895295 -10.484472377064494 -10.588324884218508 -10.691933743757335 -10.800020430745942 -10.900324411661737 -11.00244671811463 -11.105649438633465 -11.211008096391508 -11.314759122126327 -11.41840698975706 -11.515268238128124 -11.616655692743391 -11.714532399212127 -11.814340685750246 -11.91550387877065 -12.015751038978117 -12.114829137302852 -12.21502112282382 -12.3164544796019 -12.4155455752567 -12.517864919824229 -12.618849609853582 -12.722365193864569 -12.822276779155443 -12.919709785737702 -13.01737031341478 -13.116488542821818 -13.218422434094593 -13.318917821213953 -13.415674718389067 -13.51431652593955 -13.612964612776336 -13.712650930067143 -13.815264156817907 -13.91522102137527 -14.012320354265443 -14.11391881986474 -14.209584794073004 -14.306551024323404 -14.406940020090666 -14.506607590271454 -14.602461044316797 -14.698683280915812 -14.79720830276539 -14.89546546080817 -14.992605302958273 -15.092477005578203 -15.191307994033913 -15.288908732993168 -15.38946680203807 -15.486313996083819 -15.58527479997071 -15.682848933848597 -15.775963350386649 -15.87111991753607 -15.968194093630421 -16.06569499445627 -16.162141364710813
101
 -2.591421568514398 -3.962969393927541 -4.74676267539917 -5.206521019631545 -5.602565468523483 -5.871869068552133 -6.102917510886086 -6.3283007639236155 -6.53662755341805 -6.687691303285482 -6.819100435700135 -6.942653803983799 -7.067666289188673 -7.191155170894643 -7.3136595852678425 -7.4370893944846825 -7.559267830355453 -7.673866551690512 -7.78954503765103 -7.897187515168623 -8.014654314586522 -8.128651643220918 -8.24037120618919 -8.350346354751622 -8.460405152866366 -8.571012799743666 -8.67673481351167 -8.790040631394607 -8.900036186642724 -9.006490977065395 -9.109870271354238 -9.217541887828556 -9.325797046210628 -9.43145989886355 -9.539697649109922 -9.648754961273257 -9.755621773082385 -9.858922767803433 -9.962156044671103 -10.067079220117343 -10.16896639273418 -10.273166325109209 -10.374836218185639 -10.481864616661614 -10.586008394781096 -10.690191462377955 -10.793152856433913 -10.895619583417206 -10.997042537897082 -11.103296710050417 -11.20127389843805 -11.300830733263055 -11.402515558931968 -11.50276555543837 -11.605265992005547 -11.705519457280902 -11.807649766934123 -11.906056632132076 -12.005084350046088 -12.103783096716858 -12.204322353421212 -12.306021938203681 -12.407907883333506 -12.506545078689753 -12.605407213285618 -12.70238036088508 -12.80273734035014 -12.905381769711816 -13.004783338971436 -13.103477724420134 -13.203413364221168 -13.302489559172482 -13.404809449578414 -13.50548792376599 -13.601958037667949 -13.698297009000232 -13.794559036442411 -13.893992134229302 -13.991296635824185 -14.088693801147457 -14.188426475546295 -14.285900719945591 -14.384640463884468 -14.483016132024426 -14.58196010684729 -14.67966782898658 -14.777971945786744 -14.874670664950283 -14.97120713413273 -15.067351966500569 -15.166759610534008 -15.260439520499103 -15.357849440978113 -15.452934604801275 -15.548411675774556 -15.64282451275467 -15.74016732014827 -15.833642329610033 -15.92878525165279 -16.02484962230243 -16.11897491796155
101
 -2.591421568514398 -3.9714935822896416 -4.757797609639944 -5.22919453938453 -5.642666042575498 -5.908925979746869 -6.1456989940025935 -6.370901693752607 -6.583205019310879 -6.739114143480001 -6.8607062225154305 -6.989534960876431 -7.1213000971014555 -7.247552334509512 -7.373432733357835 -7.49628736420955 -7.620462529399018 -7.741340136821616 -7.853946486039681 -7.969146705658793 -8.082023344113717 -8.188665174056322 -8.3007357903613 -8.406724147864594 -8.517759362260716 -8.62566598531165 -8.736403252920272 -8.85026131215709 -8.954716192794564 -9.062703118165953 -9.173182553378178 -9.279921665591008 -9.389550547929176 -9.494877063103422 -9.600982799775007 -9.709265235361029 -9.814481058389779 -9.918844543697718 -10.029669915500552 -10.135700509446067 -10.239323962458089 -10.345514166672249 -10.448574579269485 -10.549164812330345 -10.655741373131411 -10.759448884700552 -10.86430335484601 -10.965027997950212 -11.067757341191276 -11.167422912283463 -11.271665062405816 -11.372279300365111 -11.472675850745505 -11.574126870271146 -11.677157118443029 -11.777795208032101 -11.881837789233654 -11.98123790316132 -12.083041660931213 -12.180639212850012 -12.28024898089265 -12.379583720096381 -12.482120759735416 -12.579930311337156 -12.677485390043719 -12.775652200098335 -12.870894329898162 -12.971656307428367 -13.073398360323 -13.175405414216725 -13.272849355416541 -13.369656279753626 -13.466453573081685 -13.565471521353183 -13.663706162897057 -13.760867358531977 -13.85901919648547 -13.957026912524004 -14.05622505066907 -14.151563934900958 -14.253969521787878 -14.355119754225958 -14.452138136708008 -14.551645477780712 -14.64956301543776 -14.74780710134834 -14.84568910028615 -14.944298178778693 -15.04270345919267 -15.140465654675857 -15.23851860817706 -15.33561073871596 -15.433526671218464 -15.526191189179912 -15.624291344275882 -15.720287577984259 -15.81559052551819 -15.911594391206167 -16.007615229750343 -16.102462587823812 -16.198122879465426
MainSSVRG
5
101
 -2.591421568514398 -2.6496125442011094 -2.769289126878177 -2.8872857835050034 -3.00304699798371 -3.1166410746493876 -3.2275072113211367 -3.335628956321386 -3.441528401687186 -3.5461541347572036 -3.6481900156922933 -3.746252140986625 -3.784400802821536 -3.788873934462784 -3.899866887617869 -4.009394077311264 -4.117610540937755 -4.224124254181949 -4.2933296685878926 -4.2933296685878926 -4.2933296685878926 -4.2933296685878926 -4.2933296685878926 -4.36320050460463 -4.466358512023948 -4.5539651201977565 -4.5539651201977565 -4.5539651201977565 -4.5539651201977565 -4.5539651201977565 -4.5539651201977565 -4.5539651201977565 -4.5539651201977565 -4.5539651201977565 -4.557682921599979 -4.661960867597011 -4.765358146437048 -4.86820759596825 -4.969830679183929 -5.0709778401063685 -5.171089478331083 -5.2703095078430415 -5.368353003359988 -5.465634116653726 -5.562123813081358 -5.658496923481326 -5.753628271783032 -5.803578230744766 -5.803578230744766 -5.803578230744766 -5.803578230744766 -5.803578230744766 -5.803578230744766 -5.803578230744766 -5.803578230744766 -5.803578230744766 -5.838866705417343 -5.843915298348102 -5.843915298348102 -5.843915298348102 -5.843915298348102 -5.843915298348102 -5.843915298348102 -5.843915298348102 -5.843915298348102 -5.843915298348102 -5.925748619744789 -5.951889382783644 -5.951889382783644 -5.951889382783644 -5.951889382783644 -5.951889382783644 -5.951889382783644 -5.951889382783644 -5.951889382783644 -5.951889382783644 -6.012173369091016 -6.108415903288217 -6.204011684450601 -6.298739474554335 -6.3925687312999 -6.485512661954929 -6.577816340295629 -6.669116602663287 -6.759400670999732 -6.821459299771199 -6.821459299771199 -6.821459299771199 -6.821459299771199 -6.821459299771199 -6.821459299771199 -6.821459299771199 -6.821459299771199 -6.821459299771199 -6.8402156160066685 -6.934251711341676 -7.02740519107893 -7.1197488727610825 -7.211083261827722 -7.279412999704776 -7.279412999704776
101
 -2.591421568514398 -2.6521864569664286 -2.776999987539441 -2.899513275813487 -3.0191976995812606 -3.1367498194917816 -3.2514166716816515 -3.3634159930434255 -3.4735197400028834 -3.579797128709097 -3.682894971422905 -3.7823558000443436 -3.87784591702756 -3.956498042903591 -3.956498042903591 -4.018090614438628 -4.11913364941128 -4.218837598029655 -4.317025411787831 -4.413578298354951 -4.508798428504694 -4.601777169685421 -4.694135993263573 -4.7841701613990315 -4.872223586361127 -4.9148587994032 -4.9148587994032 -4.9148587994032 -4.9148587994032 -4.9148587994032 -4.99839405003411 -5.0973117718479015 -5.195285503474908 -5.2927068612040795 -5.389065502235419 -5.4846115311292145 -5.57943448056438 -5.673007905975569 -5.765728656185211 -5.857482812244535 -5.948023879641559 -6.037537569573322 -6.125104614990114 -6.21129119425448 -6.217896327738707 -6.217896327738707 -6.217896327738707 -6.217896327738707 -6.217896327738707 -6.217896327738707 -6.217896327738707 -6.217896327738707 -6.217896327738707 -6.292730269973316 -6.383799687149409 -6.474243154304633 -6.563868489948541 -6.6529475118221715 -6.741047292401208 -6.828419331810185 -6.914694786289783 -7.000296791809418 -7.084878326541764 -7.168215901859454 -7.22688338157381 -7.22688338157381 -7.22688338157381 -7.22688338157381 -7.22688338157381 -7.22688338157381 -7.22688338157381 -7.22688338157381 -7.22688338157381 -7.24294092709754 -7.330126922983745 -7.416307417789743 -7.501481984677354 -7.58536331794754 -7.668162092487496 -7.749614865104541 -7.829763332684882 -7.9084681046781204 -7.985543419992536 -8.053547525083331 -8.053547525083331 -8.053547525083331 -8.053547525083331 -8.053547525083331 -8.053547525083331 -8.053547525083331 -8.053547525083331 -8.053547525083331 -8.053547525083331 -8.138746743787665 -8.223030387425968 -8.305646310358567 -8.386341320006858 -8.465341524545718 -8.54213802318487 -8.585613201411759 -8.585613201411759
101
 -2.591421568514398 -2.648975439659136 -2.7670752115167607 -2.883430984283316 -2.997052566874044 -3.109589502488213 -3.219872585193147 -3.264217451999037 -3.2685315179838246 -3.385922396055804 -3.5020490916874336 -3.6169224404257627 -3.730314207128306 -3.8421509196776147 -3.9523465011203984 -4.0543292641672 -4.0543292641672 -4.0543292641672 -4.0543292641672 -4.0543292641672 -4.097962534334245 -4.205877123708219 -4.31286777791831 -4.419037404570014 -4.524122126819787 -4.6282489615163565 -4.732011920271051 -4.834367824242639 -4.935487435689324 -5.036062469405271 -5.135635843903479 -5.233152136141562 -5.329661611072138 -5.42521555351117 -5.435130797225944 -5.435130797225944 -5.435130797225944 -5.435130797225944 -5.435130797225944 -5.435130797225944 -5.435130797225944 -5.435130797225944 -5.435130797225944 -5.514764182971279 -5.615192481625375 -5.7150073145626035 -5.732415273985553 -5.732415273985553 -5.732415273985553 -5.732415273985553 -5.732415273985553 -5.732415273985553 -5.732415273985553 -5.732415273985553 -5.732415273985553 -5.802527431135804 -5.899739991515449 -5.996211640929934 -6.091894771560693 -6.186757605729541 -6.281134475852689 -6.374545738259011 -6.4362264011067 -6.4362264011067 -6.4362264011067 -6.4362264011067 -6.4362264011067 -6.4362264011067 -6.4362264011067 -6.4362264011067 -6.4362264011067 -6.457657798942791 -6.5526824616631645 -6.64700463296246 -6.740608198361262 -6.833274628262604 -6.925141323651882 -7.01597889247537 -7.105848564158116 -7.194680181500755 -7.282677226980939 -7.369825821918063 -7.4552596497242805 -7.527061995644877 -7.527061995644877 -7.527061995644877 -7.527061995644877 -7.527061995644877 -7.527061995644877 -7.527061995644877 -7.527061995644877 -7.527061995644877 -7.5310390981478745 -7.621932939772024 -7.7117462889020025 -7.800365558283661 -7.887765155996684 -7.973926906820693 -8.058706255073282 -8.137079487062607 -8.137079487062607
101
 -2.591421568514398 -2.647212094155657 -2.761732646052022 -2.873788119530115 -2.9843456441644083 -3.092342277525962 -3.197695308088181 -3.300685171161154 -3.4018995364696027 -3.500015455696097 -3.5954569047896574 -3.6588625930753276 -3.6588625930753276 -3.744296483104103 -3.8552289231935295 -3.9649182892168695 -4.073071401716123 -4.180362721136989 -4.286374579533651 -4.361018567329649 -4.361018567329649 -4.361018567329649 -4.361018567329649 -4.361018567329649 -4.3954733991906245 -4.3954733991906245 -4.3954733991906245 -4.3954733991906245 -4.3954733991906245 -4.3954733991906245 -4.3954733991906245 -4.3954733991906245 -4.3954733991906245 -4.413942269836821 -4.5172582349990975 -4.61987469628799 -4.721649140422597 -4.82262121703002 -4.923223141605253 -5.023124136070365 -5.122457616959741 -5.220764197674758 -5.317981654404364 -5.412399289083178 -5.412399289083178 -5.412399289083178 -5.412399289083178 -5.412399289083178 -5.412399289083178 -5.412399289083178 -5.412399289083178 -5.412399289083178 -5.412399289083178 -5.503279844273388 -5.60134539500148 -5.698863559991197 -5.795437487049308 -5.891278782129821 -5.9450661079161184 -5.9450661079161184 -5.9450661079161184 -5.9450661079161184 -5.9450661079161184 -5.9450661079161184 -5.9450661079161184 -5.9450661079161184 -5.9450661079161184 -5.976757318218935 -6.073690806221958 -6.097443871697228 -6.097443871697228 -6.097443871697228 -6.097443871697228 -6.097443871697228 -6.097443871697228 -6.097443871697228 -6.097443871697228 -6.097443871697228 -6.160666050018106 -6.258044792198241 -6.354653692425406 -6.450498975262002 -6.545458872708587 -6.639704710345704 -6.7329970681317945 -6.8255910633214585 -6.916365407491881 -7.006401466412445 -7.090890176136228 -7.090890176136228 -7.090890176136228 -7.090890176136228 -7.090890176136228 -7.090890176136228 -7.090890176136228 -7.090890176136228 -7.090890176136228 -7.090890176136228 -7.177590899238841 -7.267998048397537 -7.357297981719206
101
 -2.591421568514398 -2.6480701066895316 -2.764405437064155 -2.8787514506303182 -2.9908545692077575 -3.1012888832894676 -3.20964813987839 -3.3162152655069588 -3.4059043040246286 -3.4059043040246286 -3.472782083418987 -3.587323526528213 -3.7001883547408663 -3.8116458318179265 -3.9212059370348245 -4.029855548429737 -4.127219577770472 -4.127219577770472 -4.127219577770472 -4.127219577770472 -4.127219577770472 -4.174148655672575 -4.2841939136732785 -4.393059938529814 -4.501443739571339 -4.608429802012223 -4.714241332506004 -4.819134419835622 -4.923394874078892 -5.026192257951025 -5.128252532262685 -5.229797441607705 -5.330922836917374 -5.386844795953728 -5.386844795953728 -5.386844795953728 -5.386844795953728 -5.386844795953728 -5.386844795953728 -5.386844795953728 -5.386844795953728 -5.386844795953728 -5.4202755889926495 -5.519619560375285 -5.618292652513737 -5.7160671049642735 -5.813105008833936 -5.909622105058065 -6.005318566745845 -6.0997566851451435 -6.193281218056191 -6.285757821708122 -6.377350932741918 -6.468193261861069 -6.481978557147052 -6.481978557147052 -6.481978557147052 -6.481978557147052 -6.481978557147052 -6.481978557147052 -6.481978557147052 -6.481978557147052 -6.481978557147052 -6.552675446933928 -6.647522937175154 -6.741402402693089 -6.83455609675168 -6.926888909415286 -7.0180213040043045 -7.10810639096754 -7.197009652185983 -7.285028434004725 -7.3716790823055725 -7.457002050831471 -7.521609467101871 -7.521609467101871 -7.521609467101871 -7.521609467101871 -7.521609467101871 -7.521609467101871 -7.521609467101871 -7.521609467101871 -7.521609467101871 -7.533034433398856 -7.624937555978875 -7.715747613549754 -7.8054394362159965 -7.893894436338336 -7.981089125972436 -8.066582461497884 -8.150559743718977 -8.233121341532119 -8.26930217917427 -8.26930217917427 -8.26930217917427 -8.26930217917427 -8.26930217917427 -8.26930217917427 -8.26930217917427 -8.26930217917427 -8.26930217917427
SGD:0.05
5
101
 -2.591421568514398 -3.3614300620296245 -4.0976994535311375 -4.825913132878053 -5.463821641391712 -6.1071969283430985 -6.6420912161682 -7.139161463679747 -7.59791019426742 -7.940763331808291 -8.285372302444436 -8.588488539220501 -8.771654087880638 -8.947623526923936 -9.002741979172159 -9.049365771568459 -9.119873295236367 -9.104250858199421 -9.18395286085025 -9.215909478106052 -9.270493794285604 -9.33181173451587 -9.29739718327022 -9.235409504449764 -9.269698338135415 -9.270249471825037 -9.204972188802241 -9.234271329438611 -9.280845673451088 -9.360912838029105 -9.40974687522237 -9.327174992502913 -9.328326527424835 -9.073220238584147 -9.12326716846479 -9.187394392525386 -9.161414461041192 -9.248976615043595 -9.305713944860116 -9.254654222977607 -9.323835254460912 -9.29299186652673 -9.304201589114044 -9.273242445137246 -9.244726144345416 -9.229683994728441 -9.263841887412324 -9.271808678498855 -9.346312034777068 -9.346183701525172 -9.32878113945118 -9.354662973043883 -9.289227160967885 -9.251098254894895 -9.305679029548532 -9.261804422761175 -9.352247903504933 -9.416386962795425 -9.266344979436159 -9.301707010939277 -9.36188561415012 -9.353815425764658 -9.34169370066868 -9.307696970019697 -9.334198348659529 -9.270597636999131 -9.311733493488168 -9.265623929749447 -9.223286506947364 -9.125860444231428 -9.203511027243543 -9.30112734432045 -9.213643089719879 -9.208445397903871 -9.300927856534349 -9.21992930839214 -9.284981446997733 -9.32494506863745 -9.340775712696093 -9.265524755921854 -9.275761833867131 -9.284858015087881 -9.282079609340022 -9.193151878752714 -9.323484059515302 -9.319568217054501 -9.252696503467366 -9.291158918078917 -9.297409147808331 -9.302863058155252 -9.101220154833715 -9.236595792245977 -9.254232680354685 -9.365899173651576 -9.349407658503097 -9.345023907818035 -9.328434800773799 -9.265687216985885 -9.32723024607199 -9.369445614117133 -9.356773671730872
101
 -2.591421568514398 -3.390533940204364 -4.1312990195947314 -4.804867326641842 -5.472624216567035 -6.063706814625758 -6.6121858435882235 -7.101354058457439 -7.593726823120034 -7.970386376525494 -8.257246065957945 -8.515381944599564 -8.68986376942584 -8.851835223672946 -8.955610306872378 -9.078195082768763 -9.158050722509529 -9.141114740264337 -9.144412369069801 -9.197931698597682 -9.247638931383808 -9.260991041317313 -9.27081793847664 -9.265426786451325 -9.257280292493387 -9.168185152361103 -9.235607076141074 -9.194600371549802 -9.166607415999964 -9.155809579860877 -9.314607729879787 -9.305189207993969 -9.319374625206844 -9.283446454334195 -9.297518011150348 -9.268051079086627 -9.301173606558338 -9.387541868160422 -9.35470894495728 -9.365807590366177 -9.346779829982976 -9.334205979632449 -9.329338294187217 -9.331307884432277 -9.273332061105728 -9.260774647139494 -9.182650380377206 -9.321142833211297 -9.152431675327714 -9.332218881981573 -9.34122103701538 -9.23843732801067 -9.319431553928277 -9.345713654645431 -9.356046692520701 -9.302515647262538 -9.234725330824507 -9.237659366489115 -9.235420530494912 -9.160169360849654 -9.258650303954784 -9.283398424921643 -9.277358601233349 -9.307120570048259 -9.304054994325357 -9.29238751091691 -9.266120740528677 -9.314561882968368 -9.247509240045368 -9.147202185117957 -9.246133694859395 -9.19481006379178 -9.150436823591404 -9.25236793799627 -9.237473171309635 -9.336721255113206 -9.29388672789941 -9.258780917869913 -9.086980326554217 -9.302586877988638 -9.334458744041726 -9.314445649683622 -9.309586803778716 -9.311819422372613 -9.303369276447686 -9.277172848158935 -9.279185716212163 -9.2787292351102 -9.353285814606812 -9.356047146409999 -9.37297777091852 -9.350119712584737 -9.370598933817607 -9.333565030973476 -9.327616641549707 -9.291481362892045 -9.343125038898307 -9.32974102049466 -9.272159020843421 -9.310868912639059 -9.22776954785849
101
 -2.591421568514398 -3.364117520561492 -4.103896419455337 -4.777156918318735 -5.437162997516772 -6.060124865941981 -6.624633786998631 -7.172076362426103 -7.685175467272664 -8.087530989594057 -8.313198146273093 -8.600712543493986 -8.711862872868762 -8.877647641461913 -9.045782002418271 -9.111945283566225 -9.182087181404922 -9.20928434735079 -9.195167898527831 -9.242047588614291 -9.284266599339109 -9.153203603716653 -8.970029169433339 -9.135312145486283 -9.232261146715869 -9.209688559134301 -9.247933953963518 -9.251116932834934 -9.27705974287859 -9.19574108704799 -9.321308564617722 -9.371883599063723 -9.343063634722427 -9.112706301836326 -9.226663583739718 -9.181957034413923 -9.215827688752892 -9.231698367316532 -9.296378902077558 -9.274716532512109 -9.263080026574036 -9.216075551231024 -9.25418255900382 -9.263663545666962 -9.338646742857609 -9.271336850789599 -9.317560991465287 -9.321966576492649 -9.244683250817308 -9.309096328659106 -9.38117220352682 -9.343303226955886 -9.339876076185227 -9.267886088957493 -9.321606907764753 -9.304041205820264 -9.262333499556474 -9.196851264687854 -9.311138466391272 -9.265058800908632 -9.270891041975787 -9.25267605950414 -9.28205885183577 -9.252804292359654 -9.214090003785287 -9.265387490582636 -9.29261472079699 -9.326321932103225 -9.30285901801325 -9.313091110491877 -9.256978409323978 -9.278271602047711 -9.209205900050039 -9.252096975726717 -9.249669351317651 -9.318917049104574 -9.28502715932771 -9.300887466926444 -9.25375548666638 -9.303423184203076 -9.327156494129392 -9.355698807143149 -9.340376581655526 -9.283204593762433 -9.282704545018246 -9.193922713637438 -9.255046583929007 -9.127152570388793 -9.281174835392099 -9.271419721907892 -9.275467032191703 -9.332973801770578 -9.38314345892082 -9.352171928199011 -9.295453372298855 -9.298268778166344 -9.345595178213085 -9.285238635708822 -9.350459533096126 -9.193763460230512 -9.326176126029257
101
 -2.591421568514398 -3.3542693029359096 -4.109418467762697 -4.788345283300349 -5.433763219875258 -6.059729126938998 -6.622755007969914 -7.083693945301958 -7.54683749055392 -7.922907949202384 -8.256079980024898 -8.49075811577235 -8.74353762667279 -8.932914924923146 -9.082290758148213 -9.195688067501811 -9.263448217667834 -9.16872670199639 -9.187908216296941 -9.140500855997182 -9.149160209475388 -9.243466596129094 -9.286542262453528 -9.319196270773398 -9.270871536952457 -9.349681765339893 -9.30742003231505 -9.333544716680784 -9.313242387961903 -9.290307172679423 -9.343038393322317 -9.28549307097286 -9.190310173787454 -9.347987997516332 -9.377606804786158 -9.350486921217634 -9.313449029304088 -9.368186782645644 -9.30511718748299 -9.310579456290467 -9.288786329766332 -9.304834725895573 -9.222543356814377 -9.262493425060121 -9.2376544431026 -9.194400365724112 -9.197714278484115 -9.189140813098867 -9.161421632179739 -9.22164840834818 -9.296863131784194 -9.33521201927136 -9.313223229243894 -9.236580093090813 -9.260514765969772 -9.29763324184866 -9.362348184505338 -9.33007296629816 -9.25843704921254 -9.300488538364707 -9.272232713309657 -9.245871481119023 -9.33287095710097 -9.269356620470568 -9.280587725305613 -9.36910904353957 -9.382453989018988 -9.37965399932623 -9.352263322813723 -9.33804023959037 -9.307494490342373 -9.189379732319683 -9.324005308488275 -9.310743394039585 -9.380757418924118 -9.400977258216441 -9.378530362248718 -9.369777237249812 -9.365853977411959 -9.360243862882594 -9.304497160139155 -9.288243975182729 -9.226510523540895 -9.205523836423277 -9.273818716414652 -9.201650338597586 -9.205564107029167 -9.235527434516095 -9.287747262794491 -9.265847332449406 -9.290588842559139 -9.31778673231767 -9.304670092786743 -9.285539551375077 -9.201968795182069 -9.193980461673716 -9.237526242410478 -9.311856568175129 -9.37690975497259 -9.338553110707897 -9.284964680520977
101
 -2.591421568514398 -3.3425108453725616 -4.074641218224833 -4.774519655463975 -5.413714409768066 -6.060553326276164 -6.638094392598538 -7.173813901613248 -7.6252746291161975 -7.9945342791038785 -8.298897720272368 -8.58021664091003 -8.780365746397573 -8.968658734258577 -9.020339367703155 -9.090496026155147 -9.107254217172205 -9.204810116012691 -9.222430863337216 -9.276457235203985 -9.107286525010688 -9.09821893176821 -9.209222039630644 -9.247300055415188 -9.120484302111668 -9.310988116699393 -9.315338323076247 -9.309379983073839 -9.181846827242808 -9.280443068749479 -9.326201113856655 -9.220336906445882 -9.184344704672013 -9.275957759484543 -9.31194335781847 -9.30654049962841 -9.218135150779169 -9.257212572170543 -9.258425406382635 -9.288707920173646 -9.286623719289173 -9.358941858642075 -9.12474381047454 -9.211970369293425 -9.251362389357483 -9.297533409819472 -9.373185501085477 -9.369235966136877 -9.260207809127364 -9.357820838990948 -9.267892655631188 -9.295085513079345 -9.172290112136508 -9.354585972441232 -9.3455358378028 -9.355221112336773 -9.314551302385818 -9.34525248755409 -9.335467140778409 -9.299506817476734 -9.26401600157157 -9.308337763240509 -9.297674864824314 -9.215764785082207 -9.310745493215007 -9.171293731800793 -9.202089068798296 -9.181903019963249 -9.232504309646604 -9.141995841057776 -9.227091326279849 -9.269468971598464 -9.321060505513504 -9.31760384447279 -9.31104815747861 -9.37060361660813 -9.270080306080413 -9.341514719363209 -9.369106090635487 -9.349170634941876 -9.261760644849776 -9.359006114785428 -9.352971181304529 -9.405863310146817 -9.329609894954295 -9.32561733898112 -9.329254600506417 -9.307152510896154 -9.319316914559568 -9.324695894806766 -9.373601472977418 -9.17697910382239 -9.319932382158388 -9.33373934007438 -9.215216422303637 -9.233557171860038 -9.268209443605446 -9.233768819736605 -9.28596100465615 -9.260604301001917 -9.310897631179568
SGD:0.005
5
101
 -2.591421568514398 -2.673466450792371 -2.7558780254913877 -2.837252699385618 -2.9171538352100708 -2.9974368672412663 -3.075911340471434 -3.156328548408203 -3.234743721828614 -3.311119694202587 -3.388411349440448 -3.466891175876326 -3.5433059923018697 -3.6215083170517444 -3.696835165223775 -3.7750066956654167 -3.8493337789289135 -3.923687436139829 -3.9985708329513687 -4.072472184726147 -4.1459987124692015 -4.2209261044592585 -4.2962219167491495 -4.370111752720788 -4.443454820413724 -4.514084154014682 -4.583539621457325 -4.6556992599144795 -4.726114072956569 -4.795855352812453 -4.8696030167572815 -4.941434868096855 -5.010618715546328 -5.079133400606422 -5.148827278390332 -5.2190878124431554 -5.2864263231423845 -5.353114903298888 -5.421405197321095 -5.48965887954542 -5.5618903021307515 -5.629248700729231 -5.695371073402965 -5.761958515603205 -5.831239905066002 -5.900350828617027 -5.968257071802984 -6.035370326446629 -6.102702756452097 -6.17377505797157 -6.239404778564448 -6.302442488141757 -6.366961637063782 -6.431004575383366 -6.497496501263459 -6.558356637064174 -6.624411135028677 -6.688081655421141 -6.751573314967206 -6.818029961599841 -6.88108366554184 -6.943313009735212 -7.008132697842834 -7.070556156058007 -7.131816683391328 -7.196511196577878 -7.262278208405667 -7.3282881045948445 -7.396340208138877 -7.462110336199446 -7.524660911688176 -7.5914390779150684 -7.653720840058356 -7.717516734583231 -7.779746486132012 -7.839972054621909 -7.907317524483572 -7.973276041204375 -8.035936072255375 -8.099974242514172 -8.161971681866566 -8.224544003278757 -8.289316111605766 -8.350624363754498 -8.410854197333075 -8.469324434548206 -8.526592824942531 -8.580029967905968 -8.637526295391527 -8.690748712166387 -8.75470993611557 -8.821114775021526 -8.877717449012097 -8.927432301469436 -8.982634230645397 -9.034569901525286 -9.096839863114731 -9.145537894812 -9.201487631159669 -9.256981518451939 -9.303958571354672
101
 -2.591421568514398 -2.6731908645946083 -2.754536030080571 -2.837617544222092 -2.919233691127708 -2.9983987087867487 -3.0767103170116594 -3.1567988331262766 -3.2347858443416344 -3.3166752361464256 -3.3925675840448757 -3.4687923248902672 -3.5451671090868637 -3.622412748216462 -3.697010697504964 -3.772802442839279 -3.848860291125098 -3.925213136753308 -4.000559851086582 -4.075839549396358 -4.1478021307605575 -4.220176517612153 -4.291362987954164 -4.36567500068623 -4.438226578357823 -4.507185518461878 -4.579784271710936 -4.651488351679175 -4.7225071843016035 -4.793077651173418 -4.862961052784051 -4.932072383413213 -5.003927120087062 -5.075537441568316 -5.143869412642777 -5.213770163471519 -5.281213844422536 -5.345164252270705 -5.415852857807356 -5.485802351810545 -5.554232317250283 -5.624267421717604 -5.690639584853363 -5.757601984285709 -5.826420360369136 -5.890550353506058 -5.961172521522432 -6.028346605175702 -6.093514100907534 -6.1597595746168095 -6.228201691393697 -6.293668142503402 -6.362741580742741 -6.429460008918656 -6.493777886292661 -6.562327707460465 -6.6275774393357025 -6.694634671799743 -6.758889719501654 -6.82249933711682 -6.882262324907313 -6.9471497771199395 -7.012865514588106 -7.074864238461436 -7.138634471019989 -7.192824397691863 -7.251666857695495 -7.319365221613214 -7.379718597770992 -7.443273373892893 -7.511412761202157 -7.573616505750786 -7.639151509047614 -7.69559678773478 -7.755449097169634 -7.819240223473896 -7.880256075654453 -7.938872637100754 -7.992150848250971 -8.055911098957097 -8.120423099404604 -8.181662801203053 -8.241578636698053 -8.300250775645818 -8.363187313803822 -8.421545150727853 -8.477884010369664 -8.540525201392057 -8.598973013040784 -8.652345468443155 -8.707202457457269 -8.768538869298528 -8.829681263932327 -8.89155485813936 -8.952385727028396 -9.009544078280479 -9.06859505775196 -9.120102901957791 -9.17812732256145 -9.233150238515927 -9.28407229080825
101
 -2.591421568514398 -2.671882569325868 -2.7515695059113465 -2.833834640724486 -2.9144017516389282 -2.9931139732356673 -3.073841163058933 -3.1539371969491197 -3.231505000643045 -3.310154357555018 -3.386510464517534 -3.4659781104466223 -3.542298453196639 -3.6177031863265605 -3.693886620020098 -3.7692478748748024 -3.842795284183381 -3.91500507105686 -3.9894696769354496 -4.062202259952923 -4.1351720306900335 -4.2061355708341415 -4.279362759764829 -4.351402445535717 -4.427003175307675 -4.497732950861807 -4.570448570298555 -4.640020789049911 -4.709403720898086 -4.7803645626113305 -4.848628783902887 -4.921414765521082 -4.9901192447045375 -5.060531076825962 -5.128838028128427 -5.197920503519936 -5.270171975782199 -5.341088510034552 -5.412306674667568 -5.482489062084397 -5.553591988086239 -5.623806137512588 -5.686896755074239 -5.755155177054966 -5.823900980750059 -5.892674294442864 -5.959050146244516 -6.030108155832852 -6.097634332741491 -6.1638592691692144 -6.2339043364502835 -6.305456226058094 -6.36877389282155 -6.43648606241692 -6.500150150109301 -6.566426564734331 -6.630943556482178 -6.693049703199321 -6.756023429939153 -6.818309295338574 -6.884343323062786 -6.950245637105514 -7.010969034587492 -7.07378147691692 -7.13928671558265 -7.198702434840231 -7.256455376505346 -7.326866481496899 -7.395226264775967 -7.455592153942539 -7.520944001135842 -7.5831589214694395 -7.642452279853449 -7.711157938752551 -7.772940698525372 -7.82992352117353 -7.891974205679665 -7.950293051073295 -8.01068813484086 -8.07577606592774 -8.134359448799914 -8.19632888559412 -8.256619764116088 -8.32061563740665 -8.374333794077009 -8.431859740298465 -8.488328891188345 -8.553088206126159 -8.608819537238679 -8.667803577776164 -8.729573503236383 -8.788370189109543 -8.845823590652135 -8.904051876567497 -8.962975444188451 -9.009561684200147 -9.05790339207421 -9.12105623503592 -9.17510758211083 -9.229987836517054 -9.290322023521432
101
 -2.591421568514398 -2.6717649529031617 -2.7559446146124498 -2.836487670291632 -2.9156685070643973 -2.997890676924448 -3.0761080594496635 -3.1544546570544005 -3.2308952607883197 -3.30738700784443 -3.3826998253049108 -3.4607893165847297 -3.537789169594091 -3.614786345053129 -3.689665630752384 -3.766186884323145 -3.843081225964877 -3.919452982271612 -3.9953200268157336 -4.0704425585654915 -4.145291009703931 -4.219021391229113 -4.291617891503954 -4.367184366764772 -4.43857211411412 -4.513286960822569 -4.585354705917051 -4.656924835017491 -4.728094632148336 -4.800021287035525 -4.868954131738211 -4.94023852511283 -5.007153637968689 -5.074134325315946 -5.1469888061346305 -5.212784275744675 -5.281505619253465 -5.348991926308773 -5.422034906768013 -5.4914227661289585 -5.561555624006714 -5.629326661316101 -5.697134656643354 -5.764394390482569 -5.83206469234153 -5.90099813790991 -5.968777468780859 -6.036994256833081 -6.1018186404821435 -6.1681107509838755 -6.235778645849431 -6.297274835950677 -6.359712330218172 -6.423848162848273 -6.488721554716795 -6.556277749735611 -6.62538381361128 -6.691979315847604 -6.758481069506767 -6.826134929050904 -6.888166771035236 -6.951340594045238 -7.011790666992186 -7.070513319150118 -7.13448990184535 -7.199805516123881 -7.264179633595128 -7.32931608570732 -7.387607262944405 -7.446958691616584 -7.512284792551091 -7.569769380675527 -7.631222063101074 -7.695232241131277 -7.755677691760234 -7.809596650671166 -7.873546300599492 -7.935695903658565 -7.994882710306467 -8.054202460984108 -8.11259932239611 -8.166497388711992 -8.231132967146007 -8.294813590110724 -8.354903814782967 -8.410893113621068 -8.468099891222575 -8.527388764886636 -8.584268468746643 -8.642554213679379 -8.698834874101081 -8.757644298353942 -8.817993007965791 -8.877812622402283 -8.938059895390913 -8.991494036803068 -9.052985671748216 -9.109862617517923 -9.169489820162287 -9.22560185497276 -9.287570191397863
101
 -2.591421568514398 -2.6726006621381853 -2.75453274265315 -2.836640758413148 -2.918990264003876 -2.998007991982886 -3.075459950825908 -3.1532272039547804 -3.2335684291623843 -3.311287132735307 -3.3885132594815164 -3.462382806593635 -3.5390019519864024 -3.6170628064381516 -3.695156656585503 -3.7704280438060023 -3.8439487004388027 -3.918712596946311 -3.992882747156434 -4.0678984482025005 -4.142536677990354 -4.21568301802968 -4.289795777331001 -4.362714418872316 -4.435682941272827 -4.50496331056339 -4.575477631728718 -4.648163089044073 -4.717213902711728 -4.78873280994336 -4.857357062828493 -4.928180213620875 -4.9989001637360175 -5.070730046608419 -5.140457469239519 -5.2082625369568 -5.277940668644129 -5.345231419392344 -5.412131819043917 -5.483118243005773 -5.549881460928406 -5.620298511712412 -5.686336089432355 -5.755895987953575 -5.8220947573800315 -5.89075074995306 -5.955797491855076 -6.021850405118669 -6.090575433932471 -6.1570176569567945 -6.225482622206442 -6.292617587248747 -6.359423260120628 -6.427017362774296 -6.492964776452249 -6.556221551600203 -6.624264535216471 -6.690686837049663 -6.760273917981632 -6.82967047959599 -6.891225434033288 -6.955069872911336 -7.018427727711261 -7.081870904714005 -7.146019765872269 -7.2042809631461315 -7.265500014913587 -7.324915344138063 -7.385080519080547 -7.449430167514408 -7.515267768652352 -7.5771587582855044 -7.635521867601798 -7.694058581156474 -7.755596805983091 -7.812597263724007 -7.873486034997124 -7.931544492735483 -7.994431867802396 -8.050689868392924 -8.108371599237142 -8.166100205481136 -8.233149731076352 -8.296091540169446 -8.351086272632115 -8.409796095515691 -8.469826065467323 -8.528191231854946 -8.587408050751959 -8.639106426856214 -8.691204282986314 -8.752675827803918 -8.80969045295378 -8.865459006162029 -8.921882736572547 -8.970388371797078 -9.026584317389448 -9.074704224497411 -9.133287034493298 -9.195616116205708 -9.253672120934004
StreamingSVRG
5
101
 -2.591421568514398 -2.6507961269579896 -2.772908539316903 -2.889415986115631 -3.0093741285153137 -3.12480326662642 -3.239527978988922 -3.3562980257195005 -3.4710637636349495 -3.5832095500569983 -3.694124984322124 -3.803951049487038 -3.9138080756044733 -4.022831337479736 -4.132481920125032 -4.244132277454893 -4.35177032849964 -4.461531996520352 -4.471426591719024 -4.507807883599595 -4.614884032027727 -4.715494888581191 -4.823932484054823 -4.93042360260303 -5.0361160046635725 -5.137932632859629 -5.239908192152881 -5.340125728528972 -5.442959660139061 -5.546797818310974 -5.64977634740296 -5.748580300208364 -5.850958190020369 -5.953335675309927 -6.0522964648121045 -6.150986371362949 -6.249687308482567 -6.35043389918712 -6.445033257839232 -6.543932213150802 -6.639393893217241 -6.728723497079731 -6.8253221723632995 -6.922109751411892 -7.008813649643143 -7.10612508132713 -7.1988286889779936 -7.291801389106389 -7.308381516677329 -7.308381516677329 -7.308381516677329 -7.308381516677329 -7.3213072270521495 -7.41906189403669 -7.5106511391537065 -7.603409946239664 -7.691364586215862 -7.781220223546631 -7.868585364925509 -7.965352216721732 -8.056653565817669 -8.146195415849576 -8.235430608293953 -8.321712638032094 -8.410491570232846 -8.492417832687353 -8.573272538982451 -8.660422478776361 -8.746347574232459 -8.822357321862178 -8.910821693142658 -8.995807311575117 -9.071949977438623 -9.154355575423365 -9.24005389703521 -9.310802571683153 -9.383260851373432 -9.457660612780654 -9.532077411469766 -9.606573934555627 -9.68124519824129 -9.749726343147147 -9.818158802916027 -9.891871346044782 -9.95182254864826 -10.00909987853318 -10.083711756644592 -10.146350184401076 -10.213373035646333 -10.289302882730418 -10.353159119035332 -10.422484218962634 -10.42805670414169 -10.42805670414169 -10.42805670414169 -10.42805670414169 -10.42805670414169 -10.42805670414169 -10.42805670414169 -10.42805670414169 -10.42805670414169
101
 -2.591421568514398 -2.6488041333228773 -2.769837642829333 -2.891375507543632 -3.0098283929924396 -3.1221627715426212 -3.237270372811686 -3.352580611201217 -3.467545468865097 -3.58168223119236 -3.69689011691135 -3.8108434727825213 -3.9211169702584137 -4.030158523966483 -4.135631583884967 -4.2447611513861006 -4.3539506101460885 -4.458118902419685 -4.564445450974689 -4.669526802822866 -4.776240138402542 -4.879508567768718 -4.989471186321172 -5.087355245557235 -5.1951206178722344 -5.298045813546526 -5.401699747211207 -5.509022228339182 -5.606874507217735 -5.708235681327648 -5.80900506191288 -5.906198769477984 -6.007310113253002 -6.104442841781637 -6.200209508368282 -6.299099869009303 -6.394842972859846 -6.4930199123311185 -6.590576409834499 -6.687289907724224 -6.776440885512223 -6.868234073807743 -6.959129881859787 -7.049708371351724 -7.149469824231512 -7.24418989485812 -7.332700691118553 -7.428145359448506 -7.512662476955162 -7.512662476955162 -7.561380747161747 -7.650139221145612 -7.73874898966482 -7.8262209638584235 -7.917149092315777 -8.006711978995527 -8.091987817684766 -8.176956757979504 -8.26420578320155 -8.35002145538283 -8.434560527140896 -8.518835643713398 -8.605874357680593 -8.688824676402385 -8.77361674933032 -8.85769371912369 -8.927903439674662 -9.01675804230785 -9.102126853158005 -9.181214310134342 -9.257686575128739 -9.33518911552806 -9.414542382272042 -9.486641631464854 -9.556626936725833 -9.63613799692285 -9.714441129540095 -9.795527803516073 -9.86416631476041 -9.927674534241115 -9.988178134140968 -10.075438133620434 -10.150541154191588 -10.213876723001976 -10.257316984420425 -10.328044616027348 -10.399108110492525 -10.459422146071663 -10.51293608791209 -10.548048340898402 -10.548048340898402 -10.548048340898402 -10.548048340898402 -10.548048340898402 -10.602867891891714 -10.667796859660228 -10.739348201191715 -10.798566649867444 -10.855125488351039 -10.929265038301018 -10.972103210352357
101
 -2.591421568514398 -2.6488150042939016 -2.772140708254079 -2.8938431955731203 -3.009808861614399 -3.1295190109966273 -3.245902366693394 -3.360637915407785 -3.4733320654674533 -3.5877670810520024 -3.700286714671223 -3.8130214043317836 -3.9244354235038856 -4.03046327586251 -4.142626670809268 -4.250592392853434 -4.357237609932112 -4.466248622711048 -4.56997162285193 -4.676250970075854 -4.782346249525356 -4.8884422360604844 -4.995813527646166 -5.098532645113742 -5.201280225870659 -5.30449214788708 -5.404296941456182 -5.500200081236714 -5.597680898206855 -5.698114575206342 -5.798517744360693 -5.895456831133121 -5.988100067682282 -6.0920784175854115 -6.195173605814149 -6.294426486593884 -6.395136417414467 -6.49257243227614 -6.585210441986332 -6.684140306116667 -6.781070444274675 -6.875449941531818 -6.968137103218166 -7.064456773610539 -7.160580118304921 -7.25290356095268 -7.346956787326826 -7.43532748797901 -7.525199733567846 -7.530979643833706 -7.568376994109604 -7.6623888632142965 -7.752727955898748 -7.8439293636385266 -7.931189142070156 -8.023592447140233 -8.116173825604289 -8.207244356840249 -8.283414121618003 -8.376969635872882 -8.47374298671752 -8.565743952884237 -8.650595908328889 -8.737861387576775 -8.818564165695275 -8.900027766199303 -8.98139491688325 -9.067875784174463 -9.140895808096774 -9.229744984409868 -9.31133660566693 -9.387323921775423 -9.467086387584198 -9.542820139784641 -9.613689070517578 -9.694643825019238 -9.759901895192016 -9.833805402834312 -9.909238960107936 -9.917173593257099 -9.917173593257099 -9.917173593257099 -9.917173593257099 -9.934495186430237 -10.01789937433618 -10.096437248506367 -10.1660101195687 -10.23268675393246 -10.289926711254425 -10.359283649725198 -10.409132980079603 -10.484098136931634 -10.537801221917483 -10.609515511943433 -10.677788230587085 -10.716966924578374 -10.775859417996838 -10.83753927348402 -10.836932794485472 -10.836932794485472 -10.836932794485472
101
 -2.591421568514398 -2.6495859698090904 -2.770402140024989 -2.8911580659274843 -3.0054686978867915 -3.1189677137679954 -3.2364292353984117 -3.350127817927151 -3.463677080434882 -3.5774507933426567 -3.6882573496224365 -3.7992586406991546 -3.9150353743202624 -4.028472848959083 -4.140596950143521 -4.225509754386328 -4.225509754386328 -4.296781899913314 -4.404504540605989 -4.5148053153428505 -4.6219093554853625 -4.730519962075694 -4.834549349194166 -4.939000153666696 -5.0432487461417255 -5.142888936318459 -5.2434968769271 -5.347735545056666 -5.449369328807648 -5.549554758049593 -5.651954597643238 -5.75718172201283 -5.857377046263513 -5.904852337187819 -5.904852337187819 -5.904852337187819 -5.904852337187819 -5.904852337187819 -5.992021259606076 -6.092859301967324 -6.187650234882908 -6.2875943799373255 -6.385578804497847 -6.479491434961654 -6.579476942108377 -6.67149571746464 -6.767099798006664 -6.858033980068766 -6.951706058297 -7.0434919083446745 -7.141260326473647 -7.233617489371085 -7.32472623488272 -7.412177845349169 -7.498336668393806 -7.590491523137224 -7.681878746603358 -7.770251989879527 -7.858866926990567 -7.944078577344861 -8.02972268970234 -8.111498765131781 -8.199803885166057 -8.280582415539516 -8.36479939454078 -8.454444792278242 -8.539673543813702 -8.618184104251338 -8.697911850173368 -8.788568709364615 -8.86083914288313 -8.94386709106569 -9.021627563754516 -9.102986366945505 -9.191473926237627 -9.26556352737857 -9.3445567342502 -9.418330847246471 -9.491428939602141 -9.564670340877036 -9.64467563656206 -9.716112575164669 -9.784973333510631 -9.843812750830457 -9.913282957524642 -9.977882037521253 -10.05235498464945 -10.10553401803372 -10.179064310421488 -10.239261261036265 -10.285383221043691 -10.339017168011345 -10.405460456886274 -10.460280329448377 -10.508454450318164 -10.554067519486244 -10.589177453376745 -10.621184245768397 -10.621184245768397 -10.621184245768397 -10.621184245768397
101
 -2.591421568514398 -2.652587395695246 -2.7730602712534242 -2.8952381431502547 -3.0110310731475813 -3.126973756275123 -3.2419755383646316 -3.3572417395393375 -3.472624906534696 -3.585106713906832 -3.7011985799613 -3.8118753674435037 -3.9174842039684346 -4.025373527842087 -4.134393736179157 -4.239804497116652 -4.351130210326529 -4.457661186369961 -4.562406550064244 -4.667923408621011 -4.774712902409442 -4.873649020140554 -4.978880652568306 -5.082725597826905 -5.187480888212343 -5.289127669975681 -5.388598516984009 -5.488020243240943 -5.59316354366366 -5.695499821162312 -5.797979524457402 -5.884522405219007 -5.884522405219007 -5.940877143303843 -6.0409367492569706 -6.136391542312685 -6.23721315276345 -6.330874671430733 -6.425290392251465 -6.521224449162268 -6.614650124726921 -6.706923995966765 -6.803502890360516 -6.900143067833309 -6.998433938235915 -7.089744355730895 -7.1822911210399605 -7.276621914753495 -7.371511180376505 -7.461225012468271 -7.552804957313035 -7.643365225788697 -7.732716216489704 -7.827780820942529 -7.915986188456479 -8.004778271226927 -8.09431736266791 -8.17919070329628 -8.260852555337681 -8.348104449274457 -8.42636271715171 -8.510245422692437 -8.594807312902413 -8.671708435581094 -8.76110814878622 -8.84735536451912 -8.922476404285174 -8.99718314049772 -9.078250204109265 -9.153197797516544 -9.231028426123434 -9.309431343372875 -9.385841650835955 -9.446873136337024 -9.511007223694268 -9.53274833452715 -9.53274833452715 -9.53274833452715 -9.53274833452715 -9.533279919522954 -9.61263181720527 -9.69571540712548 -9.771828327502611 -9.850242592070545 -9.930624388304809 -10.003772944029302 -10.071314556879901 -10.141067013195702 -10.204203640959642 -10.278818677178286 -10.342606776658698 -10.411444661600582 -10.47817393011068 -10.55646020462629 -10.619733068349383 -10.67242490624692 -10.733891860164759 -10.78855122716951 -10.843364156980503 -10.906708323960904 -10.942578529185198
ADAPTIID
5
101
 -2.591421568514398 -3.9722395119006433 -4.867991355376309 -5.429308461634047 -5.8053489415336585 -6.100658485783902 -6.352119267373158 -6.5756809494964035 -6.760039919394903 -6.927503663527132 -7.081141054479258 -7.222652063026543 -7.360395682515725 -7.48828483497737 -7.61359726177025 -7.728787804367992 -7.840358798218898 -7.948678329437917 -8.054641790594324 -8.159816891256522 -8.252035153072946 -8.354267954334148 -8.453022330374754 -8.554706681930956 -8.651602750089367 -8.752142729986872 -8.85452503902873 -8.95303310426362 -9.054000338020824 -9.150370087289398 -9.246393131202005 -9.34321721034728 -9.443649062351662 -9.5454512493276 -9.643556124034363 -9.742625018376284 -9.84143487024111 -9.942867927941869 -10.037470431748567 -10.135890849174704 -10.23223308498494 -10.33191299803842 -10.432134528178569 -10.530394084188059 -10.631327014157922 -10.729418752106126 -10.825273185568431 -10.923902883757405 -11.02185996912585 -11.120366608091139 -11.21826629283998 -11.315051628534714 -11.415470012665626 -11.512505653973903 -11.607683177367658 -11.700876141042375 -11.796357550428857 -11.890804116652026 -11.985418671133518 -12.080111385871962 -12.176473620752772 -12.272754840559733 -12.367399803410402 -12.463962811115437 -12.557844931904048 -12.65271438444792 -12.746843595006153 -12.8399212509891 -12.937108656324769 -13.033812386162971 -13.127788552233536 -13.223330111091679 -13.316438218698012 -13.408533742448654 -13.507179640562056 -13.603684919697965 -13.699695826136821 -13.792386551896836 -13.886290133795075 -13.981204318559922 -14.076797274071195 -14.170329691074542 -14.265488124086097 -14.359942622665885 -14.452824446579793 -14.546711600709532 -14.639354589476648 -14.732301369486171 -14.830314232114008 -14.922370482397096 -15.017671180665747 -15.11547476817556 -15.208728644714347 -15.300962648251762 -15.394783416820065 -15.487616505876696 -15.581407203339403 -15.673664545849148 -15.76625811891394 -15.8597490904969 -15.959435651230297
101
 -2.591421568514398 -3.9961404251004984 -4.85634478734781 -5.398264578273147 -5.790128545314644 -6.0925861400424 -6.3402331382530965 -6.5506685096842885 -6.735887153317067 -6.910296784539013 -7.062189156671378 -7.212559489576598 -7.342757604320702 -7.46966290410413 -7.592156431778219 -7.705168621038219 -7.816277701318964 -7.9241778020778915 -8.034177405117903 -8.138262447535023 -8.240118562226106 -8.34118160010961 -8.44538846054307 -8.550869671304024 -8.647813925550166 -8.746408089615754 -8.846824706989223 -8.943775319416993 -9.044272192415633 -9.141115926735424 -9.242093255063823 -9.344281165857604 -9.4414365237847 -9.541812232656394 -9.639556025864152 -9.736962965609042 -9.84072964256555 -9.939121803605367 -10.033240944122102 -10.131364671104919 -10.225033422581108 -10.322186664581219 -10.418372130960538 -10.51623224163125 -10.614448871866358 -10.711639914834604 -10.806922750471669 -10.904932592935031 -10.998772861866344 -11.095150388622766 -11.188853839469052 -11.284682307015148 -11.383187187672116 -11.477056374308686 -11.571882813073216 -11.66601493517958 -11.760352773759742 -11.855210076596402 -11.948061872669207 -12.043060183720856 -12.137257170530303 -12.234615895033363 -12.328869085244712 -12.426074834456834 -12.521927208084461 -12.618566687495603 -12.71631358593481 -12.813285414246296 -12.908729823321547 -13.0041483770434 -13.098511153457896 -13.192508968291655 -13.283684722293444 -13.37669530295393 -13.471792531031129 -13.564509189338951 -13.659927422795061 -13.75368066425733 -13.852685799359332 -13.946333577425056 -14.041641087820247 -14.13378755676869 -14.227810397585671 -14.321601847994886 -14.426136373155371 -14.52241531694603 -14.616559153460368 -14.708728202917793 -14.802468462017039 -14.896682305470689 -14.989094055195201 -15.084118126394241 -15.176050572691636 -15.266281549325273 -15.358480782287819 -15.454708085280656 -15.547122301287112 -15.639324976420609 -15.72938605631631 -15.821718381752074 -15.912825244550792
101
 -2.591421568514398 -3.9781986454923044 -4.823557010652479 -5.361443935716479 -5.756958083774415 -6.070022149051362 -6.322849986771845 -6.549541637103867 -6.740697371568633 -6.915899450726951 -7.075683143525278 -7.214185358913987 -7.346412808636293 -7.475733147187829 -7.6085119292824395 -7.720431528781865 -7.836218051401249 -7.944772423474279 -8.04426068796149 -8.145076234835315 -8.247221542506772 -8.349725912005008 -8.452880409365944 -8.553087799312014 -8.654956869936722 -8.755254425525832 -8.858299884108193 -8.957113182796729 -9.059266494989394 -9.159130303622225 -9.262415445463061 -9.361507595736198 -9.461543378656174 -9.555219700626264 -9.650326893097924 -9.748243087833686 -9.844856304795243 -9.942997024204132 -10.038996692273948 -10.137401212995576 -10.23593198758875 -10.33397851659929 -10.43389720972073 -10.527565547416037 -10.624744558480145 -10.725098831219361 -10.821076254086673 -10.918584520968977 -11.02043089488015 -11.118093362915541 -11.218757884069285 -11.312311089663396 -11.409085722637244 -11.504593414263002 -11.599701937722992 -11.698722822569941 -11.79624229855151 -11.895967426155973 -11.989758740106732 -12.083686778030264 -12.17607704595522 -12.27463941723904 -12.372849214774753 -12.469418938111051 -12.565021529300314 -12.659884715449172 -12.75722307666192 -12.854250342007434 -12.947931317292063 -13.044455932201858 -13.137948395550314 -13.232465851623878 -13.3252763406484 -13.420486270883158 -13.516241641326323 -13.610683833736324 -13.703493984987634 -13.80150498038135 -13.892321598323552 -13.984709487827805 -14.077938361996901 -14.170875026446684 -14.262941351155506 -14.355761938808993 -14.448897937773031 -14.54305227250599 -14.64033455689014 -14.735112213774396 -14.82900938393532 -14.922931113759931 -15.016742344598276 -15.10975772903708 -15.204133670880518 -15.29677272707384 -15.391576943035204 -15.484933136105665 -15.578411255040733 -15.672550254332219 -15.76466313212822 -15.85785571956851 -15.9507489320903
101
 -2.591421568514398 -3.954424644415172 -4.832717265609081 -5.38927377108202 -5.757622536940279 -6.072554217340911 -6.327712138917148 -6.548723927171458 -6.736415231449941 -6.906605133294673 -7.062091034246375 -7.207255328225824 -7.344532271010318 -7.46994438529084 -7.5907149299470005 -7.704006112033014 -7.814596302733272 -7.915768623589832 -8.018345405945963 -8.115985472959034 -8.218827184286063 -8.321082884201337 -8.421744807840238 -8.527090722367824 -8.633568103479819 -8.730998380112592 -8.830172827714554 -8.928183783358033 -9.025097152204035 -9.125999165016863 -9.226852356506207 -9.324763882595441 -9.423009699869327 -9.523587585007267 -9.622684852196405 -9.721204588530457 -9.816294923074448 -9.913338251373514 -10.00937849520748 -10.104736581323499 -10.198542541355758 -10.29577723777457 -10.395220459449625 -10.493181853574624 -10.587527230252485 -10.685402407123375 -10.782479883982786 -10.879405111184678 -10.975332927898387 -11.072366053133916 -11.168648604789817 -11.263451984728947 -11.358561756544816 -11.454362419671744 -11.5533233573583 -11.647880783560618 -11.74576704299649 -11.846269139621436 -11.942177971820449 -12.037778426052041 -12.133453548325488 -12.225940905549232 -12.321747073682475 -12.420043475021794 -12.515174433766543 -12.61085112048043 -12.709729784920722 -12.803590986781668 -12.90075776582496 -12.99860051999443 -13.091247239922872 -13.187800543244744 -13.28232947335622 -13.374908817660119 -13.467081838887369 -13.560688710756033 -13.65756346257744 -13.752413862461005 -13.845969489577058 -13.93855497880302 -14.032040967927603 -14.128942824405556 -14.224256363466177 -14.317467934220423 -14.410610193133008 -14.507485060620885 -14.6021936878005 -14.694330156234255 -14.78734071815673 -14.883063536314898 -14.981778605455368 -15.075666435985388 -15.16561343462827 -15.260807357648499 -15.35357671042379 -15.449130645337535 -15.541103004938405 -15.633894787714473 -15.725459530542533 -15.818369702000725 -15.912328326987526
101
 -2.591421568514398 -3.981489852204167 -4.86688210244711 -5.414541498334673 -5.792858691262506 -6.099729525987807 -6.344076719272756 -6.56037210174176 -6.760748307859436 -6.931731993247533 -7.094137739309863 -7.237761254735455 -7.368899743481393 -7.496179795793932 -7.621097622156021 -7.740556137855247 -7.854547403753313 -7.962731980093199 -8.072136567450459 -8.170370965009191 -8.267710977814028 -8.358866903790426 -8.457375890486476 -8.561801788223203 -8.657167965348128 -8.76165994136143 -8.857829406952956 -8.955929773084145 -9.052216794430988 -9.151762226047358 -9.25310820971615 -9.351047934474023 -9.447581660052377 -9.550770269099901 -9.64973353581802 -9.752409076751537 -9.848165188889599 -9.945966904508634 -10.043205579710762 -10.142231175129487 -10.239334578231368 -10.337452407038349 -10.43313088935251 -10.531209162233573 -10.627775345981432 -10.72631562712197 -10.82556520006732 -10.920972618631877 -11.017584604267563 -11.111381228213935 -11.208913194220942 -11.306736835454528 -11.402648023553652 -11.500904888478587 -11.599340210275043 -11.697795289415769 -11.799768529673615 -11.894748051652279 -11.991619118621418 -12.088960498947344 -12.185104997718188 -12.278830085228956 -12.373309565429933 -12.468679042113644 -12.56499535754206 -12.662005896550571 -12.756859886212496 -12.854011715605106 -12.947875699928291 -13.040222628149158 -13.135830719769283 -13.230475469879556 -13.325838272943756 -13.418711252056797 -13.512354083757721 -13.604728752285217 -13.699610010749401 -13.793762477129285 -13.889583283992835 -13.984578354300622 -14.078709897432223 -14.170784693608493 -14.267265578481961 -14.35886957829853 -14.453238268547459 -14.550166478290413 -14.643629832632934 -14.738362468408473 -14.83152701016716 -14.925456018414142 -15.017084145771678 -15.111214301922498 -15.212052955782129 -15.309931070278658 -15.40516200926776 -15.498707371082599 -15.59295707621786 -15.687659876200877 -15.782611706213029 -15.874499426080261 -15.966760240197933
steps
5
101
 0 2000 4000 6000 8000 10000 12000 14000 16000 18000 20000 22000 24000 26000 28000 30000 32000 34000 36000 38000 40000 42000 44000 46000 48000 50000 52000 54000 56000 58000 60000 62000 64000 66000 68000 70000 72000 74000 76000 78000 80000 82000 84000 86000 88000 90000 92000 94000 96000 98000 100000 102000 104000 106000 108000 110000 112000 114000 116000 118000 120000 122000 124000 126000 128000 130000 132000 134000 136000 138000 140000 142000 144000 146000 148000 150000 152000 154000 156000 158000 160000 162000 164000 166000 168000 170000 172000 174000 176000 178000 180000 182000 184000 186000 188000 190000 192000 194000 196000 198000 200000
101
 0 2000 4000 6000 8000 10000 12000 14000 16000 18000 20000 22000 24000 26000 28000 30000 32000 34000 36000 38000 40000 42000 44000 46000 48000 50000 52000 54000 56000 58000 60000 62000 64000 66000 68000 70000 72000 74000 76000 78000 80000 82000 84000 86000 88000 90000 92000 94000 96000 98000 100000 102000 104000 106000 108000 110000 112000 114000 116000 118000 120000 122000 124000 126000 128000 130000 132000 134000 136000 138000 140000 142000 144000 146000 148000 150000 152000 154000 156000 158000 160000 162000 164000 166000 168000 170000 172000 174000 176000 178000 180000 182000 184000 186000 188000 190000 192000 194000 196000 198000 200000
101
 0 2000 4000 6000 8000 10000 12000 14000 16000 18000 20000 22000 24000 26000 28000 30000 32000 34000 36000 38000 40000 42000 44000 46000 48000 50000 52000 54000 56000 58000 60000 62000 64000 66000 68000 70000 72000 74000 76000 78000 80000 82000 84000 86000 88000 90000 92000 94000 96000 98000 100000 102000 104000 106000 108000 110000 112000 114000 116000 118000 120000 122000 124000 126000 128000 130000 132000 134000 136000 138000 140000 142000 144000 146000 148000 150000 152000 154000 156000 158000 160000 162000 164000 166000 168000 170000 172000 174000 176000 178000 180000 182000 184000 186000 188000 190000 192000 194000 196000 198000 200000
101
 0 2000 4000 6000 8000 10000 12000 14000 16000 18000 20000 22000 24000 26000 28000 30000 32000 34000 36000 38000 40000 42000 44000 46000 48000 50000 52000 54000 56000 58000 60000 62000 64000 66000 68000 70000 72000 74000 76000 78000 80000 82000 84000 86000 88000 90000 92000 94000 96000 98000 100000 102000 104000 106000 108000 110000 112000 114000 116000 118000 120000 122000 124000 126000 128000 130000 132000 134000 136000 138000 140000 142000 144000 146000 148000 150000 152000 154000 156000 158000 160000 162000 164000 166000 168000 170000 172000 174000 176000 178000 180000 182000 184000 186000 188000 190000 192000 194000 196000 198000 200000
101
 0 2000 4000 6000 8000 10000 12000 14000 16000 18000 20000 22000 24000 26000 28000 30000 32000 34000 36000 38000 40000 42000 44000 46000 48000 50000 52000 54000 56000 58000 60000 62000 64000 66000 68000 70000 72000 74000 76000 78000 80000 82000 84000 86000 88000 90000 92000 94000 96000 98000 100000 102000 104000 106000 108000 110000 112000 114000 116000 118000 120000 122000 124000 126000 128000 130000 132000 134000 136000 138000 140000 142000 144000 146000 148000 150000 152000 154000 156000 158000 160000 162000 164000 166000 168000 170000 172000 174000 176000 178000 180000 182000 184000 186000 188000 190000 192000 194000 196000 198000 200000
