10
SGD
5
101
 -4.195513169624306 -5.328988562382662 -5.538953123905134 -5.6627171214382095 -5.7478656817615095 -5.814254187562487 -5.868550109721081 -5.912832087417512 -5.950037584044375 -5.984532588730455 -6.014609156704312 -6.040461289537053 -6.065291838354703 -6.088413697547935 -6.108786240318883 -6.128110358016255 -6.146541072193543 -6.163836969948764 -6.18010853454264 -6.195030509210214 -6.209060721634323 -6.222859118482661 -6.235110385917047 -6.2474501783968694 -6.259253235789172 -6.271095369586229 -6.28144365006995 -6.291914044998846 -6.301272897501021 -6.3109731365390305 -6.3202699811505125 -6.329149904118868 -6.337891509982984 -6.346237991990037 -6.354556264389576 -6.362619669410096 -6.370164992529612 -6.3775292887889705 -6.385158044511437 -6.392556494433828 -6.399711241592998 -6.406149662200166 -6.412489911784412 -6.4184894470676035 -6.42461271257364 -6.430687919785089 -6.436499723045534 -6.442207653991622 -6.447788073471986 -6.453454405779001 -6.458760129415007 -6.463742551809531 -6.469101661287505 -6.474049484506337 -6.478966909828102 -6.48389225717525 -6.488284111463605 -6.4931918902028904 -6.497876192159001 -6.502614637842234 -6.506879016601409 -6.511282339243005 -6.515717429056176 -6.520033999536616 -6.524101277032053 -6.528188517191959 -6.532344311448871 -6.536072621454949 -6.540100881994156 -6.543902644975877 -6.54746148191427 -6.551086461068881 -6.554406550020833 -6.558139081127849 -6.561410989588045 -6.564905315350591 -6.568427112106415 -6.571966884721273 -6.575286935899326 -6.578374009199681 -6.581667097019253 -6.584969489495049 -6.588241987453275 -6.59150434134252 -6.594425478717755 -6.597551270092609 -6.600552117274939 -6.603522076917582 -6.6066055940690696 -6.609490311633248 -6.612443118319991 -6.61521144487678 -6.617993503878684 -6.620594230610325 -6.623433941518615 -6.626209994460768 -6.628828957374305 -6.631646347836292 -6.63426268583835 -6.636821247402171 -6.639416768389066
101
 -4.195513169624306 -5.392250329848813 -5.5901393045236745 -5.705828489287384 -5.791545360637271 -5.858220774194123 -5.911418129472762 -5.9546133310507825 -5.9924834695256886 -6.02611648533974 -6.0565243047347685 -6.0840674298323885 -6.1090483589987095 -6.130363922787355 -6.150462808256144 -6.168885248197573 -6.186475670022908 -6.204182400921008 -6.220386709521943 -6.2358864332059225 -6.24947428980724 -6.262863457596657 -6.2765768103545865 -6.288597649107648 -6.30089843953067 -6.312350419382212 -6.323143773499416 -6.333534009336395 -6.343349642203603 -6.352419869319635 -6.36118637304921 -6.369844442397916 -6.3781854769355375 -6.3863409959734305 -6.394521237367743 -6.402735785726666 -6.4104495969269 -6.41725972559792 -6.4247562235382425 -6.431326324899529 -6.438316798662341 -6.445126976146392 -6.451847386175055 -6.458414091432024 -6.464471683529734 -6.470211066832933 -6.475650652959752 -6.481260688269585 -6.486699430475817 -6.492063980685709 -6.49739704449128 -6.502301074453692 -6.507390766124644 -6.512832956873647 -6.517606919855395 -6.52230503616604 -6.526956255986671 -6.531651896830556 -6.53632201515619 -6.540882528922273 -6.545284883584917 -6.549620876908505 -6.554006400778444 -6.558210818614589 -6.562431805307534 -6.566631356286183 -6.570630610538742 -6.574689865955672 -6.578370874647676 -6.5822425846120245 -6.585914366551704 -6.58935522699558 -6.592910574234356 -6.596619591696552 -6.600201176799248 -6.603675842205258 -6.6069826387222275 -6.610030902156792 -6.613368197464492 -6.6168307477694395 -6.62004274517378 -6.623244630983647 -6.626305110329596 -6.629511958593471 -6.632568244786703 -6.635520003124402 -6.638556192428967 -6.641617421676093 -6.644251190792198 -6.647146681911025 -6.649984579160925 -6.6529360088286085 -6.6557460249302 -6.658431881797698 -6.661305095049069 -6.664011792807399 -6.666502295874638 -6.669294746580168 -6.671888304908361 -6.674416143726714 -6.676850040429746
101
 -4.195513169624306 -5.437097062305888 -5.636911048237056 -5.754603069434654 -5.8391594231812425 -5.903773935257371 -5.953638286861351 -5.997513384087954 -6.036588814661265 -6.069008659684244 -6.096772265425771 -6.12244635939817 -6.14686900952827 -6.169377624137373 -6.188933617875741 -6.207784039960963 -6.226040305961525 -6.242007794759182 -6.258242402306394 -6.27406709671057 -6.287602897136764 -6.30042362291065 -6.313574478496409 -6.325132962150413 -6.336960858040089 -6.34783050966084 -6.358050388319518 -6.368112024123866 -6.3782594661342635 -6.387590793601056 -6.396647962158625 -6.4056177059077894 -6.414728322798517 -6.42262408308262 -6.430826887619634 -6.4383477278491155 -6.445892591409743 -6.452878562565567 -6.4598090016377085 -6.466662478746796 -6.473345206307361 -6.479745611339958 -6.4862361176477314 -6.492476055478108 -6.498488317837796 -6.503998633226408 -6.509820749348474 -6.515125031001047 -6.520692632964558 -6.52601425519513 -6.5314878764556745 -6.53699761153298 -6.542189428572999 -6.5475552104334644 -6.552315644977461 -6.557094813421921 -6.562139739809777 -6.566498355230946 -6.570711434572761 -6.575005091706766 -6.579428014737605 -6.583646565452628 -6.587615706588675 -6.5914339124062025 -6.595585129022312 -6.599330976677365 -6.603344954555433 -6.607207738594914 -6.6111746704183085 -6.614819997392344 -6.618313263960838 -6.6219766831100255 -6.625903039140497 -6.629469478115471 -6.632815568666204 -6.636268782072052 -6.639768365776132 -6.643428476138846 -6.646658831609985 -6.649909071233738 -6.653130249934818 -6.656015422715943 -6.659200178726188 -6.662094197293994 -6.665222050083314 -6.668137543578287 -6.671123276643348 -6.674061785439465 -6.677061257618953 -6.679877650264566 -6.682714854039752 -6.68542430078436 -6.688129114331423 -6.6910466134144535 -6.693522385587991 -6.696075645204028 -6.698747202505063 -6.701493916636112 -6.704108231180277 -6.706476027274374 -6.709126767256833
101
 -4.195513169624306 -5.516013221281895 -5.724640298834396 -5.842529114059917 -5.924509998280246 -5.988186410508866 -6.043676890819706 -6.086971308334599 -6.123859501422515 -6.156539877539196 -6.18544177305837 -6.211957319140357 -6.237260581809306 -6.257688830355609 -6.27768148357117 -6.296143654226017 -6.313587323997494 -6.33027925310403 -6.345962755164521 -6.360783138372114 -6.374858787483835 -6.388050417853763 -6.400845962656336 -6.41311958301088 -6.424776333013549 -6.435688878837147 -6.4459035225277495 -6.455638486488634 -6.4645244272166575 -6.4738230466700095 -6.481777269007421 -6.490625846633834 -6.498645499044292 -6.50694198346494 -6.514185691769601 -6.521864924182721 -6.529008676578262 -6.535785181728078 -6.542355941838818 -6.549307740012033 -6.556044733136313 -6.562662758595957 -6.568976711091249 -6.575119238293781 -6.581060593345147 -6.587014217829216 -6.59280634245386 -6.598250786778266 -6.603610831149732 -6.60897074137624 -6.614251332036968 -6.6196390478344815 -6.624340435303178 -6.6292920529159725 -6.634267487821252 -6.639248944331696 -6.643900974025278 -6.648609224065839 -6.653065143575036 -6.657602807720811 -6.661879968892756 -6.665938057346187 -6.670030521545421 -6.674055748016746 -6.678112369340791 -6.682368689545726 -6.686270657020078 -6.690307314655169 -6.694003799515418 -6.697725070245396 -6.701631579758411 -6.705365924653042 -6.708862377951475 -6.712400341595128 -6.715974203557161 -6.719289875235532 -6.722560879671887 -6.725768917649179 -6.728970853718345 -6.732243047226202 -6.735491562903101 -6.738497619938328 -6.741470099000612 -6.744677612557947 -6.7476996031297825 -6.750670734068076 -6.753558991941604 -6.756400473147399 -6.759304514018014 -6.762075947425023 -6.764772816371871 -6.767602580531377 -6.770277201374312 -6.772861223077306 -6.775641172776658 -6.77814314206148 -6.781000621049243 -6.783523776684802 -6.786103166756229 -6.788621797541576 -6.791290862296806
101
 -4.195513169624306 -5.468093134973823 -5.670498997619609 -5.789137049726443 -5.871618866880228 -5.936491480477458 -5.986799068430668 -6.028339310427578 -6.06504561862866 -6.0980879028935435 -6.1271401820261255 -6.1534517751827 -6.178475875832155 -6.1999213878570645 -6.220776614818743 -6.2398600904571335 -6.258161769308255 -6.275478582803801 -6.29061218439229 -6.3061317638155145 -6.31971224097867 -6.33250643884744 -6.345493522506951 -6.35766922481456 -6.3689002729616915 -6.379602115950355 -6.390107706407037 -6.399939731658845 -6.409459048201594 -6.418809695792547 -6.427506495042202 -6.4362345689356 -6.444263370984459 -6.452773381975273 -6.460805938887976 -6.46871382497013 -6.476048978775694 -6.482895525303151 -6.489724829176704 -6.496516777754984 -6.502989966009936 -6.509690680624542 -6.516206319638996 -6.5220569221911395 -6.528051341181589 -6.5340654589505265 -6.539915206822516 -6.545325947713931 -6.550854152805786 -6.556111077762074 -6.56136403464304 -6.566452288850686 -6.571484381886057 -6.57599340623442 -6.581040512794649 -6.585816474578688 -6.590291491755078 -6.594968799136167 -6.5992966946735665 -6.6036416406941685 -6.608150805119844 -6.612306602760826 -6.616405856956355 -6.620351549488683 -6.624255745325943 -6.628188918915742 -6.632080757069522 -6.635863795839284 -6.639495872869508 -6.643414166505768 -6.647045618642767 -6.650611105410724 -6.654033557868954 -6.657493757810743 -6.660845395667685 -6.664258118511774 -6.667565297168363 -6.670764405340473 -6.673998929208674 -6.677342060136506 -6.680467819993487 -6.6837210163268495 -6.686764397876036 -6.689752085333829 -6.692646992525833 -6.695655529710563 -6.698663320947773 -6.701564885669755 -6.704508986597336 -6.70734756485426 -6.710223102566633 -6.712865421183895 -6.715629897647546 -6.718145798259564 -6.720681515756404 -6.7235004541853565 -6.726286532903687 -6.728901146125138 -6.731704147114438 -6.7340524971301985 -6.73652571868628
SAGA
5
101
 -4.195513169624306 -4.303982306470394 -4.415410816780358 -4.527779121589624 -4.634873834791786 -4.745151232298787 -4.852653921660301 -4.960076465147119 -5.065137945203224 -5.16976412549857 -5.2743818248810665 -5.376676358638525 -5.476285733219659 -5.573496891412774 -5.6718152613735 -5.771808163045913 -5.868851264198962 -5.967193144690576 -6.062345293026057 -6.156435296969463 -6.251100231335957 -6.343996873521497 -6.433685351470338 -6.523401241022199 -6.6104649743363275 -6.694834034524652 -6.778956128116503 -6.8626543814431145 -6.944736905390266 -7.024586322362079 -7.102184043584024 -7.177070333354263 -7.251507897784511 -7.32339025951148 -7.3932668715145775 -7.46032852585166 -7.526573171545706 -7.5894676462680435 -7.6491622527096785 -7.707281305589024 -7.764196526248743 -7.819607956310908 -7.873070730368496 -7.923805942735465 -7.9712756633906 -8.017926946769961 -8.061631816185258 -8.103449775801773 -8.142582897048035 -8.180878779331485 -8.217349957416628 -8.251478512248761 -8.285129402567986 -8.31762684398001 -8.346902256104405 -8.374666623383083 -8.4013303848734 -8.425989389119186 -8.44893350422967 -8.470880693046164 -8.491512091862527 -8.510778528144884 -8.528882548071202 -8.545693922632628 -8.561502803849962 -8.576267709722499 -8.590247290866001 -8.603460596098682 -8.615470971328458 -8.626807067754926 -8.63783549894282 -8.647540876372942 -8.656744837933877 -8.665422659228271 -8.673375479832641 -8.680605281225695 -8.687633200980816 -8.694040778373424 -8.700027276626942 -8.705712452157437 -8.71089622064854 -8.715893918720566 -8.720429141509424 -8.724560153310213 -8.728301262347392 -8.731939683044489 -8.735328990424023 -8.73845482928113 -8.741290794194907 -8.74404053566931 -8.746507334597224 -8.748815164603059 -8.750810917883605 -8.752814988632895 -8.754603400200207 -8.756270528556467 -8.757895373196476 -8.75940446249728 -8.76081009555353 -8.762024136341697 -8.763197466036141
101
 -4.195513169624306 -4.305302019180277 -4.411952924965298 -4.5179207657583325 -4.622923231348128 -4.728681678088719 -4.834988175846555 -4.9380518660695945 -5.042744420015284 -5.147038596230156 -5.250003194335229 -5.3516857451201 -5.456015363045198 -5.555857048860278 -5.658731320704641 -5.757640965451679 -5.855717705509932 -5.953371096438133 -6.050744102763148 -6.146582158799539 -6.240626893779859 -6.333095038193716 -6.421966838810838 -6.510810837306009 -6.599142166126588 -6.686232999884215 -6.7715224461356485 -6.854626453766879 -6.9371138605853355 -7.0170759293193505 -7.093982513824099 -7.170586395801821 -7.244783958213978 -7.3156473912546085 -7.384925602189752 -7.45294987436603 -7.519195196593116 -7.581694185568884 -7.643636180214737 -7.702334412215203 -7.761000067869461 -7.81682051566686 -7.8696349475961895 -7.920112864998247 -7.968610552328108 -8.015445341850835 -8.059682418188842 -8.10271998503717 -8.142435641368687 -8.181366302301331 -8.218144707367074 -8.253415858872158 -8.28727123891157 -8.317280895300089 -8.347081012108541 -8.375281375019355 -8.40145670802186 -8.42595707974567 -8.449856977779731 -8.471220052534465 -8.491994885191286 -8.51158403221612 -8.52990207785105 -8.546659827222834 -8.562476728352427 -8.577071177294034 -8.591115081949724 -8.604311892657712 -8.616385796202701 -8.6270991796388 -8.63747534050823 -8.647308326232652 -8.656475097101534 -8.665155924134961 -8.673183627562219 -8.680667191474726 -8.687645434044134 -8.694223273792145 -8.700195054426944 -8.705868266916982 -8.71113663165613 -8.715863075119168 -8.720152530010079 -8.724416309308063 -8.728163513357046 -8.73189732503697 -8.735221125568025 -8.738426712747264 -8.741211150241023 -8.743891587368754 -8.746377266356482 -8.748685251540515 -8.750829239002973 -8.752799455280204 -8.754602536015318 -8.756366517017714 -8.757967059628855 -8.759407857807455 -8.760814914527069 -8.762083182430748 -8.76326969825152
101
 -4.195513169624306 -4.306659944770761 -4.419182555706324 -4.529412341327668 -4.637097822082574 -4.74492884776319 -4.851647919059417 -4.960393133412795 -5.0660740576789225 -5.1717221203259145 -5.278008250722488 -5.3821363525957455 -5.484756957425957 -5.5861229492054 -5.68530189371096 -5.783363207521071 -5.88166735249752 -5.976817810553488 -6.07412007251815 -6.168409168129796 -6.261881386361581 -6.352711897546231 -6.44422286626417 -6.534265680353759 -6.622518326453548 -6.710179605856523 -6.794023050327529 -6.877110467551407 -6.957360842046616 -7.0373564276995575 -7.114455276446512 -7.189181728189411 -7.26119116779752 -7.334222731355911 -7.403056985316333 -7.467894928222948 -7.533168380799331 -7.596710548006275 -7.65727678356842 -7.714249453083848 -7.7726647634792085 -7.827066623272068 -7.880951565047579 -7.931053646834709 -7.979028482535489 -8.023784317332941 -8.067866082283745 -8.109320449165274 -8.149378290844417 -8.188053664670798 -8.223668032630066 -8.258313629004672 -8.291100094355002 -8.322087801049985 -8.350940160417567 -8.378415721999506 -8.403145427142398 -8.428362105197838 -8.451260307437325 -8.472920576031989 -8.49363339315675 -8.512781327177821 -8.53050032906569 -8.547428487247698 -8.563299293098275 -8.57800567417221 -8.592049637489183 -8.604942666152182 -8.616917982272575 -8.628355574939894 -8.638745326073353 -8.648691634469099 -8.658017362466742 -8.666497927242194 -8.674387860620115 -8.68185911056445 -8.68861867189699 -8.694786448735844 -8.70063995355181 -8.70615940566798 -8.711171033454056 -8.716002723037644 -8.720458534918208 -8.724638067939113 -8.728545264216052 -8.732092710528116 -8.735398637961042 -8.738531853966306 -8.741423135512434 -8.744023234067507 -8.746503743154815 -8.748824584614058 -8.750945652403477 -8.752852536926829 -8.754756047691876 -8.756468414435163 -8.758076684943024 -8.759536038287214 -8.760862733863666 -8.762145317835522 -8.763293568359417
101
 -4.195513169624306 -4.3033344995533716 -4.409038884627957 -4.519294909854537 -4.625741836442043 -4.733026951554414 -4.840066487892601 -4.947970400256151 -5.052300794900023 -5.158453598342377 -5.260163766989897 -5.365072789257595 -5.4688651445522245 -5.567259088320316 -5.667852069482562 -5.7686212227439215 -5.866740949461725 -5.963460076170076 -6.058446894291866 -6.152450274920506 -6.244682180712889 -6.336330543990638 -6.425308523227768 -6.515283062634523 -6.60251966257298 -6.689771841572894 -6.77505011852134 -6.857649743049652 -6.938005910662788 -7.016255290157618 -7.095721742604951 -7.171677165383619 -7.246115948484403 -7.317744607940333 -7.387913273914989 -7.45692605154286 -7.521560391370263 -7.5846258175537855 -7.646205666255626 -7.705067827223227 -7.761878689957209 -7.816849464791259 -7.8684781250980045 -7.919450022310381 -7.9690351175469 -8.015503446591529 -8.059397459321954 -8.101867361677993 -8.142707692367855 -8.18091434535845 -8.217374807103395 -8.2512111477684 -8.284739298711768 -8.315891087620072 -8.344702196804189 -8.37246125300338 -8.399329583832696 -8.423884128610275 -8.447545226447845 -8.46957758609916 -8.489992205203066 -8.508658515962724 -8.526482963631736 -8.543771824904303 -8.559880289652932 -8.574728659853244 -8.588832851717303 -8.601932287769468 -8.613965068863306 -8.625514438536868 -8.636273435642934 -8.646419119777388 -8.655781430567496 -8.664467401226867 -8.672413111813086 -8.679764666930526 -8.686907619843854 -8.693536545401955 -8.699668592221094 -8.705204329577509 -8.710342966268334 -8.715003448417669 -8.719560396173533 -8.723746814684485 -8.727725840977962 -8.731388107344458 -8.734790314264824 -8.737954313425133 -8.740781849396752 -8.743495924330738 -8.74599852705751 -8.748368417443935 -8.750542456770283 -8.75254719834447 -8.754449547265672 -8.756211022244651 -8.757789065450961 -8.759258106436173 -8.760616164372438 -8.761880643467471 -8.763082207431266
101
 -4.195513169624306 -4.304257957141031 -4.41062071612173 -4.51631028379825 -4.622850728216394 -4.732205182173687 -4.838210397009062 -4.943616132521912 -5.049272819632111 -5.153198670014296 -5.260192100296749 -5.363598126977306 -5.4641434666907704 -5.565072860353506 -5.6639064757291795 -5.761825577207595 -5.857668109642902 -5.955320310055523 -6.051250524852042 -6.1439145816525045 -6.236542088732651 -6.328284263144999 -6.418231367549791 -6.506943587550181 -6.593449545906442 -6.680133810384213 -6.765022865444862 -6.8469766741358296 -6.927276216647402 -7.008644702049161 -7.0866655459624734 -7.165078763266454 -7.237583249638993 -7.309871546187067 -7.379472945301098 -7.448052244973055 -7.51379120928466 -7.578418392164457 -7.6410299884718915 -7.70110774286526 -7.758191758759262 -7.811944104721151 -7.865558647719247 -7.9167718901636945 -7.966753123258817 -8.012876099332418 -8.057748811358229 -8.099836843385336 -8.140596567678276 -8.178954521424025 -8.215403315440309 -8.250452917513696 -8.283725117310462 -8.31373855900747 -8.34353449249443 -8.371738547258712 -8.397839248560345 -8.422738515516166 -8.445958952843142 -8.46784881515845 -8.4882810028245 -8.507846110230567 -8.526508322430564 -8.544141880969248 -8.559995787139659 -8.57474501553033 -8.588984994986463 -8.602298971373722 -8.614245083876678 -8.625760680070504 -8.636753396106313 -8.646411644279667 -8.65557102488784 -8.664163362469887 -8.672177881356985 -8.679644538497126 -8.686672740575641 -8.693278711949395 -8.69922313721391 -8.704833092739102 -8.709929865540605 -8.714857676726114 -8.719404300331316 -8.72364311834523 -8.72758276636004 -8.731247113876238 -8.734542371746569 -8.737691836623386 -8.740685576746566 -8.743294397312514 -8.745793582062346 -8.7481494322452 -8.750292832170155 -8.752389800029059 -8.754305712396972 -8.756033049818933 -8.75765669839793 -8.759168816454611 -8.760554070635191 -8.761849126627412 -8.763030055021932
ADAPTSAGA
5
101
 -4.195513169624306 -6.11567877130218 -6.7252218861822834 -7.064785420886915 -7.305783412153528 -7.477178534243321 -7.6262710169862205 -7.7455093672122555 -7.850126706222726 -7.938310728673468 -8.01469909513354 -8.083491855763363 -8.138963705404642 -8.193864276435928 -8.240481677932326 -8.285609057130412 -8.325240774900644 -8.360484050448298 -8.39451087381647 -8.419420100569136 -8.440336978004652 -8.459856325245191 -8.478603884092294 -8.496562880903895 -8.513507122462094 -8.529465858174715 -8.544660134571526 -8.558918784593192 -8.572237955284994 -8.58454988334223 -8.59648146640123 -8.60774453164189 -8.618292772745447 -8.62867183678851 -8.637899209589216 -8.646789062612822 -8.655132016442614 -8.662931116828135 -8.6701639722979 -8.676954355566961 -8.683339667160531 -8.689272285015488 -8.69491535244901 -8.700144036149585 -8.705155201214888 -8.709845087227126 -8.714180464796813 -8.718245183993583 -8.722101594313102 -8.725723822836166 -8.729158544778608 -8.732320887528 -8.735272437427765 -8.738065721803066 -8.740680970024224 -8.743083310863847 -8.745267148853767 -8.747453723671583 -8.749427855252968 -8.751264511430506 -8.753014297863825 -8.754626258160533 -8.75618344783873 -8.757620008135682 -8.758964010691784 -8.760233037103575 -8.761402309678184 -8.762518167346235 -8.763548795417474 -8.764483508362819 -8.765390790799687 -8.766231249964063 -8.767008655171725 -8.767758794424372 -8.76844199584842 -8.769087575232685 -8.76968896680133 -8.770250701535982 -8.770784160783583 -8.77127825263809 -8.771731910236214 -8.772170325753919 -8.772570767414146 -8.772950399600866 -8.773293628826508 -8.773626549402369 -8.77393778746561 -8.774224870180543 -8.774502849881985 -8.774759303684567 -8.774996894684364 -8.775219950754972 -8.775430218860338 -8.775624494251122 -8.775808553739454 -8.7759741476915 -8.776135376506318 -8.776288891387535 -8.776433927644709 -8.77656682516533 -8.776685691259923
101
 -4.195513169624306 -6.128574123923846 -6.732849298456609 -7.069932066709361 -7.311212635403287 -7.482463980090316 -7.631521208052585 -7.750282143772778 -7.853693655000589 -7.941222032452672 -8.01759532967232 -8.085918854726392 -8.141894863320843 -8.19655066571548 -8.243463691085587 -8.288328992135574 -8.328105371108844 -8.362989714228402 -8.396922439614945 -8.421916203448019 -8.442634814756476 -8.46218377197741 -8.481125124938737 -8.498638200309587 -8.515077011068438 -8.530913197564848 -8.54572684719804 -8.559791717154278 -8.572959935677916 -8.58557989019213 -8.597482106776335 -8.608743362388235 -8.61931046536381 -8.628841126888835 -8.638126183143562 -8.646829713362424 -8.655091339797345 -8.662836039996785 -8.66995407797812 -8.676765928758027 -8.683238487519056 -8.689269843781057 -8.694936352111196 -8.700082475938439 -8.704987715692551 -8.7096267597658 -8.713891239377206 -8.71809049431027 -8.72186907735422 -8.725419122626825 -8.728832341232879 -8.732029140738891 -8.73492779199888 -8.737701907835913 -8.740380214477907 -8.74282126315177 -8.745127298896424 -8.747257727597422 -8.749255624677742 -8.751070423946038 -8.752898558135275 -8.754547442894959 -8.756100840809996 -8.75754266674947 -8.758918496254848 -8.760159755659682 -8.761348800459883 -8.76249834523988 -8.763543835363182 -8.764508566567475 -8.765396019818619 -8.766247313010789 -8.767019912379245 -8.767769969882655 -8.768444780839584 -8.769091218669343 -8.769706286531672 -8.770276099343567 -8.770808357034802 -8.77129462839774 -8.771767962545974 -8.772196683359757 -8.772604231255098 -8.772984329950905 -8.77333355153656 -8.77366339493327 -8.773976838843424 -8.774258318077992 -8.774535529446569 -8.774787923511102 -8.775027739908184 -8.775246344422738 -8.775450913999327 -8.775647085687526 -8.775827254449935 -8.775993190680449 -8.77615255204796 -8.776303434699745 -8.776443288563568 -8.7765698627844 -8.776688410724871
101
 -4.195513169624306 -6.123764811819381 -6.732602205564289 -7.071379414483489 -7.311038935148423 -7.48477873845017 -7.632459139744821 -7.751176308036693 -7.85473163366809 -7.943055832311345 -8.019121479354679 -8.087061939457612 -8.143442200717566 -8.198689163649078 -8.244773782332844 -8.289993857839603 -8.329416193560744 -8.364066487518045 -8.397801981414677 -8.42221769663834 -8.443110316054712 -8.463010479486336 -8.4818443199065 -8.49950102084849 -8.515708060881552 -8.531562671788015 -8.54663227861405 -8.560983892851693 -8.574210743076286 -8.586754852694469 -8.598581767633268 -8.609728751163072 -8.620158467324975 -8.63006545856736 -8.639388326710518 -8.648063336222343 -8.656277021500062 -8.663765243246278 -8.67110887934605 -8.677790206848254 -8.684096845731235 -8.690085551326371 -8.695609729048554 -8.700918282538355 -8.705859625458956 -8.710495134469356 -8.714877024987148 -8.718911730581194 -8.722728803078104 -8.72619777167102 -8.729584464105654 -8.732705469776247 -8.735631867442743 -8.73843357556644 -8.740972764758967 -8.743415189946225 -8.745632257070932 -8.747715014026697 -8.749700882641575 -8.75153881043426 -8.753264002580707 -8.754864708690961 -8.756373710196009 -8.757763008824659 -8.759080168466223 -8.760338434487943 -8.76150202827465 -8.762581971863348 -8.7635822065367 -8.764522018047437 -8.765440289615311 -8.766293902686655 -8.767077653795848 -8.767807653513454 -8.768497238442025 -8.769152223440289 -8.769758308655987 -8.770324944385596 -8.770839181880277 -8.771330163558654 -8.771786940285072 -8.772217719993195 -8.772608840305946 -8.772989208377583 -8.77333903592094 -8.773667615112334 -8.773968854876266 -8.77425640704524 -8.774524770766705 -8.77478462481953 -8.775021648083102 -8.775241776050878 -8.775448696078259 -8.77563997587243 -8.775825477593363 -8.77599820563491 -8.776159138911853 -8.7763092361807 -8.776448583473504 -8.776578804634681 -8.77669850280027
101
 -4.195513169624306 -6.111831857256792 -6.716805429139563 -7.054526039380883 -7.298157752186261 -7.470047854453967 -7.619257423275151 -7.7391527444966535 -7.845052060381701 -7.933778882024782 -8.010743504232229 -8.07984686808099 -8.136342334146924 -8.191600334074344 -8.239041747571548 -8.283992050373437 -8.32359027229405 -8.358383592209048 -8.392557504991046 -8.417428165799603 -8.438086320087901 -8.458100800031858 -8.476911407455441 -8.494655015605916 -8.511686478249866 -8.527411087896269 -8.54238008998893 -8.556485599524322 -8.570137331088775 -8.582739477957825 -8.594680772130271 -8.606089749206287 -8.61678281124007 -8.626922517763472 -8.636459747753522 -8.645126308443187 -8.653475431524951 -8.66135915324069 -8.668725547203337 -8.675743652419465 -8.682274826069957 -8.688382212275142 -8.69404717517547 -8.699489252962186 -8.704457208062248 -8.709115028427245 -8.713486628154804 -8.717635994878181 -8.721527460349217 -8.725156187793145 -8.728478834077308 -8.731669339985924 -8.73464272996957 -8.737500598106024 -8.740078422986588 -8.7424831621945 -8.744806640017714 -8.74692879819842 -8.749025325946983 -8.750912982432167 -8.752686383202812 -8.75436111147413 -8.75594641858494 -8.757426869005252 -8.758796158141841 -8.760061247758467 -8.761247036897277 -8.76238548069575 -8.763422098219813 -8.76438031051873 -8.765294656195293 -8.766168673759712 -8.766975351125346 -8.767719550636103 -8.768413933115829 -8.769073445670308 -8.76967989280517 -8.770260534153456 -8.770801617175639 -8.771308997946162 -8.771772794253467 -8.77220390664697 -8.772594813854404 -8.772971603542826 -8.773316645953917 -8.773641714698293 -8.773949089261212 -8.774236492909624 -8.774509961112944 -8.774764840902712 -8.775001207519823 -8.775225012985246 -8.775430986642695 -8.775624505720831 -8.775804874908264 -8.775975061990097 -8.776131978537572 -8.77628512170789 -8.776420333424278 -8.776550888981888 -8.776674359352754
101
 -4.195513169624306 -6.118839758374276 -6.723591393085038 -7.065915808804218 -7.305720865072152 -7.479192476888137 -7.628271107893586 -7.747431493682212 -7.851847243308797 -7.94037582213778 -8.01619913133473 -8.084119415128272 -8.140097748419695 -8.195175881337258 -8.242189382017173 -8.28696738334526 -8.326478475399961 -8.361083795991464 -8.3950832216496 -8.420070690758164 -8.441121295427493 -8.460750948605659 -8.479667107967089 -8.497514726852856 -8.514201457476743 -8.53016667864944 -8.545256964287553 -8.559579551002003 -8.572851614188242 -8.585582028815733 -8.597637908259046 -8.608738340732684 -8.619057951147276 -8.628867245458492 -8.638179463289566 -8.64706677134607 -8.655131724320228 -8.662726831389072 -8.669918165411337 -8.676714713628076 -8.683217057687385 -8.689206686882018 -8.694831243283755 -8.700217180975324 -8.705218396458555 -8.709848120042432 -8.714266782990244 -8.718312069071326 -8.722168336170954 -8.72582169278921 -8.729115568328158 -8.7323106188398 -8.735232108383373 -8.738051361019004 -8.740571575229128 -8.742986775170438 -8.745252776435994 -8.747363151540705 -8.74934425826729 -8.751235355960265 -8.753001226470548 -8.754641997569516 -8.756172534806165 -8.757602845949974 -8.75898971743233 -8.760238157232939 -8.761414477085397 -8.762515717964478 -8.763549312771666 -8.764506016021405 -8.765421584237654 -8.766285612742822 -8.767099192935417 -8.767831260539591 -8.768519448291656 -8.769176806235558 -8.769758172977616 -8.770327691179427 -8.770855812927456 -8.77135274658276 -8.771815000024786 -8.772248241661911 -8.77264978383328 -8.773036237304817 -8.773382718273812 -8.773697985206786 -8.774008928615446 -8.774295891099014 -8.774566310520326 -8.774823654727363 -8.775050167940474 -8.775273326285541 -8.775480610036798 -8.775673918141042 -8.775847642299581 -8.776010803835886 -8.776167868098229 -8.77631389574824 -8.776448677561637 -8.776577319685417 -8.776696934011596
ADAPTDoubling
5
101
 -4.195513169624306 -5.744750280721004 -6.218297014660208 -6.523890304169681 -6.7217324404691885 -6.890639215122988 -7.043939285707353 -7.159701577439554 -7.246117304862559 -7.3289188815812825 -7.4061165946234535 -7.4837222633040605 -7.559424360382 -7.631069296737048 -7.68239405519404 -7.734491873542308 -7.784168120986394 -7.833887924517289 -7.878437550108821 -7.925167333736979 -7.971304929889689 -8.011306843758035 -8.050881093842294 -8.090966154912554 -8.127709515547945 -8.162848964146379 -8.19697501153183 -8.228550885899002 -8.259307892199534 -8.287281508303366 -8.314684683117799 -8.341171888088958 -8.365877359674903 -8.389735078827382 -8.41246850790328 -8.43435974569166 -8.454837205273435 -8.474199331904511 -8.492121416859705 -8.509398276904813 -8.526099932270114 -8.54182451903681 -8.55603639437555 -8.569620844932963 -8.582575838370358 -8.594578637214834 -8.606063552233346 -8.61709955803439 -8.626971643118406 -8.636393697792126 -8.645307263576745 -8.653690766343892 -8.661529742173627 -8.669162107887242 -8.675993851659696 -8.682274049274266 -8.688255882728104 -8.69419530894972 -8.699574234223578 -8.704628670056819 -8.709298463352253 -8.713751171290044 -8.717880689080681 -8.721746494608382 -8.725456189078328 -8.728811012422785 -8.732041770383413 -8.735029477532462 -8.73783016179835 -8.740370805144206 -8.742770009954988 -8.745041838005912 -8.747264609614032 -8.749287657886978 -8.751115641806253 -8.752891595363362 -8.754528417155868 -8.756081957026739 -8.75750247707676 -8.75883977624728 -8.760110908940026 -8.761307114488897 -8.762420806595658 -8.763461373307548 -8.764446541035294 -8.765337880660455 -8.766203021006477 -8.767003262293299 -8.767734000362497 -8.768426434680341 -8.769086371489255 -8.769676765350383 -8.770259048145324 -8.770790423943177 -8.771304437967325 -8.77176638417916 -8.77219548281205 -8.772599606650711 -8.772972421465774 -8.773325358097681 -8.77366347549639
101
 -4.195513169624306 -5.693718966942434 -6.167141463023951 -6.492816715166638 -6.702788614635067 -6.872189371588042 -7.029095037207787 -7.149424709642243 -7.237155630968922 -7.32596017806193 -7.409295407873105 -7.486870764988351 -7.55794721257135 -7.626943168268971 -7.6835863532481 -7.734061132906897 -7.785633341591786 -7.835182878072638 -7.88309552852829 -7.927468604354048 -7.970601438747845 -8.011099283583748 -8.050079490241735 -8.088824464215168 -8.126116849247348 -8.16173645444338 -8.195409463516981 -8.228302493071523 -8.259176612248584 -8.28746346312542 -8.315553914670858 -8.341087925506267 -8.366348895172814 -8.38971843921396 -8.412049535477236 -8.433941858883315 -8.454366217610588 -8.47365298595126 -8.492117014782531 -8.509388807094126 -8.52554966339959 -8.541083804302097 -8.555719214216637 -8.569418089160951 -8.582462252711041 -8.594606487782364 -8.605878763872468 -8.616820845028727 -8.627067219622617 -8.636869765811996 -8.645682742690612 -8.654234591930354 -8.662036671139878 -8.669220926347885 -8.676215549970369 -8.682640456829358 -8.68860460353077 -8.694371700627986 -8.699748540403514 -8.704802620268298 -8.709520271840933 -8.713948321650792 -8.717993389035739 -8.721885932210625 -8.725608882567183 -8.729149808486053 -8.732339596151174 -8.73521239064544 -8.737995221447154 -8.740661567850575 -8.743105236111735 -8.745349861305916 -8.747464767834733 -8.749479034761872 -8.751373347969142 -8.753183690363224 -8.75480701958576 -8.75637201371861 -8.75778349600662 -8.759106989040202 -8.760353623037776 -8.761535952498848 -8.762615108707628 -8.763645717389958 -8.76458635528814 -8.765457990771878 -8.76628507233327 -8.767078372744507 -8.767813357571564 -8.768503192031494 -8.769153991209265 -8.769768547159781 -8.770337276039035 -8.77086187902622 -8.771345760909847 -8.77180030440754 -8.77224165454804 -8.772641803734173 -8.773020102108818 -8.773392250864052 -8.773718002101155
101
 -4.195513169624306 -5.733482011819202 -6.205472410794363 -6.532732454286198 -6.739608017049576 -6.908967246468026 -7.061335243122018 -7.179778935461115 -7.266860924338082 -7.350223250098009 -7.42930112040872 -7.505555701112655 -7.5773960112852015 -7.64702085379826 -7.699097147942717 -7.7502270124836565 -7.8000964917996845 -7.849950101655322 -7.894350791706215 -7.938681934950967 -7.9811287761916025 -8.021618423188574 -8.059845437082874 -8.096659719535742 -8.13313549801422 -8.168597310887984 -8.20255480366901 -8.233818712635465 -8.264151979991905 -8.292896963392923 -8.319815515428699 -8.345664764806132 -8.37023374940271 -8.393759479491345 -8.416594048657823 -8.437709560653923 -8.458744594709403 -8.477586825034216 -8.494615933773384 -8.511423077250395 -8.52755688002984 -8.542299225132483 -8.556688183420619 -8.569794391799496 -8.582550599015669 -8.594512508769299 -8.605916168093128 -8.616720538912725 -8.626559906876874 -8.636097407702369 -8.645243356033273 -8.653309597584258 -8.661065601239315 -8.668307467934435 -8.675146756617574 -8.681584806551834 -8.68769719333289 -8.69329453310354 -8.69884170893898 -8.703904492644027 -8.70873473299991 -8.713276587681392 -8.717602442421613 -8.721424263464547 -8.725118198302765 -8.728638858787102 -8.731850971240117 -8.734898718249871 -8.737715486746005 -8.74037192322123 -8.742812373159387 -8.745073265479306 -8.74721742038207 -8.749224876080408 -8.751099331021477 -8.752843260035819 -8.754536727718115 -8.756097212882437 -8.75754254439527 -8.758883436870573 -8.760180029078528 -8.76135251164522 -8.762443708118465 -8.763483645207469 -8.764467045516987 -8.765371854828404 -8.766224605216609 -8.767011682642476 -8.76774737092788 -8.768441500309017 -8.769096370571825 -8.769695109231426 -8.770253057186327 -8.770788879977424 -8.771280618753837 -8.77174371317347 -8.772183660965153 -8.772591204192555 -8.7729708712376 -8.773319522667222 -8.77364984329188
101
 -4.195513169624306 -5.696927739643874 -6.192950188351322 -6.499722355698681 -6.709788386378969 -6.882021696127817 -7.042498190451515 -7.156582438062935 -7.244913583740263 -7.32477381536965 -7.404415848878694 -7.483703144104356 -7.5553561663961375 -7.627179941323574 -7.680226634075049 -7.730897153135 -7.780698584505791 -7.830607049231234 -7.878930028904424 -7.926036705732107 -7.968900288262894 -8.01008025203761 -8.04987862499211 -8.087356184465873 -8.123424690630356 -8.158828441741013 -8.19315469713069 -8.224539200312979 -8.2539719866313 -8.283772368329332 -8.310770935731547 -8.336403155474247 -8.361610600214826 -8.385492232726834 -8.408550008111803 -8.430350727867657 -8.451011953905386 -8.469680439377987 -8.488095758893206 -8.505308913711545 -8.521374061463323 -8.536764215320805 -8.551541334326224 -8.565249063434475 -8.578712431164591 -8.591033043931322 -8.602789246462983 -8.613676039066613 -8.6242172017296 -8.634043354627817 -8.643210741606305 -8.651658456338147 -8.659779343753726 -8.666956659434224 -8.674115382611333 -8.6805566046323 -8.686917797101188 -8.692763594559827 -8.698041308392437 -8.70307463108579 -8.707864428747243 -8.712411942836011 -8.716722237931602 -8.720579666195286 -8.724325548892722 -8.727928331098799 -8.731146960762011 -8.734209313298793 -8.737117830128108 -8.739801663501174 -8.742242029657683 -8.744583662779428 -8.746803055510759 -8.748835649131335 -8.750769003571923 -8.752559935229877 -8.754231171171984 -8.755796431335021 -8.757258579622018 -8.75861175876594 -8.759892367966128 -8.76109404929524 -8.76219867328404 -8.763267325213947 -8.764237586229836 -8.765169139151114 -8.766042181004579 -8.766831749023916 -8.767606893400346 -8.768303934191527 -8.768939174040852 -8.769559970728244 -8.770122308659214 -8.770674356844273 -8.771183972211732 -8.771670821970433 -8.772113538998633 -8.772518043900055 -8.772896753994118 -8.773259022034535 -8.773604428019492
101
 -4.195513169624306 -5.787460588875977 -6.263694899005129 -6.561762828273411 -6.76011901494361 -6.926887858036709 -7.081597192953415 -7.19342430071933 -7.274543473842336 -7.358725203245122 -7.432820354472793 -7.5106079542560495 -7.581727253321769 -7.649790792379276 -7.6987764646870485 -7.751236626312284 -7.801411100483977 -7.8508665154510355 -7.897358208798303 -7.940138850556665 -7.984020585512819 -8.024278208614167 -8.062933815682959 -8.100397621591693 -8.13640560830555 -8.170347741149698 -8.202548632690874 -8.233908149220428 -8.26333746602377 -8.29264070252999 -8.320176671771366 -8.346707649573576 -8.370939471226908 -8.394313041907017 -8.417035311035276 -8.43855425493876 -8.458450831090667 -8.47808780094027 -8.495848828173022 -8.51225384793323 -8.527997547042744 -8.543418860648766 -8.557707122810028 -8.571239654967957 -8.58399177380812 -8.595919221546957 -8.60748952107145 -8.618254643461292 -8.628011273871827 -8.637623828040264 -8.646453865044286 -8.654673097343323 -8.66251083054576 -8.669765143704872 -8.676550652003128 -8.682826641496115 -8.689066527738863 -8.694783356521475 -8.700211430682149 -8.705180106868543 -8.709795122172586 -8.714155816989145 -8.718334429418352 -8.722143501486267 -8.72581321361385 -8.729166134607894 -8.73230185409843 -8.735167495739551 -8.737970681727408 -8.740525119156919 -8.743004243755829 -8.745332864829257 -8.747436336203736 -8.74941372645096 -8.75127899038763 -8.753034086544293 -8.754673289473352 -8.75623373642556 -8.757690905356183 -8.759044005838666 -8.76028834757104 -8.761470303613578 -8.762560258578485 -8.763587996173493 -8.76456413160882 -8.765443526145997 -8.766269187518134 -8.767062127752423 -8.767811340331914 -8.76850230254905 -8.769146771612109 -8.769727384226965 -8.770290041151517 -8.77080083937826 -8.77129869894036 -8.771757346965048 -8.772184225859933 -8.772589856408374 -8.772956523123247 -8.773316750639648 -8.773647752738828
MainSSVRG
5
101
 -4.195513169624306 -4.487325198000354 -4.738741905021183 -4.931173390857334 -4.991824139881397 -5.317202333303115 -5.562843779516129 -5.562843779516129 -5.562843779516129 -5.590202788853271 -5.590202788853271 -5.590202788853271 -5.590202788853271 -5.590202788853271 -5.590202788853271 -5.590202788853271 -5.590202788853271 -5.687440351904863 -5.925694759199102 -5.925694759199102 -5.925694759199102 -5.925694759199102 -5.925694759199102 -5.925694759199102 -5.925694759199102 -5.925694759199102 -5.925694759199102 -5.978165976209583 -6.29002524508709 -6.584110747174375 -6.595110208414134 -6.595110208414134 -6.595110208414134 -6.595110208414134 -6.595110208414134 -6.595110208414134 -6.595110208414134 -6.595110208414134 -6.595110208414134 -6.745079503532009 -6.745079503532009 -6.745079503532009 -6.745079503532009 -6.745079503532009 -6.745079503532009 -6.745079503532009 -6.745079503532009 -6.745079503532009 -6.806491779152955 -6.975774196721938 -6.975774196721938 -6.975774196721938 -6.975774196721938 -6.975774196721938 -6.975774196721938 -6.975774196721938 -6.975774196721938 -6.975774196721938 -7.0402473733460145 -7.283873875844645 -7.4626047209319175 -7.4626047209319175 -7.4626047209319175 -7.4626047209319175 -7.4626047209319175 -7.4626047209319175 -7.4626047209319175 -7.4626047209319175 -7.4626047209319175 -7.479195928213631 -7.682327531896026 -7.8566455839988665 -7.87664677586532 -7.87664677586532 -7.87664677586532 -7.87664677586532 -7.87664677586532 -7.87664677586532 -7.87664677586532 -7.87664677586532 -7.87664677586532 -7.995235773907131 -8.11665865307227 -8.11665865307227 -8.11665865307227 -8.11665865307227 -8.11665865307227 -8.11665865307227 -8.11665865307227 -8.11665865307227 -8.11665865307227 -8.11665865307227 -8.230251233626557 -8.322594084870303 -8.33889206500919 -8.33889206500919 -8.33889206500919 -8.33889206500919 -8.33889206500919 -8.33889206500919 -8.33889206500919
101
 -4.195513169624306 -4.490473047939071 -4.70475356786807 -5.033494414999005 -5.065971521074608 -5.174094550096976 -5.174094550096976 -5.174094550096976 -5.399634345761111 -5.399634345761111 -5.399634345761111 -5.399634345761111 -5.399634345761111 -5.399634345761111 -5.399634345761111 -5.399634345761111 -5.449413006665667 -5.787147465829658 -5.904098584517517 -5.904098584517517 -5.904098584517517 -5.904098584517517 -5.904098584517517 -5.904098584517517 -5.904098584517517 -5.904098584517517 -5.904098584517517 -6.074449820368138 -6.23112146851271 -6.23112146851271 -6.23112146851271 -6.23112146851271 -6.23112146851271 -6.23112146851271 -6.23112146851271 -6.23112146851271 -6.23112146851271 -6.350951450402108 -6.64841558487625 -6.850950358564935 -6.850950358564935 -6.850950358564935 -6.850950358564935 -6.850950358564935 -6.850950358564935 -6.850950358564935 -6.850950358564935 -6.850950358564935 -6.89312037447283 -6.89312037447283 -6.89312037447283 -6.89312037447283 -6.89312037447283 -6.89312037447283 -6.89312037447283 -6.89312037447283 -6.89312037447283 -6.89312037447283 -7.126346548391499 -7.360718497607348 -7.5303929325682954 -7.5303929325682954 -7.5303929325682954 -7.5303929325682954 -7.5303929325682954 -7.5303929325682954 -7.5303929325682954 -7.5303929325682954 -7.5303929325682954 -7.547459986236724 -7.614339404808619 -7.614339404808619 -7.614339404808619 -7.614339404808619 -7.614339404808619 -7.614339404808619 -7.614339404808619 -7.614339404808619 -7.614339404808619 -7.724848364553321 -7.8527185828193495 -7.8527185828193495 -7.8527185828193495 -7.8527185828193495 -7.8527185828193495 -7.8527185828193495 -7.8527185828193495 -7.8527185828193495 -7.8527185828193495 -7.88084394458883 -8.033403372682217 -8.157372497924117 -8.199350574904468 -8.199350574904468 -8.199350574904468 -8.199350574904468 -8.199350574904468 -8.199350574904468 -8.199350574904468 -8.199350574904468 -8.199350574904468
101
 -4.195513169624306 -4.4088366478936525 -4.766871326641252 -4.808357572615309 -5.064393593822879 -5.064393593822879 -5.064393593822879 -5.2523412784559955 -5.591799192949518 -5.797386973257489 -5.797386973257489 -5.797386973257489 -5.797386973257489 -5.797386973257489 -5.797386973257489 -5.797386973257489 -5.797386973257489 -5.861004857360296 -6.1850820267026 -6.401267744328042 -6.401267744328042 -6.401267744328042 -6.401267744328042 -6.401267744328042 -6.401267744328042 -6.401267744328042 -6.401267744328042 -6.401267744328042 -6.460565490903996 -6.752795994029971 -6.880568628645768 -6.880568628645768 -6.880568628645768 -6.880568628645768 -6.880568628645768 -6.880568628645768 -6.880568628645768 -6.880568628645768 -6.880568628645768 -6.996207340214655 -7.247563941736325 -7.366317378731022 -7.366317378731022 -7.366317378731022 -7.366317378731022 -7.366317378731022 -7.366317378731022 -7.366317378731022 -7.366317378731022 -7.366317378731022 -7.452505924300922 -7.644236068734275 -7.644236068734275 -7.644236068734275 -7.644236068734275 -7.644236068734275 -7.644236068734275 -7.644236068734275 -7.644236068734275 -7.644236068734275 -7.644236068734275 -7.8314398559533736 -7.9408205434190675 -7.9408205434190675 -7.9408205434190675 -7.9408205434190675 -7.9408205434190675 -7.9408205434190675 -7.9408205434190675 -7.9408205434190675 -7.9408205434190675 -7.979246665814785 -8.123900913059549 -8.172962040906521 -8.172962040906521 -8.172962040906521 -8.172962040906521 -8.172962040906521 -8.172962040906521 -8.172962040906521 -8.172962040906521 -8.172962040906521 -8.233364921236173 -8.334169588197833 -8.409693287905785 -8.413898307998378 -8.413898307998378 -8.413898307998378 -8.413898307998378 -8.413898307998378 -8.413898307998378 -8.413898307998378 -8.413898307998378 -8.413898307998378 -8.467555621712803 -8.467555621712803 -8.467555621712803 -8.467555621712803 -8.467555621712803 -8.467555621712803 -8.467555621712803
101
 -4.195513169624306 -4.409449344957755 -4.749658086030212 -4.906334279502479 -4.979015451055119 -4.979015451055119 -4.979015451055119 -5.213924789839505 -5.263197637885439 -5.263197637885439 -5.263197637885439 -5.263197637885439 -5.263197637885439 -5.263197637885439 -5.263197637885439 -5.263197637885439 -5.2711196632286255 -5.2711196632286255 -5.2711196632286255 -5.2711196632286255 -5.2711196632286255 -5.2711196632286255 -5.2711196632286255 -5.2711196632286255 -5.2711196632286255 -5.45742168091504 -5.706083623458495 -5.706083623458495 -5.706083623458495 -5.706083623458495 -5.706083623458495 -5.706083623458495 -5.706083623458495 -5.706083623458495 -5.706083623458495 -5.755724489749913 -5.997094604153685 -5.997094604153685 -5.997094604153685 -5.997094604153685 -5.997094604153685 -5.997094604153685 -5.997094604153685 -5.997094604153685 -5.997094604153685 -6.047712437086954 -6.355584855645615 -6.646069019878454 -6.667566733548094 -6.667566733548094 -6.667566733548094 -6.667566733548094 -6.667566733548094 -6.667566733548094 -6.667566733548094 -6.667566733548094 -6.667566733548094 -6.896450671051305 -7.155190099948304 -7.246789454893633 -7.246789454893633 -7.246789454893633 -7.246789454893633 -7.246789454893633 -7.246789454893633 -7.246789454893633 -7.246789454893633 -7.246789454893633 -7.366511604080609 -7.542295822196673 -7.542295822196673 -7.542295822196673 -7.542295822196673 -7.542295822196673 -7.542295822196673 -7.542295822196673 -7.542295822196673 -7.542295822196673 -7.558520231915824 -7.577744703139944 -7.577744703139944 -7.577744703139944 -7.577744703139944 -7.577744703139944 -7.577744703139944 -7.577744703139944 -7.577744703139944 -7.577744703139944 -7.736801403567227 -7.899115416074234 -7.899115416074234 -7.899115416074234 -7.899115416074234 -7.899115416074234 -7.899115416074234 -7.899115416074234 -7.899115416074234 -7.899115416074234 -7.899115416074234 -8.000261405218557 -8.000261405218557
101
 -4.195513169624306 -4.416881818912689 -4.6869231440692145 -4.802918680373595 -5.150554482144369 -5.363896003447151 -5.363896003447151 -5.363896003447151 -5.57364827091552 -5.697800018524421 -5.697800018524421 -5.697800018524421 -5.697800018524421 -5.697800018524421 -5.697800018524421 -5.697800018524421 -5.697800018524421 -5.840737984327337 -5.902433154293918 -5.902433154293918 -5.902433154293918 -5.902433154293918 -5.902433154293918 -5.902433154293918 -5.902433154293918 -5.902433154293918 -5.902433154293918 -6.130050330976298 -6.186448209897341 -6.186448209897341 -6.186448209897341 -6.186448209897341 -6.186448209897341 -6.186448209897341 -6.186448209897341 -6.186448209897341 -6.186448209897341 -6.3908886045830355 -6.3908886045830355 -6.3908886045830355 -6.3908886045830355 -6.3908886045830355 -6.3908886045830355 -6.3908886045830355 -6.3908886045830355 -6.3908886045830355 -6.3908886045830355 -6.4543602293388185 -6.4543602293388185 -6.4543602293388185 -6.4543602293388185 -6.4543602293388185 -6.4543602293388185 -6.4543602293388185 -6.4543602293388185 -6.4543602293388185 -6.572730121515768 -6.572730121515768 -6.572730121515768 -6.572730121515768 -6.572730121515768 -6.572730121515768 -6.572730121515768 -6.572730121515768 -6.572730121515768 -6.611802822445004 -6.711555869680179 -6.711555869680179 -6.711555869680179 -6.711555869680179 -6.711555869680179 -6.711555869680179 -6.711555869680179 -6.711555869680179 -6.711555869680179 -6.864916826050036 -6.9968723671415844 -6.9968723671415844 -6.9968723671415844 -6.9968723671415844 -6.9968723671415844 -6.9968723671415844 -6.9968723671415844 -6.9968723671415844 -6.9968723671415844 -7.101132290340477 -7.344281548843572 -7.437897422095318 -7.437897422095318 -7.437897422095318 -7.437897422095318 -7.437897422095318 -7.437897422095318 -7.437897422095318 -7.437897422095318 -7.437897422095318 -7.539225785416347 -7.677187790655278 -7.677187790655278 -7.677187790655278 -7.677187790655278
SGD:0.05
5
101
 -4.195513169624306 -6.273713798219485 -7.331110003009847 -7.544905577756461 -7.711694540509615 -7.66175631606166 -7.711149973111066 -7.723932966449685 -7.678479167507885 -7.6873087943774205 -7.723435445290624 -7.7335317562521535 -7.718235054298001 -7.758094595585283 -7.732699765677189 -7.760662296730778 -7.718310560008024 -7.750882113062483 -7.7584787806693765 -7.741752670826806 -7.655331883454256 -7.726840804891054 -7.695684004010657 -7.731007757009576 -7.683317590015512 -7.738640108922619 -7.736007096371736 -7.727585250079216 -7.731802575935883 -7.74075219134089 -7.679025835356914 -7.71682211858973 -7.702021419777711 -7.685676375513374 -7.6661954644430645 -7.651122841086508 -7.644010855200216 -7.720172300014344 -7.723760485784938 -7.745083020112045 -7.7283485284673645 -7.648410054846641 -7.743388239759254 -7.6976577666318144 -7.709888857471218 -7.70679708303494 -7.6977048325706425 -7.717759867308603 -7.672532832967044 -7.704020193604719 -7.7018389152426625 -7.731071587560185 -7.687144238470647 -7.697321368795822 -7.698830636436629 -7.709645837575188 -7.7568311988251795 -7.683526727661933 -7.615035260513225 -7.64599918149088 -7.72582365732794 -7.717230903469809 -7.694578077499913 -7.677645325413906 -7.696392539353529 -7.648881636276486 -7.696063363037449 -7.653649981811606 -7.698587462979154 -7.698261804371094 -7.680517739500574 -7.684636017644742 -7.552774540282057 -7.692636994186902 -7.720039202787954 -7.702765236168084 -7.672582224466735 -7.5978743475865 -7.686665132294327 -7.67397897431124 -7.690348615654609 -7.6906411054703705 -7.735335453005165 -7.647712285420825 -7.671010356499257 -7.718255564751541 -7.719029924120605 -7.705180470411233 -7.685858032255813 -7.704199786855833 -7.721341095273327 -7.7047007343811265 -7.729773602159336 -7.712649770515562 -7.684957871966174 -7.672544754489867 -7.670229834574368 -7.707414055590252 -7.725211691045021 -7.682125414400435 -7.710264450975822
101
 -4.195513169624306 -6.288245232336899 -7.338716499810508 -7.556801301189164 -7.655075878213598 -7.756355157729946 -7.741658084086209 -7.688012438762281 -7.699417071504957 -7.703492892616502 -7.702102341112411 -7.679985835566814 -7.753065133404862 -7.708663616719096 -7.6040829124579785 -7.640440152078423 -7.683505181321943 -7.688744085895239 -7.6959504133786725 -7.662912005732714 -7.733129598016047 -7.735280548659429 -7.663910052311629 -7.704268847552513 -7.678575113050061 -7.6709733079744975 -7.7299701703453785 -7.69461775706509 -7.709078445380647 -7.705210939036695 -7.759729819479401 -7.697980551164393 -7.744380180609414 -7.682757357103466 -7.724449812238493 -7.681682363902741 -7.72492917933666 -7.6432976298640405 -7.698228064871437 -7.752174603115175 -7.7582470877828715 -7.7156495728532875 -7.6927222301030875 -7.632173605393757 -7.674782225811981 -7.722202112780795 -7.728864330877404 -7.680698103352552 -7.665474387823241 -7.72287908908618 -7.659872395453159 -7.679526796065808 -7.680559680109665 -7.705312351632965 -7.720858242665887 -7.681750535695417 -7.678273622174183 -7.736825606135152 -7.7272724807168895 -7.736451084969378 -7.728887979746606 -7.622494681480065 -7.672509518349864 -7.712099506681017 -7.712148830702932 -7.689999556938885 -7.704249825365867 -7.706702208010979 -7.713380820241784 -7.739484343136484 -7.737530796810403 -7.732128805672027 -7.72330683632718 -7.698014462598023 -7.631659002334128 -7.628721409863958 -7.651972743605547 -7.625656493836518 -7.720952236870838 -7.736504796951762 -7.692087307610885 -7.721134623424506 -7.621876743390274 -7.629940798687602 -7.70365985433572 -7.685435429483639 -7.727926550138391 -7.733863375426651 -7.722015481427078 -7.686668753608185 -7.669930043393837 -7.695867221807155 -7.666033694529293 -7.724377322452959 -7.705075651047321 -7.707603463938537 -7.700196479289687 -7.70495911121578 -7.670981614029955 -7.613981753925904 -7.686698807125984
101
 -4.195513169624306 -6.2582923572775915 -7.34098879091742 -7.587207876169208 -7.647834672758658 -7.708110312991658 -7.675021221278584 -7.686253010518393 -7.7070445100673 -7.727671514288953 -7.729549153122766 -7.7448421215083165 -7.7193110303275 -7.642637797406376 -7.675355897945244 -7.667186730790728 -7.7178653928453205 -7.738971095077912 -7.766143851996712 -7.699603210777273 -7.739322530305197 -7.6650336983160825 -7.717139398294077 -7.730881124049139 -7.68648170823138 -7.6544221286226986 -7.64842568728192 -7.733451728385528 -7.717980569300981 -7.719778592281513 -7.694189268033527 -7.568336513751312 -7.696949007346053 -7.726747683093918 -7.692596583572649 -7.709176852207797 -7.612505609550752 -7.712604777971822 -7.74075980258536 -7.738771779090624 -7.742968213411926 -7.7110443987272825 -7.715247669326313 -7.654711070194013 -7.695296930163576 -7.665311897227272 -7.700580160327034 -7.759070160182433 -7.738796151907696 -7.691520095723607 -7.449258792705001 -7.700760803039085 -7.741715377224608 -7.662232452665244 -7.718131634424551 -7.712521916492918 -7.721140273656784 -7.681316120064134 -7.750481249314796 -7.7628532639154315 -7.754176651602962 -7.654131224579179 -7.720713929058147 -7.679004744029256 -7.667626953880574 -7.698123905857586 -7.599260859663502 -7.754210436260155 -7.743504784066635 -7.716842209380845 -7.743654661759583 -7.723364638504074 -7.665069744796562 -7.725816433152321 -7.700727588082075 -7.717225022492107 -7.692041995118555 -7.6910061452310465 -7.696772768555429 -7.721963075906862 -7.677443061373592 -7.710297487371929 -7.694820608810888 -7.710724049494478 -7.702992933250655 -7.651656692594101 -7.637510769840253 -7.703440031021926 -7.625043005388553 -7.725130913162101 -7.710026111552918 -7.70833720967447 -7.656864290556068 -7.6827606576792995 -7.740549487753309 -7.61885354686967 -7.718224384401599 -7.765402342667484 -7.70853342887967 -7.576779952810515 -7.70976931784033
101
 -4.195513169624306 -6.250560987338711 -7.339225981582969 -7.635267392550927 -7.684578421924505 -7.737383695673879 -7.719003947327191 -7.636346002975161 -7.688402448417349 -7.6811796869031275 -7.695395895191314 -7.710891700974815 -7.7328048948304815 -7.762642311257041 -7.742930445063228 -7.648427348031529 -7.703366616102869 -7.746421371352716 -7.702911289279928 -7.634835122466841 -7.679871173465339 -7.688720418932949 -7.679716164003895 -7.686496485043499 -7.723141515741223 -7.732914893946036 -7.690946680032045 -7.681536988263247 -7.714693229991268 -7.726622700389805 -7.724867626575937 -7.722572779656414 -7.679385119932694 -7.656041883551561 -7.681053651890659 -7.699854951787132 -7.723275435959223 -7.655297067270175 -7.683162542655473 -7.740813250995276 -7.724297414501263 -7.756036742424199 -7.733713766789156 -7.712327475425235 -7.764288760759644 -7.671923482192856 -7.646273966770378 -7.587950847851053 -7.701609552177078 -7.7118883538091065 -7.675451041565309 -7.677416176620016 -7.672815030636201 -7.698409221546284 -7.7322666291475235 -7.73488055523617 -7.717613342600966 -7.700057792778786 -7.71606064444314 -7.676856262279422 -7.662458843550799 -7.709946663205609 -7.66817677885939 -7.706597791228183 -7.6800303001301975 -7.70166015467779 -7.680004566912411 -7.711657776500822 -7.703423582011116 -7.6888728511009825 -7.724771896076369 -7.673291864367651 -7.732179694463827 -7.72489214482216 -7.684660823113325 -7.714217706511918 -7.682787522862574 -7.712740528213457 -7.715854110994651 -7.732950051344918 -7.651439629593345 -7.665217373401275 -7.731014616391087 -7.706011645913323 -7.693316501865764 -7.692040989735356 -7.683284528579291 -7.672194106441993 -7.749761028090562 -7.724664743444978 -7.6165100183473315 -7.6843117315718015 -7.704793845611168 -7.722603955291442 -7.722923183126873 -7.707201569114205 -7.742555690025446 -7.660493558098497 -7.670172643332601 -7.699127415093391 -7.705901037496549
101
 -4.195513169624306 -6.248726196059672 -7.266449131579327 -7.606169021156225 -7.689226209459234 -7.687793970287673 -7.738406857736088 -7.720892703113387 -7.741595469446786 -7.705041468778532 -7.706170471814417 -7.722150138401593 -7.7631093813115735 -7.703381192929928 -7.69796675107497 -7.720799087794553 -7.742128227535825 -7.65180284611803 -7.679295982071151 -7.651702524926189 -7.691244839182863 -7.688453210011814 -7.7414552967858326 -7.72707319515462 -7.752601726165468 -7.743827390710792 -7.722615424226104 -7.6834396742512245 -7.6839551497898775 -7.6918729343953665 -7.698117949070721 -7.693974175382772 -7.7011064880491436 -7.704579944550629 -7.6143860998305595 -7.703782824336754 -7.709273129053348 -7.673809424813749 -7.682692773703083 -7.609228845951374 -7.715048640427855 -7.71930955940423 -7.657162986962711 -7.691282076292054 -7.697319052311734 -7.696862258448552 -7.72503235432546 -7.721183803324924 -7.727445791627904 -7.75047995389545 -7.729811754516609 -7.6498314937174845 -7.691947674659226 -7.731032781098421 -7.685022195086007 -7.656514594789665 -7.694439310941415 -7.68933829037144 -7.712683050652815 -7.704176382317497 -7.684605401799828 -7.723375768829145 -7.703411110224959 -7.6722622334998505 -7.748195923890074 -7.676972787980596 -7.7373899540890925 -7.734776732475864 -7.674596793635043 -7.727616867570319 -7.708688610181728 -7.741008805605293 -7.749196679772228 -7.7157668342007915 -7.714199177466644 -7.692971974343846 -7.614690017254999 -7.717884774042203 -7.688703185939903 -7.677198533237648 -7.731940606816123 -7.732462292437953 -7.757653517173156 -7.72492505006175 -7.700461306809699 -7.695352639121807 -7.711434727566803 -7.707590333025926 -7.713119952012899 -7.737018308655957 -7.731650890103459 -7.718550381932885 -7.736034378437062 -7.721294238307503 -7.702404418390646 -7.657014055188939 -7.672619151697387 -7.724223013365208 -7.676618298591704 -7.721950905398948 -7.7012950607729245
SGD:0.005
5
101
 -4.195513169624306 -4.445393491537693 -4.683764416923268 -4.932551888592759 -5.167613010648231 -5.400227501390198 -5.626766744606689 -5.847931587435094 -6.062356783990369 -6.27610658157366 -6.474796121099101 -6.6777186398631905 -6.862475249518962 -7.029284127547354 -7.20459285038876 -7.353449008617821 -7.493009473742876 -7.630315769335011 -7.744816577595891 -7.8500644607891585 -7.9459102688926135 -8.03717015681242 -8.112174966815953 -8.179139016309676 -8.254033674029822 -8.303454008991062 -8.339672571211295 -8.381048222362054 -8.423356626610797 -8.45306858233796 -8.477185153086166 -8.499916770719864 -8.523235524430321 -8.544463144480625 -8.5591825874652 -8.571814270057645 -8.579039618258435 -8.582109033515378 -8.587895943381678 -8.594729952464759 -8.601048271693172 -8.596969605370925 -8.607211914132659 -8.609219126817655 -8.609449931261922 -8.61581382423285 -8.614980702464354 -8.621947456297875 -8.622621762811427 -8.621464877694413 -8.62296347100955 -8.626286762164803 -8.624883384722091 -8.623389262240465 -8.617703930229087 -8.626790689310672 -8.627249337680732 -8.622010409677404 -8.6068727661606 -8.615485985408373 -8.617748640997704 -8.60482853990623 -8.6162506124709 -8.619382016405194 -8.626696023265676 -8.623322964004537 -8.62423223498629 -8.614484954578382 -8.60880498570199 -8.614893592278774 -8.616871902241762 -8.622717681873194 -8.620259761020847 -8.617906190474594 -8.615473633513462 -8.618616683662989 -8.609883143966426 -8.608365314783773 -8.620329780593986 -8.610968022922755 -8.612822753247372 -8.619993904054882 -8.630367611010982 -8.63765375811165 -8.638555044206266 -8.640802112427984 -8.637917620051184 -8.63488076338646 -8.635832835922454 -8.633614054569707 -8.630474435267015 -8.629297351102196 -8.631087131722193 -8.63257502996487 -8.630726400187296 -8.628465753828523 -8.632232458071481 -8.631966091266898 -8.632957622529805 -8.63289700654366 -8.633276462143357
101
 -4.195513169624306 -4.451902170735069 -4.7034348435481474 -4.938833706509555 -5.16734199771562 -5.402548107260404 -5.634061018315809 -5.840517662356561 -6.065901292514342 -6.267550157445088 -6.469283483178778 -6.653801280629601 -6.833098969725737 -7.01581829640702 -7.178474118530964 -7.318584021762662 -7.463845406130972 -7.595674891229815 -7.718866960247356 -7.838771155696292 -7.951066720857021 -8.047116066925243 -8.123236263605136 -8.191657513754569 -8.258700300980236 -8.305478725228374 -8.347641908111646 -8.390158153866192 -8.425628443004493 -8.456587421270694 -8.48872902224486 -8.501878679292965 -8.516456107508848 -8.523471241596102 -8.541325276478629 -8.549800804380872 -8.56562412939753 -8.575012373305023 -8.586564131760193 -8.592972604500059 -8.59256486999612 -8.60270674464261 -8.607092802480384 -8.606659422181046 -8.609035183108283 -8.607372506610844 -8.61167627411052 -8.60995172349643 -8.61203324497654 -8.617684243225142 -8.62134747317883 -8.618870380911455 -8.616256792258875 -8.615687626588736 -8.619697142606112 -8.61563017102368 -8.610210114053128 -8.604628653772934 -8.613949032703898 -8.61453479725451 -8.612856828283032 -8.606867568737023 -8.614215333833128 -8.619172659065596 -8.623734363891785 -8.624902988255513 -8.624393109671281 -8.625431439575346 -8.627790738350825 -8.632927860699112 -8.631414103851723 -8.631890396663303 -8.631128340368486 -8.628959423627697 -8.630714038996251 -8.628347162130124 -8.626092724923243 -8.628173872890564 -8.631113558662122 -8.63201683802946 -8.629853858089321 -8.627548098202666 -8.62229893554962 -8.622146968182587 -8.623210268936685 -8.614093980867578 -8.623381433027452 -8.623824377514788 -8.623155937771996 -8.626248042234455 -8.621717304705628 -8.622403327382541 -8.621142421401618 -8.624006077915231 -8.62659989166872 -8.628136420963491 -8.625434921608548 -8.619461525000258 -8.629089055274587 -8.6241895841017 -8.628745360750617
101
 -4.195513169624306 -4.440511371686001 -4.687961532428897 -4.925281869278919 -5.14615305798008 -5.376314939706569 -5.611293924167517 -5.826437888218829 -6.040894161753479 -6.24099885437586 -6.441015633932712 -6.639735528827341 -6.822349961653628 -6.990565044545443 -7.15832076628135 -7.3191792562104485 -7.464020253829305 -7.601273472120733 -7.722489959005961 -7.822502092215013 -7.920639072452414 -8.006897913753937 -8.093270647249872 -8.16505023155543 -8.23181720724782 -8.296467910528325 -8.338682177901575 -8.38094296381004 -8.421959512809797 -8.455925939624178 -8.476202568564721 -8.50005682500987 -8.515920562770097 -8.532808028241154 -8.554321512332974 -8.57273129157743 -8.583363569012407 -8.591094588887453 -8.596483049249969 -8.603997220627342 -8.605864454538962 -8.613286428022025 -8.613892807732555 -8.617144387620169 -8.625568093262782 -8.626285311891683 -8.627285333978007 -8.631805327687605 -8.633705455255503 -8.635827683764413 -8.633549626354709 -8.631582537782537 -8.635576133641566 -8.635646897795425 -8.63387369699672 -8.631621814722715 -8.625750273779053 -8.627246800043867 -8.620946515248047 -8.62331159309442 -8.624927587415526 -8.620735314194322 -8.621627106610422 -8.62341917126582 -8.621438011376238 -8.624478050457501 -8.625116195550325 -8.62572221810559 -8.626609055344698 -8.632668917000112 -8.625318177092627 -8.628928335639554 -8.632304936206124 -8.634468462880356 -8.630852107223578 -8.630138301789469 -8.631396027772372 -8.630857394038303 -8.626840192667704 -8.624932880388851 -8.623272121413365 -8.625493652999145 -8.624041628016181 -8.62096000138835 -8.621234599234885 -8.624574687100191 -8.624420869549777 -8.625868441554477 -8.627886971093877 -8.62145289183929 -8.618181854984794 -8.626903340002402 -8.629737348610076 -8.631621066412906 -8.630972339570699 -8.625752259246813 -8.626692890127963 -8.627947005204769 -8.625236434436015 -8.628816586292368 -8.622170101944901
101
 -4.195513169624306 -4.444659186540343 -4.6786327759206685 -4.913462398257883 -5.149462317303565 -5.376442629797045 -5.600021691594538 -5.827328844493101 -6.051699944057953 -6.263486591472667 -6.473386830572977 -6.666820356220025 -6.848785414325041 -7.0252597676929325 -7.1822003928873075 -7.342218290047215 -7.480861749457786 -7.62143314631262 -7.741400826286793 -7.864848680548305 -7.951020333520671 -8.046455446549857 -8.120675311120516 -8.194404165172275 -8.261657576053336 -8.315792311599015 -8.367696983569894 -8.411412625159851 -8.44135360704898 -8.471390813168567 -8.488659485484861 -8.511281551121316 -8.530561967913878 -8.549198824396665 -8.565494662884563 -8.573052194616313 -8.58178232220655 -8.593129820638454 -8.601040671481975 -8.605680932754094 -8.612702193051962 -8.619102573281914 -8.612710621491562 -8.615381129004563 -8.620619732009004 -8.620509983448459 -8.62351971519219 -8.621741131643173 -8.620706720154672 -8.6252348738574 -8.622896039811781 -8.627471289489696 -8.629012580657825 -8.625683703973655 -8.628771755619871 -8.630433719434766 -8.631220031175344 -8.62642029763117 -8.625922621357498 -8.630110282355323 -8.629555675058597 -8.630289618462445 -8.620745852874935 -8.62127660165922 -8.623716277576017 -8.626290927547096 -8.629024259438086 -8.628832714841673 -8.630656946942791 -8.634945486121364 -8.6387669838385 -8.634884967605652 -8.636248744607046 -8.629382815522732 -8.627310668654617 -8.626531332820216 -8.625967856382664 -8.626429226280642 -8.625397821107534 -8.623115918688864 -8.621542194340167 -8.624157578285311 -8.626591672982487 -8.626053504287773 -8.621466705327286 -8.622456947074603 -8.631998276998305 -8.62877867585464 -8.631097944780903 -8.63261749492305 -8.633959427060727 -8.630426445116438 -8.632420291522935 -8.626138340343646 -8.628900718370085 -8.62613931928062 -8.624939106233663 -8.622122797344485 -8.626741172978596 -8.63033464251601 -8.630052770949593
101
 -4.195513169624306 -4.45082962063675 -4.6939902155979825 -4.923042565642482 -5.157638826214775 -5.390535165759218 -5.6189087282545325 -5.838305950318446 -6.061792948555488 -6.2712000778864425 -6.476991069202237 -6.6729310372125195 -6.858747523549097 -7.028572197262563 -7.200171425048472 -7.361058143739694 -7.48852339373033 -7.623551591140378 -7.735824064989636 -7.845887678481354 -7.942234217271413 -8.037681240428075 -8.118248950127937 -8.19183295370829 -8.263111650102717 -8.311076492111509 -8.349115898235173 -8.389987698422358 -8.428865112339352 -8.45218375060108 -8.480031708621402 -8.504129689218571 -8.534385781171993 -8.543566548442477 -8.553429317231108 -8.570579311510338 -8.577669499702484 -8.583017294178651 -8.592051904845045 -8.600272727483501 -8.607929040870246 -8.613815093871095 -8.616917169272115 -8.616523676221302 -8.610539377469467 -8.61200406451346 -8.610543152811019 -8.612889360434199 -8.617309969664516 -8.618486150885733 -8.619578667370778 -8.620989077641775 -8.623912875587 -8.62522338558009 -8.628713411074884 -8.62762266953368 -8.625163848532157 -8.62919476228142 -8.631578907895372 -8.63337870837827 -8.63501879033235 -8.627338875653917 -8.62907474132919 -8.62971738547517 -8.631755089582805 -8.634114633720474 -8.63613089180393 -8.635442295078759 -8.634072361126602 -8.632392532949188 -8.630653434063749 -8.632732796924591 -8.630667987061283 -8.629181187579372 -8.631066144651214 -8.630862488257367 -8.630166277555483 -8.629293661638684 -8.62554885743183 -8.61997072068094 -8.61564468331367 -8.615145490733335 -8.618871007752839 -8.619462345968943 -8.621948453580572 -8.62705530196317 -8.6288219813825 -8.630037575304632 -8.63061013932866 -8.63103882314658 -8.631889535711924 -8.62876976235952 -8.628172085973931 -8.6318326605012 -8.634408372469395 -8.635473252675096 -8.634211658244876 -8.630694580695552 -8.627177212039951 -8.62961498653031 -8.629169111523138
StreamingSVRG
5
101
 -4.195513169624306 -4.538037649673975 -4.882084236271007 -5.237290790706151 -5.578080077951544 -5.9072676500668315 -6.216364055174694 -6.512973460520637 -6.787150794567669 -7.067201409933766 -7.301800960809033 -7.495737909236063 -7.632714467424183 -7.799655878722577 -7.936850637387103 -8.063748166240899 -8.157701723475663 -8.231282146522796 -8.299089086789158 -8.364461137510581 -8.398176927772958 -8.434655888484382 -8.457440303733522 -8.480707710885987 -8.486180622122506 -8.495584158137085 -8.499821121921372 -8.499821121921372 -8.499821121921372 -8.52461909162793 -8.536762428866764 -8.554450485791996 -8.569068808387712 -8.569979413736156 -8.582835225054431 -8.589819333059005 -8.59407141637514 -8.595760597013435 -8.599360034030111 -8.599360034030111 -8.599360034030111 -8.599360034030111 -8.599360034030111 -8.599360034030111 -8.599360034030111 -8.599360034030111 -8.60515566561755 -8.62329796795696 -8.633937344289 -8.641774120892604 -8.648147002428106 -8.652832625865301 -8.6544566894022 -8.65394536097443 -8.651539037303166 -8.650863035276098 -8.650863035276098 -8.650863035276098 -8.650863035276098 -8.650863035276098 -8.650863035276098 -8.650863035276098 -8.650863035276098 -8.650863035276098 -8.651328006958094 -8.651328006958094 -8.651328006958094 -8.651328006958094 -8.651328006958094 -8.651328006958094 -8.651328006958094 -8.651328006958094 -8.651328006958094 -8.654410284076533 -8.667525889843624 -8.670595069522012 -8.669431514039767 -8.67140272789496 -8.668943778913906 -8.668473272745905 -8.668405902274172 -8.665687305697201 -8.665687305697201 -8.665687305697201 -8.665687305697201 -8.665687305697201 -8.665687305697201 -8.665687305697201 -8.665687305697201 -8.665687305697201 -8.665687305697201 -8.668993798665722 -8.668754873016585 -8.671067082616695 -8.670760307268656 -8.66690148897602 -8.664762716006603 -8.663710114115439 -8.662827131404399 -8.655152955101372 -8.653423531698486
101
 -4.195513169624306 -4.426445897245946 -4.7659353087754335 -5.102510676385366 -5.4435732923757465 -5.7759036388103695 -6.088106827246804 -6.391069410799334 -6.516700896897242 -6.705663914742838 -6.9766910072288235 -7.224165862423081 -7.4393939478397835 -7.643945046669687 -7.782181061830263 -7.915636249394818 -8.04028323075159 -8.143886843808065 -8.143886843808065 -8.143886843808065 -8.195245824052364 -8.271325454014185 -8.342855406457739 -8.389301494555719 -8.434758064443837 -8.471698306353755 -8.486360987533102 -8.486360987533102 -8.486360987533102 -8.486360987533102 -8.486360987533102 -8.486360987533102 -8.486360987533102 -8.486360987533102 -8.507918679472118 -8.544171255255408 -8.570686971194695 -8.592897720080035 -8.604020761497335 -8.610781278878289 -8.623339758553566 -8.62708180490016 -8.62708180490016 -8.62708180490016 -8.62708180490016 -8.62708180490016 -8.62708180490016 -8.62708180490016 -8.62708180490016 -8.62708180490016 -8.634028097980968 -8.64259616396063 -8.648808961491607 -8.648808961491607 -8.648808961491607 -8.648808961491607 -8.648808961491607 -8.648808961491607 -8.648808961491607 -8.648808961491607 -8.648808961491607 -8.649126302511945 -8.656486650409771 -8.662243864422809 -8.665150865917461 -8.666489803062404 -8.662397201819521 -8.662397201819521 -8.662397201819521 -8.662397201819521 -8.662397201819521 -8.662397201819521 -8.662397201819521 -8.662397201819521 -8.662397201819521 -8.666203232980529 -8.674582790949021 -8.676270953621946 -8.675364917448197 -8.675787040203527 -8.675821826988528 -8.673081224589332 -8.667272424503524 -8.662209175013983 -8.663193881701405 -8.659852812762614 -8.659852812762614 -8.659852812762614 -8.659852812762614 -8.659852812762614 -8.659852812762614 -8.659852812762614 -8.659852812762614 -8.659852812762614 -8.664064591526783 -8.666203823758766 -8.666203823758766 -8.666203823758766 -8.666203823758766 -8.666203823758766 -8.666203823758766
101
 -4.195513169624306 -4.5297755113875136 -4.885266730888995 -5.132960599007379 -5.476861190353657 -5.807583198030609 -6.125830825235298 -6.436381502871945 -6.71336890105847 -6.965701667213721 -7.230427045430136 -7.354619639638522 -7.458251993195612 -7.656362036080505 -7.816171027603301 -7.962657287068647 -8.08529938090246 -8.18782869081559 -8.269821510196508 -8.336656110246473 -8.388803268294664 -8.396315658391266 -8.396315658391266 -8.40261066965499 -8.444673686434436 -8.478649198483549 -8.511148241260845 -8.531939115093797 -8.545613256522198 -8.559036268170011 -8.570584556074138 -8.571272952436326 -8.571272952436326 -8.571272952436326 -8.571272952436326 -8.571272952436326 -8.571272952436326 -8.571272952436326 -8.571272952436326 -8.580570338086366 -8.601259118068038 -8.620851056889249 -8.629354069326162 -8.63760958426639 -8.640416738888158 -8.641472738401603 -8.649778684739097 -8.64707624898883 -8.649822949284918 -8.642098938140895 -8.637057404756971 -8.637057404756971 -8.637057404756971 -8.637057404756971 -8.637057404756971 -8.637057404756971 -8.637057404756971 -8.637057404756971 -8.637057404756971 -8.639970562896362 -8.65280265304881 -8.656068259395523 -8.66052335419855 -8.66670654494482 -8.665956667509107 -8.666594957463625 -8.66558676817417 -8.660329057468793 -8.65250868071822 -8.651644299603639 -8.650449479175675 -8.650449479175675 -8.650449479175675 -8.650449479175675 -8.650449479175675 -8.650449479175675 -8.650449479175675 -8.650449479175675 -8.650449479175675 -8.65733121328895 -8.66193436133407 -8.669108608216039 -8.668179613357891 -8.667344790614168 -8.665741450096126 -8.663555776653597 -8.663555776653597 -8.663555776653597 -8.663555776653597 -8.663555776653597 -8.663555776653597 -8.663555776653597 -8.663555776653597 -8.663555776653597 -8.665588745990085 -8.666691561182727 -8.671620834835872 -8.671620834835872 -8.671620834835872 -8.671620834835872 -8.671620834835872
101
 -4.195513169624306 -4.52161486126699 -4.887840439598881 -5.238659391757548 -5.524955210194654 -5.789228347022141 -6.111569846999684 -6.423765377742243 -6.693238566542715 -6.96077437474061 -7.1973002942647115 -7.412860520528683 -7.60969410083916 -7.728913748973901 -7.802968383950545 -7.936402435948847 -8.069080874320356 -8.151590012534413 -8.241890322759701 -8.316432204705933 -8.365854026285803 -8.404766404232996 -8.448037938116457 -8.480524770692966 -8.498960751083274 -8.519682073484274 -8.519682073484274 -8.519682073484274 -8.527691946909952 -8.542911379516273 -8.56029681191856 -8.569447121576987 -8.576768080952146 -8.576768080952146 -8.576768080952146 -8.576768080952146 -8.576768080952146 -8.576768080952146 -8.576768080952146 -8.576768080952146 -8.576768080952146 -8.598480351291638 -8.617055472477919 -8.629624421931322 -8.639587315379604 -8.641522275711333 -8.635796423753959 -8.63693709903232 -8.63693709903232 -8.63693709903232 -8.63693709903232 -8.63693709903232 -8.63693709903232 -8.63693709903232 -8.63693709903232 -8.63693709903232 -8.639767386600411 -8.64789676228234 -8.657228237838968 -8.661486719466998 -8.667924663086126 -8.668477390997435 -8.668477390997435 -8.668477390997435 -8.668477390997435 -8.668477390997435 -8.668477390997435 -8.668477390997435 -8.668477390997435 -8.668477390997435 -8.669049937294329 -8.669786674369913 -8.671149512948407 -8.671149512948407 -8.671149512948407 -8.671149512948407 -8.671149512948407 -8.671149512948407 -8.671149512948407 -8.671149512948407 -8.671149512948407 -8.671076989434718 -8.673982991497736 -8.671970389062226 -8.679702328160179 -8.672869767702064 -8.672869767702064 -8.672869767702064 -8.672869767702064 -8.672869767702064 -8.672869767702064 -8.672869767702064 -8.672869767702064 -8.672869767702064 -8.671322585063772 -8.672865744287725 -8.67670860471992 -8.667854010713235 -8.670713800384771 -8.669011673194492 -8.660976764942165
101
 -4.195513169624306 -4.51570892472431 -4.866940613128147 -5.180936173864076 -5.454142816334744 -5.7696261889017775 -6.08981755230857 -6.397817377221223 -6.673582912207714 -6.947789521954879 -7.202160511557057 -7.442507434400811 -7.649521761244206 -7.7495430788120245 -7.838418090013461 -7.974365245901113 -8.093258053008787 -8.182454182114322 -8.280882449155362 -8.34800967454972 -8.40182138459968 -8.437330591704555 -8.462608270599937 -8.479117714918534 -8.50856012272797 -8.520215035606705 -8.516983789551869 -8.516983789551869 -8.516983789551869 -8.523210416291688 -8.557166980889345 -8.570774850746801 -8.577390080024358 -8.575475220490562 -8.575475220490562 -8.575475220490562 -8.575475220490562 -8.575475220490562 -8.575475220490562 -8.575475220490562 -8.575475220490562 -8.586578961215437 -8.602828452125122 -8.61568384974029 -8.621384013490779 -8.624094231904406 -8.632133743471822 -8.632133743471822 -8.632133743471822 -8.632133743471822 -8.632133743471822 -8.632133743471822 -8.632133743471822 -8.632133743471822 -8.632133743471822 -8.632133743471822 -8.643140269463839 -8.654750246942916 -8.658987816476772 -8.661993151995379 -8.66655629435125 -8.66655629435125 -8.66655629435125 -8.66655629435125 -8.66655629435125 -8.66655629435125 -8.66655629435125 -8.66655629435125 -8.66655629435125 -8.66655629435125 -8.670004762972205 -8.675939186064177 -8.676418086948207 -8.679080157533084 -8.677410942967002 -8.675077526445202 -8.668191329059328 -8.664238922820523 -8.664664819142178 -8.664664819142178 -8.664664819142178 -8.664664819142178 -8.664664819142178 -8.664664819142178 -8.664664819142178 -8.664664819142178 -8.664664819142178 -8.666332527276019 -8.666113913655542 -8.666113913655542 -8.666113913655542 -8.666113913655542 -8.666113913655542 -8.666113913655542 -8.666113913655542 -8.666113913655542 -8.666113913655542 -8.667414875894956 -8.675883139209628 -8.679595079025688 -8.67999049030013
ADAPTIID
5
101
 -4.195513169624306 -5.714153823375007 -6.269985438233417 -6.6162305054073585 -6.848690979029185 -7.021651329303065 -7.172438384127885 -7.297767852845033 -7.402285946234641 -7.492809214862044 -7.573637120269515 -7.648280201148334 -7.716662840232529 -7.776406156135735 -7.831014937417139 -7.880990689969289 -7.927780002685265 -7.969496788800308 -8.009119876390903 -8.047394561700145 -8.084404787088085 -8.12047780422234 -8.154323826941894 -8.185500974229068 -8.217543515880758 -8.247761456013881 -8.276878698403424 -8.30431234866498 -8.330187680969663 -8.35514802111661 -8.378833945495613 -8.4007534337429 -8.422773844604341 -8.442373986521218 -8.461413815915838 -8.48027163488692 -8.497447391173925 -8.513708690056408 -8.529300752330766 -8.544225199119783 -8.557885995774317 -8.571087778775274 -8.583461011815375 -8.59489613139172 -8.605946144157702 -8.61660996659987 -8.626701299448856 -8.635664749316064 -8.644549680950426 -8.65264601260979 -8.660268517692268 -8.667400278134004 -8.674402866101858 -8.680997470371079 -8.687128654353742 -8.692752654875967 -8.698179369584848 -8.703126855345172 -8.707892900676372 -8.712303271470136 -8.716432330684732 -8.720309516568404 -8.723920700532531 -8.727404655346211 -8.730601375316267 -8.733656824119029 -8.736577417985474 -8.739200969056432 -8.741664167301382 -8.743984219285963 -8.746128210623775 -8.748154462290858 -8.750097348313286 -8.75189811636575 -8.753628071292392 -8.75523902243486 -8.75674803651275 -8.758103405189374 -8.75942943891828 -8.76064062866726 -8.761791652152901 -8.762850993485019 -8.763887326330973 -8.764802433810466 -8.765667892426732 -8.766482471654848 -8.767242972969752 -8.767963822921379 -8.76862789629947 -8.769255609899979 -8.769839753975472 -8.770401914419963 -8.770910245754047 -8.771390224253945 -8.77182932903913 -8.772233558101235 -8.7726187793991 -8.772987614288114 -8.773334763149224 -8.773662307561265 -8.773975047980135
101
 -4.195513169624306 -5.737071407999184 -6.27909612237266 -6.609036231270995 -6.8387685051330624 -7.023283589228742 -7.163811393814611 -7.283394557658548 -7.392373335861239 -7.481750092967549 -7.571443217785456 -7.646956540112823 -7.711366293768011 -7.770930512562177 -7.8299275450477 -7.878022410723279 -7.925379160518196 -7.969896096862553 -8.011080725041868 -8.049218755066763 -8.084943321082099 -8.119372785297482 -8.155655769386088 -8.188949269236492 -8.219120283643196 -8.248790991445093 -8.276682952484586 -8.30429732497721 -8.329973029734948 -8.354732608896859 -8.377014580794777 -8.39994589020321 -8.421275474485704 -8.441196166267966 -8.461830858222658 -8.479412505330039 -8.496428971936863 -8.51326695110751 -8.528588677546853 -8.543627296390325 -8.557818453531407 -8.571412702992031 -8.583999233137398 -8.59615790728247 -8.60699015604792 -8.617112027605408 -8.627376844094544 -8.636297454151936 -8.644770178879373 -8.652977599518028 -8.660691748975914 -8.667822752848998 -8.674650089762984 -8.681039309197683 -8.687188201448516 -8.69302868435628 -8.698468429634325 -8.70347280449048 -8.708249765101437 -8.712689352627116 -8.716847554523893 -8.720639982636433 -8.72419697634159 -8.727667809538676 -8.730985764650926 -8.733975975597538 -8.736699903408377 -8.739396405289227 -8.74184356244638 -8.744192346143551 -8.746407782142871 -8.748437113423387 -8.750347308216137 -8.752072021360853 -8.753729031595604 -8.755330799093631 -8.75685202408396 -8.758242194832631 -8.759513193335303 -8.76074594079055 -8.761867545523382 -8.762925814759084 -8.763940916631139 -8.76486428323178 -8.765726312127722 -8.76654038081391 -8.767289919568366 -8.76797606427267 -8.768635874783811 -8.76925674550951 -8.769833339007475 -8.770374589056972 -8.770883046598694 -8.771356503320584 -8.771790432782765 -8.772226031720589 -8.772623019068195 -8.772985581779839 -8.773349305681132 -8.77367211543615 -8.773962834353037
101
 -4.195513169624306 -5.735595971063951 -6.291290527273066 -6.609967649211008 -6.828876741375386 -7.013244909392678 -7.158011912638637 -7.286936615856027 -7.395818131709868 -7.484804228814161 -7.567446978948826 -7.6390186096035535 -7.7016370067765285 -7.762527896522431 -7.8142965130936695 -7.8653907363914035 -7.9121843467811805 -7.95557107052365 -7.996498350138431 -8.035378093440574 -8.071936513324383 -8.107185947038804 -8.141519794369705 -8.175943083437094 -8.206713309247453 -8.237532370840194 -8.266907870101443 -8.294579443749463 -8.320881081554887 -8.348054586551465 -8.371799176240067 -8.396443908383441 -8.41810919237487 -8.43836930200265 -8.457420823053043 -8.476124736572272 -8.492694487409183 -8.509433123434887 -8.52604350868688 -8.541052475637889 -8.55503619633843 -8.56811631786268 -8.58118692667362 -8.59315270854871 -8.604610336163676 -8.614948977228304 -8.625024631721763 -8.634318049035917 -8.64347811452049 -8.651871436802459 -8.659598807552314 -8.666874347156563 -8.673817789129382 -8.680348000987841 -8.68646459735354 -8.692400612241105 -8.697817744589116 -8.702856850478375 -8.707825005792753 -8.712224766827086 -8.716400961761035 -8.720271435070558 -8.723924109211247 -8.727352332236304 -8.730600867759938 -8.733581020288847 -8.736391797432546 -8.739030805917576 -8.741537631030168 -8.743854948475844 -8.746074464582898 -8.74812665199855 -8.750034694202377 -8.751817397627622 -8.753486996317784 -8.755052613551245 -8.756564346197688 -8.75797907801093 -8.759271424184771 -8.760459706245816 -8.761593229701322 -8.762710959223272 -8.763703321921943 -8.76464916034986 -8.76552615102125 -8.766334555884136 -8.767076944701337 -8.767803066965358 -8.768489552631339 -8.769123043027125 -8.769709313324318 -8.770274732757496 -8.770789370352183 -8.771286468397815 -8.77173586411718 -8.772179847857414 -8.772603169546647 -8.772971486538468 -8.77332392902962 -8.773648198568601 -8.773950797076983
101
 -4.195513169624306 -5.764203225707265 -6.310745338048876 -6.647314232820347 -6.861871210958646 -7.0320673350654 -7.173669525916902 -7.295614476529412 -7.40681442358487 -7.500564023098327 -7.579351006622521 -7.655033582500338 -7.724934976883774 -7.783460442024506 -7.838241952160466 -7.8864666378476915 -7.931356732804759 -7.971870404829013 -8.012317779469534 -8.0523113500791 -8.087367216194178 -8.122587007843435 -8.156991019824988 -8.189511734176513 -8.22011476836818 -8.251542481227403 -8.279118266097058 -8.305502240833079 -8.331234544784136 -8.355989599556896 -8.380295149542839 -8.404280494742025 -8.426204229857433 -8.446113070422275 -8.465535726046536 -8.482992067106009 -8.499347924059615 -8.516092239307934 -8.53101239049723 -8.545738177227578 -8.559588651701677 -8.57241706571926 -8.584193068036864 -8.596040382761666 -8.607293524569634 -8.617909766112627 -8.627752693762245 -8.636979559328955 -8.645765349015177 -8.653963837166533 -8.6617372986365 -8.668984498264424 -8.675677131063088 -8.68209423662083 -8.68799768765228 -8.693758963275753 -8.699169350135186 -8.704107314629269 -8.708799634482418 -8.713201683158834 -8.717270693912312 -8.7211268774508 -8.72471567177972 -8.728096353075625 -8.731347318263133 -8.73427237330706 -8.73709596327885 -8.73970907209862 -8.742128662806604 -8.744462753152598 -8.746607085940836 -8.748645211904524 -8.750531762933617 -8.752302202008268 -8.753950818052276 -8.75552804181062 -8.75703172023907 -8.75841707795429 -8.75970371470499 -8.760896151547437 -8.762058387357273 -8.763104841135561 -8.764106603147992 -8.765043791578695 -8.765925074823203 -8.766732699843237 -8.767485648326826 -8.768179761278315 -8.768824410097858 -8.769468973446376 -8.770033052412277 -8.770580565681751 -8.77107165456105 -8.771548259970047 -8.771999599535416 -8.772419955075197 -8.772808650760508 -8.773171148172365 -8.773507787231686 -8.773819252402948 -8.77411152581544
101
 -4.195513169624306 -5.795625063156353 -6.314963718594658 -6.62960379376406 -6.844227317485067 -7.024386133801065 -7.175853696792099 -7.294588691359597 -7.3979817489251465 -7.496091411417817 -7.573726812895812 -7.648362808149642 -7.7172996389716895 -7.776950473636159 -7.829494534967573 -7.881115541813821 -7.924296402207957 -7.9704400520554435 -8.010415389228465 -8.04939133077491 -8.086778715673907 -8.123677876980485 -8.157184818576388 -8.19042375979775 -8.221966408705157 -8.25177110969455 -8.280068699649858 -8.307458396823034 -8.33372129011963 -8.35881004395732 -8.38135884289482 -8.403737965342877 -8.425006215234378 -8.445561805077698 -8.465386876975295 -8.483602398354488 -8.50158833989063 -8.517946192132369 -8.533551628464867 -8.547543129609027 -8.56099758919521 -8.57373334421072 -8.586000231167926 -8.597515659056945 -8.608105338911678 -8.618683548919792 -8.628802865740937 -8.638005011555093 -8.6464915249971 -8.6547066961902 -8.662345840879883 -8.669636886738248 -8.676396470411234 -8.68283279003248 -8.688693624498072 -8.694251403827089 -8.699571129279603 -8.704351112085268 -8.708971001365159 -8.71331628739602 -8.717412277905485 -8.721211807557513 -8.724854277858071 -8.728134682715046 -8.731403910809158 -8.734284840485008 -8.737134716513225 -8.739798183845494 -8.74229862521539 -8.744691050285098 -8.746827109121515 -8.748863269070045 -8.750729844031206 -8.752467347352352 -8.754125215717067 -8.755676430807396 -8.757101426757616 -8.758443424824858 -8.759707331860614 -8.76088428660947 -8.76199680921482 -8.763032963079183 -8.76403371927266 -8.764967348796354 -8.765837381661727 -8.766641271577367 -8.76738431221322 -8.76808797157349 -8.768741597836685 -8.769366417525825 -8.769943261640483 -8.7704806499355 -8.77097990249067 -8.771460663368941 -8.771906772168297 -8.772325799494912 -8.772718379475078 -8.773083527885792 -8.773427824513314 -8.77374505503669 -8.774044469565984
steps
5
101
 0 2000 4000 6000 8000 10000 12000 14000 16000 18000 20000 22000 24000 26000 28000 30000 32000 34000 36000 38000 40000 42000 44000 46000 48000 50000 52000 54000 56000 58000 60000 62000 64000 66000 68000 70000 72000 74000 76000 78000 80000 82000 84000 86000 88000 90000 92000 94000 96000 98000 100000 102000 104000 106000 108000 110000 112000 114000 116000 118000 120000 122000 124000 126000 128000 130000 132000 134000 136000 138000 140000 142000 144000 146000 148000 150000 152000 154000 156000 158000 160000 162000 164000 166000 168000 170000 172000 174000 176000 178000 180000 182000 184000 186000 188000 190000 192000 194000 196000 198000 200000
101
 0 2000 4000 6000 8000 10000 12000 14000 16000 18000 20000 22000 24000 26000 28000 30000 32000 34000 36000 38000 40000 42000 44000 46000 48000 50000 52000 54000 56000 58000 60000 62000 64000 66000 68000 70000 72000 74000 76000 78000 80000 82000 84000 86000 88000 90000 92000 94000 96000 98000 100000 102000 104000 106000 108000 110000 112000 114000 116000 118000 120000 122000 124000 126000 128000 130000 132000 134000 136000 138000 140000 142000 144000 146000 148000 150000 152000 154000 156000 158000 160000 162000 164000 166000 168000 170000 172000 174000 176000 178000 180000 182000 184000 186000 188000 190000 192000 194000 196000 198000 200000
101
 0 2000 4000 6000 8000 10000 12000 14000 16000 18000 20000 22000 24000 26000 28000 30000 32000 34000 36000 38000 40000 42000 44000 46000 48000 50000 52000 54000 56000 58000 60000 62000 64000 66000 68000 70000 72000 74000 76000 78000 80000 82000 84000 86000 88000 90000 92000 94000 96000 98000 100000 102000 104000 106000 108000 110000 112000 114000 116000 118000 120000 122000 124000 126000 128000 130000 132000 134000 136000 138000 140000 142000 144000 146000 148000 150000 152000 154000 156000 158000 160000 162000 164000 166000 168000 170000 172000 174000 176000 178000 180000 182000 184000 186000 188000 190000 192000 194000 196000 198000 200000
101
 0 2000 4000 6000 8000 10000 12000 14000 16000 18000 20000 22000 24000 26000 28000 30000 32000 34000 36000 38000 40000 42000 44000 46000 48000 50000 52000 54000 56000 58000 60000 62000 64000 66000 68000 70000 72000 74000 76000 78000 80000 82000 84000 86000 88000 90000 92000 94000 96000 98000 100000 102000 104000 106000 108000 110000 112000 114000 116000 118000 120000 122000 124000 126000 128000 130000 132000 134000 136000 138000 140000 142000 144000 146000 148000 150000 152000 154000 156000 158000 160000 162000 164000 166000 168000 170000 172000 174000 176000 178000 180000 182000 184000 186000 188000 190000 192000 194000 196000 198000 200000
101
 0 2000 4000 6000 8000 10000 12000 14000 16000 18000 20000 22000 24000 26000 28000 30000 32000 34000 36000 38000 40000 42000 44000 46000 48000 50000 52000 54000 56000 58000 60000 62000 64000 66000 68000 70000 72000 74000 76000 78000 80000 82000 84000 86000 88000 90000 92000 94000 96000 98000 100000 102000 104000 106000 108000 110000 112000 114000 116000 118000 120000 122000 124000 126000 128000 130000 132000 134000 136000 138000 140000 142000 144000 146000 148000 150000 152000 154000 156000 158000 160000 162000 164000 166000 168000 170000 172000 174000 176000 178000 180000 182000 184000 186000 188000 190000 192000 194000 196000 198000 200000
