6
dyna-reg-lbfgs
1
37
 0.4824546881208731 0.48152514686983094 0.3148150088070266 0.3148150088070266 0.3148150088070266 0.3148150088070266 0.3148150088070266 0.3148150088070266 0.3148150088070266 0.3148150088070266 0.3148150088070266 0.3148150088070266 0.2897559251606756 0.24325769404230158 0.226869775121471 0.19714019136284633 0.13875619523549165 0.13897136382097547 0.09486142276209208 0.08983077849110438 0.08983077849110427 0.06078462829386705 0.038601941929187644 0.03817005005439497 0.0204914427878774 0.009159388948062785 0.00705881867492178 0.002724031110657832 7.039301211313465E-4 2.9252468535828635E-4 1.6855835441492717E-4 1.3103955446575055E-4 1.163802113058332E-4 9.570937366878973E-5 8.933237327271581E-5 7.873813008146824E-5 6.795378993840195E-5
steps1
1
37
 0.0 0.02195751221386617 0.04391502442773234 0.0658725366415985 0.08783004885546468 0.10978756106933084 0.131745073283197 0.15370258549706317 0.17566009771092936 0.19761760992479552 0.21957512213866168 0.263490146566394 0.30740517099412634 0.3513201954218587 0.43915024427732335 0.526980293132788 0.6148103419882527 0.7904704396991821 0.9661305374101115 1.1417906351210407 1.4931108305428995 1.8444310259647583 2.195751221386617 2.898391612230334 3.6010320030740517 4.303672393917769 5.303672393917769 6.303672393917769 7.303672393917769 8.303672393917768 9.303672393917768 10.303672393917768 11.303672393917768 12.303672393917768 13.303672393917768 14.303672393917768 15.303672393917768
time2
1
37
 0.0 3.428 6.763 10.53 14.299 18.07 21.887 25.687 29.456000000000003 33.268 37.071 40.879 47.561 54.232 60.999 74.416 87.717 103.884 131.993 158.715 187.35500000000002 240.57800000000003 293.66900000000004 347.07400000000007 461.5470000000001 577.393 683.177 835.171 990.9390000000001 1144.776 1301.4650000000001 1462.516 1613.172 1763.946 1924.8809999999999 2084.2839999999997 2246.9479999999994
static-lbfgs
1
17
 0.4824546881208731 0.4815136543219486 0.11718628566128947 0.06862320003209721 0.026858267508676564 0.01494599456538781 0.009814358873746265 0.004916389965078344 7.025741641649708E-4 2.4320052217138843E-4 5.042897114812539E-5 1.8669293383510865E-5 5.447995426954844E-6 1.1737016256119226E-6 6.090273378389632E-7 6.456669282561833E-8 3.426152772600943E-8
steps4
1
17
 0.0 1.0 2.0 3.0 4.0 5.0 6.0 7.0 8.0 9.0 10.0 11.0 12.0 13.0 14.0 15.0 16.0
time5
1
17
 0.0 153.505 327.20799999999997 482.67199999999997 634.103 785.711 936.312 1094.086 1244.892 1415.082 1565.6490000000001 1715.903 1866.593 2018.316 2168.621 2319.693 2471.2160000000003
