10
SGD
5
101
 -2.0085836265740857 -3.8048862738588913 -4.196370787667802 -4.42886773476235 -4.58804971643045 -4.713210636529478 -4.8150579590268725 -4.89995904676024 -4.9758069714145154 -5.040205388090607 -5.097002323368544 -5.14884357149515 -5.194993282832877 -5.238330535562865 -5.278871993940821 -5.316949216924773 -5.35157072985907 -5.383622992623932 -5.413902965931641 -5.442494568049568 -5.469467284705096 -5.494723908074645 -5.518259822900654 -5.540176729180534 -5.561824597549227 -5.582322566579329 -5.602781578664931 -5.622749128919028 -5.641634945630166 -5.659006716018241 -5.676542635362259 -5.693577194350562 -5.71092771618885 -5.72667030757522 -5.742648494504439 -5.757498010697273 -5.771425777609064 -5.785676392764015 -5.7992503468711725 -5.812155462975065 -5.825040704645965 -5.8371603104226235 -5.8494631978609135 -5.861851424513271 -5.8731541705364805 -5.885130455918949 -5.896139575787403 -5.90708885144391 -5.917849924933075 -5.927907141807291 -5.937901215727021 -5.947937087934345 -5.957892734242228 -5.967380126465173 -5.977122623774822 -5.986478054398012 -5.99535219279726 -6.00447024507248 -6.013172382725623 -6.021834030951741 -6.0302663958403615 -6.038499610175216 -6.046589193028227 -6.054760059194688 -6.062799813205559 -6.070587468718807 -6.078392746509362 -6.086045364603275 -6.093378737048235 -6.100857289966713 -6.108406664774854 -6.115498355223297 -6.122666334537788 -6.129308319842997 -6.136151046794903 -6.142714715331933 -6.14943865470735 -6.156121365921164 -6.162628057818145 -6.168947113364251 -6.1753507105052385 -6.1817736672691925 -6.187845149729419 -6.194085189632117 -6.2001652127905365 -6.20570108655652 -6.211349369027787 -6.217240057782629 -6.2229914332312015 -6.228942209758927 -6.234733424861668 -6.240395178380051 -6.245587694932531 -6.25100855297267 -6.256040011966903 -6.261459251342511 -6.266700148169849 -6.2721154129117105 -6.277083356619922 -6.282087120021743 -6.286977186785538
101
 -2.0085836265740857 -3.7843618913743144 -4.170503474820103 -4.404842114360181 -4.569137993460845 -4.698302627658544 -4.799421164919523 -4.885778467210608 -4.9577343860748915 -5.021327890999053 -5.077484452961986 -5.128650283337956 -5.1769831477469985 -5.220524215891773 -5.260836727300148 -5.2970559704204865 -5.330904404097463 -5.363764381812767 -5.392855802725355 -5.42242755234345 -5.449431091638595 -5.4756863158816085 -5.49958104075033 -5.523299152475286 -5.54579084800574 -5.566567643660586 -5.586339980949914 -5.605949103444216 -5.623894356094348 -5.641514386270304 -5.658418832549984 -5.676532176609241 -5.693256943799034 -5.709008501826536 -5.72398792421977 -5.7384853857499944 -5.752633215945967 -5.767198238406601 -5.7801264305523 -5.793648844891143 -5.806360422785615 -5.819155007547454 -5.8321614214416115 -5.843890087769163 -5.85543541017747 -5.867130477311382 -5.878195829687338 -5.8893762184012175 -5.899794376558094 -5.9101852763400355 -5.920265468874686 -5.930451915801876 -5.939986605036663 -5.949607708512928 -5.959166558673235 -5.968786539002781 -5.977812559017709 -5.986161039852427 -5.994894631576205 -6.003575570264747 -6.011808337913023 -6.020010435690448 -6.027915904333674 -6.036024399230065 -6.044183961408318 -6.05242321404529 -6.059682630871076 -6.067040744638509 -6.07427847386202 -6.081428870968727 -6.089294151598366 -6.096694415684415 -6.10361867046092 -6.11072325824431 -6.116868525889784 -6.1233722171682725 -6.130124027252814 -6.136812081985487 -6.143387760196773 -6.149531306298051 -6.155916993616037 -6.162247366777918 -6.168191095110864 -6.174330824168464 -6.180084278907438 -6.1859468525633625 -6.191972710623837 -6.197527622665166 -6.202930989636007 -6.208287442169463 -6.213444448521135 -6.2191071818626344 -6.22441870041905 -6.229845320351126 -6.234854504235567 -6.240071404275382 -6.245029306775181 -6.250179885275189 -6.255225485632024 -6.260632041380871 -6.265311303853276
101
 -2.0085836265740857 -3.746363636817624 -4.162842876078069 -4.3980880080258755 -4.560651259692075 -4.684778576460613 -4.786391345876397 -4.872373147135167 -4.94484776282853 -5.009656676954295 -5.067506738292476 -5.121236905367082 -5.167639749622879 -5.210081138473101 -5.248284121431167 -5.285941280442224 -5.320966537719789 -5.353981069468571 -5.384406770483038 -5.4134620150912385 -5.441199339406803 -5.466648698761712 -5.49154539963906 -5.516113486121259 -5.539100723757764 -5.560735020143471 -5.581429514574316 -5.600529340215733 -5.619961009750413 -5.638328729491784 -5.656481152355857 -5.673479187401674 -5.69016291982796 -5.7061128161007835 -5.72200735042784 -5.737188439496199 -5.751789118196206 -5.76603631589313 -5.780281874939469 -5.793660142305819 -5.8071863986829815 -5.820463651725898 -5.832817514541758 -5.845019634227375 -5.8565719437278005 -5.868098677848463 -5.879833802130041 -5.891016672174693 -5.902035062392916 -5.912978202881248 -5.923587852642253 -5.93349386341369 -5.94333552600834 -5.953125288918669 -5.962863285698673 -5.972177917706563 -5.981517572215325 -5.990420126177799 -5.999564363452984 -6.008295811651878 -6.016806077842658 -6.0249050480300586 -6.032976346818218 -6.041142295642293 -6.04875021482586 -6.0566560770962505 -6.064087640726591 -6.071396719300912 -6.078960858406953 -6.086276817903398 -6.093772713463073 -6.100938497857179 -6.108275571844499 -6.114900790612164 -6.121858402393522 -6.128654297998497 -6.1354282308555 -6.141932851414193 -6.148378058965651 -6.155202414979847 -6.161702798501718 -6.167963601932257 -6.173997287502146 -6.180121246364616 -6.185825010929554 -6.191632489989589 -6.197413052171948 -6.203322833332088 -6.209313526256508 -6.215025767286992 -6.220739416355945 -6.226130845321313 -6.231479409272042 -6.23673179764225 -6.242046264009623 -6.2474532388869655 -6.252590539894048 -6.257447984053989 -6.2627911138482695 -6.267711907967833 -6.272959087946883
101
 -2.0085836265740857 -3.7526419416777235 -4.148140019840974 -4.381634499404346 -4.544258242718002 -4.670034275654685 -4.775885333150346 -4.861723853988752 -4.936168018875918 -4.999273343021582 -5.060428388684196 -5.112670896757457 -5.15980822810537 -5.203038042436917 -5.24410126684163 -5.281572929325636 -5.316143907026742 -5.347291568925559 -5.37748226739992 -5.406057129170152 -5.433489443393608 -5.46018459915331 -5.485029657297479 -5.508496020133874 -5.530818894518198 -5.5526455541999145 -5.571955087802768 -5.592208031859695 -5.61156195991077 -5.629415064611713 -5.646995877923275 -5.663551346376612 -5.680012864009432 -5.6953913765144595 -5.710866490892482 -5.725855786770897 -5.740164897237885 -5.754828945295345 -5.768642548667271 -5.782635431579788 -5.795304340538223 -5.808665864838464 -5.8211853452952145 -5.833846884262202 -5.8455520014466344 -5.857274214864834 -5.868577587824702 -5.880033699720678 -5.890876335526315 -5.9013305882349805 -5.9115644464064925 -5.921374005429887 -5.931863317046077 -5.941524182048583 -5.950939533006106 -5.960092177494451 -5.969396280931713 -5.97808951053201 -5.9869230877311965 -5.995482381080285 -6.003692185302443 -6.012611655768185 -6.0204646779734325 -6.028701024280737 -6.036759503866414 -6.044598986550829 -6.052544812253006 -6.060315246213205 -6.067849659261406 -6.075124475356538 -6.082557369144983 -6.089588955970616 -6.096614330470564 -6.103221814312711 -6.109969263307709 -6.116846778500906 -6.12292025683145 -6.129517982937461 -6.135773795673258 -6.1419337349626515 -6.148216860862968 -6.15445155682922 -6.160582293496432 -6.166783273552399 -6.17302979298826 -6.1790392261731375 -6.184641812045567 -6.190334078430872 -6.196277759576029 -6.201914700475599 -6.207443136963629 -6.21306418602467 -6.218627367242376 -6.224224267291442 -6.229629810717143 -6.2348776502944885 -6.240072907656638 -6.245382351585378 -6.250436816565015 -6.255588175212439 -6.2602965528885015
101
 -2.0085836265740857 -3.81512681397845 -4.207243127320213 -4.434475890327811 -4.591198998842394 -4.713769769720347 -4.813547501244103 -4.8983944323111155 -4.971725793243348 -5.033084000250711 -5.090500534787202 -5.142302524030574 -5.18854550656307 -5.229721168658742 -5.269240870130867 -5.305998570883755 -5.3398212017450515 -5.37155600978032 -5.4019432211046094 -5.429639668784711 -5.456670178235715 -5.481541011438912 -5.506773614026335 -5.529954992863851 -5.551303839894384 -5.572161459853027 -5.5920523008324885 -5.6118330089094925 -5.630271784305191 -5.648714126051084 -5.665419645273557 -5.68302944966104 -5.6996574251416146 -5.715921024414557 -5.731356463777425 -5.7462322500642395 -5.760656234545401 -5.774645203959073 -5.787755072396029 -5.801295458330994 -5.814893740516114 -5.827873647742373 -5.840418259633917 -5.852279132413739 -5.863941029179293 -5.875528955394349 -5.886540848318489 -5.897301419551846 -5.908012298665357 -5.918369781523053 -5.928777029887765 -5.938360782649867 -5.9483710333480335 -5.9585476820582715 -5.968266196122828 -5.977829862745613 -5.9864224983355925 -5.995146924670699 -6.003994384075059 -6.012508606925268 -6.020805229718675 -6.029100668935567 -6.037129832265836 -6.044858368943717 -6.052982813800561 -6.060656710649123 -6.068096047567992 -6.075629086545789 -6.0832741760639415 -6.09048886736645 -6.097949547053185 -6.105105005888861 -6.111750396524453 -6.1190249181178205 -6.125746032937478 -6.132367279431307 -6.138864154936932 -6.145406345874177 -6.152076114459254 -6.158566237140652 -6.164479973909677 -6.170784506518447 -6.1767468574593964 -6.182468551096687 -6.188844777427953 -6.194524863107474 -6.200591633332244 -6.2064001461565015 -6.211955067926356 -6.217477755775513 -6.222659655454055 -6.2280876418215465 -6.233790372657304 -6.239049263367951 -6.24436836112642 -6.249479370697006 -6.25472983547904 -6.259763582909307 -6.2647044734879875 -6.269861710271776 -6.27488573454091
SAGA
5
101
 -2.0085836265740857 -2.258001099576418 -2.497008914034982 -2.720565782606716 -2.9350566465701293 -3.1433284178807717 -3.348540998715192 -3.546637112462841 -3.7424798304694216 -3.934213212085381 -4.126288659922077 -4.310969800672569 -4.495391315201746 -4.674095786835075 -4.851255707057022 -5.0273967221266 -5.198553393901605 -5.367653202967358 -5.535873056729298 -5.699666537265187 -5.865784647256633 -6.028532488726862 -6.18643210649251 -6.339533727296852 -6.4959827550777405 -6.6506574297980405 -6.806898925370668 -6.964736160269597 -7.123803120238706 -7.279784695021641 -7.434286283572858 -7.584669072832323 -7.731090757494193 -7.880343509308321 -8.022721243386705 -8.165467642216187 -8.31704583241562 -8.457087120873107 -8.601680924163702 -8.73885648770975 -8.875116889154414 -9.013673454358237 -9.150134307017902 -9.279864421390045 -9.416010597735628 -9.550498506648434 -9.676631032702545 -9.806194523233641 -9.931789036114592 -10.064226550170991 -10.194603626758369 -10.326222082216109 -10.450219246777227 -10.579400693339096 -10.703138243668969 -10.829260147927874 -10.96111214395375 -11.08254696514494 -11.207917806924476 -11.333241224129981 -11.453342982995887 -11.579687925497648 -11.70172396921832 -11.821688775452005 -11.946818309105028 -12.06846377829526 -12.186887271995838 -12.302537277795608 -12.419904214177837 -12.529180599002991 -12.641763424086518 -12.75583903894866 -12.873214675341968 -12.98842014744573 -13.099702771329554 -13.21514641438848 -13.331187412382048 -13.447135419895066 -13.55882251967082 -13.668453335676219 -13.778770400516654 -13.894036588209572 -14.00230537277643 -14.111807287827421 -14.220766780922022 -14.327334631737989 -14.439805248389023 -14.552340198011805 -14.660441232280098 -14.768074070736363 -14.87078242165362 -14.973085748874755 -15.078930013756406 -15.185061010246043 -15.292884576237446 -15.399771654583805 -15.508879769329415 -15.61961925552038 -15.726529743523763 -15.833613326643938 -15.938573576032287
101
 -2.0085836265740857 -2.261848306313102 -2.502281963654537 -2.7265886412690405 -2.942170554842305 -3.1578279289444118 -3.361347535084594 -3.5628550374547787 -3.760797516367771 -3.9548296788377635 -4.137372711944483 -4.327129481843187 -4.510917461563902 -4.689549242519315 -4.867763780450093 -5.03976145030567 -5.208248355831589 -5.378664698574062 -5.542495734391836 -5.712010152832023 -5.877222601336439 -6.046804782461006 -6.20401867097611 -6.360501206653951 -6.518178334212183 -6.6705402063899975 -6.817549238139359 -6.9680288572308635 -7.117458296550845 -7.270512765823949 -7.425107854784325 -7.563131139932151 -7.706227721048287 -7.853963737719936 -8.006577537290726 -8.14370096758925 -8.277728605567432 -8.416632076867623 -8.557829883147638 -8.699736567282955 -8.833224031884457 -8.967045248724975 -9.0996037456498 -9.239907448203946 -9.377251548154888 -9.510200364764739 -9.646581193272972 -9.77907475677717 -9.904737703359007 -10.033842529657537 -10.161325566449182 -10.28537398272032 -10.414367323011703 -10.541268686714782 -10.666305650189818 -10.799468999961896 -10.919868450535615 -11.040608412305353 -11.154469678250667 -11.28119827382124 -11.412971381874106 -11.52847248259028 -11.646244165168197 -11.761632500477496 -11.886697964486531 -12.00602456255068 -12.119800541656335 -12.244532753617609 -12.363462854160083 -12.482891662554245 -12.606260549665983 -12.723997193418226 -12.839312789792343 -12.952242662493779 -13.062822588084112 -13.176574084962185 -13.289411033898771 -13.401980412451366 -13.515359832867679 -13.628784985804234 -13.743254327342086 -13.857058409810811 -13.968986138440286 -14.078452623272467 -14.188168245218847 -14.302471440029983 -14.4126435235619 -14.523069656498938 -14.631083355170935 -14.743952355050885 -14.848989267694087 -14.959730977885046 -15.068602831618037 -15.181878420488372 -15.288588451079207 -15.393248440245143 -15.502031392915036 -15.609256444969265 -15.714222981396027 -15.821084475843136 -15.923778943406722
101
 -2.0085836265740857 -2.2506727758828857 -2.4869819401486306 -2.7193232801722513 -2.9370203158767376 -3.1480001322387956 -3.357854398959619 -3.561621188584204 -3.756384825652688 -3.9475470782024913 -4.140809005401282 -4.32385185865238 -4.504725515313624 -4.683728625437967 -4.856508136839905 -5.0278832082928275 -5.200269024640892 -5.369919209918288 -5.533000431298723 -5.698895475523212 -5.860375366437035 -6.022308955999296 -6.178964950038133 -6.338968054706368 -6.501091157547911 -6.657446191090847 -6.817185180645607 -6.97440211685442 -7.129656334758746 -7.27928821484159 -7.424927027742655 -7.573709438639109 -7.716579969229233 -7.85886358709739 -8.005654024453836 -8.143353870196764 -8.277658220768144 -8.416640950195559 -8.556795628825958 -8.701872395230785 -8.837665186707166 -8.974537284481885 -9.104784072293832 -9.237774425259813 -9.36546859438801 -9.499930875437277 -9.644770271733824 -9.774602626149663 -9.908448952954494 -10.035925796998953 -10.159044684179753 -10.286989996502829 -10.41660575769187 -10.551288237509825 -10.676525139107483 -10.802630173767003 -10.925273533158627 -11.045176092522356 -11.169027081719328 -11.295939651950379 -11.419101532580603 -11.541240788078177 -11.65840562364876 -11.779606204195163 -11.9001379440174 -12.018016825131443 -12.141554562598023 -12.257876794378607 -12.37412019408837 -12.497442121849467 -12.61806515114654 -12.735749854057126 -12.849463669085985 -12.958252815189539 -13.076454131016046 -13.18823033750494 -13.304590167442734 -13.418061155097664 -13.530131509052554 -13.645310099609873 -13.761060182109349 -13.87519815359419 -13.98628641118753 -14.094985930803906 -14.206778410152442 -14.314395579471489 -14.430920818745095 -14.532264610228617 -14.643425548123597 -14.75359852182865 -14.858714646644293 -14.965353147183565 -15.075403789869648 -15.180117174417541 -15.290178829120512 -15.397650603035084 -15.503239450419331 -15.609224667391404 -15.710971586056639 -15.81893167716474 -15.923586977509434
101
 -2.0085836265740857 -2.25963920213868 -2.4917795651840704 -2.7210340771760855 -2.943481451133581 -3.151990779249881 -3.359248516538754 -3.557424863822482 -3.7588638352038055 -3.9525901185358077 -4.138941669772022 -4.32693127565305 -4.508329695975692 -4.686492257548411 -4.867889930663233 -5.0399942532950535 -5.211874902671933 -5.381490684445918 -5.5433570828314345 -5.70626843675001 -5.863290462712318 -6.022853858037093 -6.184411837325684 -6.339700713432062 -6.490445475381179 -6.647028731925792 -6.80038489083649 -6.9508127818660785 -7.101361050730957 -7.253019524780736 -7.400805803122082 -7.544391922492101 -7.691831048505108 -7.84319307827928 -7.987602438431265 -8.132980903687557 -8.27325728773438 -8.412506788124013 -8.554146951922148 -8.696082243321506 -8.838346183178768 -8.976788298913682 -9.113880091394645 -9.24576457761062 -9.3774658967078 -9.509424978676243 -9.641252780301496 -9.769590599688735 -9.891294102573962 -10.024381615559982 -10.153585539698875 -10.285194541203774 -10.415474526501184 -10.541891024939066 -10.66906575983484 -10.793462336491029 -10.918002008738872 -11.043675427490502 -11.168633387459963 -11.287721208157599 -11.410622836364176 -11.530754042939156 -11.651878446008181 -11.775594036280713 -11.896787364606281 -12.018283123801188 -12.145428242833914 -12.268131724544801 -12.383643582500698 -12.503316041167961 -12.613898833252643 -12.734808382575828 -12.850275586991357 -12.968414468518905 -13.086873671987295 -13.199531903439043 -13.30894756356492 -13.42474203093355 -13.533491595296722 -13.646023514354537 -13.752520794796098 -13.863604713058553 -13.972759881191985 -14.08726129957345 -14.195460272435396 -14.306360413533007 -14.424527950867109 -14.528113157395536 -14.638704489286512 -14.747339955160843 -14.857650197494898 -14.962575524325596 -15.070363852143952 -15.169735347878927 -15.27375348856514 -15.376760018405582 -15.481311733054447 -15.587847028336707 -15.697429474337454 -15.797350329066324 -15.908603285758787
101
 -2.0085836265740857 -2.253559404312821 -2.4867402798765355 -2.720196749156973 -2.9374330083076625 -3.146796279845046 -3.3574078211751677 -3.555866346661458 -3.752565254993334 -3.942734538564391 -4.132433884819511 -4.317597963321332 -4.497366876101418 -4.676583189105595 -4.856866255282701 -5.023567107200792 -5.195180079297471 -5.361881874182471 -5.529696494187113 -5.697817824145637 -5.861185903633266 -6.022358798168101 -6.183489978329608 -6.336817284354465 -6.500027086938976 -6.658562765275079 -6.810911766595677 -6.964154463063199 -7.1216940454959765 -7.267704321387064 -7.414656963791045 -7.567735689033462 -7.716872418368382 -7.865960023566371 -8.0098180801715 -8.155360874204538 -8.294281328149879 -8.434718089343908 -8.57225171677403 -8.71591540936427 -8.858026663908364 -8.992481881067139 -9.134663481218107 -9.274293156084896 -9.408806091992872 -9.546076542386297 -9.677315458369476 -9.805034498294104 -9.937166997196181 -10.071507999218841 -10.204669241156944 -10.339946456267043 -10.470495092149674 -10.593209545741056 -10.713490487432244 -10.839681279930307 -10.958132620068794 -11.083151700875579 -11.210763138089561 -11.321010519831766 -11.438923837311611 -11.560602164083852 -11.682701250552828 -11.808961966652392 -11.927252177388334 -12.04253704224971 -12.160647645222253 -12.280809974856565 -12.398733139976434 -12.519865171290427 -12.63916757359951 -12.756195413956528 -12.864946991269823 -12.980587542301395 -13.091222702335582 -13.205037644978912 -13.319489658553007 -13.430556941536677 -13.544665414607362 -13.660216637738072 -13.770366654004054 -13.876686607649205 -13.989480737373325 -14.102633010352694 -14.216633951178595 -14.32434270482806 -14.436802261821596 -14.552688801853987 -14.659847601750862 -14.763619872586624 -14.872029920925886 -14.976717975096426 -15.08308753388239 -15.189743425632196 -15.299251760562274 -15.406872346216268 -15.51105159725211 -15.613546288634272 -15.718740732137345 -15.82424375143952 -15.928329662100094
ADAPTSAGA
5
101
 -2.0085836265740857 -2.985181060126865 -3.7786821316372072 -4.432290167549256 -4.9605457324472875 -5.376788682016118 -5.732267189572294 -6.055486920787207 -6.334294058693461 -6.589783714072198 -6.813535190221962 -7.032931013850248 -7.23752177566989 -7.422397433394156 -7.586600143970127 -7.759516593264078 -7.922229819004756 -8.089074451777025 -8.253555856761064 -8.386839530356035 -8.504688865649317 -8.61893484599463 -8.74236777076847 -8.859890801173309 -8.97887827209553 -9.09546717117701 -9.210282637889025 -9.322842577590857 -9.436675295602972 -9.55399650391966 -9.668086921942225 -9.786124494286904 -9.899444911044489 -10.011037879935397 -10.124187092654921 -10.235855555411314 -10.34177260693986 -10.448054588320135 -10.55896878317511 -10.667656955469349 -10.780698245655 -10.885317393915745 -10.995058151090491 -11.10332560390124 -11.206716336678383 -11.311207609075755 -11.416137993192539 -11.518610613571344 -11.625982886842426 -11.728356622585444 -11.831824654659654 -11.935129425952931 -12.035678534202463 -12.144045421033272 -12.245407422469754 -12.345726296535696 -12.446996154391789 -12.547887458969152 -12.649689516531485 -12.750288161070467 -12.847608444147898 -12.947058010054493 -13.045366146825804 -13.144256406946283 -13.240112991204613 -13.338255319759753 -13.43684427983556 -13.53479769359261 -13.631738279616366 -13.729187834193416 -13.827253524705977 -13.923908687409899 -14.021831537224397 -14.117216295020974 -14.216051211505661 -14.313129573958728 -14.408276023619191 -14.504286898096094 -14.602479812284692 -14.699232914389402 -14.795429189245054 -14.891059641997055 -14.983974888864514 -15.077561628261565 -15.170430451491015 -15.26528115925886 -15.362344154662424 -15.45138035906431 -15.54424895059302 -15.638302868152145 -15.731990738645093 -15.824821103869526 -15.919718675161072 -16.01286136131435 -16.106825872868757 -16.199432869199406 -16.292586979217536 -16.38798121965595 -16.4796890299584 -16.572814251396498 -16.66412026704848
101
 -2.0085836265740857 -2.954938030063939 -3.7322810840577114 -4.396396912868651 -4.934833860642246 -5.352938380898858 -5.710756094864556 -6.035029189256257 -6.315687745077926 -6.572877618781998 -6.7994734147235505 -7.020164306985117 -7.22538678143425 -7.414363299296514 -7.584049125105289 -7.75587231641256 -7.920051120602139 -8.086859328026078 -8.254174658850287 -8.383542352736404 -8.501669126973871 -8.622168288624875 -8.746016347220987 -8.863048851846289 -8.983257773665205 -9.099716684003479 -9.222594589687997 -9.339695740896024 -9.458071301533545 -9.572510889570314 -9.684613903794817 -9.798500214098093 -9.906530414663614 -10.019560797338386 -10.1324684025839 -10.247440867460544 -10.357776368198294 -10.465785080839186 -10.576636872606926 -10.686218064259078 -10.791878097361035 -10.901657293401012 -11.009157359975214 -11.116775403274849 -11.222826508125051 -11.32765952948622 -11.43219949273953 -11.53885764133171 -11.641747119802059 -11.745239220339428 -11.844659572342536 -11.94679122750718 -12.048391891973154 -12.148463384775921 -12.247204125025902 -12.348006385751605 -12.453503458446052 -12.55399915526017 -12.652562772212136 -12.750854678964672 -12.852634064936963 -12.951933728635902 -13.050712381963734 -13.152474402723294 -13.253107031871753 -13.349974853616283 -13.449233901621927 -13.546887605958853 -13.642537559017326 -13.738194291511153 -13.834435221041211 -13.93509616007708 -14.031157158168353 -14.128520246678676 -14.224993094351893 -14.318595805742392 -14.415354999403327 -14.511710156436438 -14.607842099041182 -14.701949201057644 -14.79822360647811 -14.89329701150602 -14.985359095247668 -15.080182932360389 -15.176180300754652 -15.271795002763017 -15.365208110330377 -15.46067043985138 -15.556951319629759 -15.652975668245764 -15.745025416446062 -15.838571718862578 -15.932732139567237 -16.023637820669222 -16.11851907432735 -16.21343512267545 -16.306200700102288 -16.400131577705086 -16.494550946563443 -16.589045427462217 -16.683610938700824
101
 -2.0085836265740857 -2.9564307768310942 -3.7508571588730955 -4.401531517453807 -4.936497945832103 -5.347879313470649 -5.703154943634593 -6.030874835197589 -6.3093630280410045 -6.567685522028578 -6.787259260838883 -7.002658314216855 -7.216386129323431 -7.403355086607969 -7.576102385196936 -7.746040228940145 -7.914660223062236 -8.079633311282699 -8.24466427328499 -8.37530309493166 -8.495981467227343 -8.620900425896627 -8.741271829384285 -8.862927014231312 -8.982175969542402 -9.101389990807519 -9.215403298601219 -9.33151077589062 -9.448098298122853 -9.566357306473332 -9.677878420295135 -9.788722403163417 -9.902629412685352 -10.016360319059613 -10.124786089260697 -10.22862000391709 -10.34086922054716 -10.448933738688106 -10.559800567017522 -10.671749222383054 -10.780764795078499 -10.885515891558553 -10.992113508402744 -11.102423959321612 -11.208583544690294 -11.31307696225651 -11.421543687212283 -11.526649023504353 -11.630903046296611 -11.739218737354102 -11.838707234218198 -11.945068528106992 -12.04679047772254 -12.14835051774761 -12.247917731941541 -12.348554054446783 -12.449900692923002 -12.547820096050266 -12.644477141752235 -12.745923057647714 -12.847950286475209 -12.947550867407648 -13.043954527147946 -13.14345364854968 -13.241434948451131 -13.336773119048063 -13.436088918287025 -13.53321163701766 -13.6339131218483 -13.732148400989795 -13.826842401091612 -13.924615666896512 -14.023673950830354 -14.11824351755154 -14.215073391039219 -14.314005290190579 -14.40901265172038 -14.504924960803182 -14.602794000313649 -14.699115403768976 -14.79359503683593 -14.888965351721032 -14.986411168715843 -15.082868250949014 -15.17887683380276 -15.273496722363431 -15.36941220242951 -15.464443709315999 -15.560111632179469 -15.656761731602943 -15.752329145704925 -15.848176312186407 -15.939615284944146 -16.034754623595834 -16.128713353110157 -16.22282194403752 -16.314842000836887 -16.40740333425877 -16.500863313755953 -16.592768394650488 -16.68739405705764
101
 -2.0085836265740857 -2.9923814006128726 -3.7585164384474044 -4.4146889878535225 -4.940875824286106 -5.362178345122637 -5.720782984576423 -6.042577093365465 -6.323111912632989 -6.573344341084049 -6.79789836837451 -7.01828908973 -7.229906938284173 -7.417705782802705 -7.587499392536555 -7.756056479376806 -7.921474450344251 -8.087192574860875 -8.24944771802825 -8.379259379495862 -8.500009745360797 -8.621493907749045 -8.7401571101915 -8.860316790498453 -8.981791548265221 -9.097104415839024 -9.213850867797117 -9.327893087629972 -9.443647614146984 -9.558697661011903 -9.67255135218179 -9.780315435176263 -9.892668599128697 -10.007835703755719 -10.117699375004262 -10.225077753636262 -10.335686929686464 -10.44677628154606 -10.557229045433298 -10.664519475487772 -10.77180057557585 -10.878772720359066 -10.987756080615048 -11.091295342671573 -11.197260447597296 -11.305749074110745 -11.409866151273558 -11.515981958797125 -11.621553404469164 -11.725412257314325 -11.828240712165675 -11.932923522602902 -12.03642953520236 -12.136913668440092 -12.23644625671567 -12.337151517944674 -12.438492759015485 -12.541537603514508 -12.640885748032034 -12.742883987969353 -12.846112071099572 -12.945078199661836 -13.04563397015996 -13.142401967410207 -13.244660339872267 -13.345664326360836 -13.443748723344413 -13.542876809713297 -13.638039090193582 -13.737644671753678 -13.834495168615446 -13.9323234140276 -14.028465262350991 -14.125079902745133 -14.222295983460922 -14.31779547150139 -14.413931244833336 -14.510582724302413 -14.606239195287587 -14.700375714169013 -14.79855137090716 -14.893450146143884 -14.986035020496093 -15.07770234104754 -15.17185775242974 -15.268291252476118 -15.364466793447557 -15.458349069704981 -15.551859754264804 -15.645375670494166 -15.738984099061497 -15.83427547572007 -15.927765822784371 -16.019783621577382 -16.11207039130848 -16.20736988152297 -16.298770384860894 -16.391089161138982 -16.484321057039825 -16.575193779608416 -16.6687270366898
101
 -2.0085836265740857 -2.9745594169142446 -3.757473843003806 -4.42033983256139 -4.938793463663442 -5.3553164227720815 -5.710821033976288 -6.040760737729086 -6.325858823400663 -6.581993557179511 -6.80368596375389 -7.022219855855612 -7.23490250289914 -7.422523314628403 -7.588848886565359 -7.75773355404341 -7.923181329256463 -8.087408569764959 -8.25282586187899 -8.385130318739048 -8.509475998329801 -8.633267930141843 -8.752971338934671 -8.868696060161229 -8.989941401730213 -9.10759197762811 -9.220152398135637 -9.338471189164263 -9.452107610132172 -9.567220497233125 -9.682076642960816 -9.799897330343377 -9.914734917500454 -10.025995457715286 -10.141035498538901 -10.254070929884898 -10.367676085198566 -10.476262342176577 -10.590159808400502 -10.696990558663005 -10.8033822132723 -10.90920215009535 -11.022105283625526 -11.124346160008251 -11.230886583170616 -11.33614839165558 -11.43986471284075 -11.544866285680904 -11.645437104284206 -11.744886934314083 -11.846453967119432 -11.946497513098343 -12.049348853396147 -12.151325409271095 -12.254964851377819 -12.35282991817129 -12.454759939891163 -12.554453328043486 -12.65438576789003 -12.751724556189764 -12.850122437368581 -12.950268529703452 -13.048573245647624 -13.147933485955326 -13.247192638252717 -13.345176138337784 -13.441549276759622 -13.539331522692871 -13.635680847659827 -13.731377282096629 -13.828809952528125 -13.926536475710309 -14.022726129186678 -14.118984697015655 -14.21521518560885 -14.312800791117871 -14.409237579426684 -14.505730782201963 -14.601930046094337 -14.697136600751703 -14.796185593178512 -14.891173694177123 -14.985832228022367 -15.080821958110777 -15.178335921133671 -15.273363473865068 -15.370237137114183 -15.462874161473803 -15.558425640995484 -15.654553874074375 -15.747481152963935 -15.841943281678441 -15.933687695364233 -16.027168354966626 -16.12071037647924 -16.212094559476466 -16.304346805990196 -16.399743173226433 -16.494148938220345 -16.58643354256028 -16.682756740581794
ADAPTDoubling
5
101
 -2.0085836265740857 -3.006526019011654 -3.807447095858837 -4.368066613372513 -4.814733724141735 -5.170786419921604 -5.413328669791099 -5.659873209294895 -5.884758047645019 -6.102914715379738 -6.265482913062971 -6.40037276703339 -6.534103976049182 -6.661205980126944 -6.7931691513432995 -6.919816067791457 -7.051057485550902 -7.172458031481696 -7.300583532525157 -7.424780203097531 -7.5508781787552275 -7.674517960636342 -7.7923550307110885 -7.909240288873224 -8.028133142210946 -8.145538936159626 -8.261909013112994 -8.379681481575043 -8.498177029804632 -8.607712999262393 -8.713605641102893 -8.82778410653497 -8.941906682648625 -9.051938345526766 -9.16740927167668 -9.278030365604852 -9.38586648281747 -9.49818824968487 -9.607348334484065 -9.714914469628473 -9.826446498610617 -9.931707841782098 -10.037951308645658 -10.142291099801628 -10.246226247533558 -10.352440943114518 -10.45922767865303 -10.562912246942275 -10.669605077052749 -10.772286736947027 -10.87564177777622 -10.977288557545616 -11.078386878629749 -11.177641540291052 -11.276615072586534 -11.379487130822104 -11.47913923709847 -11.576444389017189 -11.677867105235986 -11.778460536140006 -11.87920337938546 -11.978650663869276 -12.079888649590574 -12.178421605260636 -12.278645511783429 -12.374741888974567 -12.472011395162538 -12.568744884443044 -12.668445484130354 -12.763620355122697 -12.859891721720725 -12.95659663451915 -13.05394386834532 -13.15068635144085 -13.242120187309862 -13.339882242952763 -13.43523465172219 -13.531896504922273 -13.632045395084408 -13.729233008659524 -13.825672906941845 -13.920053988857704 -14.013197820669827 -14.107226597661063 -14.200357693663753 -14.291728491032286 -14.383766050815938 -14.47409600818993 -14.567953127480466 -14.660054875150895 -14.752532736490656 -14.841936556151987 -14.933847047847014 -15.02622246464548 -15.116901813374533 -15.207610989955626 -15.29918027071734 -15.39230890224888 -15.482117534341123 -15.574489620334704 -15.665982236343607
101
 -2.0085836265740857 -2.9932024105734114 -3.816001215157181 -4.3707406372823 -4.80544218155322 -5.162581834544311 -5.408473189356815 -5.648906545439985 -5.879020513466252 -6.100308898906778 -6.269147002563417 -6.399644842649944 -6.529391280610144 -6.654168773168764 -6.786942294325677 -6.916778581518002 -7.044726857794843 -7.1744520059362245 -7.298756739216347 -7.418693513453678 -7.537768284428016 -7.660573698369617 -7.778714985533579 -7.898782775030716 -8.015602675589419 -8.13728134717431 -8.254979761340248 -8.3757526983297 -8.48768744519238 -8.603281138268695 -8.718835983613753 -8.831300358592769 -8.944142629342819 -9.057043106824219 -9.17126260613841 -9.280892574952391 -9.388910185046079 -9.499152015459597 -9.614848133604395 -9.71921210070125 -9.824660966649223 -9.929662040363683 -10.037569778211218 -10.13995565193979 -10.246888955056743 -10.353242434102395 -10.457970383687265 -10.558326231915744 -10.661501651719524 -10.76587404101902 -10.86739711058238 -10.97149844565473 -11.073842437457568 -11.174982041867226 -11.273265183224353 -11.376970245606426 -11.476662173630288 -11.57447377828548 -11.671921961145905 -11.772930563092695 -11.87239443914089 -11.971013021916056 -12.068053292531555 -12.16358080876959 -12.261369850619952 -12.360240423428058 -12.457830629382618 -12.553886510962535 -12.651279001680996 -12.746402566468687 -12.841882797258219 -12.938460409541369 -13.032736079165117 -13.13574397473755 -13.231821499869772 -13.322236895312143 -13.417048952355788 -13.512366207765304 -13.606156769784343 -13.699017348256401 -13.790965966453767 -13.883115843388094 -13.973649708839487 -14.07284905783382 -14.169365683946134 -14.26475902488142 -14.35994191964205 -14.455964196992287 -14.548152288415857 -14.644345916518617 -14.737605414958448 -14.83172376230625 -14.923204143599746 -15.016791717828937 -15.110279033109556 -15.201375192986754 -15.298825690675741 -15.390260859208947 -15.483737768485605 -15.576033520057635 -15.667338162884679
101
 -2.0085836265740857 -3.02485078587909 -3.833697334021864 -4.377652546289912 -4.8156266746851 -5.170270547738923 -5.426211494188836 -5.670513051217194 -5.896870127079707 -6.117712023149624 -6.279707303314138 -6.415331939457065 -6.544488755727217 -6.67753135521213 -6.800567013555464 -6.933427975821367 -7.058756534270102 -7.186208972535473 -7.310665087157527 -7.432548108446054 -7.555118938692636 -7.6791826720099134 -7.7965572900760085 -7.917350210226608 -8.034086317876962 -8.153781008973013 -8.272025412041245 -8.38711844936979 -8.503856077742638 -8.617631097070449 -8.732650680597798 -8.847020599012344 -8.958460923722525 -9.072117613035623 -9.181682329391748 -9.288848315410906 -9.404418989936646 -9.514204196276397 -9.624549677878818 -9.735942560649763 -9.846206739275877 -9.95357059016886 -10.06388934969635 -10.169712646105395 -10.275220682620516 -10.381999820965591 -10.490092848969375 -10.597772219766576 -10.702370830045767 -10.804443043477452 -10.903625223335283 -11.002762405735746 -11.102417191351206 -11.202419196704758 -11.306657728151487 -11.403706712631793 -11.500460455676393 -11.602978852755205 -11.704094059632471 -11.804112701440761 -11.904831972354598 -12.006398931027986 -12.102232845210775 -12.197507520665734 -12.29286531104018 -12.390621549035322 -12.48620036934994 -12.582711558166633 -12.680279649791494 -12.779088016069052 -12.874772671005982 -12.971050244084992 -13.067054371087883 -13.164422592507856 -13.25788726021376 -13.351423955338158 -13.450545083998785 -13.543034771950177 -13.6369636706601 -13.731258801857118 -13.823242459854788 -13.917222459871265 -14.013806310466567 -14.104660749869145 -14.196595197421868 -14.291122522556591 -14.385214046059579 -14.477533548632051 -14.570072041822424 -14.669737075537503 -14.763552090010728 -14.855898655803198 -14.954480620087221 -15.048546937298303 -15.141488090267234 -15.236166754507435 -15.331213503480114 -15.423643611632771 -15.516177327277777 -15.6082603290147 -15.700717034514083
101
 -2.0085836265740857 -2.9862776272577185 -3.806523415421265 -4.369828681316017 -4.819633495887634 -5.168137235912517 -5.417093344994133 -5.6546494029748535 -5.885796631286093 -6.0926720352714145 -6.264301729166375 -6.397404296787912 -6.528831590881471 -6.651016426817189 -6.779962858711607 -6.908292116534351 -7.032022142021378 -7.155237033312105 -7.2837329159505 -7.399259550399536 -7.52270902452085 -7.6481769557040336 -7.76476002055614 -7.883898372073351 -8.00188302558447 -8.119436246110578 -8.233270290319762 -8.348036970073917 -8.464662530748376 -8.578811003761237 -8.695013921604327 -8.803876706913629 -8.914819564240881 -9.026125142182424 -9.133767074532194 -9.243309274424035 -9.350707459664363 -9.462786288278359 -9.572133552560153 -9.67906763825793 -9.784793293956737 -9.890264037845988 -9.997494691323132 -10.102240496600777 -10.207900666211883 -10.31161358413034 -10.415380385805111 -10.519855560479535 -10.623368561130299 -10.722863103267553 -10.82584513610888 -10.929102642074627 -11.029418703992595 -11.13382885998163 -11.237691951136457 -11.340012002932813 -11.444654087168594 -11.543249962013295 -11.645228903591786 -11.749573391652001 -11.848473952462877 -11.947929907956617 -12.046358512525211 -12.145896544189716 -12.24314783087945 -12.344492389739663 -12.442800546138567 -12.53950379961772 -12.638770234978425 -12.731965391727819 -12.82940558593529 -12.923184398873538 -13.017081910762121 -13.112610785118763 -13.211088133714313 -13.306588487178162 -13.404569045025383 -13.500248969415608 -13.593042235779482 -13.687969205159067 -13.783017201515861 -13.877444068904854 -13.973546398186592 -14.067195298779923 -14.16010731999183 -14.253541575773095 -14.346361971213444 -14.442957965074614 -14.536564590204138 -14.634516455785832 -14.726307588450977 -14.820404326661627 -14.914734738481622 -15.008565758916445 -15.099803107499083 -15.187321418795753 -15.280441581389155 -15.375121385385588 -15.468013159360076 -15.560392201167502 -15.65417381776967
101
 -2.0085836265740857 -3.0063751648630928 -3.7993537408460454 -4.35030366880987 -4.808614551267378 -5.179777788722469 -5.424599416092869 -5.658199888566685 -5.878978969638804 -6.0835429854963605 -6.250330915883008 -6.3793958394372 -6.509621032159979 -6.6360304696351555 -6.766457883921118 -6.89102968069148 -7.014397612854505 -7.132038177698838 -7.2610683359077 -7.392044433967726 -7.509493644776549 -7.6286642069655795 -7.752218272307813 -7.873420604749158 -7.9891547891113 -8.108836487711423 -8.223657822132392 -8.339205345877755 -8.45649999658142 -8.570626198482927 -8.681794970265166 -8.793012116800503 -8.909648358302487 -9.019954316490345 -9.130777836802457 -9.242744975147488 -9.348370171861054 -9.456772104319322 -9.57445337924515 -9.680371269206592 -9.788752072418895 -9.897665548395816 -10.003279762568518 -10.106648036416578 -10.212123056292022 -10.316775993760446 -10.426333019481937 -10.53380148830314 -10.636527628302893 -10.74009704130121 -10.844442474248218 -10.949872756350539 -11.0499377264409 -11.150705515781382 -11.25463382959538 -11.355107149402796 -11.45748993629494 -11.554457436060494 -11.655088719991248 -11.751349832134476 -11.852261350381726 -11.949695098773892 -12.04808356187897 -12.147399652121763 -12.244022952750374 -12.340824588336513 -12.437874290654845 -12.535286391525394 -12.632133738692858 -12.731952985220437 -12.831331761252144 -12.927062284887997 -13.021672386920438 -13.116288289017527 -13.211255750536429 -13.305021868704333 -13.398058702777725 -13.493163990622284 -13.593517155454046 -13.688661192132379 -13.78620839699625 -13.881448372897124 -13.975711353068274 -14.073177395411916 -14.167571774239942 -14.261028291397807 -14.351761030594142 -14.445343185174377 -14.537738789831035 -14.628934022697358 -14.722451967602252 -14.817904743105734 -14.91275997657006 -15.00615853185769 -15.099062776508898 -15.191401714663158 -15.286262826631697 -15.379949429911944 -15.47113922626726 -15.561560515442034 -15.652079256160013
MainSSVRG
5
101
 -2.0085836265740857 -2.0085836265740857 -2.0750835454168297 -2.154843529173114 -2.233485355502621 -2.311042533973612 -2.387647624282033 -2.463176769986462 -2.537965900196824 -2.610361612987565 -2.683109518324382 -2.754718302634184 -2.825307318871298 -2.8943656767568 -2.9634338105317406 -3.031441112649187 -3.0976803006433595 -3.1621616829752806 -3.2238339128923923 -3.2866415317046775 -3.349048705444361 -3.4096686166464982 -3.4702023015504975 -3.5309571042720376 -3.588602600214005 -3.645081048465592 -3.685047038025925 -3.685047038025925 -3.685047038025925 -3.685047038025925 -3.7329025856008347 -3.7930363048682865 -3.8526913465345975 -3.911757339491755 -3.9704266895366187 -4.028463316549032 -4.08608893179074 -4.143286433109631 -4.199854746103118 -4.255984715714436 -4.311611854047589 -4.367051321594145 -4.421722693721907 -4.47598768392998 -4.529592670885002 -4.582623717800005 -4.635584708004945 -4.68774692099762 -4.739765695308496 -4.791233319456044 -4.8416245125717925 -4.887716763732607 -4.887716763732607 -4.887716763732607 -4.887716763732607 -4.887716763732607 -4.887716763732607 -4.887716763732607 -4.887716763732607 -4.887716763732607 -4.887716763732607 -4.94072243448739 -4.994616382439335 -5.048231500316101 -5.101532958764781 -5.154586349370782 -5.2073421563562565 -5.259720065912334 -5.311788866762415 -5.363465933528889 -5.414691956904257 -5.465861663333018 -5.516636830333436 -5.567320544741797 -5.617236926705816 -5.666993506333392 -5.716879077852232 -5.766115613333268 -5.815126281641843 -5.864423145557231 -5.9128440025456355 -5.960801946357296 -6.0081458450204535 -6.055755565351504 -6.102731183493145 -6.149443922792328 -6.196256247897679 -6.2417142384373925 -6.28673752410179 -6.331493154891949 -6.375794694764699 -6.419936717442384 -6.4406519605069406 -6.4406519605069406 -6.4406519605069406 -6.4406519605069406 -6.4406519605069406 -6.4406519605069406 -6.4406519605069406 -6.4406519605069406 -6.4406519605069406
101
 -2.0085836265740857 -2.0085836265740857 -2.0726895685011364 -2.1496971968315384 -2.2257464342959667 -2.3007913829667617 -2.374772502094398 -2.448003607661589 -2.5202055670883245 -2.5911452102912294 -2.6610292313828996 -2.730234176124755 -2.7983225012404613 -2.8661958790671855 -2.9317972705379893 -2.997629467835909 -3.041692719962791 -3.041692719962791 -3.041692719962791 -3.041692719962791 -3.0965813627516896 -3.165736724444275 -3.2341608714593892 -3.301894330803566 -3.3688737909222426 -3.435467508414714 -3.5011536885739347 -3.5659814570320085 -3.630429201919844 -3.6945607713745625 -3.757300568878978 -3.819603287814334 -3.8815917328654677 -3.9428527136762526 -4.003315809930511 -4.0634940440892855 -4.12269371081492 -4.180958908627159 -4.239317790239214 -4.296753415280111 -4.312716980019335 -4.312716980019335 -4.312716980019335 -4.312716980019335 -4.312716980019335 -4.312716980019335 -4.312716980019335 -4.312716980019335 -4.312716980019335 -4.348561283692215 -4.407339816466951 -4.4657528787180585 -4.523835605836295 -4.5815857715984105 -4.6389622367538035 -4.6960698408551 -4.752678919223555 -4.809299454432164 -4.865392204409459 -4.921052472147107 -4.976195392682455 -5.030846873366801 -5.0852293435031495 -5.13960023610369 -5.19340334918597 -5.247008634762365 -5.300219528079636 -5.353012401882678 -5.405273471276096 -5.45752323071751 -5.509280455196075 -5.560377173113313 -5.61128963491694 -5.6619765308711845 -5.712666945129983 -5.762659770069743 -5.812122548752521 -5.8610055071587785 -5.91023175146566 -5.958357431808691 -6.001284759459563 -6.001284759459563 -6.001284759459563 -6.001284759459563 -6.001284759459563 -6.001284759459563 -6.001284759459563 -6.001284759459563 -6.001284759459563 -6.001284759459563 -6.051575916246087 -6.101788767168933 -6.151742705655645 -6.201367179387837 -6.250724574912633 -6.299748191851848 -6.348444691796826 -6.396877139521771 -6.444891627755806 -6.492641626672433 -6.539923062033011
101
 -2.0085836265740857 -2.0085836265740857 -2.0761124895951677 -2.1570228668452205 -2.2367336707497794 -2.315432852949224 -2.3929997550529274 -2.469517464180001 -2.544642779471234 -2.6189893989597386 -2.691175281056388 -2.7636604830932905 -2.8340604255684023 -2.9033134840987884 -2.9722519425362544 -3.039679535770127 -3.106489182187582 -3.171837581804115 -3.2369176379489843 -3.3007743997294585 -3.3646060577983468 -3.42480377082963 -3.485634986721432 -3.509967171079861 -3.509967171079861 -3.509967171079861 -3.513863580257562 -3.575911511899489 -3.6374409270051284 -3.698522656759757 -3.759185372062947 -3.81925749230761 -3.8789597300361627 -3.937980668240136 -3.996620746848521 -4.0546924625355505 -4.112328463016182 -4.169297644883654 -4.225892161015015 -4.282055548284706 -4.337570964759826 -4.392616582202199 -4.447578850838155 -4.501757171917003 -4.555168035376391 -4.608255755270708 -4.660594908276808 -4.7033751065454785 -4.7033751065454785 -4.7033751065454785 -4.7033751065454785 -4.7033751065454785 -4.7033751065454785 -4.7033751065454785 -4.7033751065454785 -4.7033751065454785 -4.707235986596877 -4.762959966222437 -4.8182712505508185 -4.873124359745926 -4.92756042328297 -4.981748446093817 -5.010707950879367 -5.010707950879367 -5.010707950879367 -5.010707950879367 -5.010707950879367 -5.010707950879367 -5.010707950879367 -5.010707950879367 -5.010707950879367 -5.030136517567089 -5.084753870292821 -5.139046907050327 -5.193073547952936 -5.246747535040627 -5.300128790429267 -5.353280911431327 -5.406175757293855 -5.458661756244862 -5.510944185735004 -5.562983035605469 -5.6146966325649865 -5.665981354838867 -5.716786467052811 -5.767143232435664 -5.817575520798156 -5.867452889076477 -5.917206047349803 -5.966378399810788 -6.014969544418934 -6.063281915091703 -6.111413678384661 -6.159614629247391 -6.20717378919405 -6.254187166229796 -6.300931433899203 -6.323499590098436 -6.323499590098436 -6.323499590098436 -6.323499590098436
101
 -2.0085836265740857 -2.0085836265740857 -2.0773838131535314 -2.1594902955794453 -2.240120931075639 -2.3198947810042014 -2.3982675581430377 -2.4756334457420017 -2.5522420010763573 -2.626213517785106 -2.6991710136373097 -2.7715252368360996 -2.8423570048371496 -2.9121350101090333 -2.9805466936892104 -3.049888057514323 -3.116976861568178 -3.182553559688523 -3.2460078207823475 -3.3085364595323 -3.3719653003615817 -3.4330149792977678 -3.4929666289257724 -3.5517718978098913 -3.609252376103488 -3.6637154935635063 -3.7167367230717123 -3.7705870446662098 -3.8237107265602717 -3.876784235220196 -3.926548452272377 -3.9751222137904296 -4.021630669951006 -4.039182864032715 -4.039182864032715 -4.039182864032715 -4.044118446139636 -4.099984299210568 -4.155468093889137 -4.210590043112634 -4.2653669921571025 -4.319808831989132 -4.373684165174157 -4.427326032890718 -4.480541548412444 -4.53327263881099 -4.5857301398090105 -4.637842543911345 -4.689526892288238 -4.7408654799789645 -4.7916241469524445 -4.842304197757923 -4.892429063623772 -4.942270428546495 -4.991593122792948 -5.040484420061577 -5.08925008206988 -5.13720269008323 -5.18461174401399 -5.2315344525762795 -5.277598449054317 -5.323456172373139 -5.369039478536708 -5.413784912610909 -5.458058418673432 -5.4595241328784 -5.4595241328784 -5.4595241328784 -5.4595241328784 -5.4595241328784 -5.4595241328784 -5.4595241328784 -5.4595241328784 -5.4595241328784 -5.501414943582277 -5.549962886626578 -5.5981179290045 -5.646004287231748 -5.693476481013782 -5.739265135325597 -5.739265135325597 -5.739265135325597 -5.739265135325597 -5.739265135325597 -5.739265135325597 -5.739265135325597 -5.739265135325597 -5.739265135325597 -5.739265135325597 -5.782757226422759 -5.8297402737005415 -5.876477254042627 -5.922949246911421 -5.969199545597447 -6.015200237501617 -6.060864571599369 -6.081553654094278 -6.081553654094278 -6.081553654094278 -6.081553654094278 -6.081553654094278
101
 -2.0085836265740857 -2.0085836265740857 -2.074392460667096 -2.077681814662022 -2.077681814662022 -2.077681814662022 -2.112060328340941 -2.191045126171285 -2.2689048307614614 -2.3458165523403873 -2.4213326372435593 -2.496141282283529 -2.570648393263457 -2.6434608721747552 -2.7153929037644806 -2.785268774925055 -2.855849452714577 -2.925961319276278 -2.9937975680992706 -3.0620724241209065 -3.1294219168261637 -3.194516625186041 -3.260895708170143 -3.3264036316521794 -3.390413798928026 -3.4532201157566296 -3.515414778626595 -3.577622522222853 -3.637993439598003 -3.7003945658889967 -3.759674337355511 -3.8184539205393446 -3.8785096309163447 -3.935125474685405 -3.9925277032097113 -4.048844401100131 -4.103885524137649 -4.1587231499106725 -4.159355284577946 -4.159355284577946 -4.159355284577946 -4.159355284577946 -4.159355284577946 -4.159355284577946 -4.159355284577946 -4.159355284577946 -4.159355284577946 -4.212148937444116 -4.271785822616218 -4.331009856393089 -4.389790066209734 -4.448207412843848 -4.506093712649852 -4.563771998792099 -4.621005989644094 -4.678038742756832 -4.734838481276911 -4.790968904483766 -4.846560076479175 -4.902029621393878 -4.956937330813974 -5.011480078235032 -5.06611347142209 -5.119684664787286 -5.173767864615885 -5.227171496263652 -5.280156471480045 -5.333321416415477 -5.385922671642831 -5.437794862753371 -5.4889512308176265 -5.5401471323721605 -5.591210239234693 -5.641763988720449 -5.692369483943867 -5.743012599447404 -5.792622218010545 -5.840781809151203 -5.840781809151203 -5.840781809151203 -5.840781809151203 -5.840781809151203 -5.840781809151203 -5.840781809151203 -5.840781809151203 -5.840781809151203 -5.840781809151203 -5.887351784280679 -5.937950690270552 -5.988229540845267 -6.0382731074257725 -6.0880191448785075 -6.1374174591531965 -6.186592530028446 -6.235420925858253 -6.283818851712769 -6.332132537203657 -6.379961148292309 -6.427309924899475 -6.474540891902048 -6.521233743401055
SGD:0.05
5
101
 -2.0085836265740857 -2.523927286264077 -2.9995011008960986 -3.4468727217370265 -3.871585762687005 -4.282014328471389 -4.680943198964352 -5.049648445672288 -5.406550924548889 -5.742497323221753 -6.054620668767249 -6.380021708139141 -6.692947331970494 -6.972644190886474 -7.243816271581936 -7.501710809907051 -7.764123181557617 -7.983509239561685 -8.211596307958652 -8.368685698311591 -8.580282328159608 -8.741577815961572 -8.840130148280004 -8.9630880913426 -9.120801129322325 -9.185442617396195 -9.28444939122855 -9.245660931060604 -9.394002090903786 -9.43098915401422 -9.489170995806726 -9.551889674719575 -9.55248672638687 -9.623302003890991 -9.437902644600433 -9.575515082254286 -9.733386938755192 -9.674403599966023 -9.738880829255526 -9.717344155363016 -9.732050278199562 -9.740219563436403 -9.723939031236517 -9.782468345926096 -9.810970043411468 -9.789592246895685 -9.786777935846048 -9.821395078212683 -9.794059924303964 -9.795059617435562 -9.855752540713716 -9.736654757740581 -9.656264147520247 -9.725783390321043 -9.81892631934875 -9.864825967537778 -9.871470532777117 -9.821532517848171 -9.806458656482892 -9.821124834554077 -9.794168682978386 -9.754794027575528 -9.750932675553058 -9.740289524289482 -9.791398078705374 -9.779939014232822 -9.756709206486304 -9.733051720244509 -9.748861214757929 -9.715758294706575 -9.743507705631401 -9.777219104486042 -9.787561433867825 -9.755044877439017 -9.793556813643958 -9.881580876320958 -9.882556752800031 -9.81365757198957 -9.820545975217142 -9.776006644530792 -9.69141244251657 -9.699881229286833 -9.734649405196262 -9.83971480884831 -9.79876235352535 -9.781188584634334 -9.804305504386804 -9.819169519754475 -9.830587749619168 -9.798829751977882 -9.790879023380697 -9.777367482701235 -9.863562333968348 -9.840611613062743 -9.84503850585729 -9.806506613337735 -9.764345522482156 -9.837864229935867 -9.866518391344174 -9.859053586543324 -9.789501946368876
101
 -2.0085836265740857 -2.547773976195661 -3.0188244532790276 -3.4826994771741178 -3.9083530911045528 -4.319981022210807 -4.704114997639385 -5.059257019318272 -5.41477632474096 -5.76594691989735 -6.098558021740715 -6.407871912325574 -6.712072161990563 -6.996903430899301 -7.266455943294612 -7.535752941550312 -7.774717164871802 -8.007029923402502 -8.213694116424529 -8.386566050626067 -8.563591152704927 -8.705273274381723 -8.838321398699573 -8.991315762844938 -9.06456798886934 -9.178001507525492 -9.232126317015553 -9.296695536451585 -9.388759552988093 -9.410936193649183 -9.441672265860486 -9.384521997553776 -9.533719282007858 -9.58185759389257 -9.579481334491796 -9.60664703352195 -9.635226525204741 -9.654105288103908 -9.674190967695973 -9.713926978617375 -9.707014525098868 -9.767411537549574 -9.8237855076923 -9.805769524833075 -9.77966333779912 -9.81945340206148 -9.804458103659407 -9.8108966483797 -9.767789289199333 -9.777285790773899 -9.786931004005494 -9.783468449916064 -9.733862868140887 -9.724690635131624 -9.719716417938354 -9.748756463514233 -9.770953343554384 -9.745465570328586 -9.796212744461476 -9.776955308410246 -9.814808750254137 -9.829852312147942 -9.817441494644129 -9.812601299481312 -9.793386857600488 -9.79223030558328 -9.793786838152979 -9.841489338543516 -9.89800377458326 -9.875749626578397 -9.832817633718681 -9.866465729004561 -9.865826662406047 -9.731892319524823 -9.803611767569208 -9.842666149376198 -9.857320547879645 -9.806059155664535 -9.831903886362303 -9.848261871876888 -9.834126294424266 -9.836047686291472 -9.888761865653818 -9.735266618769655 -9.789930774215795 -9.85935017068289 -9.876354561708657 -9.68618915020393 -9.782338323207817 -9.809561380273625 -9.805089055537746 -9.799016074072485 -9.768446141455769 -9.691409134602964 -9.72146661772725 -9.73155221077507 -9.717480437147163 -9.698966138243298 -9.676775200226054 -9.578402238919427 -9.730954946743136
101
 -2.0085836265740857 -2.535061715761034 -3.0100399889037828 -3.460491875667442 -3.8881585108840495 -4.280387128627902 -4.667465748316692 -5.037434638489601 -5.397802904194816 -5.729331743322103 -6.055333902572515 -6.358859681326406 -6.65550181075416 -6.948634352052672 -7.239425415622494 -7.475192745225018 -7.724209862182082 -7.972954971885731 -8.186715039536029 -8.364201654463397 -8.49247268798004 -8.686813233739901 -8.836766073594315 -8.98561485622591 -9.095993747066128 -9.090989472722395 -9.2333950260763 -9.320757526168483 -9.384349990418277 -9.495035958892442 -9.488331506064592 -9.515229390519405 -9.550194448546558 -9.634519392229052 -9.648751951657557 -9.659987610104261 -9.672731185097991 -9.628276129893315 -9.713285198826567 -9.63308665203766 -9.666964315590203 -9.70542248701905 -9.773809858710049 -9.81453263593887 -9.814187714016986 -9.770236527711472 -9.806878897380834 -9.735404556524607 -9.726194238206482 -9.713611385687841 -9.760939012813903 -9.715919608568692 -9.769090787943243 -9.773457614575383 -9.790542855993406 -9.841870864840217 -9.741012969864599 -9.786884503368467 -9.804842443470122 -9.820620589001354 -9.802746379089005 -9.792648010545827 -9.758773308573277 -9.7922841315645 -9.836589312992283 -9.810407184978084 -9.815536229589874 -9.821049112102932 -9.797407460080175 -9.853495937045565 -9.83442317339149 -9.853238623027027 -9.869813061297087 -9.812553667097003 -9.804570276529535 -9.777723390188768 -9.773794302986406 -9.799208647196222 -9.86511491434798 -9.876490706069173 -9.858256593440538 -9.848718924704075 -9.766722159011652 -9.74942669531395 -9.723153057704472 -9.7140288899858 -9.65719175965238 -9.77437620060355 -9.718195373030944 -9.770941091465538 -9.746513408453785 -9.757087472978267 -9.798142454199958 -9.822539061053485 -9.822457775142848 -9.759738685395623 -9.811008655492923 -9.804043225428266 -9.793388143331308 -9.797452414422938 -9.801617889535978
101
 -2.0085836265740857 -2.535546838206447 -3.0197096120977087 -3.4763387948287154 -3.8950252329440627 -4.297303902867615 -4.664867960372996 -5.026599445273012 -5.3808149118108375 -5.726279491002479 -6.054062336682599 -6.342375085669185 -6.635711087003457 -6.939358545808104 -7.206147267272932 -7.442314150210052 -7.686829479520137 -7.9422132527887825 -8.139053699258634 -8.333318466294527 -8.508203382586258 -8.6600249772822 -8.800416543372483 -8.9419530807548 -9.06120093991061 -9.176217953796044 -9.254252485826747 -9.295095799277124 -9.416603332500989 -9.480806231527088 -9.50964113353994 -9.554528673663945 -9.592328795499283 -9.643293602379483 -9.701126361309141 -9.711052877176016 -9.738117573489921 -9.649916381404324 -9.638940099131442 -9.666755227000273 -9.73398216609352 -9.657651032427617 -9.727676434994159 -9.77269504039877 -9.716266893682594 -9.769132344098546 -9.80200321758286 -9.759559351464326 -9.757264546077769 -9.75660460790008 -9.734129639955446 -9.76213419631569 -9.748151018567565 -9.758462019323485 -9.735987070162778 -9.695209954029938 -9.739454755363894 -9.749491626085042 -9.744099898927985 -9.773911292201896 -9.776682175560016 -9.82501052541319 -9.846383609416645 -9.860533063591204 -9.841104302219234 -9.834470958151364 -9.842126410332218 -9.86577033125098 -9.838689818425129 -9.821536819282171 -9.85090331433855 -9.814896626481339 -9.848231929659939 -9.858881070488804 -9.818814658686222 -9.780182393670207 -9.72618079097397 -9.708897401030834 -9.670614817876015 -9.71639177230922 -9.671160981916655 -9.747457432230656 -9.73838017922474 -9.664503852060024 -9.727315176273242 -9.775837677689891 -9.800029090006287 -9.783958419961793 -9.716683286402619 -9.782715068779405 -9.825512130161167 -9.835728448999417 -9.836223501205138 -9.86556916099092 -9.81437557745159 -9.83050433072998 -9.776687542628057 -9.78812167575427 -9.775297516923935 -9.723940550041164 -9.72556316328855
101
 -2.0085836265740857 -2.5333891348192643 -3.0196990538371633 -3.4717938259170134 -3.9002302481561073 -4.300412078658982 -4.697170510836033 -5.0711834820583785 -5.414664732103372 -5.755881325708321 -6.095232182342416 -6.404030628989937 -6.685365672870174 -6.961378290024406 -7.213453926928535 -7.443844100868062 -7.713338941911514 -7.932559178025363 -8.105513620626814 -8.334446362213184 -8.513478168201374 -8.669672224638354 -8.791396694659817 -8.945122587663535 -9.079490132353625 -9.114500386791825 -9.170018279784639 -9.2117770351689 -9.350796364088968 -9.416068558655226 -9.494953443442931 -9.568698754999344 -9.592686942622743 -9.588568309927847 -9.616813783427592 -9.57640765009471 -9.61939745010681 -9.660785179777191 -9.72270679441496 -9.728581460446877 -9.759405155111288 -9.720630798943883 -9.773920453254823 -9.738698135361819 -9.707906899918179 -9.77287593271669 -9.788545046368684 -9.802988613835153 -9.832610749514437 -9.811548182262122 -9.757802281157156 -9.76430047669145 -9.719263865384384 -9.78347684270341 -9.764339813929436 -9.796420578456292 -9.76945566679784 -9.637648687596105 -9.759826076974829 -9.805053749719425 -9.727325355091564 -9.680522802809739 -9.76974431195917 -9.723297273248292 -9.690550316532715 -9.618898130458694 -9.611975694752646 -9.555861129948587 -9.770032351977168 -9.71540374150096 -9.752705346186431 -9.862778723906855 -9.77006840273765 -9.807455129976201 -9.82020592877229 -9.785923405384695 -9.744440270583768 -9.78036457617792 -9.755227950292396 -9.738387312893643 -9.784715903661683 -9.82632707763336 -9.814712439150767 -9.843366467788497 -9.80479188566491 -9.800905351167618 -9.828304427004342 -9.832419581161753 -9.820352873278917 -9.81926212126568 -9.804700470523251 -9.721828959622652 -9.810017409751735 -9.804540092930107 -9.784366421368711 -9.780766933710613 -9.864996446443143 -9.84998435068657 -9.812943183669162 -9.736312039961657 -9.889404384927508
SGD:0.005
5
101
 -2.0085836265740857 -2.062509759850476 -2.116394605994736 -2.171064915488787 -2.2241465680661756 -2.276674133076274 -2.327460792833574 -2.378334219454969 -2.4307463493599806 -2.4818065504388596 -2.532975490212104 -2.582613758717122 -2.6330194537072376 -2.6825784907818626 -2.7311222080026556 -2.7798979205145096 -2.826426361376044 -2.8733518531155817 -2.9213078316739516 -2.968303234883286 -3.0156860988742866 -3.0619931328541177 -3.1077438254519176 -3.154356380154025 -3.1984269459343118 -3.2445084690226675 -3.2895253093570775 -3.334924339618247 -3.379893479539639 -3.4233301977106794 -3.4677260948494717 -3.5122508754425064 -3.5555307693842813 -3.598813255894624 -3.640943013663114 -3.6846256761137375 -3.7277139582072696 -3.771734475740707 -3.8151086043521 -3.856767094045192 -3.8996027980147097 -3.941522594279258 -3.982657729428961 -4.025607978251912 -4.0671253096767925 -4.108357494046309 -4.14952412581981 -4.1903046591542115 -4.230448884651121 -4.271920533107405 -4.311830831091258 -4.352032170208451 -4.390787465824488 -4.431967555276949 -4.471815966510452 -4.510959237222822 -4.550108049706147 -4.589240533398892 -4.629302296611111 -4.6683677245581965 -4.708388721919407 -4.746999478134659 -4.785986063219367 -4.82449861273734 -4.86345382005999 -4.90222403959472 -4.940695996199077 -4.978882126946206 -5.017048272811748 -5.054794815853325 -5.093060997100585 -5.130466144521007 -5.16891333841038 -5.2061324307233425 -5.244590715937771 -5.283135692503227 -5.320453416637547 -5.358013518134519 -5.39616007890831 -5.433761654155903 -5.4714286602401545 -5.5075896370104696 -5.543980467537419 -5.580980265982876 -5.615800731560865 -5.650880350516093 -5.687108411901212 -5.722238932408635 -5.758550522797264 -5.793578679577034 -5.829856848713894 -5.864550223653425 -5.900477797404164 -5.936050753644319 -5.972100770622307 -6.007410100321775 -6.041692737288518 -6.076254875653755 -6.1113661144097025 -6.146091616875379 -6.183224971630041
101
 -2.0085836265740857 -2.0617314124433572 -2.1160548408909636 -2.1687923759578087 -2.2236861931376213 -2.2773624765177494 -2.3293874869765423 -2.381406348886259 -2.434594528108044 -2.484905238486866 -2.5336445574450304 -2.5850703357052685 -2.6338046630287986 -2.6855582157840217 -2.734761315119996 -2.7841496434963102 -2.8334330442238165 -2.8814640693474796 -2.9294722140156773 -2.976249501587047 -3.023133801666546 -3.069743771122567 -3.1160087829147067 -3.161668565971406 -3.2072364093658536 -3.253736057368542 -3.2988667960717706 -3.3458793719478552 -3.3911641923594233 -3.434534185001209 -3.4801674563252525 -3.5251040650268664 -3.568647565003379 -3.612083013895019 -3.6561605461477193 -3.7005399366142755 -3.7416723162228736 -3.785730796895281 -3.8274773665602395 -3.8690676656013046 -3.910526694839603 -3.9520159899618355 -3.993978586577984 -4.03617561627945 -4.077416252118028 -4.118230835815325 -4.1595117953604595 -4.199837478990682 -4.239124071265563 -4.2791815198019485 -4.320464491719568 -4.360672709584056 -4.400500249433698 -4.441746993084321 -4.481930585229762 -4.521671644587688 -4.5610459453812 -4.600004241978097 -4.638937376896884 -4.677259148920951 -4.715610265238126 -4.755337411576209 -4.794679455024319 -4.832718371405152 -4.871398907966001 -4.910422204450266 -4.948287755640409 -4.985313589310273 -5.022488326238834 -5.059739678160316 -5.096746962178354 -5.1341061831290045 -5.170511873248986 -5.207802179663806 -5.244423779610897 -5.279744658814914 -5.31689070774912 -5.354137739639001 -5.391099101684935 -5.427784685369873 -5.465198325380058 -5.502648291026739 -5.539448744995251 -5.5750751448076485 -5.6114853449911 -5.648322399873947 -5.685003833789619 -5.720856474735676 -5.755289150244538 -5.792275957948416 -5.826862793623419 -5.863247267555479 -5.898407403474074 -5.934450931993943 -5.97067272334088 -6.0058726762925385 -6.041533252019325 -6.078355674033128 -6.1129479086867775 -6.146596307260181 -6.181070395317947
101
 -2.0085836265740857 -2.061670759007142 -2.1156224750243737 -2.1680283969639054 -2.222428104625239 -2.274553659924398 -2.3269693683368793 -2.379587842194972 -2.4312979379720145 -2.4825320772789055 -2.5327312057015847 -2.581752902771932 -2.6327332845923923 -2.6806629497889727 -2.7290521281107556 -2.7761621882604084 -2.8237206382064652 -2.8720094864955175 -2.919388892357486 -2.966416247733811 -3.014420192724688 -3.061574431491834 -3.108075709682972 -3.155291515829925 -3.2017584703604367 -3.2462771780364132 -3.291806966805945 -3.33774133890911 -3.3833942782293844 -3.4274165064408244 -3.4720995785529873 -3.5161646806994766 -3.5596572185805986 -3.604508342311004 -3.6478575860387785 -3.6917301514922323 -3.7350447844976586 -3.777859509218692 -3.820512299416496 -3.8620455655901313 -3.9042677502208027 -3.945726511313277 -3.9866214777129234 -4.028187454201614 -4.070649583723391 -4.112326974589997 -4.153641213495574 -4.195025394644903 -4.236332655314957 -4.27701959465629 -4.3175603930274224 -4.357641934373972 -4.398244032455971 -4.436429106601392 -4.474917929163171 -4.514182720007081 -4.5527148801861355 -4.5910484867920225 -4.6302819883236594 -4.669837316188783 -4.708456811258522 -4.747311787502006 -4.7848792542143 -4.823632820107149 -4.862291874833188 -4.900729254328544 -4.938960404530982 -4.976590892002052 -5.013678780944875 -5.051205861832878 -5.091222103711749 -5.129010934572318 -5.167535434291125 -5.204091343941415 -5.243075444645635 -5.280149973725448 -5.3165873561466865 -5.353317044351185 -5.392905410996036 -5.428701343424505 -5.465316252130573 -5.503990630763779 -5.54038204854624 -5.5761339829232295 -5.612430357049434 -5.649011420968598 -5.685901065151624 -5.723000338539837 -5.758185736909956 -5.794857995629597 -5.831099650734617 -5.868205991371677 -5.902507455336814 -5.937633085541324 -5.9731834875797825 -6.0097261886256454 -6.044433610514435 -6.079723282871806 -6.113182899813135 -6.148106136293232 -6.184037429653218
101
 -2.0085836265740857 -2.0614822035301428 -2.114065138877448 -2.1674974907693185 -2.221652311261579 -2.2730442218944247 -2.3260556023948338 -2.3786130720006256 -2.429922374486584 -2.4790730713060736 -2.52897425175669 -2.579528588049955 -2.6292050063342436 -2.6802672347365517 -2.7306429224178337 -2.779841301376712 -2.8279265290974114 -2.8760619633035245 -2.9237093982465447 -2.9717296105299194 -3.0198736757564855 -3.0656125803478025 -3.1112401636004487 -3.158707377790102 -3.204007044488696 -3.2506677854570407 -3.294685341290737 -3.3398841120121 -3.384145123421642 -3.4296948386097417 -3.4739248418795716 -3.5177504659177647 -3.5605251080303257 -3.6038766751709344 -3.647627940657778 -3.691433158899532 -3.7355611144715932 -3.779646040194506 -3.8217806571450503 -3.8631650877168444 -3.9053344720836094 -3.9463997687330568 -3.9896934132648583 -4.031509301440681 -4.073657942279765 -4.115123884918252 -4.157059245642902 -4.198136637015038 -4.238363429224558 -4.277665786864231 -4.318258211843347 -4.358957350153675 -4.399410294636814 -4.440126666392275 -4.479948427488597 -4.518337745082202 -4.557648735100575 -4.595677657987395 -4.635645111872024 -4.675660351906177 -4.7151494455071825 -4.752340023412542 -4.7901777580538 -4.82829380697627 -4.867511046813938 -4.904695158574389 -4.943085966392127 -4.980636317296494 -5.0183448728316575 -5.056643908637852 -5.094484907422644 -5.131940786077771 -5.169883633929302 -5.20841749342989 -5.246791874404479 -5.283491018821829 -5.319721533053875 -5.357486630125642 -5.395347248085131 -5.431997233104786 -5.468500236316089 -5.504520277143046 -5.5401886175200765 -5.576353006026094 -5.613560826359133 -5.649000412097062 -5.6848345766697905 -5.719956693125792 -5.755729945764618 -5.791813085894982 -5.82666008656251 -5.863753836889326 -5.898609293687752 -5.932238681529822 -5.967549093117287 -6.001825875304118 -6.038228052274747 -6.07366403366866 -6.108688688174414 -6.147549571282992 -6.1828508086817555
101
 -2.0085836265740857 -2.061926750136663 -2.116796121800622 -2.16941765031483 -2.2224532375731485 -2.276196358888378 -2.327711518704389 -2.3810250036911045 -2.433261408510678 -2.4831402280309356 -2.535518221824582 -2.5876876534953 -2.6388525950297224 -2.684901779827884 -2.7328519513259857 -2.7818659412686526 -2.829043510792021 -2.8772592101654864 -2.9237928553117993 -2.9703225856968194 -3.017836075175456 -3.06388156931998 -3.108534837964189 -3.154129118193927 -3.1995248981279825 -3.2452697942890683 -3.290175361003333 -3.3354589069570415 -3.3799523649359307 -3.425046356460043 -3.468125416823765 -3.5115425243377385 -3.5539454194752245 -3.59766746001745 -3.6408236932191045 -3.6835276521599494 -3.725377177262987 -3.7683377816298678 -3.8107207394054927 -3.8547368572063214 -3.896909548351513 -3.938332904197152 -3.9802034769113033 -4.022118374738521 -4.064061736398534 -4.10574449761439 -4.1461460969574535 -4.1871765440700255 -4.228506877421483 -4.269543831996528 -4.30844679598581 -4.349314208803262 -4.389606481146291 -4.429223313502134 -4.468607583177866 -4.507787015182791 -4.545923445937867 -4.586044926480264 -4.624891877765004 -4.662736742325201 -4.701924313168876 -4.740951549445575 -4.779651390791203 -4.8191065289207815 -4.857392996202207 -4.8957976854677145 -4.935437686390757 -4.973207582847343 -5.01080693208089 -5.048601801441811 -5.086690131280343 -5.124314495718651 -5.160928457568173 -5.198508969570423 -5.236622409624983 -5.275072344610864 -5.3124235263974295 -5.349733529836983 -5.387154075687566 -5.423178362126333 -5.458124851762765 -5.494399751780738 -5.531880899595793 -5.5679331958588945 -5.602827100816649 -5.638164713633362 -5.674333540037717 -5.709748504949845 -5.746289255882078 -5.782975014857426 -5.818418173694084 -5.853600704310845 -5.887203365721572 -5.922090812755384 -5.957204263044899 -5.991716649230891 -6.026666645924525 -6.0611464178091525 -6.0967091174458306 -6.133234648326837 -6.168504941165238
StreamingSVRG
5
101
 -2.0085836265740857 -2.0085836265740857 -2.0772747665350986 -2.1585955298008392 -2.2365759088308903 -2.3153803906641777 -2.3926771726039875 -2.465814630593934 -2.5418836653483883 -2.614533226052245 -2.6880662680482694 -2.7622043953396305 -2.834469136756643 -2.9046717468872685 -2.973964733140827 -3.043160432687441 -3.1116681949498943 -3.1788813364100297 -3.2454855222253736 -3.3114054265422386 -3.3775839492950968 -3.444984415304635 -3.511020804860374 -3.5763391707871643 -3.6423794879138383 -3.7047548595314073 -3.766368653266887 -3.830169067557526 -3.892434656019662 -3.9537806365014725 -4.015357217083776 -4.076876573923665 -4.137679612246097 -4.199994683371236 -4.260681831134726 -4.319693901227152 -4.378781756172176 -4.437758866646276 -4.497560335564955 -4.555146281128199 -4.613466834267533 -4.672959121376902 -4.729337532894512 -4.786308362981891 -4.842391535848178 -4.896909170569014 -4.9550008353644355 -5.013075746603631 -5.0688492022771126 -5.125131665487965 -5.179912193653463 -5.236492502621468 -5.293741509547213 -5.348375037104177 -5.40232745241871 -5.454453456694095 -5.506724110054955 -5.5610987081771786 -5.617742697834354 -5.67134199832895 -5.7252575194377755 -5.781347038910966 -5.832944029919366 -5.8860141892393605 -5.940524490142237 -5.991681655602424 -6.043430861599724 -6.098262981582876 -6.148667588308652 -6.198710484577053 -6.251323546680795 -6.301419869590531 -6.350431384385335 -6.399356392216331 -6.449881801591525 -6.502482475879374 -6.55186920666143 -6.601974818235983 -6.651346082770014 -6.696715121364158 -6.7439540222199055 -6.794588955674351 -6.84587626375777 -6.89800640240896 -6.946793296189852 -6.996525546104561 -7.04524361592379 -7.091443799432381 -7.136439127592048 -7.1856486877654 -7.232322330869154 -7.282421975394032 -7.3296494258076335 -7.379014742419654 -7.42728818855109 -7.473536534417142 -7.520766978285028 -7.565443705802355 -7.612628291944401 -7.656437308399224 -7.703733830987616
101
 -2.0085836265740857 -2.0085836265740857 -2.0784415023332454 -2.1598552379764837 -2.237096269572781 -2.316462956366673 -2.3921735167532625 -2.467916418092108 -2.5413388618398143 -2.6150533537703007 -2.6887107453300536 -2.7622573511290094 -2.8334167925962483 -2.904728128107628 -2.9754453451055864 -3.0465616638551176 -3.1147011811992313 -3.1814211883735464 -3.247948154013705 -3.3145473336331093 -3.3823003041310407 -3.447279438797548 -3.51106460563759 -3.5759386122273304 -3.639838932390445 -3.7048428431795775 -3.768635953571947 -3.8321123439723386 -3.8946348719715296 -3.927238047833443 -3.927238047833443 -3.927238047833443 -3.927238047833443 -3.9856464981289235 -4.047620244768341 -4.108797838446156 -4.172854058500817 -4.2327527467453665 -4.29388969682569 -4.3539568198288086 -4.41343864204309 -4.472423168900539 -4.5319925135952746 -4.591193751124118 -4.649587977680702 -4.706095323425365 -4.764383751390558 -4.82236381665299 -4.879470064687942 -4.934843341696607 -4.989535493932924 -5.045864959627332 -5.102508686762519 -5.158901375778015 -5.214922057164858 -5.269418525646013 -5.3253201491981645 -5.379927057797854 -5.43355704318241 -5.486182069969741 -5.539449178392014 -5.593848441748282 -5.64528229983767 -5.699493975517809 -5.753163887770589 -5.807728226678594 -5.86154306346683 -5.913378526879668 -5.964066844656652 -6.0151706742750966 -6.0650214478046625 -6.116611717824507 -6.170544200895846 -6.2212284451748046 -6.273569512435689 -6.324249612665479 -6.37640899900387 -6.40864781128562 -6.40864781128562 -6.40864781128562 -6.40864781128562 -6.40864781128562 -6.40864781128562 -6.40864781128562 -6.40864781128562 -6.40864781128562 -6.422249305639316 -6.4733495873724864 -6.52416050535296 -6.575703606778929 -6.623509819501167 -6.672893151086233 -6.723044808526069 -6.77222898551834 -6.818721802728686 -6.868143169520577 -6.871653276256575 -6.871653276256575 -6.871653276256575 -6.871653276256575 -6.871653276256575
101
 -2.0085836265740857 -2.0085836265740857 -2.0770149587260445 -2.159567765614564 -2.238321406368506 -2.3143120128979446 -2.3904208640593296 -2.4664131802516813 -2.541952765228001 -2.6163028355092184 -2.690203486786378 -2.7621084176179322 -2.835236054534449 -2.904259983682077 -2.9752021726485216 -3.0437972322688607 -3.112090248607869 -3.1808247074297085 -3.248825872533634 -3.316618486090817 -3.381836333728721 -3.4465438978151415 -3.5109445237629715 -3.57538719707349 -3.639550147601304 -3.702221774186755 -3.765945900171669 -3.827899077753357 -3.890511966704681 -3.9538108046371527 -4.014728100533407 -4.07687144744717 -4.138256641744951 -4.198334921579609 -4.258960785288629 -4.319338075341367 -4.3774541655175945 -4.435933323824037 -4.466513669913073 -4.466513669913073 -4.466513669913073 -4.466513669913073 -4.520852478531395 -4.5796262296234564 -4.637560087814235 -4.6937263897136505 -4.751584651709354 -4.810095171346804 -4.8659367676364855 -4.923117916555924 -4.980481395480461 -5.036566510991721 -5.092383274977438 -5.147541487570044 -5.203572119201753 -5.259167329889412 -5.313802192867054 -5.367560564214667 -5.421901015561514 -5.476790994520965 -5.530757209574548 -5.584576355186427 -5.636474044791324 -5.6916226384113076 -5.745831865591437 -5.799567222634804 -5.851647482137667 -5.905990089228673 -5.958897548003726 -6.0111125675985075 -6.0638499564817865 -6.114884688540758 -6.16781782888552 -6.220360730457771 -6.2713104293965785 -6.32202948651802 -6.373016856134208 -6.424703766135184 -6.4736370857031265 -6.488037238284058 -6.488037238284058 -6.488037238284058 -6.488037238284058 -6.488037238284058 -6.488037238284058 -6.488037238284058 -6.488037238284058 -6.488037238284058 -6.520357744081082 -6.570390693821377 -6.619573668118034 -6.669662333384074 -6.720110256135063 -6.769677133332032 -6.818442924474687 -6.868981379391869 -6.917655886405432 -6.966618722324388 -7.016253872826572 -7.065061270140503 -7.114837282630265
101
 -2.0085836265740857 -2.0085836265740857 -2.074128790395236 -2.153107309349023 -2.230614970471247 -2.3076607417677955 -2.38562877922129 -2.4605520107384127 -2.5360473097748635 -2.6120858045800603 -2.685833292986808 -2.7587375853018234 -2.831715341946186 -2.9013764103893553 -2.9722900751730803 -3.0420028050738765 -3.109785226541318 -3.1772587033945356 -3.2450328532232877 -3.312769648978705 -3.381156034590177 -3.447639286176258 -3.512976915944764 -3.577430886280726 -3.6421005119805763 -3.705550894169791 -3.7687237776469598 -3.8316072285165816 -3.8943006709137236 -3.9567185281628325 -4.019938745687186 -4.081735337520531 -4.142979657181468 -4.202772620700722 -4.2622997349217835 -4.323180120830007 -4.3828928131926 -4.442562724414073 -4.499733128539321 -4.558640644732563 -4.616540093933267 -4.675676328117345 -4.7350468612524095 -4.792018361360127 -4.849604082468669 -4.907507784362222 -4.96370555059072 -5.020153369873075 -5.075342817234847 -5.1293717304484225 -5.185274499782854 -5.2400403877964035 -5.294038521917637 -5.348998935484408 -5.40360370737117 -5.458435957511742 -5.512494927168027 -5.566125548106063 -5.6192377475629804 -5.6733466341469985 -5.727192971868191 -5.779928910186719 -5.828980673872763 -5.8800146299020675 -5.931056665471733 -5.983662756073326 -6.035088906850306 -6.088484065978333 -6.140631111204491 -6.194669125965491 -6.244058203411791 -6.297384397804682 -6.350373243187337 -6.401255658901547 -6.450675849705659 -6.5009362334627845 -6.551124488838704 -6.599033222189294 -6.647090610429275 -6.697614511756756 -6.746526180442647 -6.79405106897314 -6.843381797978853 -6.893364195362651 -6.944597516826667 -6.9939402875840715 -7.043241598440656 -7.09224048909554 -7.138904059824465 -7.18836196896202 -7.235450372831978 -7.283039324293551 -7.3305934619527635 -7.378591198300303 -7.428644054619202 -7.476248830838147 -7.524491298587919 -7.573300849474645 -7.618669857992077 -7.666745531817656 -7.7082074460475
101
 -2.0085836265740857 -2.0085836265740857 -2.0755432219317265 -2.157440849862442 -2.236676496716479 -2.3121759469839342 -2.389012952341422 -2.464099591473115 -2.5425777073517692 -2.6176825953195118 -2.6883828732998665 -2.759348522649566 -2.8326943579226977 -2.9047724031848494 -2.974450388079699 -3.0445111488965657 -3.1124031604527174 -3.178349224500247 -3.2452187493798443 -3.3112797189429157 -3.377510391380801 -3.44388088277639 -3.5110577427931315 -3.575409237384537 -3.639879798239895 -3.7031309173866362 -3.768618177402425 -3.8327690496877533 -3.8941328675334876 -3.9543213364282654 -4.0141388164560245 -4.075885258444952 -4.137375344943243 -4.198589601862578 -4.259576406177078 -4.321583745589738 -4.379571998570277 -4.43917700796939 -4.499026626505222 -4.556713485438599 -4.614605415652947 -4.671378002235432 -4.731011845493104 -4.739049428448684 -4.739049428448684 -4.739049428448684 -4.7572977658383655 -4.813369795006859 -4.869804177531087 -4.926432146762519 -4.9830003533379434 -5.036952735478049 -5.094356331006153 -5.150482923080224 -5.205532996515616 -5.260825361475268 -5.31606061076675 -5.370194286363875 -5.425277194189988 -5.480066256300717 -5.533282443198928 -5.587512344675935 -5.6393302768918385 -5.690791812021947 -5.74357652354648 -5.797214713972918 -5.84803090110674 -5.898857175950045 -5.950564618402086 -6.003167599283876 -6.053937888500872 -6.105795432033038 -6.158980877246658 -6.212130771680354 -6.262016863101797 -6.31113077050585 -6.362499575735171 -6.414829520491921 -6.464834887692051 -6.514318562438237 -6.564030550511823 -6.612054405035711 -6.661733983565785 -6.712632001524118 -6.760056921300982 -6.773454270596078 -6.773454270596078 -6.773454270596078 -6.773454270596078 -6.773454270596078 -6.773454270596078 -6.773454270596078 -6.773454270596078 -6.773454270596078 -6.804575786270436 -6.853848254579595 -6.902646151725785 -6.952521065805675 -6.999167079688348 -7.047255404157674 -7.094992154104946
ADAPTIID
5
101
 -2.0085836265740857 -2.9610305071262233 -3.765489923978179 -4.398138108248041 -4.869104171398805 -5.23760237323806 -5.529308003910713 -5.784929208168316 -5.996618015479907 -6.1951993539436625 -6.376640461861417 -6.535781811140417 -6.687821325141945 -6.830283344277177 -6.964913677380477 -7.09734069816866 -7.2197127211391585 -7.338248252382251 -7.454220300538075 -7.564647021369276 -7.679239232144472 -7.7915322124217345 -7.906975155805209 -8.016313873403544 -8.126425752321055 -8.238019649217586 -8.341189787724515 -8.444407982748965 -8.554211533131799 -8.657139276531579 -8.754135057719651 -8.858040242363995 -8.962383766937432 -9.06517826295466 -9.169937275735759 -9.270262806870697 -9.368213828708539 -9.465939009881565 -9.56519877166951 -9.667274400241435 -9.763595213026214 -9.859537803020878 -9.958883872216953 -10.062143550022348 -10.166871375142044 -10.2624907416111 -10.359857886717355 -10.456541175244386 -10.555612453290697 -10.655963864987573 -10.751274472566385 -10.847355810395664 -10.942417164819613 -11.03935259997201 -11.133111564971296 -11.227823107361422 -11.324207825346663 -11.417574782174219 -11.513158487443542 -11.608466543042098 -11.700100992573299 -11.798745391628026 -11.898029320473423 -11.988283137088585 -12.087240416470932 -12.181682685784835 -12.274810232098352 -12.368168775708513 -12.463579113797675 -12.555957782983517 -12.649927687876652 -12.742632537710476 -12.833615216928246 -12.925888269947686 -13.0176656472127 -13.112715150830246 -13.205688245567735 -13.295103881385943 -13.389116164781111 -13.48307059421774 -13.580050990663953 -13.673288546839672 -13.765643478139355 -13.859556037184513 -13.951736747165075 -14.045170725893414 -14.138029400311883 -14.229829444818732 -14.320614588653521 -14.41309005839475 -14.504267393125641 -14.594988277632751 -14.686318974850515 -14.776800508518134 -14.869000411743105 -14.958474580691343 -15.051158673053724 -15.143305981668215 -15.235573575571568 -15.325583833435555 -15.417397753965556
101
 -2.0085836265740857 -2.9827002796924678 -3.7637074043162717 -4.389637306299166 -4.858864485603737 -5.220096008178537 -5.523542880977697 -5.775353093626294 -6.004966415057921 -6.20941210123958 -6.382147644046979 -6.546238298535731 -6.6964042561212995 -6.841541901000508 -6.9759783212065445 -7.10111284413383 -7.2241953882259535 -7.3478373813946 -7.455370900570204 -7.574729284980446 -7.685837591282076 -7.799915454649868 -7.913926423737524 -8.023030093311727 -8.130052301272373 -8.235948152285953 -8.346447197336683 -8.452611581308345 -8.558708753874713 -8.665821039787168 -8.766028512390202 -8.870104840503057 -8.96973735961132 -9.070228984455795 -9.17380944082619 -9.27898800014057 -9.380112048816665 -9.481352199554234 -9.583434001418903 -9.682636328333661 -9.785660289806373 -9.887333952619798 -9.987508733421377 -10.086967489332093 -10.18442564781326 -10.280022077582649 -10.372588189452962 -10.469847087258236 -10.568335966962627 -10.663515689556709 -10.76016438329081 -10.862692375018408 -10.955512073161865 -11.051256656515385 -11.147118306531475 -11.242748474015073 -11.337760799459318 -11.435992639536744 -11.532105752122188 -11.62787492810704 -11.719557070838345 -11.812358139233991 -11.905272666232163 -11.99976275592122 -12.092090160643485 -12.183522512753997 -12.276993168280164 -12.372725525333761 -12.46279116401897 -12.55313046702278 -12.643820623415165 -12.735206401475253 -12.823613832551073 -12.914265524049748 -13.008161775595026 -13.097838058176707 -13.191616756355977 -13.28704052148161 -13.37706184348619 -13.471853616011911 -13.5625362578194 -13.654176558309578 -13.743026774830627 -13.834493159698463 -13.928884142712125 -14.02209542053142 -14.112275914922678 -14.203612465438248 -14.29282967235714 -14.388484037065826 -14.479439816250713 -14.566676754288164 -14.654821095076326 -14.743025182855039 -14.831756461725094 -14.920614826892825 -15.009944114343808 -15.096924614026266 -15.186738817907658 -15.277352100064324 -15.365131639732356
101
 -2.0085836265740857 -2.9729638998094696 -3.770947408925068 -4.407743937046482 -4.883917813192002 -5.242516576553516 -5.5404681767521735 -5.795879769057724 -6.012791010306086 -6.215020220182849 -6.391393684016983 -6.559553076825315 -6.704850866728572 -6.843122606558057 -6.980259601574722 -7.109181048931267 -7.236940168353642 -7.356905763288327 -7.4656453672534795 -7.582146216446668 -7.69486676149011 -7.805254930713025 -7.919337273741019 -8.0276687534147 -8.136910814369532 -8.24559898226284 -8.351163533598305 -8.459605987747443 -8.562719966255717 -8.664187881900451 -8.762949062511986 -8.869054591197335 -8.972588237320922 -9.077095375758597 -9.177487220256866 -9.280957108686094 -9.384203962201642 -9.485080287966142 -9.589032204922944 -9.691607010307202 -9.795597411544826 -9.898227224546224 -9.995263837779426 -10.093293096663947 -10.190316545070994 -10.290573796088005 -10.390946491305714 -10.49609333205676 -10.596114836233152 -10.69473879294978 -10.793736226151406 -10.895846774247477 -10.99221585871836 -11.093380074375457 -11.187786364532942 -11.285203895960617 -11.378774775444686 -11.475135836313527 -11.570392605856517 -11.666009428186925 -11.762574154911766 -11.853351029411098 -11.946139447329593 -12.042100830015563 -12.133660477296354 -12.229994552100417 -12.323650857449111 -12.417745366494637 -12.508043127332032 -12.601138468365644 -12.693684383851338 -12.785785931349524 -12.88100685596236 -12.972867830516643 -13.069664571994629 -13.163770702922886 -13.258947748100109 -13.350439708401073 -13.441715118312914 -13.532248729237502 -13.62621461955547 -13.71846338485284 -13.810632821616785 -13.901980850770695 -13.992075003981086 -14.086308183108951 -14.177241707349495 -14.27610840751328 -14.365763691273852 -14.458759212787115 -14.551898767705616 -14.645087391898482 -14.733916068865614 -14.82711694938717 -14.918254141883507 -15.007857826892197 -15.098766722316691 -15.189494311366722 -15.285963114011947 -15.376949294980905 -15.4670094755791
101
 -2.0085836265740857 -2.9542126792316696 -3.753110934231319 -4.374490943193316 -4.846254151868467 -5.2268229387613685 -5.519695625707799 -5.775135952107578 -6.005749445559181 -6.20260947090352 -6.38756102385289 -6.553545796863341 -6.7106554737969075 -6.848841137420489 -6.976987423706572 -7.109735602023232 -7.233604803486883 -7.35279381388997 -7.45886165702257 -7.5706227064321485 -7.676442515663185 -7.786146909829792 -7.896893448498069 -8.004072586759035 -8.117681537052862 -8.224318366409126 -8.330916273350885 -8.4341719869366 -8.543207705890538 -8.647687566666969 -8.758516579466066 -8.85992639594193 -8.96358894478635 -9.065687643952828 -9.166201848699023 -9.266611673299723 -9.366540286884204 -9.46929170994653 -9.571985200565233 -9.675856260043428 -9.774754320681009 -9.874102206121817 -9.972814777704919 -10.069871472029773 -10.164395481544206 -10.26083437206412 -10.361148134741745 -10.460238608705504 -10.55798871473599 -10.652675342922288 -10.753713239201545 -10.852314338433265 -10.951925565826665 -11.048525629531166 -11.143555288546422 -11.238060255771895 -11.32996338647986 -11.423346084038101 -11.51811032239293 -11.612303974845863 -11.707139707987734 -11.800649287301969 -11.895928124083458 -11.988582187284061 -12.080133549876116 -12.178843193484854 -12.274682596604096 -12.370934039734813 -12.463783354335245 -12.55563784365552 -12.650293408952715 -12.741702153127006 -12.836601696074633 -12.928683434548136 -13.026266139774847 -13.116939314970764 -13.208074054013005 -13.300228422715335 -13.391303262494231 -13.482320596549277 -13.574865069172981 -13.66682481501307 -13.75798064512671 -13.84737164157229 -13.9364565430118 -14.026343467172948 -14.118272105693446 -14.209982154876606 -14.314187325530025 -14.406976725137776 -14.500523109394654 -14.591862091948476 -14.683100304343114 -14.77658194222151 -14.868004285140389 -14.963608579004038 -15.05277375312206 -15.14365258716107 -15.235387841060199 -15.327891491050167 -15.419350783508934
101
 -2.0085836265740857 -2.9591194690144214 -3.7482732506727734 -4.380612424120943 -4.83447218658753 -5.200136787289841 -5.496774383559998 -5.75700264818597 -5.98366066550552 -6.178124619382251 -6.362012976619512 -6.524774049502985 -6.683031670463607 -6.824033399572395 -6.9657327038411685 -7.095666424515646 -7.219768631852136 -7.3465133373971545 -7.461651896775016 -7.57096418545755 -7.678160854917013 -7.786448504032975 -7.894223761932922 -8.01415070726277 -8.124815273166549 -8.234410554989454 -8.341674840092281 -8.447432207071532 -8.553654665120652 -8.662722260269472 -8.771052268006553 -8.87071367896724 -8.973729716003414 -9.077124133438963 -9.182052834857672 -9.283647347480667 -9.385159694390527 -9.48677668717708 -9.590385780869058 -9.692232958813737 -9.789789767823839 -9.892792030010071 -9.994086846965986 -10.095641890812953 -10.19423379862965 -10.289077441426858 -10.389199021230523 -10.486176392907954 -10.583766296683715 -10.683428015470652 -10.777315688717044 -10.87669652019175 -10.97498237795409 -11.07296990023402 -11.166918033727246 -11.261144964670398 -11.357827805264755 -11.45529694345364 -11.547744831250364 -11.64433749391268 -11.74306416530365 -11.839338116620986 -11.934417573614173 -12.026184345161617 -12.1177550779991 -12.211160586994785 -12.304814206247906 -12.397596815184942 -12.49266499339984 -12.58554384662693 -12.678774613583217 -12.77690770919852 -12.872290486428458 -12.966534092065139 -13.059140220501497 -13.149851045808013 -13.24083465894693 -13.330760056156304 -13.428864586867723 -13.520680526130306 -13.61084021781624 -13.700112377418401 -13.79272792931636 -13.88367624230566 -13.978488544819697 -14.070076458335992 -14.16237198690483 -14.259807952451858 -14.35266209531614 -14.444111846170633 -14.534628935456288 -14.6300494288272 -14.721253953451493 -14.811234608532065 -14.902199423079377 -14.994001031902835 -15.085271393865355 -15.17831152248336 -15.268618869883248 -15.360379618843464 -15.454203426650636
steps
5
101
 0 2000 4000 6000 8000 10000 12000 14000 16000 18000 20000 22000 24000 26000 28000 30000 32000 34000 36000 38000 40000 42000 44000 46000 48000 50000 52000 54000 56000 58000 60000 62000 64000 66000 68000 70000 72000 74000 76000 78000 80000 82000 84000 86000 88000 90000 92000 94000 96000 98000 100000 102000 104000 106000 108000 110000 112000 114000 116000 118000 120000 122000 124000 126000 128000 130000 132000 134000 136000 138000 140000 142000 144000 146000 148000 150000 152000 154000 156000 158000 160000 162000 164000 166000 168000 170000 172000 174000 176000 178000 180000 182000 184000 186000 188000 190000 192000 194000 196000 198000 200000
101
 0 2000 4000 6000 8000 10000 12000 14000 16000 18000 20000 22000 24000 26000 28000 30000 32000 34000 36000 38000 40000 42000 44000 46000 48000 50000 52000 54000 56000 58000 60000 62000 64000 66000 68000 70000 72000 74000 76000 78000 80000 82000 84000 86000 88000 90000 92000 94000 96000 98000 100000 102000 104000 106000 108000 110000 112000 114000 116000 118000 120000 122000 124000 126000 128000 130000 132000 134000 136000 138000 140000 142000 144000 146000 148000 150000 152000 154000 156000 158000 160000 162000 164000 166000 168000 170000 172000 174000 176000 178000 180000 182000 184000 186000 188000 190000 192000 194000 196000 198000 200000
101
 0 2000 4000 6000 8000 10000 12000 14000 16000 18000 20000 22000 24000 26000 28000 30000 32000 34000 36000 38000 40000 42000 44000 46000 48000 50000 52000 54000 56000 58000 60000 62000 64000 66000 68000 70000 72000 74000 76000 78000 80000 82000 84000 86000 88000 90000 92000 94000 96000 98000 100000 102000 104000 106000 108000 110000 112000 114000 116000 118000 120000 122000 124000 126000 128000 130000 132000 134000 136000 138000 140000 142000 144000 146000 148000 150000 152000 154000 156000 158000 160000 162000 164000 166000 168000 170000 172000 174000 176000 178000 180000 182000 184000 186000 188000 190000 192000 194000 196000 198000 200000
101
 0 2000 4000 6000 8000 10000 12000 14000 16000 18000 20000 22000 24000 26000 28000 30000 32000 34000 36000 38000 40000 42000 44000 46000 48000 50000 52000 54000 56000 58000 60000 62000 64000 66000 68000 70000 72000 74000 76000 78000 80000 82000 84000 86000 88000 90000 92000 94000 96000 98000 100000 102000 104000 106000 108000 110000 112000 114000 116000 118000 120000 122000 124000 126000 128000 130000 132000 134000 136000 138000 140000 142000 144000 146000 148000 150000 152000 154000 156000 158000 160000 162000 164000 166000 168000 170000 172000 174000 176000 178000 180000 182000 184000 186000 188000 190000 192000 194000 196000 198000 200000
101
 0 2000 4000 6000 8000 10000 12000 14000 16000 18000 20000 22000 24000 26000 28000 30000 32000 34000 36000 38000 40000 42000 44000 46000 48000 50000 52000 54000 56000 58000 60000 62000 64000 66000 68000 70000 72000 74000 76000 78000 80000 82000 84000 86000 88000 90000 92000 94000 96000 98000 100000 102000 104000 106000 108000 110000 112000 114000 116000 118000 120000 122000 124000 126000 128000 130000 132000 134000 136000 138000 140000 142000 144000 146000 148000 150000 152000 154000 156000 158000 160000 162000 164000 166000 168000 170000 172000 174000 176000 178000 180000 182000 184000 186000 188000 190000 192000 194000 196000 198000 200000
