10
SGD
5
51
 -3.366314724896274 -5.456143821858078 -5.713149429328486 -5.8620733699749055 -5.970174033212218 -6.056143159789843 -6.124281902681384 -6.181621966329202 -6.2303658588406385 -6.2738271441045095 -6.312952726258778 -6.349368466642596 -6.380763920272311 -6.409706079882322 -6.43654365593412 -6.462488749981854 -6.485849184179426 -6.508233875795216 -6.529474067625961 -6.549252178341095 -6.568017569439888 -6.585657268025413 -6.602811747601678 -6.618920063394789 -6.634091703983339 -6.64915710002954 -6.6638392636733785 -6.677530623547906 -6.690771982765425 -6.703809633889897 -6.715987458944699 -6.728260498214451 -6.7398746675705015 -6.750993184784717 -6.761961313349111 -6.772682684988734 -6.783183328231527 -6.793094798591889 -6.803225519431269 -6.812633792448749 -6.8219344819944014 -6.831090728459431 -6.840014495663641 -6.848432904177971 -6.85689153137822 -6.8648294893911315 -6.872633402190733 -6.88020157535314 -6.887897887989339 -6.895443821625993 -6.902728381675842
51
 -3.366314724896274 -5.473307913331528 -5.728738585200795 -5.882684855106372 -5.994025330269882 -6.076392992008475 -6.147439406670391 -6.205529137767963 -6.254949438073262 -6.299867540071996 -6.338942105003255 -6.37455636867072 -6.406728650102038 -6.43661808779891 -6.464702405596698 -6.490727496700988 -6.514208564765254 -6.536739494431472 -6.558263562073371 -6.578754296333699 -6.598073085309181 -6.616203153766738 -6.633115063357747 -6.650144486866231 -6.665650991748692 -6.680928297331091 -6.695466023460059 -6.709338867254467 -6.722406088758948 -6.735708934319022 -6.7484276191681944 -6.76079073132751 -6.772749840965073 -6.784263305780438 -6.795620603609932 -6.806494395853667 -6.816862888503877 -6.82694461346669 -6.836716744474549 -6.84626867555616 -6.855728130311394 -6.865027969804009 -6.873947381202456 -6.882621001359267 -6.891006380416118 -6.899374551679867 -6.907441386431639 -6.915467089567982 -6.923316954976211 -6.930863398470149 -6.9383034724259085
51
 -3.366314724896274 -5.368843299111857 -5.628598730194772 -5.783870072881883 -5.893253049769946 -5.979273103845723 -6.049533255962217 -6.1074160632782775 -6.1582044841019155 -6.202107762356427 -6.241786815123258 -6.27774637475362 -6.310743138957552 -6.341037871322448 -6.36851854898836 -6.394287982714345 -6.41857154289803 -6.441913834955187 -6.462645116941087 -6.482903617926007 -6.5021679976222755 -6.521140818139587 -6.538450021531572 -6.554568208471635 -6.570685226849719 -6.58578017647466 -6.600521035250409 -6.614679918389196 -6.628812727071985 -6.6417060623958815 -6.654359030939016 -6.66632925612584 -6.678391389186004 -6.6897115000168395 -6.7005260143537395 -6.7113032650093665 -6.721439858855327 -6.731641518777955 -6.7416829089286106 -6.751282824635632 -6.760787927582179 -6.769912391785262 -6.779040747658781 -6.787732965653053 -6.796107262608809 -6.8047368584790275 -6.812825384822266 -6.820956412360333 -6.828865301679836 -6.836546112854041 -6.843926305392416
51
 -3.366314724896274 -5.299761384861503 -5.570524275115404 -5.722689516281227 -5.831465187301748 -5.916244300428491 -5.984423950765615 -6.043038681563671 -6.0939519107652 -6.138473768325366 -6.177879809997466 -6.214285758825085 -6.2461526734458745 -6.274973575702011 -6.302902167834183 -6.328943434973047 -6.353380009850256 -6.37581268612031 -6.397761973733218 -6.418218905426356 -6.437416656683831 -6.455319824071757 -6.473000793876202 -6.489620536284502 -6.5057155088585015 -6.520805213749857 -6.535878248249172 -6.549827081815882 -6.563471482309678 -6.5765777520419055 -6.5889300961909605 -6.601063705548434 -6.612676150579152 -6.623957162149284 -6.634815023089533 -6.645832449822561 -6.6562314593838305 -6.6666353456702065 -6.676845842338444 -6.686271668798615 -6.695840102156894 -6.704943262202035 -6.714237711999317 -6.722920174731432 -6.7314665210025115 -6.740057546371527 -6.748276026471853 -6.755922139373541 -6.763760082162798 -6.771595706469179 -6.778984572000513
51
 -3.366314724896274 -5.316418149465137 -5.584216665860912 -5.742704658442494 -5.851941085088647 -5.9375056164320865 -6.010200332340428 -6.069686854354836 -6.119520507567065 -6.162974018810193 -6.20363121883169 -6.240300120809458 -6.2732213330312145 -6.305107963395574 -6.331845212261032 -6.358090908415469 -6.38284465552636 -6.4059117425843395 -6.427096898142424 -6.44709749805012 -6.466873000175009 -6.484700288320739 -6.5023832593477815 -6.519138846448228 -6.535354490193849 -6.550215860593566 -6.5652346907028125 -6.579301410045719 -6.592840976728463 -6.606022153547698 -6.61862381056684 -6.630932477356341 -6.642920024122031 -6.65426072780132 -6.665306021580798 -6.676429988588081 -6.686478059884857 -6.696728373529751 -6.70668331421757 -6.716098378946568 -6.72592291262411 -6.7348446200642655 -6.743697511772167 -6.752240092377282 -6.7607958581017895 -6.769063825507254 -6.77740334291318 -6.785534023232074 -6.7932605130223225 -6.801121235838744 -6.808489818289583
SAGA
5
51
 -3.366314724896274 -3.504753803567086 -3.6424538762501797 -3.7805017272972 -3.9151856296828877 -4.053399796417584 -4.189006573726949 -4.325727289318225 -4.458664841675466 -4.592717916872278 -4.727140273207914 -4.860547258216661 -4.992825542201937 -5.125041870550129 -5.257176920491702 -5.387003470126079 -5.517641394764799 -5.649322954394595 -5.779793009853223 -5.908225200025978 -6.0366124776886725 -6.164866910973386 -6.292685798496003 -6.420854798939067 -6.54785082174618 -6.67446243047152 -6.8020374072436995 -6.927959479734614 -7.054309265929552 -7.179482861084791 -7.306010085109291 -7.431105320831894 -7.556981387593586 -7.680535670346473 -7.804454982219101 -7.928477718419723 -8.05423411925997 -8.176788175192389 -8.30038000521441 -8.424832918084238 -8.547573706351558 -8.67089426949769 -8.795704976240762 -8.917800483982505 -9.042750371455567 -9.165055259288682 -9.28465387985165 -9.405618264233858 -9.524780304811927 -9.646725680873459 -9.770793153763586
51
 -3.366314724896274 -3.50576651366742 -3.6449852971828443 -3.778873239764493 -3.915889674652437 -4.053186783547326 -4.190251440220902 -4.326777764015396 -4.462466125429545 -4.597082038732471 -4.730270177716098 -4.863693525359433 -4.995525620854237 -5.12775203958758 -5.260069063424862 -5.392088227485177 -5.52237588249167 -5.655251295691068 -5.786740214398277 -5.917481520513931 -6.047335621749172 -6.177255147296699 -6.306797537619118 -6.4347321258212995 -6.564777332152277 -6.691097611035028 -6.81917377229692 -6.946198869569782 -7.072780861414255 -7.198226502185993 -7.324554818751095 -7.451577561052804 -7.5763687800532304 -7.700703574906797 -7.825323326800722 -7.951176317255771 -8.075774695894298 -8.196781194577447 -8.321662967163704 -8.444506523815573 -8.569213389147748 -8.69117363931339 -8.813534206059115 -8.938285345342882 -9.06141345082212 -9.182388490941834 -9.303927915142172 -9.423202146163838 -9.544685662188916 -9.665788869819579 -9.786942339738102
51
 -3.366314724896274 -3.5065449659787906 -3.6441122274292965 -3.778117892953534 -3.914403172281403 -4.052334871228191 -4.188411330110996 -4.32288395794536 -4.459155560574262 -4.5949477957918505 -4.730112600948023 -4.863391654064537 -4.996275607083286 -5.127444848556433 -5.260237773597716 -5.392746799832455 -5.524918498490668 -5.655701508515794 -5.784809223625964 -5.915094795438418 -6.0460847782962635 -6.175277143690864 -6.305660837592859 -6.433577959126035 -6.563457256912692 -6.689974382395359 -6.817176909807907 -6.9428031155242245 -7.067585486793051 -7.191870359124486 -7.31697208418629 -7.443755885597812 -7.568735497712314 -7.692513498399131 -7.815566690873002 -7.9405429600172495 -8.064539414663807 -8.19093820675169 -8.316962153612439 -8.439308857281604 -8.561463592925751 -8.683808203873246 -8.806215000016817 -8.928435984531152 -9.049968265671357 -9.169759566856747 -9.290933043880193 -9.41237464986688 -9.530470915578526 -9.652221369591734 -9.772374866642194
51
 -3.366314724896274 -3.5060664935212693 -3.6429700504173494 -3.778740390725493 -3.915244542957712 -4.051674278988034 -4.188557761599075 -4.321592048938899 -4.4555472970354035 -4.589421699553096 -4.723871447310815 -4.8571070971393535 -4.988699009208783 -5.120743419459039 -5.25312549934321 -5.3850874091548775 -5.516196244621909 -5.64718542112513 -5.776995454272108 -5.905397872954881 -6.0373194000064725 -6.165757188627205 -6.2951644262786 -6.425039384690351 -6.554020352001444 -6.6817373218695195 -6.809280101152952 -6.934040158110755 -7.060072003659539 -7.18699535256999 -7.309475983690934 -7.434859443890355 -7.560348529276377 -7.687309022117447 -7.8142559081248635 -7.940633205628219 -8.066535929084827 -8.190784894456808 -8.316655745455511 -8.44113235655797 -8.564851577588051 -8.688666708202993 -8.808839862202525 -8.932723436117737 -9.055150697103013 -9.176442492895589 -9.300210323088638 -9.423165389522529 -9.543437568324308 -9.662793390936882 -9.781687677272116
51
 -3.366314724896274 -3.504402024937995 -3.639991416499101 -3.778506233654727 -3.9154360372694943 -4.049616179748533 -4.185750300858622 -4.322605438680997 -4.4564111155312505 -4.590575081546834 -4.723940773159164 -4.857036373132321 -4.991928325664306 -5.1258110396631285 -5.258662097170808 -5.388340820262056 -5.522615667396277 -5.65118152440293 -5.7825407537766935 -5.912542695543721 -6.04337130368027 -6.174387830905073 -6.303219987638731 -6.4334899146000675 -6.560666530672529 -6.688009320732231 -6.8131116872384405 -6.9405362518563765 -7.069637902662342 -7.196845138563413 -7.322117589703267 -7.448699758613439 -7.574403617647397 -7.70018683227957 -7.828506048401572 -7.954441495038105 -8.078122449823177 -8.201947505655072 -8.325831588940801 -8.45014591556706 -8.57530187797364 -8.698902281421741 -8.821161595913628 -8.943249778811662 -9.066279787391402 -9.1860134506558 -9.308093104644191 -9.430452375233573 -9.553184934982738 -9.67594380378352 -9.79765650992549
ADAPTSAGA
5
51
 -3.366314724896274 -6.964742452723591 -7.8613400727406955 -8.391763150620214 -8.782890962601071 -9.109708631428042 -9.382825112005483 -9.61867508636111 -9.825393536257966 -10.023125408940068 -10.210568822130387 -10.380223048628945 -10.537277186653162 -10.685376131144462 -10.832212872048794 -10.976929393805538 -11.114175124648662 -11.250138209775557 -11.38815495938304 -11.507101599659933 -11.604395943763546 -11.700543354090115 -11.796318604654745 -11.893269634776336 -11.990178195662082 -12.086241346864142 -12.18306723407171 -12.279458234163148 -12.37603992090306 -12.471584927873847 -12.567770576770368 -12.663899903484415 -12.761151554925643 -12.856369959654083 -12.953261788915581 -13.048587463187076 -13.144320998144353 -13.23967667261157 -13.335984914196795 -13.433196439225611 -13.529364770804818 -13.625664722735353 -13.721275942502544 -13.817108119720887 -13.913773951824732 -14.008019336040775 -14.102957631761369 -14.198352389347605 -14.29397574528797 -14.388154394452531 -14.48361237024548
51
 -3.366314724896274 -6.975175814370084 -7.872749322545674 -8.401226936831796 -8.79130399027852 -9.117888467383516 -9.392255775160542 -9.628578397235822 -9.834572488360067 -10.032196821026531 -10.218380346766228 -10.388913809732667 -10.54459439072665 -10.691999398794112 -10.839405620996075 -10.984663929241872 -11.122547304054988 -11.25857578631998 -11.396189465263292 -11.516679647422512 -11.612810231336413 -11.70862095015228 -11.805397255760862 -11.90106085235757 -11.99747963483224 -12.093610037374473 -12.189962404853986 -12.28654850970299 -12.382128814576388 -12.477694378185856 -12.574822412261678 -12.670012409772097 -12.765280663812558 -12.861404473000029 -12.956613601210794 -13.05231140946537 -13.148312742622435 -13.243770052436533 -13.339800339475113 -13.436618752945158 -13.533356011408808 -13.629470256851992 -13.725511442863686 -13.821125322856757 -13.917928109415131 -14.013543586716168 -14.108219304150397 -14.203101613165002 -14.297554677030936 -14.391911378422273 -14.487792709230224
51
 -3.366314724896274 -6.943458393536768 -7.8434849859354125 -8.375156706278547 -8.766679179859567 -9.093831404618749 -9.36970190723713 -9.606412196197969 -9.81672479111302 -10.016354104621628 -10.204125717945518 -10.375722493528023 -10.530966698812298 -10.678304211264827 -10.82595125870047 -10.971216499212407 -11.108729153663534 -11.244855269202509 -11.383124138153848 -11.503039883282671 -11.599859226562405 -11.696569003847094 -11.793634608838705 -11.890400025252841 -11.986414606296943 -12.082930040730304 -12.178189717759553 -12.273815170293053 -12.368830841245579 -12.465410859921734 -12.56228411358858 -12.657400297385275 -12.751596690512025 -12.847361186641088 -12.944067256054183 -13.03923368985978 -13.135987745127386 -13.232356669242458 -13.328772456404065 -13.423560512363744 -13.518840979012202 -13.614314647737078 -13.709585688084143 -13.80511357670287 -13.901386392623508 -13.995930707643165 -14.090723258738398 -14.18699110004115 -14.283215578721299 -14.379236820516297 -14.474948462790755
51
 -3.366314724896274 -6.962427043218139 -7.860495862171905 -8.390637926260409 -8.781726725160619 -9.106937587787488 -9.382698063933422 -9.619280467803934 -9.826162647940043 -10.023744749275902 -10.210583488985366 -10.382123738212496 -10.539123681601582 -10.685948308588364 -10.833515783284355 -10.978694224212102 -11.116111920456765 -11.252626726531233 -11.390580929452195 -11.509487681296712 -11.605275411799548 -11.70251129555724 -11.798873143319737 -11.894556402661882 -11.990526698152095 -12.086864075637768 -12.183660847081995 -12.279916695844076 -12.376312793302343 -12.472491721720258 -12.56757429289122 -12.66318966895372 -12.759211578912739 -12.855913689034274 -12.951695147043038 -13.047893565378246 -13.143276951792586 -13.23816453070995 -13.33479368820999 -13.430421427851195 -13.525755423321101 -13.620828130464735 -13.716965327667062 -13.812474239433149 -13.90769596426548 -14.003673694116808 -14.099448915538424 -14.194587152805022 -14.288799053583933 -14.38431284282925 -14.4802686301794
51
 -3.366314724896274 -6.942765454902434 -7.845535831798797 -8.374874366699107 -8.765907556035778 -9.097072843061033 -9.373033715511125 -9.608815048530012 -9.81534151290846 -10.014083746209998 -10.201151526251417 -10.372420978142312 -10.529856705538176 -10.67840385991518 -10.825884512761595 -10.971704256412783 -11.108928686351392 -11.24372530981281 -11.381193719034156 -11.50104049491568 -11.596076152597352 -11.692217809045951 -11.788440844656026 -11.886317060692072 -11.982613037928246 -12.078826238036081 -12.17488901637948 -12.271157455553984 -12.368332001631323 -12.463779142242034 -12.560459772864291 -12.656274154724352 -12.75178685412579 -12.848512692990663 -12.945740990332373 -13.041138178377487 -13.137764544432496 -13.233009622468368 -13.328727756067604 -13.423888352715197 -13.519351138757623 -13.616591999691902 -13.712956236499075 -13.808397260386428 -13.904060272460907 -13.999209040144505 -14.09510115137726 -14.191369772004927 -14.287361389504019 -14.383409266959427 -14.477088337520906
ADAPTDoubling
5
51
 -3.366314724896274 -6.380218454962106 -7.127447603515727 -7.558589270790963 -7.883024402466392 -8.117237723955617 -8.357453887996737 -8.575469206056155 -8.70373138037708 -8.830104025988877 -8.956873116897643 -9.089136019344492 -9.210599086007363 -9.33510358856668 -9.459476970965778 -9.56072789109559 -9.656554792093354 -9.754833088720495 -9.85382539135655 -9.949976328909274 -10.048227132507618 -10.149739301715787 -10.249101223841695 -10.348357376518942 -10.445847166374886 -10.543030356544781 -10.641491675393173 -10.736324302018286 -10.831151391478148 -10.927487198797577 -11.022996820823463 -11.12190602117098 -11.218719721011045 -11.313627735771263 -11.409221356286354 -11.505448697386964 -11.602819222018391 -11.698531697787427 -11.795540737169416 -11.89339976431971 -11.992334243962334 -12.088880458425505 -12.187192496775271 -12.283345038617671 -12.379962344338473 -12.475367032887211 -12.57219937274564 -12.66869964939253 -12.766091470412132 -12.861177020765352 -12.956948986765825
51
 -3.366314724896274 -6.402475815840255 -7.167208646081973 -7.591702460456315 -7.917564340040913 -8.16356688555727 -8.397414268037807 -8.623709425538728 -8.751896615494893 -8.874912479471405 -8.999524147774077 -9.125365503846503 -9.248272608815999 -9.371002361721636 -9.49291422927942 -9.590483874914337 -9.685452488147991 -9.783655651305324 -9.880352320050864 -9.977460764465839 -10.07503311257601 -10.17376471285575 -10.271039667593298 -10.36918075073131 -10.465664291556621 -10.561011000295654 -10.655094586383271 -10.752145872646688 -10.84839749202962 -10.94698520967818 -11.044006384843454 -11.14180297983348 -11.241034117622641 -11.339417420814051 -11.438000321658679 -11.536385368022177 -11.63375281500019 -11.730207174688516 -11.825937746373429 -11.923192324197712 -12.020439387188404 -12.117629543132344 -12.21409520289843 -12.31121467097826 -12.407167287890612 -12.503397249758175 -12.599516388802181 -12.69539760653906 -12.7913613651175 -12.885203316117162 -12.981778633059307
51
 -3.366314724896274 -6.405846351277177 -7.135723387988889 -7.570254632185733 -7.895198054063844 -8.133346320241873 -8.361865457973728 -8.591308703197441 -8.722799589663031 -8.851367918030366 -8.983345446873173 -9.111205290258072 -9.234603238590504 -9.362351704235262 -9.483876754550337 -9.580954886148085 -9.68030978916279 -9.776206248518925 -9.873900546805311 -9.96923858362207 -10.06941540549549 -10.16550908256319 -10.262178681667962 -10.361528000736064 -10.456710192852812 -10.557215207935116 -10.655574110502005 -10.751321679216066 -10.848331289046254 -10.948942998977188 -11.046676206557636 -11.14472531804192 -11.24355997566177 -11.340785655221959 -11.439854712776517 -11.535373569013885 -11.63149608519431 -11.725253070864959 -11.822440199348714 -11.919671812443047 -12.017202525029848 -12.11326443251405 -12.21142893702448 -12.309256315843962 -12.406800415630851 -12.50378767361202 -12.602494997758857 -12.698973543003397 -12.795313387660514 -12.889754197357508 -12.985587777354882
51
 -3.366314724896274 -6.414040353353772 -7.157586821251735 -7.600024327595688 -7.931668029270939 -8.170171984930898 -8.406105102656829 -8.629872518038436 -8.763053409163705 -8.891589690996847 -9.0205602529091 -9.147560744751699 -9.269759556571445 -9.388666198409824 -9.510863692825836 -9.606250985660392 -9.70422397035325 -9.80714048878881 -9.906430663227821 -10.000838585489472 -10.098944076609817 -10.1954754680451 -10.289523179389976 -10.387957530958401 -10.484691114345933 -10.583781450129402 -10.680086490794118 -10.77885146609548 -10.875318268676489 -10.97116215538085 -11.069607450012096 -11.168004834745417 -11.26644944564762 -11.363665679351383 -11.458893583579881 -11.55541533531048 -11.649693755080607 -11.748944022970086 -11.845863051178306 -11.942318005968744 -12.039011439458747 -12.13391573406866 -12.230620805262944 -12.327299255169107 -12.424711999287815 -12.523063229605553 -12.619123248095356 -12.716859182083265 -12.81142368748491 -12.908989586253565 -13.006631796450407
51
 -3.366314724896274 -6.394428107377762 -7.150929436825854 -7.581355954245626 -7.921608698221385 -8.163258833534497 -8.393800875670665 -8.61728126323191 -8.7430508651206 -8.866473295039784 -8.996463353613025 -9.12286046219497 -9.248905236021043 -9.370275507192547 -9.490607806541279 -9.58677006069057 -9.684722172452448 -9.783100484773264 -9.880806752637854 -9.979013825812576 -10.078828972211149 -10.174433662048212 -10.273193041881731 -10.369848983132947 -10.465392277049235 -10.559745448655086 -10.660063134704327 -10.757033991849495 -10.854609820871477 -10.952740242535006 -11.049981572997531 -11.149409462455372 -11.24776749608304 -11.344401260965673 -11.439974024082266 -11.537572603043763 -11.63500665230143 -11.731376952433953 -11.829727706415216 -11.928192319421381 -12.026976518616786 -12.124154302525637 -12.222384610100649 -12.317839792836011 -12.41431794388403 -12.510429480515784 -12.607349493103852 -12.702955818960952 -12.800122845012174 -12.89486348113219 -12.990880628756859
MainSSVRG
5
51
 -3.366314724896274 -4.079061164937641 -4.686350640256666 -5.3050583258069794 -5.6723386221374295 -5.6723386221374295 -6.240984915793826 -6.240984915793826 -6.240984915793826 -6.240984915793826 -6.240984915793826 -6.703884295194984 -6.880117654697757 -6.880117654697757 -6.880117654697757 -6.880117654697757 -6.880117654697757 -6.880117654697757 -6.880117654697757 -6.880117654697757 -6.880117654697757 -7.119458333568732 -7.119458333568732 -7.119458333568732 -7.119458333568732 -7.119458333568732 -7.119458333568732 -7.119458333568732 -7.119458333568732 -7.119458333568732 -7.119458333568732 -7.239794025107334 -7.239794025107334 -7.239794025107334 -7.239794025107334 -7.239794025107334 -7.239794025107334 -7.239794025107334 -7.239794025107334 -7.239794025107334 -7.529284388913379 -7.909345297636294 -7.909345297636294 -7.909345297636294 -7.909345297636294 -7.909345297636294 -7.909345297636294 -7.909345297636294 -7.909345297636294 -7.909345297636294 -8.039752171398225
51
 -3.366314724896274 -4.0597135206659125 -4.873678512531308 -5.26911509616531 -5.669012310672377 -5.669129446396031 -6.366129814275335 -6.366129814275335 -6.366129814275335 -6.366129814275335 -6.366129814275335 -6.9137838259725735 -7.396650581582939 -7.396650581582939 -7.396650581582939 -7.396650581582939 -7.396650581582939 -7.396650581582939 -7.396650581582939 -7.396650581582939 -7.396650581582939 -7.4421319721343115 -7.568127549753938 -7.568127549753938 -7.568127549753938 -7.568127549753938 -7.568127549753938 -7.568127549753938 -7.568127549753938 -7.568127549753938 -7.568127549753938 -7.979053952940958 -8.517235028782439 -8.517235028782439 -8.517235028782439 -8.517235028782439 -8.517235028782439 -8.517235028782439 -8.517235028782439 -8.517235028782439 -8.517235028782439 -8.517235028782439 -9.185301395622698 -9.185301395622698 -9.185301395622698 -9.185301395622698 -9.185301395622698 -9.185301395622698 -9.185301395622698 -9.185301395622698 -9.185301395622698
51
 -3.366314724896274 -4.054408645703093 -4.39405871217738 -4.39405871217738 -4.6718903592010435 -4.6718903592010435 -4.6718903592010435 -4.6718903592010435 -4.6718903592010435 -5.298132962154609 -5.298132962154609 -5.298132962154609 -5.298132962154609 -5.298132962154609 -5.298132962154609 -5.298132962154609 -5.298132962154609 -5.298132962154609 -5.298132962154609 -5.988925470154243 -6.118015730959026 -6.118015730959026 -6.118015730959026 -6.118015730959026 -6.118015730959026 -6.118015730959026 -6.118015730959026 -6.118015730959026 -6.118015730959026 -6.555395893162965 -6.818700904220042 -6.818700904220042 -6.818700904220042 -6.818700904220042 -6.818700904220042 -6.818700904220042 -6.818700904220042 -6.818700904220042 -6.818700904220042 -7.01701818917138 -7.01701818917138 -7.01701818917138 -7.01701818917138 -7.01701818917138 -7.01701818917138 -7.01701818917138 -7.01701818917138 -7.01701818917138 -7.01701818917138 -7.6711840512818 -7.772840401375056
51
 -3.366314724896274 -4.18193115609119 -4.632943134475572 -4.974006744981561 -4.974006744981561 -5.651165146700879 -5.655816880432972 -5.655816880432972 -5.655816880432972 -5.655816880432972 -6.10785391445307 -6.425450921141307 -6.425450921141307 -6.425450921141307 -6.425450921141307 -6.425450921141307 -6.425450921141307 -6.425450921141307 -6.425450921141307 -6.425450921141307 -6.652745674678294 -7.085468592787595 -7.085468592787595 -7.085468592787595 -7.085468592787595 -7.085468592787595 -7.085468592787595 -7.085468592787595 -7.085468592787595 -7.085468592787595 -7.189036765738319 -7.265311009079279 -7.265311009079279 -7.265311009079279 -7.265311009079279 -7.265311009079279 -7.265311009079279 -7.265311009079279 -7.265311009079279 -7.265311009079279 -7.296027894547875 -7.296027894547875 -7.296027894547875 -7.296027894547875 -7.296027894547875 -7.296027894547875 -7.296027894547875 -7.296027894547875 -7.296027894547875 -7.426190186131333 -7.426190186131333
51
 -3.366314724896274 -4.122868841749127 -4.747620785172978 -5.127438648482343 -5.229591315952684 -5.54400549683627 -6.233311422335808 -6.233311422335808 -6.233311422335808 -6.233311422335808 -6.233311422335808 -6.7741267631043245 -6.866915487013816 -6.866915487013816 -6.866915487013816 -6.866915487013816 -6.866915487013816 -6.866915487013816 -6.866915487013816 -6.866915487013816 -6.866915487013816 -7.2250380030761026 -7.2250380030761026 -7.2250380030761026 -7.2250380030761026 -7.2250380030761026 -7.2250380030761026 -7.2250380030761026 -7.2250380030761026 -7.2250380030761026 -7.2250380030761026 -7.840092926069346 -8.066607407142664 -8.066607407142664 -8.066607407142664 -8.066607407142664 -8.066607407142664 -8.066607407142664 -8.066607407142664 -8.066607407142664 -8.066607407142664 -8.181429240062714 -8.181429240062714 -8.181429240062714 -8.181429240062714 -8.181429240062714 -8.181429240062714 -8.181429240062714 -8.181429240062714 -8.181429240062714 -8.181429240062714
SGD:0.05
5
51
 -3.366314724896274 -7.807679226243463 -8.763596017600008 -8.830914181416816 -8.89238905276945 -8.911039441436795 -8.868028919541663 -8.804188181345067 -8.886457286890911 -8.900261230510331 -8.939040861711252 -8.867426051481448 -8.915708127303313 -8.889225839695182 -8.859809611390194 -8.86868153379099 -8.899156299437676 -8.889294732168329 -8.872136848266404 -8.89580771900424 -8.824105970049704 -8.908062700388026 -8.824373988607052 -8.870465240784718 -8.911892361417955 -8.849803395553701 -8.868643815876764 -8.879645791345407 -8.854624277572483 -8.923808250068722 -8.971252123202257 -8.921459858202235 -8.82860123979747 -8.789719693537764 -8.952632012148502 -8.881651717789758 -8.935095772584773 -8.872435891808928 -8.84424315750784 -8.848275743336353 -8.955026788655523 -8.894514080525655 -8.864206204070609 -8.957035648666631 -8.877918838895727 -8.795325755465235 -8.902603074029923 -8.887023445854917 -8.871904699249487 -8.81713304351026 -8.820316784012778
51
 -3.366314724896274 -7.8322691664124955 -8.861216751466783 -8.861324445995882 -8.894273605217558 -8.90737337990696 -8.873199378110208 -8.817857484509805 -8.798650015831747 -8.859985461575311 -8.965691377788787 -8.876275793011859 -8.939460522845899 -8.879576481393832 -8.870857717232534 -8.971319678226656 -8.904014239912705 -8.915641120382256 -8.961537376811034 -8.908698041761765 -8.853795505378592 -8.87667786875065 -8.911854219542777 -8.89813857810501 -8.922819115255079 -8.86677118340804 -8.842631178902092 -8.928696180313082 -8.90529201549997 -8.93202715658414 -8.810624548032946 -8.815471032438014 -8.828238558991801 -8.896085166250948 -8.91009164869703 -8.823005660374484 -8.848519230209487 -8.944665432905039 -8.829723459411985 -8.942922046722291 -8.87675249036961 -8.853285682283227 -8.917558035457143 -8.951960238924208 -8.969778251404598 -8.857564625657053 -8.908810098723473 -8.869829100552266 -8.877514964733527 -8.92538031671919 -8.891182041091762
51
 -3.366314724896274 -7.797120573463276 -8.799181696978078 -8.875235862872358 -8.859106226045043 -8.826411282956721 -8.855614065071538 -8.817561117256991 -8.900364030740716 -8.940649199436995 -8.900837920083198 -8.834517586544452 -8.938514196998558 -8.930868902926807 -8.857800089749874 -8.835366392413531 -8.881470122908393 -8.838281136539425 -8.862620250177594 -8.80572396636039 -8.8233888256081 -8.827553628140205 -8.844100163743503 -8.87481488370526 -8.902109300230288 -8.957930526419823 -8.897684803531806 -8.856009641759899 -8.888009486982062 -8.922799308393083 -8.876301215653129 -8.894645731218626 -8.94303406714363 -8.874681209601002 -8.954991850739852 -8.852597290392204 -8.883808637134598 -8.79177751332727 -8.860312194134236 -8.887939993467832 -8.92685372435595 -8.925483704129494 -8.852104512018565 -8.849801140055735 -8.910684984037104 -8.968985045136671 -8.84705250590599 -8.86958749132054 -8.928061369173431 -8.830609001716278 -8.88866923577692
51
 -3.366314724896274 -7.970283807492881 -8.894466569792252 -8.851767575151445 -8.85810385674739 -8.935414204323129 -8.923229077415051 -8.928646603554704 -8.8918545090344 -8.879598877512205 -8.92214783325291 -8.916737398620615 -8.856721204588856 -8.860942253269924 -8.904676340942007 -8.88731021661578 -8.837712440699736 -8.800657804332104 -8.860016399837122 -8.890661496478456 -8.854319490137486 -8.88262435714929 -8.858407564055891 -8.872483353930706 -8.870573128473147 -8.909489542045502 -8.87172102287586 -8.860072888242936 -8.927230841319462 -8.948334735700449 -8.899255051724626 -8.891336141191259 -8.890810544695043 -8.94292219670125 -8.921205817062543 -8.901766209247333 -8.86448857515884 -8.88777399366044 -8.88111208527377 -8.821489884162501 -8.907084320811252 -8.876997680775398 -8.871143925121785 -8.867285262154942 -8.876747634143783 -8.931351848430264 -8.882460213005134 -8.816319655369492 -8.90352037448 -8.89729328699764 -8.905318745187278
51
 -3.366314724896274 -7.846400222510845 -8.918611159157358 -8.904322435039044 -8.912190209788225 -8.88739556672904 -8.82281074512639 -8.855716732472656 -8.878174026972015 -8.917395009141794 -8.799312800039537 -8.83077668092435 -8.95562007083764 -8.921477417397353 -8.911529511213798 -8.955909576976376 -8.90760117025487 -8.926501295913347 -8.873140148315013 -8.913600340010328 -8.91674015183233 -8.834748720648829 -8.793545562927317 -8.875400521266775 -8.853118824902666 -8.837123204743428 -8.862884208698848 -8.895995826448862 -8.871160855646199 -8.88008877546641 -8.973506624680791 -8.898959287138338 -8.91449721316457 -8.979890117258677 -8.802048166309381 -8.895067301834535 -8.862383866891344 -8.925312675805149 -8.950998739978262 -8.926286045117966 -8.898627894689675 -8.830233854447883 -8.953838670254445 -8.894209493379588 -8.884206888937527 -8.861706168646425 -8.857932950961068 -8.83361770516272 -8.922729558593801 -8.840046544157104 -8.934955110583427
SGD:0.005
5
51
 -3.366314724896274 -3.949243401151355 -4.521050616639581 -5.088320080280443 -5.650004831721653 -6.186509134691051 -6.7256635424579505 -7.26997011780741 -7.788074360375307 -8.286325642089858 -8.729051291180818 -9.179033800139429 -9.661991651973802 -10.058665171247902 -10.417004859715753 -10.79433102383764 -11.066039776277233 -11.323108955351179 -11.543779282697704 -11.725998967655583 -11.807955692075577 -11.942964607559011 -12.054573348720995 -12.066234691976339 -12.061609539603863 -12.06971945852291 -12.12982148492382 -12.13137015380937 -12.171418811405896 -12.190489065192018 -12.208047346052043 -12.169293331258762 -12.12730568329263 -12.084657830828041 -12.115304847740608 -12.173735769000366 -12.229085645181376 -12.176983808573766 -12.171944662949501 -12.205952891638653 -12.21633489617438 -12.240597228106468 -12.216742348442663 -12.194710049676257 -12.207680224732943 -12.22105647216508 -12.2183505453795 -12.185425181717578 -12.200847196376833 -12.223896218166919 -12.234449807858995
51
 -3.366314724896274 -3.955859566275109 -4.533627354285915 -5.102826970747317 -5.6639511213945415 -6.221976519651223 -6.7617934120628 -7.278849705151128 -7.760508802018689 -8.255732231438223 -8.751780449795287 -9.250186878863424 -9.684548756314474 -10.102560402873502 -10.484396081182355 -10.811445741514584 -11.124391849680284 -11.28527725711427 -11.468416544668681 -11.652254475202257 -11.808668320955842 -11.911199831084136 -12.032358811370731 -12.106869496750148 -12.135791831418818 -12.156853425158188 -12.184462232473242 -12.16408837603211 -12.187516714402681 -12.203470815693798 -12.188992110326136 -12.199947904323903 -12.191249860016553 -12.246601949681247 -12.252774616738645 -12.236719104093982 -12.270376640674115 -12.27080269250607 -12.263591541920693 -12.276122637683088 -12.275558307897906 -12.249135013141455 -12.21631475708764 -12.21082629748306 -12.20612800180325 -12.206196741607043 -12.130330803379808 -12.193493364427976 -12.177844216198896 -12.13974334330743 -12.142953976130798
51
 -3.366314724896274 -3.9607974540119835 -4.549556395305351 -5.110549933734604 -5.668055688806078 -6.21328690780699 -6.748363874075346 -7.273055388708072 -7.790772754499879 -8.2783943063315 -8.745672963506847 -9.2073988568387 -9.66453876877031 -10.120604426276966 -10.481623537205982 -10.776318016594198 -11.117169623576768 -11.375473442966403 -11.593270468297916 -11.705476414592306 -11.843298314626963 -11.917840887479034 -12.001729520842066 -12.082115784083772 -12.152057114094386 -12.205019918495012 -12.230232682091799 -12.222309114521481 -12.198625625686976 -12.165517079606131 -12.17298091866922 -12.167647677096141 -12.196117166749113 -12.202860607981382 -12.214697466784845 -12.177535035741613 -12.174272149729033 -12.188230701642938 -12.174210438575184 -12.143664044430265 -12.168602136399782 -12.209712208543259 -12.223851000483721 -12.207224098050004 -12.119870623722312 -12.1863439941692 -12.214933453229076 -12.220826227706056 -12.215339577020336 -12.222240955010763 -12.177878272447018
51
 -3.366314724896274 -3.945912523664157 -4.5149384241534944 -5.0795777744061255 -5.643657572720591 -6.187317688889812 -6.736703047981381 -7.237465019014073 -7.781167597386702 -8.307420230210806 -8.781244245190644 -9.253909535301124 -9.652222991358556 -10.068567698709682 -10.437988803412859 -10.773714447144872 -11.091166715530367 -11.351860141017164 -11.542308206458742 -11.692613717495613 -11.809994453332251 -11.94410580370164 -12.051446511103045 -12.114663338406205 -12.164952269007022 -12.22063440346511 -12.249426528659175 -12.221580570922164 -12.22384258781797 -12.213222259825367 -12.206209891645297 -12.208823899703546 -12.243274002099673 -12.30149324714266 -12.299683502307897 -12.293837413796647 -12.288818370778168 -12.274634909311363 -12.26236768141884 -12.229381596873926 -12.242546971293349 -12.24093482017687 -12.235335180814383 -12.255141148343892 -12.274275288621443 -12.254448028972892 -12.229375379520302 -12.232189999578184 -12.224773510305587 -12.182580538492752 -12.149262270954095
51
 -3.366314724896274 -3.964259334215227 -4.547258015421456 -5.12275885438706 -5.673779404279477 -6.204333192801716 -6.7466559175014496 -7.276253771194588 -7.772968071904938 -8.24972912593921 -8.74193086117857 -9.218454106358637 -9.683947888135679 -10.091673542160546 -10.45707630587364 -10.809970286232666 -11.102559215097198 -11.353656832844912 -11.508614958188705 -11.660821217273215 -11.769947103664181 -11.911175317872972 -11.956551687308172 -12.031322695025747 -12.075537685655135 -12.082761673732985 -12.08420848024432 -12.107389253982655 -12.127968275297103 -12.176258916880723 -12.169970718045066 -12.129219237004978 -12.16847665529999 -12.168595242806989 -12.15943414732994 -12.152241643599908 -12.205800696213295 -12.16048338071129 -12.11329480230562 -12.180713131513295 -12.176326980916048 -12.171034028225002 -12.181196417204264 -12.15069509228443 -12.174738482327163 -12.189509715712084 -12.200470021750576 -12.225392531488916 -12.204615517563726 -12.227725919986828 -12.205202379296841
StreamingSVRG
5
51
 -3.366314724896274 -4.1953858763070535 -4.903827694555572 -5.725158802253015 -6.504579622382826 -7.276283284445444 -7.984431812939549 -8.365572735749614 -9.027839892452922 -9.630198760963424 -10.14852933536212 -10.558438457654322 -10.890887611034122 -11.163065569368287 -11.234108484652785 -11.234108484652785 -11.453624984494327 -11.616550462356722 -11.67035592747198 -11.744645101617301 -11.791707479792837 -11.824458901322425 -11.824458901322425 -11.824458901322425 -11.824458901322425 -11.835225244488852 -11.965740489271507 -12.045531444247874 -12.135667537040684 -12.142417844030291 -12.142417844030291 -12.142417844030291 -12.142417844030291 -12.142417844030291 -12.142417844030291 -12.142417844030291 -12.142417844030291 -12.142417844030291 -12.227164314474734 -12.227164314474734 -12.227164314474734 -12.227164314474734 -12.227164314474734 -12.227164314474734 -12.227164314474734 -12.227164314474734 -12.227164314474734 -12.227164314474734 -12.420249698590634 -12.567069744999348 -12.564116606711181
51
 -3.366314724896274 -4.173938609765248 -5.024215147562104 -5.713120335974943 -6.518377701665596 -7.249143125509624 -7.98748441801976 -8.693577759319098 -9.343270718531874 -9.940502001554357 -10.276561269791896 -10.665865905005756 -10.951905837497053 -11.190447053102394 -11.296843500100142 -11.409091009150941 -11.409091009150941 -11.501144966964649 -11.646039038885059 -11.730978761863886 -11.713457716928177 -11.802912299680662 -11.80441782210762 -11.825430363338352 -11.825430363338352 -11.825430363338352 -11.825430363338352 -11.825430363338352 -11.932578435060389 -12.068548125042499 -12.122286542629292 -12.204500162265987 -12.204500162265987 -12.204500162265987 -12.204500162265987 -12.204500162265987 -12.204500162265987 -12.204500162265987 -12.204500162265987 -12.204500162265987 -12.204500162265987 -12.386598310374897 -12.505542034602508 -12.505542034602508 -12.505542034602508 -12.505542034602508 -12.505542034602508 -12.505542034602508 -12.505542034602508 -12.505542034602508 -12.505542034602508
51
 -3.366314724896274 -4.054545687328349 -4.908667309084162 -5.72102856681611 -6.514272365862177 -6.990503688169597 -7.681551403842282 -8.436782479575147 -9.070142028167876 -9.640691307998463 -10.070933584194696 -10.070933584194696 -10.518206487947376 -10.625489430383059 -10.625489430383059 -10.625489430383059 -10.625489430383059 -10.755265819672626 -11.212857826455819 -11.551680518743481 -11.794585000771253 -11.986571536598026 -12.096199540318763 -12.09950879902101 -12.087957118827598 -12.087957118827598 -12.087957118827598 -12.087957118827598 -12.087957118827598 -12.087957118827598 -12.087957118827598 -12.087957118827598 -12.087957118827598 -12.238892021369425 -12.431863659673105 -12.585424615437244 -12.650540700508044 -12.690000883318774 -12.71125283910111 -12.69470740152142 -12.69470740152142 -12.69470740152142 -12.69470740152142 -12.69470740152142 -12.69470740152142 -12.69470740152142 -12.69470740152142 -12.69470740152142 -12.69470740152142 -12.828562818247267 -12.841443179053048
51
 -3.366314724896274 -4.062443825275177 -4.87028648370086 -5.66895360190304 -6.458835418567206 -7.244073202085489 -7.990642856184351 -8.553874656158772 -9.054427631425263 -9.481657133018603 -9.481657133018603 -9.938459066375744 -10.437206952645628 -10.874700889737708 -11.20228624049265 -11.442569046059615 -11.484849312814454 -11.484849312814454 -11.484849312814454 -11.484849312814454 -11.603593474742436 -11.812216670068683 -11.976271062518743 -12.097186323567684 -12.163518112301887 -12.181319963739947 -12.181319963739947 -12.181319963739947 -12.181319963739947 -12.181319963739947 -12.181319963739947 -12.181319963739947 -12.181319963739947 -12.181319963739947 -12.329031590495962 -12.55131841084081 -12.619622256035058 -12.687156823159194 -12.697719303112226 -12.697719303112226 -12.697719303112226 -12.697719303112226 -12.697719303112226 -12.697719303112226 -12.697719303112226 -12.697719303112226 -12.697719303112226 -12.705055110569042 -12.79052840566543 -12.787514465187588 -12.809961242415142
51
 -3.366314724896274 -4.040835397387769 -4.886211253450205 -5.692736526351838 -6.105995130197867 -6.871466103209744 -7.61322396801709 -8.235847869054982 -8.235847869054982 -8.735829986237645 -9.397243983871135 -9.518809467052753 -9.518809467052753 -9.518809467052753 -9.518809467052753 -9.774099071320105 -10.332327293218539 -10.85820311653638 -11.26525369484977 -11.595355706523465 -11.782802525552105 -11.85431713146884 -11.85431713146884 -11.85431713146884 -11.85431713146884 -11.85431713146884 -11.85431713146884 -11.85431713146884 -11.85431713146884 -11.85431713146884 -11.974127706738285 -12.226972261817412 -12.226972261817412 -12.226972261817412 -12.226972261817412 -12.226972261817412 -12.226972261817412 -12.226972261817412 -12.226972261817412 -12.226972261817412 -12.226972261817412 -12.376528900035447 -12.542556190763458 -12.661598758619899 -12.726465927178465 -12.718172966521784 -12.777094757646964 -12.765669455862986 -12.765669455862986 -12.765669455862986 -12.765669455862986
ADAPTIID
5
51
 -3.366314724896274 -6.524758484709119 -7.26160884705503 -7.726566729992854 -8.070727827209698 -8.346129575301442 -8.582600944406135 -8.787442123204658 -8.96408857610946 -9.126828340934516 -9.276607175736025 -9.418155669899344 -9.545942377531652 -9.664177504807943 -9.782617705787464 -9.891705608002605 -9.997504848807997 -10.099042353340025 -10.198025238923059 -10.294399119115882 -10.386767934256785 -10.478305376434486 -10.57124806421929 -10.662533729725894 -10.753929456723855 -10.84671223210942 -10.940489638153542 -11.033369282046124 -11.126239543582184 -11.22063482497699 -11.316253364921375 -11.408508740780386 -11.505015423493369 -11.599528764942008 -11.69242450462301 -11.78700636389639 -11.880127056877077 -11.9756192555491 -12.072141970683752 -12.164024457650845 -12.256860660396832 -12.352360485025766 -12.445448188924324 -12.537946794369754 -12.631374271074709 -12.726251291720398 -12.8219028451185 -12.915068415900832 -13.00749789369559 -13.102617989919192 -13.197768020386333
51
 -3.366314724896274 -6.515819476817151 -7.2597011277445915 -7.729188093161347 -8.073552910213103 -8.35246506001009 -8.589023296504848 -8.79922544882972 -8.982929770160936 -9.146757001135008 -9.295573348554909 -9.434196781850526 -9.563618200244695 -9.682201927752542 -9.799761819012817 -9.908284320229935 -10.012005190077076 -10.113646088765417 -10.211337776214556 -10.304893351856787 -10.396725861941603 -10.48898214234678 -10.58358150764046 -10.67505905654281 -10.76973837536101 -10.861559492334665 -10.952199050412286 -11.045467313485771 -11.137346531953368 -11.23291691317838 -11.327208807109079 -11.421794982098943 -11.516216176480665 -11.609071054649554 -11.702677347821513 -11.798140245475405 -11.890397479112025 -11.985149715028752 -12.080008360109364 -12.176486987563278 -12.270459648265915 -12.364177986082517 -12.459450336795364 -12.552702031450433 -12.647609457734132 -12.743098715802256 -12.836502012523269 -12.932514261854033 -13.027357480880127 -13.119819365621499 -13.215147747478287
51
 -3.366314724896274 -6.530014307690398 -7.275333718514573 -7.739626483303074 -8.080307276081225 -8.362578179851917 -8.598214120417415 -8.799327470219884 -8.975475296661797 -9.141403926686559 -9.286382668503368 -9.423954789121439 -9.558083054450327 -9.67798564558466 -9.786681091917686 -9.896747797396308 -10.002057090500102 -10.098299245261513 -10.196816124341964 -10.291300445078955 -10.386650388665656 -10.482466649314715 -10.575994075348374 -10.669242162209098 -10.761961231386783 -10.855558614679342 -10.949827836124664 -11.043290104100716 -11.138513515119095 -11.23458981428019 -11.333393662105117 -11.427078027634654 -11.519289634067201 -11.615603220163733 -11.711347605003237 -11.804591862385262 -11.900391578287104 -11.99408674148983 -12.088323084169453 -12.18228244552397 -12.278992735459424 -12.370740128753635 -12.465647025538809 -12.561556767655565 -12.65486517096475 -12.74844252953354 -12.840932616613177 -12.935460393826379 -13.029793369648033 -13.1238208278416 -13.218059734308106
51
 -3.366314724896274 -6.540739728639541 -7.287286634583184 -7.7448174577439435 -8.089115997611545 -8.3618257194318 -8.59247382003855 -8.798713070829539 -8.978304163559146 -9.140169262768353 -9.290999195087744 -9.434746460295306 -9.568672089967116 -9.692198102917205 -9.809387653234072 -9.921979837817775 -10.026093518417348 -10.128355804424944 -10.2247511944568 -10.320161855789882 -10.414980478683397 -10.511404101938641 -10.605344376501366 -10.698090890775264 -10.790908639525304 -10.88591621263948 -10.979439258284012 -11.072814832394457 -11.165849384395427 -11.258765179223452 -11.354484235043753 -11.44698396293128 -11.540564235188194 -11.633238249482888 -11.728810222442283 -11.821413928243821 -11.915887387987535 -12.006422005558303 -12.100421683731895 -12.194558246272749 -12.28884163612214 -12.381545615164848 -12.477019187384801 -12.57066030915428 -12.664692013470045 -12.75947178856925 -12.855986632183606 -12.952184668195951 -13.049971330371427 -13.143938818251012 -13.237808514896903
51
 -3.366314724896274 -6.558793075631349 -7.290913585151342 -7.7531659041813565 -8.098679752366564 -8.364367230466614 -8.598810657375164 -8.802351737662015 -8.987696899891775 -9.14953512952505 -9.302780962645166 -9.43772218347107 -9.567014580925642 -9.68933287516166 -9.80729786204402 -9.92291126936784 -10.02634887186402 -10.127952901355428 -10.225923242455545 -10.318032892091756 -10.41154248174058 -10.506550741766857 -10.602224400351131 -10.695669468828937 -10.786532217677518 -10.881555551149265 -10.975240331733923 -11.066792222157767 -11.15948197327402 -11.25139917141837 -11.345798152601999 -11.44354049187351 -11.535787201420446 -11.630416243397002 -11.723135507209355 -11.816450878380529 -11.912483759830584 -12.0060258316852 -12.098274581609255 -12.19126209177781 -12.285596080045822 -12.377564960595832 -12.47514661699211 -12.56910135432231 -12.663655305483966 -12.757361554319624 -12.8524698280794 -12.94745386441125 -13.04407141882038 -13.138430956588756 -13.23302742925254
steps
5
51
 0 7000 14000 21000 28000 35000 42000 49000 56000 63000 70000 77000 84000 91000 98000 105000 112000 119000 126000 133000 140000 147000 154000 161000 168000 175000 182000 189000 196000 203000 210000 217000 224000 231000 238000 245000 252000 259000 266000 273000 280000 287000 294000 301000 308000 315000 322000 329000 336000 343000 350000
51
 0 7000 14000 21000 28000 35000 42000 49000 56000 63000 70000 77000 84000 91000 98000 105000 112000 119000 126000 133000 140000 147000 154000 161000 168000 175000 182000 189000 196000 203000 210000 217000 224000 231000 238000 245000 252000 259000 266000 273000 280000 287000 294000 301000 308000 315000 322000 329000 336000 343000 350000
51
 0 7000 14000 21000 28000 35000 42000 49000 56000 63000 70000 77000 84000 91000 98000 105000 112000 119000 126000 133000 140000 147000 154000 161000 168000 175000 182000 189000 196000 203000 210000 217000 224000 231000 238000 245000 252000 259000 266000 273000 280000 287000 294000 301000 308000 315000 322000 329000 336000 343000 350000
51
 0 7000 14000 21000 28000 35000 42000 49000 56000 63000 70000 77000 84000 91000 98000 105000 112000 119000 126000 133000 140000 147000 154000 161000 168000 175000 182000 189000 196000 203000 210000 217000 224000 231000 238000 245000 252000 259000 266000 273000 280000 287000 294000 301000 308000 315000 322000 329000 336000 343000 350000
51
 0 7000 14000 21000 28000 35000 42000 49000 56000 63000 70000 77000 84000 91000 98000 105000 112000 119000 126000 133000 140000 147000 154000 161000 168000 175000 182000 189000 196000 203000 210000 217000 224000 231000 238000 245000 252000 259000 266000 273000 280000 287000 294000 301000 308000 315000 322000 329000 336000 343000 350000
