11
SGD
5
51
 -1.9301245637276456 -4.608142980669364 -5.00279357997145 -5.225408657479668 -5.383356870900681 -5.503097954716937 -5.60108232770698 -5.680670619149137 -5.752090680980595 -5.814499122899681 -5.870712600120065 -5.92073613323322 -5.966800178550169 -6.007395772833476 -6.045155950185547 -6.081803617215586 -6.115037312527492 -6.145790867338606 -6.174552808992318 -6.201853726079083 -6.228113806418787 -6.252835645388097 -6.276603541985453 -6.29853811283951 -6.31997512011094 -6.339828839771394 -6.359726454582434 -6.378360507366428 -6.396715112396257 -6.414281979563481 -6.43123019099677 -6.448173734371763 -6.464181412638229 -6.479467175614551 -6.4934409991437105 -6.507413785488994 -6.52132809639791 -6.534641496576953 -6.547602276610241 -6.560568897940988 -6.573105145261947 -6.585310962105893 -6.597391036792633 -6.609454609179445 -6.620771442153488 -6.631735064676469 -6.642594301410453 -6.653063892601951 -6.663329015080393 -6.673519963107334 -6.6833553425708345
51
 -1.9301245637276456 -4.578241674455999 -4.97521548237608 -5.200784139986772 -5.357999746975348 -5.477117998217182 -5.575729241382194 -5.658585116287226 -5.7296609811827395 -5.792417363718304 -5.848690070376675 -5.898726186441345 -5.943581109455759 -5.984132331240549 -6.021848519704384 -6.057803524471884 -6.09150734366729 -6.122035502027176 -6.150822197811684 -6.1781827462271774 -6.20531769117059 -6.2298707728676455 -6.253392812821437 -6.276649255316746 -6.2992341130572935 -6.319832258159061 -6.339883978558593 -6.35886971171178 -6.377274192228566 -6.395045169495667 -6.412322936411146 -6.428454443811943 -6.444895429568946 -6.460496772507306 -6.47566544616003 -6.490263091495281 -6.5040478167501075 -6.517196832900803 -6.52998393947287 -6.542681914725064 -6.555238547235293 -6.567332124258951 -6.578867572641469 -6.590484794527873 -6.602239421284352 -6.613545343941188 -6.624428088483116 -6.635015602056572 -6.64541630676749 -6.655249305089762 -6.665106242595339
51
 -1.9301245637276456 -4.686332637296093 -5.07887751767624 -5.30007374862196 -5.458057926865787 -5.57804358139835 -5.675511246370615 -5.75751179085518 -5.8260425403166956 -5.8873595863313115 -5.941724523606313 -5.9901342650534675 -6.035420614282904 -6.0766593577858625 -6.114130408860596 -6.1489348610449435 -6.181232340575345 -6.212121854970375 -6.241248632265239 -6.2676107718423895 -6.29359898200564 -6.318500413771156 -6.341720636219453 -6.364198529444744 -6.385976196285704 -6.406470180580636 -6.424820409667603 -6.443808935775332 -6.461814596990466 -6.479611113724443 -6.495919408664514 -6.512290929131838 -6.528215528504208 -6.543312878583159 -6.558334498788288 -6.57252457344973 -6.586440078068055 -6.599697866263954 -6.612893552979812 -6.625517758540262 -6.6377880091500865 -6.6498990104262505 -6.661647746366541 -6.67288383877264 -6.683879522819579 -6.694808049835553 -6.705677706736544 -6.716206759236863 -6.726325705196876 -6.736395508308788 -6.746041071992545
51
 -1.9301245637276456 -4.5938087951793305 -4.978771239394159 -5.2028918231899635 -5.360265486457347 -5.479117714329792 -5.577022501109309 -5.658991994217073 -5.727763610004596 -5.789349708587583 -5.844840761656285 -5.893979279958608 -5.9377645003587824 -5.979104390218751 -6.016801373736859 -6.051328607422199 -6.0837099221095885 -6.113980553205084 -6.1420369072777765 -6.1683575299924005 -6.193689171973627 -6.217941400056076 -6.241339646239057 -6.263387287478938 -6.284766083569938 -6.3056970294762165 -6.324829079245825 -6.343207535352348 -6.360662888017708 -6.377985751642866 -6.395323408798183 -6.411929304202954 -6.427414028953302 -6.44281522441314 -6.457426946516037 -6.47171255765406 -6.485769997339627 -6.4994469252137215 -6.5123530426105 -6.525377652530441 -6.537694768129455 -6.549779472719365 -6.5612897597343425 -6.573054065026794 -6.58426804204675 -6.594990933211018 -6.605675658899714 -6.61605508810623 -6.626448264255153 -6.636566213485062 -6.646032249224287
51
 -1.9301245637276456 -4.628415979441559 -5.018821101262667 -5.241356422621231 -5.394907972915267 -5.51453579027537 -5.611205470135459 -5.693041993331546 -5.760486711926432 -5.82141629455875 -5.875331427926589 -5.924234336683583 -5.968648298409242 -6.009726182071286 -6.045867387120633 -6.081149621525543 -6.113308197922455 -6.143704973945725 -6.171873794934552 -6.199206445250182 -6.223883301743376 -6.248027785648209 -6.2714816986215025 -6.294115918887132 -6.314668246967019 -6.335122957573113 -6.354459512172687 -6.373361258878595 -6.391268204696995 -6.4088969803838705 -6.425740158616259 -6.441777222283596 -6.4572644340104395 -6.472165227562515 -6.486618565240692 -6.500990700806227 -6.514794859846441 -6.528027156000217 -6.541078912668756 -6.553528908671678 -6.565646100160395 -6.577702389603572 -6.589482252193698 -6.600911107612336 -6.611901454655991 -6.622509234545115 -6.632573170347768 -6.642768253243489 -6.652693584151491 -6.662671765849883 -6.672317074622566
SAGA
5
51
 -1.9301245637276456 -2.2284208517242368 -2.516666347734373 -2.787479215956629 -3.0422615539945044 -3.2873914807285187 -3.524434245568057 -3.7482531517314444 -3.9681873094084676 -4.181481052827261 -4.386379634952459 -4.593614891098371 -4.793907161241191 -4.989427594094426 -5.1846945987197115 -5.373662886589666 -5.561926866268211 -5.749967403584825 -5.930702334528667 -6.110209655014231 -6.289173362214774 -6.46855338312649 -6.644310461980222 -6.81557922295374 -6.98269263225247 -7.151791212659255 -7.320133865745178 -7.486105173719105 -7.650127575963496 -7.813823930407633 -7.969910326631242 -8.131445453555825 -8.294042267086498 -8.446741566011701 -8.597043291117993 -8.74999000448702 -8.903052486831395 -9.054925886673994 -9.208213882987666 -9.35784900114238 -9.502139327359755 -9.648900538521128 -9.79617288694328 -9.935668256571901 -10.084379559600853 -10.222555614849309 -10.358467591971449 -10.498136825128167 -10.635059577577668 -10.768833388611462 -10.908611465971802
51
 -1.9301245637276456 -2.2394682954895053 -2.520599772888362 -2.792032016573312 -3.047340077877379 -3.2915785553088783 -3.5290047249386256 -3.7509147077693816 -3.9696804765089246 -4.183688615882627 -4.391191667147804 -4.593923016077538 -4.7923065945642565 -4.989173076972101 -5.181977519278989 -5.370477701045154 -5.555714902919434 -5.737823697575249 -5.921144993171296 -6.102953055372289 -6.277125541096706 -6.447236951544258 -6.6218302983442126 -6.790047512876566 -6.960438515272129 -7.131563320896135 -7.2980131551239795 -7.462957759250729 -7.62710747264393 -7.784466073066961 -7.948597973933259 -8.108502471402018 -8.267150181035811 -8.425155018254015 -8.582556024409042 -8.734511140893067 -8.886066278426284 -9.035242891823524 -9.184826921900719 -9.330229372918248 -9.473160545848295 -9.624371278423103 -9.773543744828338 -9.913549342626123 -10.059001158250858 -10.202945960853006 -10.345494771317144 -10.484847615660252 -10.620807633622357 -10.764258318944849 -10.901423411436003
51
 -1.9301245637276456 -2.234450974114022 -2.5222044748640955 -2.7891326269407095 -3.0461864451943996 -3.2891148847106013 -3.5210629960722866 -3.746010336753533 -3.9625878079055243 -4.178079193818415 -4.385832978832446 -4.587312219780158 -4.787762849001866 -4.980775843870024 -5.171747291195553 -5.366130798744909 -5.552530922798936 -5.7349538184273845 -5.918613681117866 -6.10063831902185 -6.274989666707292 -6.452914859772848 -6.625252300259995 -6.7970626534611736 -6.9641250861067086 -7.1318250319426 -7.295967947077607 -7.4632631600715085 -7.627554671529322 -7.790002600115895 -7.949327923719435 -8.104895733880676 -8.261554320417872 -8.412343590484099 -8.567151024903787 -8.71777609742559 -8.872622841741817 -9.02358104604147 -9.17216630089708 -9.323507168355071 -9.468015667855834 -9.619057847612991 -9.765431392182759 -9.911195763577336 -10.057077510302165 -10.194749482944365 -10.336648753764647 -10.474134606520376 -10.610687178567353 -10.745000493231908 -10.88319022276789
51
 -1.9301245637276456 -2.2350545227235057 -2.523813790064703 -2.7931491976529936 -3.0513623237003125 -3.29796034794957 -3.5322475199292778 -3.7583908062819127 -3.9792615707882337 -4.193382871501302 -4.401561701150932 -4.606110942310187 -4.803760818217211 -5.000737883481813 -5.19472764783445 -5.388312500184241 -5.573833188790761 -5.7581159981833565 -5.942105186015962 -6.121528298955374 -6.297916988816922 -6.475424494754576 -6.649112893134482 -6.8213912818222076 -6.991511467899637 -7.165392674019307 -7.331212972640655 -7.495616323409488 -7.65975762285366 -7.8199250658738375 -7.977605387065684 -8.132927071555585 -8.287435494023102 -8.439304344047539 -8.591161448870146 -8.747931567585049 -8.89769921447643 -9.047609753523705 -9.197497390152153 -9.349535844812596 -9.498820654846051 -9.64836766382749 -9.792217387987066 -9.93849690657512 -10.079506718085069 -10.225853064638292 -10.367428059352786 -10.506647063768204 -10.648013196409064 -10.788619761152809 -10.92970573931761
51
 -1.9301245637276456 -2.2406825712384095 -2.528329774066013 -2.798059634658154 -3.052461437454999 -3.2944649773026096 -3.528928274198474 -3.7545277647798074 -3.975614869062416 -4.188379448231355 -4.398379717636873 -4.6016520007864 -4.8021009898909055 -4.997393182314791 -5.18809422633686 -5.373969278942547 -5.56257114457975 -5.750878877533851 -5.934154534299993 -6.10964407402681 -6.288959105935601 -6.460625279472112 -6.635667671519532 -6.804299132427339 -6.9748803296515405 -7.143767688935268 -7.3070583773415105 -7.4706089083383 -7.638196214450774 -7.803993278332494 -7.959779657364564 -8.12081523825107 -8.279077503517575 -8.438092112129624 -8.594345694185021 -8.748195611379193 -8.9027771377433 -9.051551750917586 -9.203082813457959 -9.349403217283578 -9.492787190790548 -9.644012131659105 -9.789016864385891 -9.931503606931178 -10.074434324506175 -10.217227266882238 -10.359069106114326 -10.50034073430089 -10.63921387274077 -10.76917964442991 -10.906690536898374
dyna-SAGA
10
51
 -1.9301245637276456 -4.725682032425742 -6.017641246811193 -6.747056412220887 -7.247861783193168 -7.6482935626752555 -7.963644636473056 -8.224902983170468 -8.461563667178114 -8.674422570800457 -8.861644898865723 -9.041985649343133 -9.213779389927296 -9.383546790352929 -9.55237978671944 -9.708571010810745 -9.864888523358612 -10.018394288879366 -10.171214078866084 -10.297303373523446 -10.403116323155484 -10.505620483625394 -10.609953404494636 -10.712926210305621 -10.815233297935329 -10.918354838293524 -11.020938794266133 -11.12177400438816 -11.221154309126424 -11.320953630517472 -11.421887729179787 -11.522199773170362 -11.622762497953948 -11.723300145910367 -11.823217755325956 -11.921886234774608 -12.02166985128317 -12.121879700165218 -12.221016079437971 -12.321290721278476 -12.419476135989854 -12.518129103978406 -12.617370923138925 -12.71649206728293 -12.813606262081738 -12.910787833687111 -13.00849157682521 -13.105071014714238 -13.201886284444354 -13.298162251008641 -13.394879698127282
51
 -1.9301245637276456 -3.962778872401514 -5.380081587778617 -6.280672091996719 -6.903187759992476 -7.3682653425703 -7.751768281000442 -8.076778574186916 -8.351984886542773 -8.591356819920303 -8.818813000856915 -9.017208155488087 -9.213983065552979 -9.393868450387734 -9.562198671828561 -9.719812181779723 -9.886301706989663 -10.040629622479301 -10.200480836944573 -10.34503008760254 -10.457934096853606 -10.569793032803886 -10.677599565177115 -10.789884297135911 -10.898507855063189 -11.005686052775834 -11.112971047758535 -11.220658007411972 -11.329841954337695 -11.43686685790459 -11.543298124812603 -11.651362173399358 -11.757980869714125 -11.86257744964228 -11.967540316175127 -12.07191034731708 -12.176642563201344 -12.279671840025092 -12.383147072824528 -12.487533147629424 -12.58802466757532 -12.690481178204571 -12.79129263452315 -12.893331808882389 -12.995344929415221 -13.097225660044165 -13.19877412702681 -13.298017076833641 -13.398436526444376 -13.497809145674315 -13.597094883203843
51
 -1.9301245637276456 -4.725071349300324 -6.004675197418483 -6.732890576696599 -7.226445645515772 -7.6339641408565395 -7.948682735730301 -8.212073142807498 -8.445835258529348 -8.664535832223539 -8.854276761728231 -9.035422209186368 -9.208787366560973 -9.380373806358966 -9.549989055952892 -9.704772431199842 -9.860711947200784 -10.012889956144644 -10.166960732383002 -10.292812273807245 -10.398640284023614 -10.501387635403054 -10.60318053014275 -10.707443044333436 -10.810238013196553 -10.91155875659292 -11.013435932999808 -11.11512335658582 -11.21600011206716 -11.317968546333761 -11.41791596038546 -11.517538342698217 -11.615951158448635 -11.715811896244817 -11.815739406109333 -11.916297510455799 -12.014930935835745 -12.114448510263124 -12.21422475020458 -12.312980504949206 -12.412841588607442 -12.51151660323588 -12.611552182740281 -12.708672673040562 -12.806983947899452 -12.904827086099248 -13.003601478355636 -13.102307153585802 -13.201218885665137 -13.298239120751743 -13.395576825869302
51
 -1.9301245637276456 -3.9392647658479576 -5.367297288501747 -6.270194678384807 -6.887686507358863 -7.36057166420871 -7.7493569257086286 -8.068651662299446 -8.340656451626385 -8.57769770492763 -8.803844166188293 -8.999543132606092 -9.193642582933672 -9.372198002452981 -9.53997421365804 -9.699894452443784 -9.866389789955562 -10.018289202469035 -10.178529741883018 -10.323400229191948 -10.434260700311086 -10.543793531723985 -10.655285314797789 -10.766902242589675 -10.875667832527682 -10.981721644674698 -11.091770128442628 -11.2003852329334 -11.30840359888114 -11.416919605149824 -11.523135738133677 -11.629963281740913 -11.736688627547595 -11.840072778333617 -11.94232280356968 -12.046243377466057 -12.151074722016766 -12.253497396210284 -12.354990312812768 -12.458953630636083 -12.562837359677257 -12.66610278437763 -12.766495639531824 -12.869028129137389 -12.972664824217096 -13.074683228937811 -13.175710070549766 -13.27616232601591 -13.376817217811489 -13.478952866613039 -13.578855061716096
51
 -1.9301245637276456 -4.730151054359092 -6.009414271374555 -6.729312399842696 -7.2364701463748276 -7.63899974272692 -7.954512814254044 -8.217798740042584 -8.455773852126514 -8.671459682966605 -8.858146780246422 -9.038142550501576 -9.210166671674124 -9.378416117305463 -9.547963640740749 -9.70505740076947 -9.862252452760844 -10.015662266460891 -10.16867336693023 -10.294828233418825 -10.39902239127611 -10.502003954089815 -10.60345296498697 -10.704677524817281 -10.805997513927165 -10.90665770414722 -11.008142512530126 -11.109885767611082 -11.211801517582517 -11.312925463615626 -11.411514909421715 -11.51141983279233 -11.610950777889935 -11.711331914486598 -11.810833129307797 -11.91050607381556 -12.010227026547954 -12.109563304747839 -12.207576739692456 -12.30735954548095 -12.405008139867087 -12.502901329435694 -12.601210425852008 -12.700269091321521 -12.797646643003004 -12.8944319329965 -12.993477940958638 -13.092172585468292 -13.18940264441843 -13.2879406312407 -13.386566122267531
51
 -1.9301245637276456 -3.942926390420779 -5.356580401863438 -6.249269817966701 -6.869252157306313 -7.346543527108447 -7.740299942327226 -8.069359017419373 -8.34602049838194 -8.583303464154952 -8.80730127447475 -9.007015098508546 -9.202985257496785 -9.380746810982853 -9.551267251085738 -9.710354634317252 -9.876970271955559 -10.028044138436739 -10.187843200178513 -10.335108044477819 -10.446551022341085 -10.55807164701628 -10.66825067035524 -10.778824810206467 -10.888997139086179 -10.999795654129242 -11.109214942114827 -11.218873274365288 -11.327019789856031 -11.433981880181696 -11.540509205346247 -11.644906175829998 -11.75015341309545 -11.854427056452783 -11.959331571224059 -12.06182542619543 -12.165811000512685 -12.269810140555771 -12.373206047263054 -12.475162608801655 -12.578228745969467 -12.68056961835279 -12.784612258471766 -12.886781377792468 -12.98692793396126 -13.088681023424854 -13.190692649648089 -13.29237894115354 -13.392908396685694 -13.494374678283767 -13.59293265437606
51
 -1.9301245637276456 -4.7568489754430505 -6.035307062212954 -6.757318275503174 -7.252756248714613 -7.657454873729897 -7.973187137914571 -8.234146597185493 -8.468637581135537 -8.682865168242389 -8.869221261154618 -9.049823838349338 -9.223006596676537 -9.392567297665543 -9.56042011444117 -9.717847663069364 -9.873942106425195 -10.026648233955415 -10.180137524374674 -10.306852967507748 -10.410125137280584 -10.51301770015751 -10.615258468192607 -10.718933750989194 -10.821305781867848 -10.922755290886501 -11.024379721793888 -11.125345707773299 -11.226633829355574 -11.327644596932911 -11.427458893594922 -11.528157145411829 -11.627483493751651 -11.728867625792027 -11.828734447185548 -11.929090587478989 -12.029640025041198 -12.129940852483909 -12.22821239690517 -12.326652101090456 -12.4264663400413 -12.525833554611769 -12.626158301000324 -12.725584580799616 -12.823129793169162 -12.920374050120161 -13.018327474934615 -13.115747640297844 -13.21445272446338 -13.311737899415583 -13.41052127364373
51
 -1.9301245637276456 -3.94607560618415 -5.37430920184881 -6.261307915872895 -6.880368397530012 -7.3597997900809125 -7.7438714145447465 -8.068748685645218 -8.345574538595194 -8.584714490373416 -8.810627223086476 -9.0066696518657 -9.205946790480233 -9.385814737301281 -9.552583776220665 -9.711342307223157 -9.877371124787048 -10.029931163739146 -10.188069167085713 -10.335522550241487 -10.446161608779903 -10.55534820233338 -10.666748979877353 -10.776651974210111 -10.884185786613505 -10.99528794598706 -11.103280734016233 -11.21193280645225 -11.319074870440817 -11.428356772739914 -11.535086558933244 -11.642286088083063 -11.747567823151538 -11.852848812716276 -11.956736226460158 -12.061832773028355 -12.164940128744922 -12.26911269987508 -12.373877974604808 -12.476132606804097 -12.579651693129998 -12.681708096260948 -12.78282030547902 -12.885987959149206 -12.98473076027113 -13.08538891814825 -13.186267296734462 -13.287328994608052 -13.38641266093435 -13.489512017257248 -13.590728890359522
51
 -1.9301245637276456 -4.737512371531729 -6.014013128876845 -6.738990991589668 -7.24284896220442 -7.647394821473202 -7.962323134292871 -8.226369574708645 -8.462302884997378 -8.676400971638765 -8.8642683094455 -9.042778939691496 -9.214777500190229 -9.386879841227396 -9.556020706444412 -9.71126371457733 -9.86858503460701 -10.020561517096192 -10.174775944414622 -10.300210686224382 -10.402721996352994 -10.505761965615521 -10.607872124784178 -10.710356899527362 -10.812905946370075 -10.914446213700671 -11.018209537585518 -11.121822385251436 -11.222048997542826 -11.321943770742054 -11.422802723541544 -11.522785651594235 -11.622630292669491 -11.722550703243357 -11.82196326197217 -11.920750475676593 -12.0201384007552 -12.120150846607638 -12.219286950303124 -12.318161224676818 -12.417147911178297 -12.515744155120926 -12.613801917873728 -12.711014226167007 -12.808819514752471 -12.907321761405916 -13.0057295535887 -13.10379332319757 -13.20199207028365 -13.299671585180375 -13.398381114281138
51
 -1.9301245637276456 -3.9300138386380428 -5.358731992884005 -6.269586242137584 -6.881006656363875 -7.36154588503612 -7.750608888635256 -8.075525776164787 -8.35172470362166 -8.59151527208506 -8.815456264357675 -9.010442164840306 -9.209209633139393 -9.388408887137572 -9.552420583004304 -9.710175730570425 -9.877083716116083 -10.030330354684192 -10.190500874963526 -10.338955999165707 -10.453404754275402 -10.564189678504277 -10.674062750448467 -10.782842848959937 -10.890561374462482 -10.999558134173478 -11.1080013611879 -11.216262565667018 -11.323696402875287 -11.431254081447568 -11.538802508713829 -11.643914441074958 -11.748972555392477 -11.854412890261 -11.959835519550198 -12.06321312029428 -12.16712201228855 -12.271846222848335 -12.37649472040932 -12.477958185104896 -12.580499259992155 -12.681980412170883 -12.785436594940197 -12.88511539663715 -12.987456802913037 -13.088114192119567 -13.190326999402785 -13.292465189732216 -13.392074996766691 -13.490311151690353 -13.5920625548666
dyna-alternating
5
51
 -1.9301245637276456 -4.653814054919711 -5.659886793640533 -6.2666477855289315 -6.643161680820445 -6.9765736053223115 -7.224602041858605 -7.410446149106103 -7.5996167026396435 -7.777494575935756 -7.953369574935923 -8.114198368932096 -8.227738491209704 -8.340461309384704 -8.450867201225702 -8.557662386431517 -8.671138165788195 -8.776448892332004 -8.890061649750976 -9.00211678737713 -9.110310296963943 -9.222280212883659 -9.329026564837983 -9.436500215417071 -9.542604493645026 -9.649235954194591 -9.750393330687631 -9.853679012584623 -9.957146011282626 -10.058373992225723 -10.161859880604364 -10.263200196371526 -10.367012029470295 -10.472103528259913 -10.571005945449667 -10.672314814025883 -10.772981590515117 -10.875222336914184 -10.975365309633935 -11.076621571837073 -11.175303459808417 -11.276411184765397 -11.374976646873648 -11.4767603471576 -11.574165537959871 -11.672829949222328 -11.770101774530454 -11.866558733489219 -11.967151301003124 -12.065406314515764 -12.164468189844273
51
 -1.9301245637276456 -4.657867359301694 -5.66544368071149 -6.2931142371440005 -6.666585019320145 -7.0156546822468036 -7.263181579715086 -7.449814068598831 -7.6255473669335965 -7.804347444602404 -7.971111685184923 -8.133913718672398 -8.249062687659768 -8.361327693467343 -8.473584541977262 -8.584897643874132 -8.692757926646003 -8.801749413246316 -8.91063032870844 -9.019748000674678 -9.12864310849088 -9.23449306276668 -9.336676019606548 -9.4404581820798 -9.548852417163328 -9.652913661410746 -9.75853915686529 -9.86497257693229 -9.971899059466413 -10.073757715936896 -10.176669363823267 -10.28073365984642 -10.38291202763682 -10.486805386335332 -10.58509728076182 -10.687340550126914 -10.786740152609296 -10.888463176523388 -10.989323348794347 -11.088848861930328 -11.19063038871087 -11.290366457302513 -11.390557342766067 -11.490123586708389 -11.589155964901067 -11.689161608587169 -11.78803519027945 -11.886887259250326 -11.984677522990603 -12.083924489797694 -12.185375487435602
51
 -1.9301245637276456 -4.644167082923493 -5.657944257588072 -6.260274094702349 -6.642637280650186 -6.985592469870387 -7.2409348997158025 -7.421639007274693 -7.598062386867243 -7.762331774697204 -7.935579974504487 -8.094228982390316 -8.211988398367136 -8.322857029557323 -8.435811744052181 -8.547579101246544 -8.65641707425237 -8.767216921131052 -8.871418522737768 -8.980388264490218 -9.08531142026907 -9.191845190445 -9.300351872733879 -9.409403690625638 -9.51936716620834 -9.627086616384204 -9.73245229903605 -9.836190094315292 -9.942108598780703 -10.046919265013752 -10.148294486550384 -10.249711675990289 -10.353489262753966 -10.455408463193137 -10.554112947296838 -10.656361549163567 -10.754837491643942 -10.856001000657317 -10.957809304692013 -11.060070478245535 -11.160685377746402 -11.258665694849658 -11.362152687805505 -11.46547605103648 -11.56526540252304 -11.663431954172337 -11.763035096715223 -11.862629594360065 -11.960421932712654 -12.05873434357925 -12.158703895257792
51
 -1.9301245637276456 -4.6174975097225195 -5.618414959404522 -6.236374551844885 -6.611603965428143 -6.9479314735664905 -7.209778737587235 -7.397621624997427 -7.581886440940611 -7.759457852508599 -7.9247549655699965 -8.093169095665571 -8.208532622450809 -8.320025108363984 -8.434535149765306 -8.541566321101296 -8.653494189218984 -8.761769811093453 -8.870423393338143 -8.983069837613252 -9.092467616102931 -9.20500574559567 -9.312616929712824 -9.414299067743336 -9.522878841559775 -9.627035018606957 -9.734126873659278 -9.83815306835062 -9.94093368762832 -10.045817664057532 -10.149740106096843 -10.250784430330373 -10.351007922420882 -10.454439886183124 -10.56166949846988 -10.662136272341607 -10.761745533267689 -10.862111934016477 -10.96280952906692 -11.06224685864839 -11.164078500865564 -11.264139077025133 -11.364068373197657 -11.466196269881417 -11.563074901444839 -11.664342713076168 -11.764606520085003 -11.863127943259947 -11.963926036655932 -12.061838355024726 -12.159565241607883
51
 -1.9301245637276456 -4.638630514243808 -5.633158242141509 -6.242234040730125 -6.616824710789747 -6.94863020819194 -7.211111510514423 -7.400567261493995 -7.5851935063545 -7.760998874326517 -7.9322946378005135 -8.096178540872621 -8.212152068968079 -8.33277005014719 -8.44916851441432 -8.555507430222244 -8.665217292043206 -8.775677351093806 -8.890071990084497 -9.00110349164597 -9.10471364881439 -9.211276876220419 -9.318850512823014 -9.425726588248015 -9.532366763860349 -9.638760327490886 -9.744348453009676 -9.848183158939568 -9.951659385041975 -10.056440356838566 -10.156422574613597 -10.256121835387624 -10.358982950022439 -10.461249783427196 -10.56039649508612 -10.663225727543988 -10.765653561488866 -10.864094538766834 -10.96454828100665 -11.066599263138892 -11.16458132104104 -11.264783692287583 -11.36709228774823 -11.466798810985992 -11.56582169309524 -11.664315909655956 -11.764337618864394 -11.862774705805972 -11.961691326812739 -12.062389059301129 -12.160219235495925
MainSSVRG
5
51
 -1.9301245637276456 -2.1388772139167593 -2.4395754650623296 -2.7217667183994414 -2.984554699309243 -3.232709016123445 -3.4639597201265344 -3.6030160415775425 -3.6668846267134554 -3.6668846267134554 -3.6668846267134554 -3.6668846267134554 -3.874102549012636 -4.091455406400376 -4.302332011867374 -4.5083099366542765 -4.707906639257543 -4.852011068306308 -4.852011068306308 -4.852011068306308 -4.852011068306308 -4.852011068306308 -4.852011068306308 -4.852011068306308 -4.852011068306308 -4.852011068306308 -4.852011068306308 -5.040438204714895 -5.099417384183787 -5.099417384183787 -5.099417384183787 -5.099417384183787 -5.099417384183787 -5.099417384183787 -5.099417384183787 -5.099417384183787 -5.099417384183787 -5.17471748276709 -5.362374085556332 -5.533105093488989 -5.533105093488989 -5.533105093488989 -5.533105093488989 -5.533105093488989 -5.533105093488989 -5.533105093488989 -5.533105093488989 -5.533105093488989 -5.533105093488989 -5.675816714326876 -5.7077396923128
51
 -1.9301245637276456 -2.1382933813522573 -2.437484338434412 -2.7140160830384312 -2.9728434630001517 -3.212535563374568 -3.4031228253885923 -3.4314453791815778 -3.6635970730928356 -3.8885241562432613 -4.1066809872451335 -4.318283434730984 -4.523438757325787 -4.722259813774952 -4.775074878120752 -4.775074878120752 -4.775074878120752 -4.896075813285139 -5.090421423191605 -5.280206891688285 -5.4665025923664725 -5.648056595779316 -5.793152862873923 -5.793152862873923 -5.793152862873923 -5.793152862873923 -5.793152862873923 -5.793152862873923 -5.793152862873923 -5.793152862873923 -5.793152862873923 -5.793152862873923 -5.8796208710807925 -5.8796208710807925 -5.8796208710807925 -5.8796208710807925 -5.8796208710807925 -5.8796208710807925 -5.8796208710807925 -5.8796208710807925 -5.8796208710807925 -5.899283310245081 -6.075604418715276 -6.2493465798935 -6.420104582766858 -6.588582169993573 -6.753905100730676 -6.828283911971712 -6.828283911971712 -6.828283911971712 -6.828283911971712
51
 -1.9301245637276456 -2.1411306985860645 -2.4452696602391164 -2.7288628234848282 -2.994015757289584 -3.244686436345918 -3.4752166537597415 -3.6926784608593586 -3.8921864075550543 -4.0473103198899985 -4.072773767068981 -4.259248715858326 -4.259248715858326 -4.259248715858326 -4.259248715858326 -4.450122499461848 -4.646014403709368 -4.837568174552052 -5.0247268057564165 -5.173053236829366 -5.173053236829366 -5.173053236829366 -5.173053236829366 -5.173053236829366 -5.173053236829366 -5.173053236829366 -5.173053236829366 -5.173053236829366 -5.173053236829366 -5.33519755535769 -5.513622760746263 -5.688859242747144 -5.860669336239487 -6.029513530104221 -6.102049024070316 -6.102049024070316 -6.102049024070316 -6.102049024070316 -6.102049024070316 -6.102049024070316 -6.102049024070316 -6.102049024070316 -6.102049024070316 -6.147113356957605 -6.313747855356605 -6.477693369526504 -6.638919850119714 -6.7974221054569055 -6.953397707615274 -7.106881482741512 -7.233009344996419
51
 -1.9301245637276456 -2.14031431909812 -2.4420886901890357 -2.72216933553012 -2.984923959097699 -3.1789935391958264 -3.2202949575201933 -3.354884592728268 -3.354884592728268 -3.354884592728268 -3.4307541929741285 -3.660737511053743 -3.8820565158073945 -4.095936434476591 -4.303284782776058 -4.506538637575225 -4.704430742977006 -4.896789325255324 -5.085277742903063 -5.2238112633262785 -5.2238112633262785 -5.2238112633262785 -5.2238112633262785 -5.2238112633262785 -5.2238112633262785 -5.2238112633262785 -5.2238112633262785 -5.2238112633262785 -5.2238112633262785 -5.4028866399791795 -5.587376802495792 -5.738636935637155 -5.738636935637155 -5.738636935637155 -5.738636935637155 -5.738636935637155 -5.738636935637155 -5.738636935637155 -5.738636935637155 -5.738636935637155 -5.738636935637155 -5.897081961581565 -6.076786681838498 -6.253934443368113 -6.42928287847687 -6.601477961912153 -6.771595218976568 -6.940146724118657 -7.105356580028545 -7.262123553857856 -7.262123553857856
51
 -1.9301245637276456 -2.1401944523217202 -2.443443752149317 -2.726257744215668 -2.988729755325298 -3.0290477203996393 -3.2313824985399684 -3.4728634466152752 -3.704389135618406 -3.925395125175995 -4.139185017388282 -4.344930859710902 -4.487990731938837 -4.487990731938837 -4.487990731938837 -4.52151234113385 -4.721255950574096 -4.916888620996618 -5.108195467975854 -5.295344691159027 -5.479562895772473 -5.659012715050687 -5.833824954619912 -6.00516662398184 -6.171654883092112 -6.177586660775641 -6.177586660775641 -6.177586660775641 -6.177586660775641 -6.177586660775641 -6.177586660775641 -6.177586660775641 -6.177586660775641 -6.177586660775641 -6.294496103089052 -6.467768171034313 -6.638541721177686 -6.807151939511572 -6.953699667057065 -6.953699667057065 -6.953699667057065 -6.953699667057065 -6.953699667057065 -6.953699667057065 -6.953699667057065 -6.953699667057065 -6.953699667057065 -6.953699667057065 -7.089627153219778 -7.144857056141291 -7.144857056141291
SGD:0.05
5
51
 -1.9301245637276456 -3.744432080303525 -5.112720385539377 -6.272103748709892 -7.316708076147277 -8.077329441461721 -8.649024662982404 -9.102896783936883 -9.37993412866438 -9.58777632186171 -9.659434335761263 -9.695326777307205 -9.761538125815695 -9.747695192869639 -9.797588637837732 -9.798754425079908 -9.755066190753634 -9.751554815289527 -9.650473373616984 -9.739186362709258 -9.803906042341595 -9.814124065161769 -9.775089456425427 -9.773649889590882 -9.77535215523271 -9.829448764917354 -9.86038709855521 -9.870141566841921 -9.836365479973246 -9.896192282991867 -9.849209820667376 -9.859264106869082 -9.835384254804232 -9.769780739127752 -9.760728482280054 -9.857250090700406 -9.849699065982456 -9.885370185910833 -9.868375574813024 -9.865206239894775 -9.831641994487942 -9.848317187802376 -9.854385147483427 -9.874616745367598 -9.799154420711135 -9.791615147295575 -9.823192367634068 -9.826879113724893 -9.806953696619301 -9.796582922395853 -9.813844477248807
51
 -1.9301245637276456 -3.7239577098832233 -5.123397656420107 -6.325829552220517 -7.338393475814197 -8.132693481938828 -8.753173880808054 -9.16316599817513 -9.37161733867511 -9.525333712784827 -9.586418105349797 -9.672786492254096 -9.7858336550263 -9.750043608781882 -9.734209578984169 -9.792623200055216 -9.810854041918953 -9.823603907657725 -9.811019208413242 -9.840583234813527 -9.846037542683895 -9.836770312050918 -9.828830623993962 -9.83104958841993 -9.78981442146225 -9.824330554322385 -9.856007401069116 -9.840723240787957 -9.853743434110816 -9.815823638552901 -9.836641386648552 -9.857604837554469 -9.852538147541425 -9.837758544430972 -9.791938668802494 -9.799884792151781 -9.813169776874922 -9.803874796159041 -9.85556463830496 -9.858813543252916 -9.845799288313005 -9.849761989188579 -9.848089322863128 -9.819174986133262 -9.813260289164488 -9.821499821710669 -9.79820789285489 -9.766470647902995 -9.741093699225658 -9.804644773989036 -9.768040307554202
51
 -1.9301245637276456 -3.6994159751012643 -5.134450500914218 -6.301112774895724 -7.311497854681216 -8.113054955829446 -8.744848336380887 -9.158219585593809 -9.451449622844494 -9.581605202903644 -9.62964626380714 -9.71269136794482 -9.753765778759488 -9.763262956155863 -9.78902079386657 -9.774258905174243 -9.784947750817457 -9.795330744280486 -9.763442993787969 -9.77444229389655 -9.806935972757952 -9.860178479408459 -9.843324843117596 -9.838705058684416 -9.869491149906025 -9.88308834530012 -9.816106263044786 -9.841287407952652 -9.897901616429808 -9.855725140035794 -9.87016811065735 -9.863623406509255 -9.859259161887298 -9.811499132172266 -9.821282644224539 -9.84746369714208 -9.813905029175237 -9.756177056676 -9.777176157198499 -9.756736187453988 -9.808570709195882 -9.83223616097334 -9.771675079300204 -9.831517553593864 -9.806171795741772 -9.84281205765375 -9.81847762321533 -9.83516242308198 -9.838730711249106 -9.82351056390122 -9.829229959557527
51
 -1.9301245637276456 -3.740385043122627 -5.1399932292451735 -6.309503329352399 -7.2784701461281935 -8.103475601439387 -8.666488791792599 -9.081811328349145 -9.366285293236869 -9.516778462109304 -9.577346346500372 -9.651765216016027 -9.733882636930176 -9.81168569878425 -9.795983586162317 -9.765053793918245 -9.797173281540891 -9.846372966655073 -9.806611744808965 -9.794321985031996 -9.801279993411796 -9.839638846531571 -9.779033714250883 -9.79690536867253 -9.836712689876503 -9.90286413811328 -9.87914690750863 -9.876555225808875 -9.838478105820398 -9.827672639993736 -9.793533545681548 -9.762758485059383 -9.810014316279204 -9.835098153443923 -9.828589615745287 -9.812408467126938 -9.814883437046436 -9.817737914610735 -9.854305307962791 -9.884532738830748 -9.90579122803774 -9.874160524517537 -9.830987517377846 -9.837789966769558 -9.840196835114892 -9.866217590459211 -9.830190418278526 -9.837740439497209 -9.83762499122697 -9.796818574508737 -9.790227200202825
51
 -1.9301245637276456 -3.695405939935172 -5.082315386413576 -6.2742757021132896 -7.287776722697548 -8.101969360187207 -8.67815683765244 -9.088200187754927 -9.361357485156287 -9.534376203684904 -9.665173428299678 -9.683246886544273 -9.743772153290791 -9.781361246481103 -9.804520493306747 -9.781650263000074 -9.761386854757783 -9.827242854352308 -9.794125203616625 -9.812641657590952 -9.855865298169453 -9.845521154270873 -9.83323656832835 -9.856791328439352 -9.811799024423955 -9.824531150837673 -9.811214789229178 -9.771172874514683 -9.778163004486382 -9.763319283094127 -9.76948705945841 -9.81317663130866 -9.836628275984308 -9.849342314790437 -9.887844618100916 -9.860953883216046 -9.846376547184155 -9.867715854790683 -9.84459074018802 -9.79513133725047 -9.824394082070404 -9.823498813653051 -9.808503722436447 -9.805661371697102 -9.829874008164849 -9.85070913563626 -9.860276036472227 -9.813425768902631 -9.788011658054337 -9.794810674145083 -9.833429244650912
SGD:0.005
5
51
 -1.9301245637276456 -2.142358609260238 -2.3465646278053516 -2.543663222975262 -2.7307960424281625 -2.9132317251323863 -3.090959149009808 -3.25828880753733 -3.42310246855682 -3.5840083647888195 -3.7404075893447333 -3.894751926675687 -4.047388647395046 -4.196395694611653 -4.340472978638326 -4.483363462681813 -4.623866722215693 -4.761552770155285 -4.897121780173837 -5.030890280242068 -5.164296558869571 -5.296269893753733 -5.428876475483205 -5.558726282258453 -5.683385685516208 -5.811276027500029 -5.936583823596218 -6.064887190681261 -6.1892388525697655 -6.309869659868767 -6.430486178136797 -6.550963170148997 -6.669757943070075 -6.78422972870113 -6.898105443269519 -7.012169982469996 -7.12727990460568 -7.245278922877006 -7.355035863936107 -7.465176773130747 -7.57710355133721 -7.682401693172589 -7.794090048814238 -7.903037312936167 -8.007771559695012 -8.114861403368318 -8.223770228098077 -8.32588582440513 -8.436407110236692 -8.540483469171166 -8.64030842564009
51
 -1.9301245637276456 -2.1492587351524195 -2.3529810655912087 -2.5498553092646508 -2.737370272624255 -2.9204548546047944 -3.094244424431053 -3.2628692968179065 -3.428677171314729 -3.586951909414043 -3.7434378135085544 -3.8977532113804285 -4.049630245296827 -4.194064237883966 -4.340708724443291 -4.483286881630453 -4.622791902933974 -4.757602553455657 -4.896786041743119 -5.030624882401373 -5.165084178199131 -5.298908507055641 -5.426540843930101 -5.555011764073015 -5.682334157452642 -5.807962084375152 -5.93136535236305 -6.054755887455357 -6.175926371774818 -6.297915851528492 -6.419052871509576 -6.541400451379825 -6.660055630344491 -6.777082360604948 -6.894078356289007 -7.014002813020816 -7.1289465933285525 -7.238140713580633 -7.349755865987186 -7.459001934379091 -7.571402001190666 -7.679987293298196 -7.796288520438315 -7.907687482131153 -8.016012406235266 -8.124239128450824 -8.234118539139498 -8.333942467728846 -8.434227090397375 -8.528757469083585 -8.628369167852822
51
 -1.9301245637276456 -2.1384919400508333 -2.342992112299891 -2.5442835435630595 -2.737185505850882 -2.91698715497145 -3.092502836746576 -3.259541102432596 -3.4276480399958698 -3.5869762426988605 -3.743050931771277 -3.8966805048439173 -4.04511141297232 -4.192432800009157 -4.3367613448431905 -4.479572492992135 -4.620298944212047 -4.7557360398448125 -4.892100442620769 -5.027431868136783 -5.159084439940384 -5.290132384190025 -5.422493560675116 -5.549334429415951 -5.67495204182869 -5.80247255098572 -5.92656478499457 -6.050427142745308 -6.173479383166787 -6.292749942586189 -6.415756066177422 -6.540447182924682 -6.660468354870122 -6.775622293400338 -6.88803903274999 -7.0027176248775955 -7.117073935370808 -7.227579255115054 -7.33932580205569 -7.448054260941661 -7.561687900899622 -7.676964795556808 -7.783165185856211 -7.893639785357354 -8.003614339986084 -8.113485527319332 -8.210823357816516 -8.31914934644983 -8.421401486071556 -8.528027020609658 -8.632585934817207
51
 -1.9301245637276456 -2.1407519396648724 -2.347402913849553 -2.5468419553668866 -2.734019829115469 -2.91693940655252 -3.092791763242212 -3.258909895061992 -3.4241851532519747 -3.5852183109653133 -3.741133472132295 -3.8919554908959992 -4.043192992081676 -4.1924776888376565 -4.335804766318516 -4.476767861694729 -4.618450511728542 -4.756081966298195 -4.890917869788239 -5.025621756416095 -5.155760379289233 -5.28961628509331 -5.421654015865344 -5.548098078286637 -5.674507405237104 -5.802730425716722 -5.928457535982376 -6.053591081188579 -6.176140199735125 -6.301625461228399 -6.422750816997059 -6.538880689640053 -6.661022096137082 -6.781821251726996 -6.901470763768718 -7.020657531590381 -7.134259556658776 -7.2505453608933035 -7.364928057140738 -7.476760683804266 -7.590676569356563 -7.70630425326722 -7.81690753715925 -7.925637175211626 -8.036652968114733 -8.141088656164559 -8.254432788618628 -8.36800016232239 -8.47328358388915 -8.585269074242426 -8.687886251921585
51
 -1.9301245637276456 -2.146543358225529 -2.35405219762193 -2.551157082870658 -2.7388058839748615 -2.9181093441761576 -3.093672711904728 -3.2649600509216987 -3.4278069414064904 -3.589388066013143 -3.745210494470087 -3.897161244407994 -4.047913085116163 -4.197175088199101 -4.343960081508827 -4.484799249308413 -4.625438733649706 -4.765465729593709 -4.902399309491883 -5.037964544364639 -5.171132101433765 -5.299352099797671 -5.431572555420223 -5.562321378272237 -5.689431544141606 -5.816594521758712 -5.940411391999527 -6.066519420163026 -6.190533161841336 -6.311615086875085 -6.433503957180369 -6.550503510403586 -6.668452230976404 -6.7842466719854 -6.9029117010590175 -7.016315678772874 -7.130513478440439 -7.245433863398673 -7.358239038916888 -7.470345713320148 -7.579784127731654 -7.688676092455578 -7.798559177689692 -7.904450664636008 -8.016723552381787 -8.124795002163594 -8.232200562035594 -8.336939534953563 -8.444024265778424 -8.55155230929268 -8.657789426189261
StreamingSVRG
5
51
 -1.9301245637276456 -2.1369965237536 -2.439859020480313 -2.7239512435113635 -2.9886282992067352 -3.2428116327295213 -3.4847915537842353 -3.7183022541058377 -3.9466037585951006 -4.166514373768068 -4.383621290812563 -4.5915530492560395 -4.794979460546696 -4.891021195315447 -4.987720584957447 -5.188000749314203 -5.380934348531984 -5.579083977643394 -5.768566201879123 -5.954841826911159 -6.141418572518838 -6.318163786012029 -6.494061794169021 -6.671485253785521 -6.845028564690324 -7.022178549222544 -7.195291414173462 -7.359762248430954 -7.520063640048425 -7.686389926860448 -7.853126082794863 -8.003390830230476 -8.15286335844417 -8.311341434283506 -8.457387386817597 -8.604715133024044 -8.748578443783682 -8.894307960674674 -9.033906164762351 -9.065548267414599 -9.065548267414599 -9.065548267414599 -9.165169011106952 -9.311969534929938 -9.445674662275303 -9.580397272879598 -9.71428081323289 -9.839021479751837 -9.973157123109186 -10.099141692620135 -10.218362385826545
51
 -1.9301245637276456 -2.138222025359113 -2.433897482559492 -2.7189280219459118 -2.9841771324274116 -3.2396485089802383 -3.4813058414588856 -3.7174709330440816 -3.9423335729948925 -4.1572135826475956 -4.373549860375804 -4.585560726319918 -4.786212969083023 -4.988589159294201 -5.188346544894689 -5.379987822402638 -5.56786932946706 -5.759804031631826 -5.948272706857606 -6.133775964085896 -6.3118556046625525 -6.491296324248644 -6.668040566499583 -6.841304108174781 -7.012129974523293 -7.183742729749668 -7.348422908920994 -7.507284803062117 -7.665851213016481 -7.830569729761753 -7.988536722261096 -8.149540350451877 -8.290078718717494 -8.438944818667858 -8.604141627532739 -8.761573658390715 -8.901985720397775 -9.054357691799364 -9.178928986528224 -9.325516114463772 -9.457801107833196 -9.60332694776226 -9.714575235568923 -9.84039278644436 -9.945515362461114 -9.999166085162505 -10.064129261639705 -10.182810153916018 -10.301055143094178 -10.406837988694374 -10.526140522178274
51
 -1.9301245637276456 -2.1404533963867522 -2.4386952599732337 -2.7217238414665736 -2.9861476225221737 -3.2391563935407244 -3.4805149244272613 -3.7139118084770937 -3.9409507530391266 -4.16138004624236 -4.373897308313093 -4.579226063422826 -4.785041141458465 -4.9875056970442975 -5.1822485538694725 -5.379265222476891 -5.570270978433859 -5.759993310879917 -5.946113382700777 -6.130877293691439 -6.313169788483088 -6.4926906214993165 -6.6695222503399645 -6.841513247131345 -7.013096836961441 -7.186347103614637 -7.354829335003826 -7.522365568940284 -7.688451763191271 -7.8485790822828365 -8.005318564363641 -8.163140655463039 -8.321660123096583 -8.47579865040265 -8.630847400381711 -8.775408883606609 -8.920529127538485 -9.06731621403809 -9.193611468706447 -9.316861207626168 -9.43257813762475 -9.559530560182166 -9.690925565023651 -9.826652121667221 -9.940417411890564 -10.059427917754425 -10.166030263116033 -10.270855697639846 -10.284745972340378 -10.368129929041498 -10.368129929041498
51
 -1.9301245637276456 -2.137714666237536 -2.4401321503499274 -2.721894319523081 -2.9918529707393016 -3.2406841833880473 -3.4828631591865107 -3.716541411870001 -3.9391257946249936 -4.161108175485608 -4.373180406739298 -4.5845198351390035 -4.787354316352136 -4.989144210921779 -5.185264643966425 -5.379853565233289 -5.571887821896072 -5.757127236599568 -5.941471160077116 -6.127425864132104 -6.306346394435289 -6.481288748519475 -6.657552407480571 -6.829954631721298 -7.00269155769318 -7.173584871802383 -7.347428555303026 -7.471510772592851 -7.503047561647155 -7.668661761341655 -7.828646013414845 -7.972877590913757 -8.131375305198784 -8.282119357314468 -8.44371766662505 -8.604753371999035 -8.756004660342352 -8.901814247714455 -9.049176310476023 -9.195747353413417 -9.33263211478349 -9.473554113039018 -9.601672459423856 -9.729828970947269 -9.865075080692288 -9.985448023030886 -10.026928593412736 -10.026928593412736 -10.026928593412736 -10.082692906445754 -10.19757240402815
51
 -1.9301245637276456 -2.134360572846446 -2.434950282212176 -2.7203779587409085 -2.9885225360632357 -3.24345740645276 -3.4855296749280895 -3.7183141581888495 -3.9437689631730564 -4.161837965354155 -4.3783461215053805 -4.587954725182073 -4.796001886851883 -5.001548180912521 -5.198480231805849 -5.393716429903052 -5.58113497419553 -5.767926916807491 -5.956714685533853 -6.14298166114084 -6.3247027500653585 -6.504793606212459 -6.676549822470071 -6.8500911758468765 -7.015141801807394 -7.184155949875542 -7.3477455435321275 -7.514200829365873 -7.680595728842369 -7.847343360591585 -7.989951534668228 -7.999235481673814 -8.151672532744598 -8.30274455739966 -8.365796604758724 -8.365796604758724 -8.365796604758724 -8.433139204443183 -8.592810506612041 -8.74481729086323 -8.89203273984618 -9.03717524488602 -9.185625561581901 -9.336073727149381 -9.480676098987562 -9.618643707368426 -9.74281383767308 -9.879660993704334 -10.013697777779656 -10.126249933155973 -10.245877629848247
dyna-linear
5
51
 -1.9301245637276456 -4.794006639038457 -5.893619913845793 -6.467322509997212 -6.838745304116366 -7.136322624466821 -7.382251054305361 -7.596793933168879 -7.785818461469905 -7.953699684184918 -8.10432396223903 -8.245993878547974 -8.370654765942723 -8.494880556743228 -8.60891151158337 -8.724845965078526 -8.832864924837892 -8.935599117017928 -9.034588008862075 -9.139532963778494 -9.23162069112298 -9.336032877500639 -9.435060406400481 -9.5315312699277 -9.626092915888252 -9.724510113457939 -9.820894767926825 -9.918480596752474 -10.014320648577696 -10.110901983663583 -10.209444582457733 -10.307105033789133 -10.406094129723513 -10.501280191733096 -10.598067974713855 -10.6914116852032 -10.784465817337479 -10.879483831625857 -10.97680930252466 -11.072205413647096 -11.169096743479459 -11.2652390613537 -11.360720015144276 -11.455397498679392 -11.550952573884151 -11.647224718718379 -11.741756469869275 -11.836219526013988 -11.932640140937163 -12.029184329072978 -12.1269659940243
51
 -1.9301245637276456 -4.7924592249237 -5.872056947872513 -6.43991593531483 -6.812546197397333 -7.096992366102206 -7.342826401400472 -7.559560923646661 -7.7516954968898775 -7.922061661504187 -8.075522394634834 -8.223428629940017 -8.351773506556261 -8.476560122824656 -8.591998985351614 -8.707952246246204 -8.818055170689679 -8.91798734086617 -9.018620441508531 -9.11558704985725 -9.209655363393344 -9.310034038816115 -9.404747901701043 -9.501000428184302 -9.5990449965696 -9.69580846380644 -9.791842023945831 -9.888580821175257 -9.987174784823647 -10.08342266744408 -10.183265230983947 -10.278080220842396 -10.374537711007367 -10.470602867629658 -10.566682458353238 -10.66327007914193 -10.76056086050267 -10.856148181689097 -10.951848621000492 -11.048722325561307 -11.143053149645723 -11.242153096590835 -11.33686751176627 -11.432342313370315 -11.527830225263314 -11.622725540882804 -11.717115553809453 -11.813204866946247 -11.909996687351482 -12.006259357000085 -12.099214999913984
51
 -1.9301245637276456 -4.787484200650677 -5.889066250255 -6.446607999656877 -6.837173067101382 -7.135978010671451 -7.375768832693426 -7.586912543898579 -7.76389955641133 -7.924892656685949 -8.08028151050798 -8.217363887881442 -8.345838595776057 -8.4654581132287 -8.585459799368149 -8.695133472904022 -8.80199181379209 -8.907211527089496 -9.009139235023277 -9.10159369923643 -9.196233486422923 -9.292178067256462 -9.391169932571621 -9.492819125277203 -9.591607036024556 -9.690352172267222 -9.786147068136136 -9.881050426845286 -9.977984353041021 -10.074871316940513 -10.172460092705018 -10.268122789664472 -10.364378620590525 -10.461184580457523 -10.557471033139642 -10.653826312586784 -10.748326910780577 -10.845579745014932 -10.943271888648392 -11.040070364138016 -11.133127615747103 -11.229915057043721 -11.325254191193835 -11.417787935588429 -11.51439266845031 -11.609383107476189 -11.706764358906367 -11.800396684420376 -11.893194062180994 -11.989027301405535 -12.086724554123013
51
 -1.9301245637276456 -4.79328686226547 -5.885147126818596 -6.454077153062863 -6.826513768483385 -7.1151114359171705 -7.354077012207922 -7.57179732055982 -7.747635564715902 -7.9083885542761045 -8.059969841832736 -8.203343204193159 -8.341814204594018 -8.470803171107324 -8.585672650085668 -8.700174542684183 -8.801893878300765 -8.906876075679072 -9.011705753784513 -9.110176614360283 -9.2057954859539 -9.307499951683223 -9.403981727557305 -9.500595552628896 -9.599399664259185 -9.698187965053249 -9.79135118452439 -9.885451378951789 -9.98237930617661 -10.078133460114866 -10.172432876890696 -10.26999317296589 -10.364936970477626 -10.46141410992518 -10.554373815519812 -10.651129163344311 -10.748370080551133 -10.842000764356307 -10.939724923384691 -11.035403931811064 -11.134879252309359 -11.231627166901744 -11.328194327379382 -11.425193259555767 -11.521029635738733 -11.616732010690521 -11.712758192610746 -11.808179495998763 -11.901416183869115 -11.997133395620173 -12.093325041622728
51
 -1.9301245637276456 -4.7976871005066055 -5.895991423298043 -6.4419203986300575 -6.82566304468196 -7.12036991510393 -7.361811633345396 -7.572474552663907 -7.766636899219223 -7.938943961949764 -8.087098561254802 -8.234269381746218 -8.36553339200883 -8.495974004846987 -8.618538178668878 -8.737971239319744 -8.842720835755213 -8.9463008031936 -9.04713598878043 -9.14203637269077 -9.24262289489727 -9.339856192505554 -9.44119311449715 -9.539156740516226 -9.634904293969456 -9.732179908592594 -9.828722271712504 -9.92594896929597 -10.023809386599266 -10.120340344563095 -10.21424718929401 -10.31037983346926 -10.405885734746544 -10.501657122046517 -10.597621171472385 -10.69283875111046 -10.786349774374655 -10.880946819753575 -10.976838370897985 -11.070781509462337 -11.168520448398047 -11.262974515928486 -11.356852934739818 -11.453547809450907 -11.548139580864186 -11.642973595884458 -11.738005962830677 -11.8342485681874 -11.929679126988681 -12.022565401884995 -12.119054543538054
dyna-SAGA
10
51
 -1.9301245637276456 -4.725682032425742 -6.017641246811193 -6.747056412220887 -7.247861783193168 -7.6482935626752555 -7.963644636473056 -8.224902983170468 -8.461563667178114 -8.674422570800457 -8.861644898865723 -9.041985649343133 -9.213779389927296 -9.383546790352929 -9.55237978671944 -9.708571010810745 -9.864888523358612 -10.018394288879366 -10.171214078866084 -10.297303373523446 -10.403116323155484 -10.505620483625394 -10.609953404494636 -10.712926210305621 -10.815233297935329 -10.918354838293524 -11.020938794266133 -11.12177400438816 -11.221154309126424 -11.320953630517472 -11.421887729179787 -11.522199773170362 -11.622762497953948 -11.723300145910367 -11.823217755325956 -11.921886234774608 -12.02166985128317 -12.121879700165218 -12.221016079437971 -12.321290721278476 -12.419476135989854 -12.518129103978406 -12.617370923138925 -12.71649206728293 -12.813606262081738 -12.910787833687111 -13.00849157682521 -13.105071014714238 -13.201886284444354 -13.298162251008641 -13.394879698127282
51
 -1.9301245637276456 -3.962778872401514 -5.380081587778617 -6.280672091996719 -6.903187759992476 -7.3682653425703 -7.751768281000442 -8.076778574186916 -8.351984886542773 -8.591356819920303 -8.818813000856915 -9.017208155488087 -9.213983065552979 -9.393868450387734 -9.562198671828561 -9.719812181779723 -9.886301706989663 -10.040629622479301 -10.200480836944573 -10.34503008760254 -10.457934096853606 -10.569793032803886 -10.677599565177115 -10.789884297135911 -10.898507855063189 -11.005686052775834 -11.112971047758535 -11.220658007411972 -11.329841954337695 -11.43686685790459 -11.543298124812603 -11.651362173399358 -11.757980869714125 -11.86257744964228 -11.967540316175127 -12.07191034731708 -12.176642563201344 -12.279671840025092 -12.383147072824528 -12.487533147629424 -12.58802466757532 -12.690481178204571 -12.79129263452315 -12.893331808882389 -12.995344929415221 -13.097225660044165 -13.19877412702681 -13.298017076833641 -13.398436526444376 -13.497809145674315 -13.597094883203843
51
 -1.9301245637276456 -4.725071349300324 -6.004675197418483 -6.732890576696599 -7.226445645515772 -7.6339641408565395 -7.948682735730301 -8.212073142807498 -8.445835258529348 -8.664535832223539 -8.854276761728231 -9.035422209186368 -9.208787366560973 -9.380373806358966 -9.549989055952892 -9.704772431199842 -9.860711947200784 -10.012889956144644 -10.166960732383002 -10.292812273807245 -10.398640284023614 -10.501387635403054 -10.60318053014275 -10.707443044333436 -10.810238013196553 -10.91155875659292 -11.013435932999808 -11.11512335658582 -11.21600011206716 -11.317968546333761 -11.41791596038546 -11.517538342698217 -11.615951158448635 -11.715811896244817 -11.815739406109333 -11.916297510455799 -12.014930935835745 -12.114448510263124 -12.21422475020458 -12.312980504949206 -12.412841588607442 -12.51151660323588 -12.611552182740281 -12.708672673040562 -12.806983947899452 -12.904827086099248 -13.003601478355636 -13.102307153585802 -13.201218885665137 -13.298239120751743 -13.395576825869302
51
 -1.9301245637276456 -3.9392647658479576 -5.367297288501747 -6.270194678384807 -6.887686507358863 -7.36057166420871 -7.7493569257086286 -8.068651662299446 -8.340656451626385 -8.57769770492763 -8.803844166188293 -8.999543132606092 -9.193642582933672 -9.372198002452981 -9.53997421365804 -9.699894452443784 -9.866389789955562 -10.018289202469035 -10.178529741883018 -10.323400229191948 -10.434260700311086 -10.543793531723985 -10.655285314797789 -10.766902242589675 -10.875667832527682 -10.981721644674698 -11.091770128442628 -11.2003852329334 -11.30840359888114 -11.416919605149824 -11.523135738133677 -11.629963281740913 -11.736688627547595 -11.840072778333617 -11.94232280356968 -12.046243377466057 -12.151074722016766 -12.253497396210284 -12.354990312812768 -12.458953630636083 -12.562837359677257 -12.66610278437763 -12.766495639531824 -12.869028129137389 -12.972664824217096 -13.074683228937811 -13.175710070549766 -13.27616232601591 -13.376817217811489 -13.478952866613039 -13.578855061716096
51
 -1.9301245637276456 -4.730151054359092 -6.009414271374555 -6.729312399842696 -7.2364701463748276 -7.63899974272692 -7.954512814254044 -8.217798740042584 -8.455773852126514 -8.671459682966605 -8.858146780246422 -9.038142550501576 -9.210166671674124 -9.378416117305463 -9.547963640740749 -9.70505740076947 -9.862252452760844 -10.015662266460891 -10.16867336693023 -10.294828233418825 -10.39902239127611 -10.502003954089815 -10.60345296498697 -10.704677524817281 -10.805997513927165 -10.90665770414722 -11.008142512530126 -11.109885767611082 -11.211801517582517 -11.312925463615626 -11.411514909421715 -11.51141983279233 -11.610950777889935 -11.711331914486598 -11.810833129307797 -11.91050607381556 -12.010227026547954 -12.109563304747839 -12.207576739692456 -12.30735954548095 -12.405008139867087 -12.502901329435694 -12.601210425852008 -12.700269091321521 -12.797646643003004 -12.8944319329965 -12.993477940958638 -13.092172585468292 -13.18940264441843 -13.2879406312407 -13.386566122267531
51
 -1.9301245637276456 -3.942926390420779 -5.356580401863438 -6.249269817966701 -6.869252157306313 -7.346543527108447 -7.740299942327226 -8.069359017419373 -8.34602049838194 -8.583303464154952 -8.80730127447475 -9.007015098508546 -9.202985257496785 -9.380746810982853 -9.551267251085738 -9.710354634317252 -9.876970271955559 -10.028044138436739 -10.187843200178513 -10.335108044477819 -10.446551022341085 -10.55807164701628 -10.66825067035524 -10.778824810206467 -10.888997139086179 -10.999795654129242 -11.109214942114827 -11.218873274365288 -11.327019789856031 -11.433981880181696 -11.540509205346247 -11.644906175829998 -11.75015341309545 -11.854427056452783 -11.959331571224059 -12.06182542619543 -12.165811000512685 -12.269810140555771 -12.373206047263054 -12.475162608801655 -12.578228745969467 -12.68056961835279 -12.784612258471766 -12.886781377792468 -12.98692793396126 -13.088681023424854 -13.190692649648089 -13.29237894115354 -13.392908396685694 -13.494374678283767 -13.59293265437606
51
 -1.9301245637276456 -4.7568489754430505 -6.035307062212954 -6.757318275503174 -7.252756248714613 -7.657454873729897 -7.973187137914571 -8.234146597185493 -8.468637581135537 -8.682865168242389 -8.869221261154618 -9.049823838349338 -9.223006596676537 -9.392567297665543 -9.56042011444117 -9.717847663069364 -9.873942106425195 -10.026648233955415 -10.180137524374674 -10.306852967507748 -10.410125137280584 -10.51301770015751 -10.615258468192607 -10.718933750989194 -10.821305781867848 -10.922755290886501 -11.024379721793888 -11.125345707773299 -11.226633829355574 -11.327644596932911 -11.427458893594922 -11.528157145411829 -11.627483493751651 -11.728867625792027 -11.828734447185548 -11.929090587478989 -12.029640025041198 -12.129940852483909 -12.22821239690517 -12.326652101090456 -12.4264663400413 -12.525833554611769 -12.626158301000324 -12.725584580799616 -12.823129793169162 -12.920374050120161 -13.018327474934615 -13.115747640297844 -13.21445272446338 -13.311737899415583 -13.41052127364373
51
 -1.9301245637276456 -3.94607560618415 -5.37430920184881 -6.261307915872895 -6.880368397530012 -7.3597997900809125 -7.7438714145447465 -8.068748685645218 -8.345574538595194 -8.584714490373416 -8.810627223086476 -9.0066696518657 -9.205946790480233 -9.385814737301281 -9.552583776220665 -9.711342307223157 -9.877371124787048 -10.029931163739146 -10.188069167085713 -10.335522550241487 -10.446161608779903 -10.55534820233338 -10.666748979877353 -10.776651974210111 -10.884185786613505 -10.99528794598706 -11.103280734016233 -11.21193280645225 -11.319074870440817 -11.428356772739914 -11.535086558933244 -11.642286088083063 -11.747567823151538 -11.852848812716276 -11.956736226460158 -12.061832773028355 -12.164940128744922 -12.26911269987508 -12.373877974604808 -12.476132606804097 -12.579651693129998 -12.681708096260948 -12.78282030547902 -12.885987959149206 -12.98473076027113 -13.08538891814825 -13.186267296734462 -13.287328994608052 -13.38641266093435 -13.489512017257248 -13.590728890359522
51
 -1.9301245637276456 -4.737512371531729 -6.014013128876845 -6.738990991589668 -7.24284896220442 -7.647394821473202 -7.962323134292871 -8.226369574708645 -8.462302884997378 -8.676400971638765 -8.8642683094455 -9.042778939691496 -9.214777500190229 -9.386879841227396 -9.556020706444412 -9.71126371457733 -9.86858503460701 -10.020561517096192 -10.174775944414622 -10.300210686224382 -10.402721996352994 -10.505761965615521 -10.607872124784178 -10.710356899527362 -10.812905946370075 -10.914446213700671 -11.018209537585518 -11.121822385251436 -11.222048997542826 -11.321943770742054 -11.422802723541544 -11.522785651594235 -11.622630292669491 -11.722550703243357 -11.82196326197217 -11.920750475676593 -12.0201384007552 -12.120150846607638 -12.219286950303124 -12.318161224676818 -12.417147911178297 -12.515744155120926 -12.613801917873728 -12.711014226167007 -12.808819514752471 -12.907321761405916 -13.0057295535887 -13.10379332319757 -13.20199207028365 -13.299671585180375 -13.398381114281138
51
 -1.9301245637276456 -3.9300138386380428 -5.358731992884005 -6.269586242137584 -6.881006656363875 -7.36154588503612 -7.750608888635256 -8.075525776164787 -8.35172470362166 -8.59151527208506 -8.815456264357675 -9.010442164840306 -9.209209633139393 -9.388408887137572 -9.552420583004304 -9.710175730570425 -9.877083716116083 -10.030330354684192 -10.190500874963526 -10.338955999165707 -10.453404754275402 -10.564189678504277 -10.674062750448467 -10.782842848959937 -10.890561374462482 -10.999558134173478 -11.1080013611879 -11.216262565667018 -11.323696402875287 -11.431254081447568 -11.538802508713829 -11.643914441074958 -11.748972555392477 -11.854412890261 -11.959835519550198 -12.06321312029428 -12.16712201228855 -12.271846222848335 -12.37649472040932 -12.477958185104896 -12.580499259992155 -12.681980412170883 -12.785436594940197 -12.88511539663715 -12.987456802913037 -13.088114192119567 -13.190326999402785 -13.292465189732216 -13.392074996766691 -13.490311151690353 -13.5920625548666
steps
5
51
 0 7000 14000 21000 28000 35000 42000 49000 56000 63000 70000 77000 84000 91000 98000 105000 112000 119000 126000 133000 140000 147000 154000 161000 168000 175000 182000 189000 196000 203000 210000 217000 224000 231000 238000 245000 252000 259000 266000 273000 280000 287000 294000 301000 308000 315000 322000 329000 336000 343000 350000
51
 0 7000 14000 21000 28000 35000 42000 49000 56000 63000 70000 77000 84000 91000 98000 105000 112000 119000 126000 133000 140000 147000 154000 161000 168000 175000 182000 189000 196000 203000 210000 217000 224000 231000 238000 245000 252000 259000 266000 273000 280000 287000 294000 301000 308000 315000 322000 329000 336000 343000 350000
51
 0 7000 14000 21000 28000 35000 42000 49000 56000 63000 70000 77000 84000 91000 98000 105000 112000 119000 126000 133000 140000 147000 154000 161000 168000 175000 182000 189000 196000 203000 210000 217000 224000 231000 238000 245000 252000 259000 266000 273000 280000 287000 294000 301000 308000 315000 322000 329000 336000 343000 350000
51
 0 7000 14000 21000 28000 35000 42000 49000 56000 63000 70000 77000 84000 91000 98000 105000 112000 119000 126000 133000 140000 147000 154000 161000 168000 175000 182000 189000 196000 203000 210000 217000 224000 231000 238000 245000 252000 259000 266000 273000 280000 287000 294000 301000 308000 315000 322000 329000 336000 343000 350000
51
 0 7000 14000 21000 28000 35000 42000 49000 56000 63000 70000 77000 84000 91000 98000 105000 112000 119000 126000 133000 140000 147000 154000 161000 168000 175000 182000 189000 196000 203000 210000 217000 224000 231000 238000 245000 252000 259000 266000 273000 280000 287000 294000 301000 308000 315000 322000 329000 336000 343000 350000
