8
dyna-reg-lbfgs
1
49
 1.799999999996249E-5 1.7339506172886487E-5 0.0 0.0 0.0 0.0 0.0 0.0 0.0 0.0 0.0 0.0 0.0 0.0 NaN NaN NaN NaN NaN NaN NaN NaN NaN NaN NaN NaN NaN NaN NaN NaN NaN NaN NaN NaN NaN NaN NaN NaN NaN NaN NaN NaN NaN NaN NaN NaN NaN NaN NaN
steps1
1
49
 0.0 1.2E-5 2.4E-5 3.6E-5 4.8E-5 6.0E-5 7.2E-5 8.4E-5 9.6E-5 1.08E-4 1.2E-4 1.32E-4 1.44E-4 1.56E-4 1.8E-4 2.28E-4 3.24E-4 5.16E-4 9.0E-4 0.001668 0.003204 0.006276 0.01242 0.024708 0.049284 0.098436 0.19674 0.393348 0.786564 1.572996 2.572996 3.572996 4.572996 5.572996 6.572996 7.572996 8.572996 9.572996 10.572996 11.572996 12.572996 13.572996 14.572996 15.572996 16.572996 17.572996 18.572996 19.572996 20.572996
static-lbfgs
1
22
 1.799999999996249E-5 1.7999992000028442E-5 9.513834164920354E-12 0.0 0.0 0.0 0.0 0.0 0.0 0.0 0.0 0.0 0.0 0.0 0.0 0.0 0.0 0.0 0.0 NaN NaN NaN
steps3
1
22
 0.0 1.0 2.0 3.0 4.0 5.0 6.0 7.0 8.0 9.0 10.0 11.0 12.0 13.0 14.0 15.0 16.0 17.0 18.0 19.0 20.0 21.0
newton-dyna-reg
1
49
 1.799999999996249E-5 9.876709245459914E-6 7.064128234257616E-6 5.351413558840612E-6 4.117698524264135E-6 3.183553660912608E-6 2.4652617589548953E-6 1.910111208536236E-6 1.4802775838429483E-6 1.1472562457814917E-6 8.891803592314673E-7 6.891659711794063E-7 5.341453882534708E-7 4.139956468751649E-7 3.629968078344703E-7 3.3953717248902393E-7 3.2829059315453435E-7 3.2278489070503014E-7 3.2006104055959383E-7 3.1870631667096916E-7 3.180307489580869E-7 3.176934129101028E-7 3.1752485674108044E-7 3.1744060657867834E-7 3.1739848849188235E-7 3.173774312248412E-7 3.1736690297989867E-7 3.173616389684497E-7 3.1735900707374753E-7 3.1735769101537414E-7 3.173566561764929E-7 3.1735562122658934E-7 3.173545862766858E-7 3.173535513267822E-7 3.1735251648790097E-7 3.173514815379974E-7 3.1735044669911616E-7 3.173494117492126E-7 3.1734837691033135E-7 3.173473419604278E-7 3.1734630712154654E-7 3.17345272171643E-7 3.1734423733276174E-7 3.173432023828582E-7 3.1734216754397693E-7 3.173411327050957E-7 3.173400977551921E-7 3.1733906291631087E-7 3.173380280774296E-7
steps5
1
49
 0.0 1.2E-5 2.4E-5 3.6E-5 4.8E-5 6.0E-5 7.2E-5 8.4E-5 9.6E-5 1.08E-4 1.2E-4 1.32E-4 1.44E-4 1.56E-4 1.8E-4 2.28E-4 3.24E-4 5.16E-4 9.0E-4 0.001668 0.003204 0.006276 0.01242 0.024708 0.049284 0.098436 0.19674 0.393348 0.786564 1.572996 2.572996 3.572996 4.572996 5.572996 6.572996 7.572996 8.572996 9.572996 10.572996 11.572996 12.572996 13.572996 14.572996 15.572996 16.572996 17.572996 18.572996 19.572996 20.572996
newton-static
1
22
 1.799999999996249E-5 1.7997720291096364E-5 1.799545177783024E-5 1.799319430784152E-5 1.799094773202725E-5 1.7988711904171062E-5 1.7986486681276226E-5 1.7984271923232598E-5 1.798206749270559E-5 1.7979873255247192E-5 1.7977689079184955E-5 1.797551483539994E-5 1.797335039754877E-5 1.7971195641841575E-5 1.796905044693098E-5 1.7966914694023117E-5 1.796478826643355E-5 1.796267105036442E-5 1.79605629336832E-5 1.7958463806921898E-5 1.795637356272195E-5 1.7954292095834212E-5
steps7
1
22
 0.0 1.0 2.0 3.0 4.0 5.0 6.0 7.0 8.0 9.0 10.0 11.0 12.0 13.0 14.0 15.0 16.0 17.0 18.0 19.0 20.0 21.0
