10
SGD
10
51
 -2.1780558737754 -11.60013267770795 -13.373060964126362 -13.911349055228285 -11.943588117471448 -13.747188524754955 -14.073350974075433 -14.151518689885403 -13.296481977395704 -14.626615832439379 -13.945066134018914 -14.761856433253154 -13.034845769691593 -14.764338867366297 -15.482293320950209 -14.046698393577179 -15.178541011755215 -14.199484534823085 -14.891517813815684 -15.359097662955959 -15.863188738798794 -15.498375905800033 -15.715567548108357 -14.964431438820434 -15.28312545274236 -14.599399415498498 -15.5752250230754 -14.95938202021357 -15.865798141565707 -16.00182471279105 -16.114682761908995 -16.20192100465686 -14.541865519453893 -15.927440239877239 -15.944612626702089 -15.620890646483849 -16.156214681262256 -14.89912613890342 -16.18141256218438 -15.42982313991674 -16.27502649704294 -15.05398355425286 -16.084951595294513 -16.326797861872908 -16.432257102030928 -15.775263251366788 -15.344123763016585 -15.771293289106898 -15.444287540467307 -15.63701079346572 -16.522183449914063
51
 -2.1780558737754 -11.941254330856115 -13.674990821107835 -13.99826032040876 -13.772229779433365 -13.888698076200958 -14.089483847318855 -14.214835495800743 -15.44092323921493 -14.871876526506364 -15.373644483068924 -14.619233279864748 -14.504866517749221 -14.759296122489609 -16.196819424858035 -15.321851347510416 -14.93998431149071 -16.165357158459035 -14.924695818440119 -15.853786569975096 -16.303119520443907 -15.499579471240034 -15.27055331870074 -15.89023721770767 -15.77904356751814 -15.64278619991423 -16.350187034908693 -15.399811769659939 -16.345003765293935 -16.63324669432807 -16.795281310288637 -16.722537112684968 -16.201887826783594 -16.04033558282108 -17.177972985529767 -16.62487350155057 -17.174945392046773 -17.01497839042068 -16.817917921839104 -16.83641671855588 -15.633872781126742 -15.486102668384223 -16.541833185633735 -17.29991348504392 -16.562061927464743 -16.760641283297865 -17.118905950819826 -15.355045238903944 -17.17457168421417 -16.94936625254463 -15.454364132489953
51
 -2.1780558737754 -11.887121660426448 -12.542063027203618 -13.427993367291732 -12.493751104954535 -14.543947524223901 -13.781191898532663 -12.978658442687475 -14.596688491012733 -13.649302907909034 -14.462368409771546 -14.232131775152979 -14.505973274946214 -15.275317476217403 -15.184544614549115 -15.120385537305788 -15.241263056205543 -14.835463954721085 -15.35706756452116 -14.116211399675258 -15.225442609526183 -14.932799015287113 -15.130158867893094 -13.868080974717175 -15.11215497296587 -15.676694003449558 -15.61315275457827 -15.20180176059263 -15.361599625235167 -15.957314384542824 -14.741905714400868 -15.546082077301454 -16.153429667950597 -15.743422769011211 -16.06066367265303 -14.840115695539964 -15.967896552736597 -16.08861405774224 -15.882650872239388 -15.182675833676523 -15.532671383733428 -16.123843738961792 -15.567708442958095 -15.972430860283836 -16.241385090303176 -15.474940293580879 -15.906673963485877 -15.228764361076596 -15.85118841804598 -15.100093126100377 -16.338153762778187
51
 -2.1780558737754 -10.92815538017078 -12.608307074092238 -12.366759479430334 -12.581876077982173 -13.758322969642261 -14.370784743844428 -13.965845703782783 -13.641072108305112 -13.867138687509737 -15.133974036820014 -14.740095954450712 -14.838331191017836 -13.848725610369877 -14.766985177017133 -14.73394298871403 -14.766629872558688 -14.996543964846186 -15.227082076058672 -15.465115089652327 -14.556246295123586 -15.69215899094463 -15.588169609528224 -15.54835385296811 -15.623689255231008 -14.99929358351805 -15.704659018683222 -14.420209517815271 -15.97290543054907 -15.681785132178991 -15.737028378204554 -15.718328984851167 -14.820298465105779 -16.340167767253476 -15.486780696175998 -15.928038498481545 -15.860906984700803 -16.304631465277932 -16.15733889091134 -16.380318299563335 -16.017607583432792 -16.442339954559042 -16.27638243740393 -15.319680755957242 -15.527747590075544 -16.07624147531726 -15.909763091459785 -15.887921202054766 -16.435355461245983 -16.077641860093802 -16.70719126357013
51
 -2.1780558737754 -11.136388631334533 -12.885501122723893 -12.175575481449927 -14.86159075209108 -12.548552959491168 -14.501712125259868 -13.493721121325805 -14.09878219064719 -13.732699633110983 -15.492439361679768 -15.053360455994978 -14.895060801304007 -14.459534050149303 -14.59942510535737 -15.398350736563836 -16.278105700960058 -13.913176633371608 -15.513151176202367 -15.799818035724297 -16.02892140735685 -16.380023697012405 -16.273631190608445 -16.33508634645886 -16.50660385984649 -16.24626281814089 -16.08360705234315 -16.129638817681226 -16.21670496729912 -14.793098320035893 -15.843063229757703 -16.524914435095145 -16.33953406916758 -16.79157655126841 -16.427100622675173 -16.740308149736155 -15.98742237460368 -16.428225568940825 -16.383919987906825 -15.384332152475164 -16.914147626490536 -15.47881972979427 -16.452317756847545 -15.095883353006105 -16.223163719452526 -16.567189334672427 -16.851079847925277 -16.612319333139162 -17.20624166337603 -17.18241911936739 -15.687112679293518
51
 -2.1780558737754 -11.92637048844272 -12.913270972313152 -13.773584574268718 -13.82938274638527 -14.393378953389677 -13.895399688822428 -14.136291821875126 -14.174928313366879 -13.887997007698718 -14.267916582190415 -14.427782930323781 -13.21056240595098 -14.672523200157592 -15.30440529963307 -14.66881598234129 -14.239756789869277 -14.213530417709105 -14.94786029063316 -14.594121789935976 -15.074367476865937 -15.015024753790186 -15.607084932484444 -15.828200057489923 -15.396594023637302 -15.067895531795056 -14.664058833039606 -15.866140774676547 -14.143629963592781 -15.599594427060769 -15.364105546869682 -15.639441044151983 -15.824300580597571 -15.610280921511194 -15.731098452076719 -15.958548707898132 -15.883759713702155 -15.972306023522538 -15.762247114905659 -15.216845179417673 -15.467666405447838 -16.165922736034123 -15.615249490430989 -15.846624273054108 -15.789120786199787 -16.042120035333326 -15.350251134504271 -16.17283999063899 -16.02666719342041 -15.84331737816567 -16.188309231572884
51
 -2.1780558737754 -11.639117873696202 -11.854444096664714 -13.818793865292074 -13.08499795863337 -12.047308644172418 -14.227487002778068 -14.517939671226552 -14.500888032923763 -13.884196414393612 -14.540699551553123 -14.025746938003765 -14.689545920418647 -14.195821451193343 -15.589656880603727 -15.438292057495937 -14.376099067948193 -15.389897986295427 -15.35767113121488 -15.413453244038541 -14.03535001387298 -14.244172728774537 -15.69452191585422 -14.870562633495048 -15.939352478602544 -15.29211101158571 -16.208679559348504 -15.650527933020939 -15.198166360371724 -15.97788184292412 -15.873634999054184 -15.829939144361225 -15.875054267846194 -15.358756769883144 -16.020007219948283 -16.339785532325724 -15.388495020400416 -15.332823189489865 -15.249273733147124 -16.083676091732045 -15.976649598359963 -16.08695777413792 -15.820544562007722 -16.318416301206216 -16.443277913337262 -15.919800592158273 -16.270463566745505 -16.467793984286388 -16.19274000363594 -16.36346176963329 -16.47517855583581
51
 -2.1780558737754 -11.243520613913288 -13.359814493305814 -13.223589055007945 -13.489008466475507 -14.61042801305977 -12.439364994132847 -14.337236614178916 -14.420148979774265 -14.527788544776916 -14.091133444306577 -14.813990709133966 -14.808794177861932 -14.400814765479023 -13.389196071250517 -14.86361164368228 -14.553173897914021 -13.705449540428477 -14.503893977840526 -13.710870916280603 -14.996915762911204 -14.898096469333794 -15.232510832817619 -15.00789233547076 -14.972448449466132 -14.238508055065182 -15.239862738036615 -15.095483121280564 -14.502084097025763 -15.230889335815204 -14.238342413221341 -15.136689220087652 -14.59362217134741 -15.008009593831204 -15.285696970888615 -15.171646505531145 -15.4142537270149 -15.362584112497531 -15.181311045087721 -15.408158971001463 -15.071006723416554 -15.2752827231562 -14.915595859347082 -15.085883246753722 -14.686074264975487 -15.213511916453372 -14.949286965965172 -15.033622512159676 -15.216803578793654 -15.244586942638703 -15.414896294583933
51
 -2.1780558737754 -11.10411697305239 -14.217257801079057 -12.926459911227592 -15.156857174239526 -15.087707044689425 -14.804978262004674 -13.787258814916346 -13.375945051496261 -14.825485723336307 -15.426395251905964 -16.314617511629866 -14.10733402574997 -16.362561401361162 -15.675205698520585 -15.877809803745421 -15.661094160285254 -16.015297566694528 -15.50557704533738 -16.68216977591467 -17.06438648950569 -16.981600433458212 -16.653642869293492 -15.46392985222142 -16.806564687122993 -16.13971664200629 -16.82408245282432 -14.333284456752716 -17.103255429837297 -17.563248713045922 -14.75026488853807 -17.368854225714784 -17.02134483181866 -17.503161457870746 -15.996901259521028 -17.222343272588745 -17.377087626025872 -16.824725131618788 -16.98502843321777 -16.611445540037828 -16.07530040258986 -16.810520763973386 -17.18287034732923 -16.651736161860306 -16.89933407455208 -17.163585273023028 -16.70716732170107 -16.831645050935016 -17.05579968221607 -17.678364020462013 -17.629631577116122
51
 -2.1780558737754 -12.324525529549597 -12.2810439285646 -13.403403127843113 -13.804026129493765 -14.278286010367085 -13.828743324133729 -14.965453598152461 -14.353686636016647 -13.375463021788235 -14.609131776333761 -15.002451584198601 -15.177622569725157 -14.170225148766072 -14.453346644657495 -15.428402694060027 -14.66790916697676 -15.74507811681933 -15.620079318322402 -15.955355150290222 -16.01461616218022 -15.128491759153933 -14.198898919118246 -15.62672257071471 -16.278321051161097 -14.532436900837231 -15.915605977986344 -16.388270491006555 -16.274610436326014 -15.585710985334243 -16.641821773569568 -16.371298506268136 -16.26757033938365 -15.961595736988906 -15.921751987741045 -15.541653377479944 -16.466612262837245 -16.35052332148058 -16.550739274075763 -16.79341989047988 -17.063313775767753 -17.064896845188223 -15.331117254240098 -16.108824800560317 -16.750513916233917 -16.568594052929537 -16.67608856060354 -16.308393989226758 -15.586243356561262 -16.087508214350297 -16.13188799461161
SAGA
10
51
 -2.1780558737754 -5.692564388405626 -6.907376880452831 -7.7343428993164105 -8.325353244630342 -8.847191532325967 -9.252845430396604 -9.544507674539776 -9.911952692857863 -10.1524916265496 -10.387080869811737 -10.73529949505267 -11.011613945235128 -11.257903355841826 -11.445072447045309 -11.833842479760667 -11.937742281782363 -12.35853138681106 -12.507929645751533 -12.514295859565665 -12.999175420280086 -13.21259243095332 -13.58350623436959 -13.565354454710725 -14.008560762359654 -14.223176165946152 -14.31963530539266 -14.763544989621 -14.91130638138549 -14.984999696665195 -15.442957861351509 -15.30078981222917 -15.97670020347534 -16.238929791890357 -16.186621921074497 -16.64767144170149 -16.800023471339774 -17.06038881819506 -17.139354347461897 -17.43865236716329 -17.4944118174119 -18.019593423804075 -18.03347614235076 -18.07889160432214 -18.475628183470082 -17.526851061213996 -17.695900520932025 -18.723974398639864 -19.09809965407171 -18.711342742387448 -19.056014459215525
51
 -2.1780558737754 -5.6820668996819474 -6.894985505808185 -7.702021637619701 -8.278622992907104 -8.765650270867894 -8.96678686170855 -9.577527744277596 -9.894038123636648 -10.178666480021034 -10.352987803592363 -10.751588561031648 -10.995527963936585 -11.191089004969154 -11.592957739497514 -11.781856329973424 -12.032235722610574 -12.377232490549627 -12.522541070861669 -12.771237230361649 -13.155333099636655 -13.330784807196633 -13.507491656808053 -13.825311555886584 -13.830846181040132 -14.220833030830018 -14.555386553516367 -14.854480739144709 -14.970946812008595 -15.225614757092988 -15.266017932094597 -15.798472344959189 -15.68387050668563 -16.128921413064536 -16.246482855533657 -16.65979393418408 -16.894724890694953 -17.04534562677969 -16.944428089177546 -17.32306074531971 -17.417964707749285 -17.88503972653667 -18.052761072651155 -17.971004050301012 -18.397502070415875 -18.18745106943171 -18.836381715245373 -18.92987431200949 -18.59136779019547 -19.245496410606897 -19.589934403634338
51
 -2.1780558737754 -5.645276096821315 -6.903787018481273 -7.727685578021426 -8.317103024560657 -8.797574401060114 -9.226353600561511 -9.576460677035145 -9.869914613157208 -10.157893509291842 -10.468725443288916 -10.692272005164298 -11.02114676155309 -11.185741714398334 -11.569290077338325 -11.765383741577928 -12.07651769671766 -12.237435146662857 -12.589830239515182 -12.77675805216568 -13.072456474833524 -13.355257610250103 -13.26591111642388 -13.60920468530491 -14.11065706226752 -14.2032811710219 -14.163123862344193 -14.480588900022537 -14.872399080681038 -15.34123792103196 -15.520824887227265 -15.773449936591954 -15.414126780238181 -16.17784237010887 -16.2629369036529 -16.451288121695278 -16.660077542592568 -17.14173023214022 -17.371647896727833 -17.495490534577044 -17.633799614987897 -17.56418476959818 -18.015275607122952 -18.117482605377734 -18.309584371291457 -18.203382702861145 -18.88149814289467 -19.039749178099896 -18.838442130033055 -19.219529620396706 -19.50101906261424
51
 -2.1780558737754 -5.677948549514695 -6.886290961485229 -7.70296652718256 -8.34883443332007 -8.842763546128902 -9.238800216833429 -9.530846269809166 -9.876732021191584 -10.179857755049726 -10.456445785376028 -10.627666228647609 -10.967978552425922 -11.282914689695971 -11.347304898546907 -11.760623494518882 -12.052132071650856 -12.345396806327773 -12.52719149418465 -12.767970127129221 -13.024220312195746 -13.32508464463019 -13.54567997646656 -13.716002376294059 -14.04726995551305 -14.213338920808647 -14.457039775182025 -14.86176637309201 -15.067778566306012 -15.216772392902138 -15.56347903632014 -15.726454630517477 -15.709705479554634 -16.111413722519057 -16.502379827203367 -16.551285784531892 -16.671934385780453 -17.154761660600492 -17.02469266279423 -17.4618253149069 -17.67339812655919 -17.907030338117302 -17.669256368688902 -18.283130341787775 -18.529158979904725 -18.536820361491884 -18.8127175570056 -18.743541605942713 -19.2496472540339 -19.198207797497393 -19.54634738752469
51
 -2.1780558737754 -5.686188999291544 -6.883088024129076 -7.695167564078228 -8.3157663147646 -8.848588498621405 -9.251086381000686 -9.584045014510776 -9.870985994733545 -10.079591636121457 -10.487411233302913 -10.663416765610544 -11.016713792556045 -11.230336792010887 -11.472069368467562 -11.77077496148399 -12.025061698202771 -12.27178237953422 -12.538747010880911 -12.732562857471395 -13.11423312669833 -13.228721531280547 -13.471448211008402 -13.789419406714364 -14.0389328700489 -14.347672976265088 -14.63204347851703 -14.750027820058651 -15.037779977858525 -15.169900690932339 -15.04054202893248 -15.759746788986472 -15.716395970287172 -16.146771299415555 -16.358359000624212 -16.652751485447066 -16.74067553456667 -16.806706736922703 -17.011014081359058 -17.28057019426686 -17.681804645135667 -17.480731502773384 -18.134207700490688 -18.068063149294446 -18.1707169912984 -18.630842232324063 -18.7430135025371 -18.765812220214176 -19.074843957720354 -18.74749578082935 -19.52489387865995
51
 -2.1780558737754 -5.674643311187188 -6.90350083489375 -7.72220447237054 -8.338198104934909 -8.830966450672335 -9.243791776116117 -9.551898834555763 -9.841090158589038 -10.20940943265506 -10.4720658436405 -10.54767182927859 -11.011463657924793 -11.27339672535738 -11.405620939712295 -11.788671088667893 -12.069665473314297 -12.318780369557567 -12.526197422300447 -12.80293820189927 -13.067112927663057 -13.360539886151946 -13.488953205366313 -13.767531074388565 -14.06343495544525 -14.322817658449532 -14.531835453524344 -14.832530588983357 -15.025403770841761 -15.331117289560376 -15.478529799885548 -15.66457966683348 -15.75285620802581 -16.147913170373258 -16.00291655204574 -16.437527958106838 -16.90816452617023 -16.629787057223396 -17.300820318058157 -17.242604274258312 -16.975776301199428 -17.72235033582151 -18.202875947763843 -17.928561262294977 -18.128007152665642 -18.359641750949567 -18.59426284366135 -18.338726482426353 -18.931006871992967 -19.05599131507897 -18.60387476614121
51
 -2.1780558737754 -5.685774248392864 -6.861230933290112 -7.738560300254501 -8.313327636449843 -8.800116862886048 -9.18242821807483 -9.568937615864822 -9.822285182807084 -10.13940396178825 -10.462883754663897 -10.573285832714513 -10.993608910442367 -11.223443940488686 -11.535167067708866 -11.771999578642262 -11.961816189214282 -11.348721834047915 -12.50974625330914 -12.777832478740795 -12.931252758258005 -13.34113283940337 -13.513267728336645 -13.765101100087692 -13.783007083558468 -14.331171893055282 -14.569423644853225 -14.812685022722427 -15.116186040059448 -15.248348374882376 -15.314659332777598 -15.63037239242871 -15.467684846846199 -16.055023854040712 -16.19313140683239 -16.461521028326004 -16.769233459413527 -17.023536795479654 -17.035285046334394 -17.311383241495488 -17.210859863336797 -17.835468452980663 -18.054719408332968 -18.117818456198442 -18.47553533959864 -18.383296949646226 -18.78002925472983 -18.946969370963593 -19.141431264140056 -19.139486219255737 -19.528811449536228
51
 -2.1780558737754 -5.679940001314269 -6.911677293943387 -7.6935541596974195 -8.342341513619385 -8.837703897922061 -9.221190422348617 -9.588126851586523 -9.905632337115717 -10.195299446648477 -10.300765173446539 -10.72903694653281 -11.029567858870877 -11.259017969681711 -11.571632475463199 -11.80907295042323 -12.014998611612828 -12.351941127930012 -12.601801891629663 -12.78981966207667 -13.07835782124346 -13.332312899857483 -13.450774337142606 -13.581290799156607 -14.088236837919354 -14.367759103528243 -14.507152099414393 -14.6929626262357 -14.90991762977002 -15.079313764671115 -15.465629111168269 -15.620850038606227 -15.610644746692557 -16.044504673072066 -16.44903715800611 -16.387801674662168 -16.7241311696337 -16.973445561093964 -16.35610249943521 -17.25613745942711 -17.309350952471842 -17.714388531203532 -17.98436931464149 -18.00571706685426 -18.36082858819783 -16.600651776724433 -18.780481399136654 -18.706818301146697 -19.153856431510498 -19.113974430706534 -19.565548331807783
51
 -2.1780558737754 -5.666830687531058 -6.900014724201039 -7.713935899390257 -8.306310087944437 -8.690110029437134 -9.252041453997535 -9.38505767873572 -9.820570460069622 -10.16714913864826 -10.440373448093332 -10.607213293549034 -10.935734096077946 -11.272930939365807 -11.485274084398938 -11.815558480225667 -12.086117354709122 -12.295708401030003 -12.57939916548077 -12.848541435003217 -13.000361398948865 -13.37330614317062 -13.656798716824936 -13.867575964303818 -13.938737853958331 -14.173268271163217 -14.507751889318474 -14.685702034395542 -15.006590136506345 -15.177276677713794 -15.483275553210484 -15.682369459820775 -15.879570560069611 -16.265015450557154 -15.780035419496377 -16.629426729369438 -16.436580898920184 -16.877682625745205 -17.22846487371439 -17.401345857816622 -17.522200442903507 -17.80217720748352 -18.084479057480245 -18.203568366674922 -18.375373641177752 -18.3394384013413 -18.893456441311095 -18.82705188848438 -18.677756778770927 -19.428634513307 -19.467575961492813
51
 -2.1780558737754 -5.681759841208114 -6.902577371852334 -7.7436783484684115 -8.35013246538241 -8.869198947001525 -9.230610318305887 -9.613826506841464 -9.919336514561849 -10.21176497018607 -10.425518875862215 -10.633439983707751 -11.00750320370943 -11.061541608142893 -11.493369667473923 -11.799722145313764 -12.054355674202329 -12.33663847420192 -12.482894792758128 -12.796427794586602 -12.842903469537488 -13.289798902413844 -12.959905389027014 -13.816188954587506 -14.052329670236857 -14.268681399284128 -14.568476048175826 -14.791958667215736 -15.083894242245862 -15.336610534243334 -15.484649162113405 -15.68338744608759 -16.062735241540555 -15.718123496078684 -16.455950148444042 -16.32455282750363 -16.648757501981645 -17.064509762135224 -16.783047987481353 -17.299993665839573 -17.640475648641463 -17.958799052938254 -17.933505218886644 -17.275853513002843 -18.18477945758072 -18.622760634163377 -18.80124167266949 -19.095320502996508 -18.978834784074564 -19.24557616600459 -18.918613964517046
ADAPTSAGA
10
51
 -2.1780558737754 -9.160720908955724 -11.468377414061338 -10.29544287645857 -12.79232438870152 -13.783388973689698 -13.646293702862263 -13.478662673869565 -13.929565139892205 -13.333724185782966 -14.181535036977708 -14.093456248480871 -15.133443152377374 -14.120482349679694 -13.955321403274477 -15.534962824490973 -15.554091369538634 -14.34564815034532 -15.20229878133197 -21.62005721159129 -23.474342952541825 -23.662775780955513 -24.26374497555564 -25.058812518884878 -25.565855556165367 -26.236582924628536 -25.30590405668935 -25.273314932367725 -26.368498929802023 -25.909891993196386 -25.044566042636777 -26.607133156334616 -25.952314798898417 -26.877543424468648 -26.26137433995349 -27.579862999673765 -27.189887908669515 -27.17267251285594 -28.00971660361347 -28.28292139318597 -27.35183272286162 -27.54048580078424 -27.979427235747934 -27.222270782777223 -28.673653084057694 -28.97742798128704 -28.764299985874015 -29.24076973951544 -29.18689503486235 -29.12202535381499 -29.42754360792504
51
 -2.1780558737754 -9.443212968513045 -11.76211052813881 -10.37381934821479 -12.789206084787189 -13.825612534323023 -13.658563718528612 -13.462696818345753 -13.928718802448923 -13.351793429513931 -14.207012624199715 -13.977108997885988 -15.180837990412414 -14.117962638774426 -13.918965160772855 -15.543602994686307 -15.569975690834216 -14.354353950900203 -15.165698970947396 -21.955302347886516 -23.68406351939078 -24.30648223217931 -24.62039818640953 -25.729740707058824 -25.37367786220418 -25.817887728086028 -25.216252105620537 -26.03598378383481 -25.962500457082754 -27.284750832841414 -25.40445522251427 -25.478339188375326 -27.25962773997818 -26.66097345569882 -26.840621863868627 -27.11730526349008 -28.086629226939685 -27.729810165276177 -28.222454483327482 -27.93737183982126 -27.542433910192564 -27.71603108190868 -28.51437659776817 -26.90280864242687 -28.85598415023372 -27.94325255088708 -28.637855372874597 -27.850088212871526 -28.919922349456723 -29.38807027544945 -28.53634648084662
51
 -2.1780558737754 -9.358578876625865 -11.68349809379653 -10.357418128197194 -12.721330694032321 -13.88637746000707 -13.700467154686878 -13.418202693232592 -13.901580638654657 -13.331206607550223 -14.185226633611201 -13.978300949388204 -15.13741507969039 -14.143862038767994 -14.008596797286723 -15.503722245680281 -15.599220955317334 -14.37023855661023 -15.183698330369095 -21.80046331227227 -22.465131797607366 -22.7763114015551 -23.353983450978966 -24.688557641419507 -25.218675052405366 -25.48422392372725 -25.979160625606387 -26.037715409135686 -25.775249977804002 -26.83217514471567 -26.68918492242559 -25.824854082258753 -26.821166874006366 -27.11881521412129 -26.262482210738884 -26.812602644448685 -27.291987698967976 -27.278009372200852 -27.937375853817052 -26.70914909812321 -27.996467397816335 -27.703984749440192 -27.984676834140018 -28.475290404171062 -27.614601394655395 -28.088734614087002 -28.499474430380012 -28.654266732809685 -28.52112249081465 -29.194557908062247 -28.733155459880347
51
 -2.1780558737754 -9.114146767137344 -11.590654951454004 -10.261850489025539 -12.804438432026657 -13.793565454688018 -13.92981214740437 -13.568629007324969 -13.904639402887033 -13.46551790393777 -14.111714301172109 -13.970590250272462 -15.113661152378947 -14.10877578512882 -13.871674778563817 -15.471331467624683 -15.63335281658295 -14.351029622713389 -15.194664273597452 -21.77423871943877 -23.414340686393672 -24.247770889586185 -24.418258335505065 -25.410503793955186 -23.939629788689327 -25.158470958724607 -25.271818531835173 -25.409748849218975 -26.321727250599025 -25.834248704678053 -26.36542410107571 -26.44261358972692 -26.607680333258873 -26.561955786632517 -26.831004118647787 -26.647195236474463 -27.555749806540536 -27.262093503267913 -27.50371668269546 -27.132976986906176 -27.749208091547086 -27.816816000000664 -27.476196256598083 -27.995788514988757 -27.418468358475845 -27.292260666849316 -27.615305163946633 -28.584222391272828 -28.441977107794848 -29.081765247453358 -28.728684450582087
51
 -2.1780558737754 -9.317344518623498 -11.65481063012506 -10.275310112334195 -12.677769675544573 -13.769129401895134 -13.695078082167255 -13.547699464260122 -13.979985731933837 -13.382921919744943 -14.153789658663564 -13.9578528016441 -15.131552757722945 -14.132420911698226 -13.987941605461454 -15.49724787008893 -15.619885569974247 -14.346598759428575 -15.191003999171663 -21.37507636209174 -23.006896434930656 -24.245690018092606 -24.086239635538078 -24.333501347256764 -25.166987681182444 -25.84529263030092 -25.38836994370494 -25.729157734799905 -25.965064632938116 -26.831365827925577 -24.135493899759812 -26.10364790971502 -26.306446916271483 -26.80424172538509 -27.39296564671195 -26.75863621394249 -26.203251988861247 -27.246816335640457 -27.47019369663989 -26.572185226704857 -27.940253260954552 -27.875957868936975 -27.292304749293457 -28.077483829140068 -28.473660791258602 -28.24174859469275 -28.56168827995319 -27.95572439719068 -28.649232792391086 -29.077322736377482 -29.09227179397857
51
 -2.1780558737754 -9.221219487768087 -11.84030404274399 -10.207209868383183 -12.747975394559475 -13.610865906385815 -13.714546519926973 -13.40910536722896 -13.971244852234477 -13.345659362534354 -14.17528145306087 -13.986344976509798 -15.185146516812326 -14.127431875547728 -13.952840567501454 -15.545889306471459 -15.609798760089145 -14.355399907284708 -15.170807986672758 -21.975071716877775 -22.987562736257523 -24.22843877813079 -24.050490581864537 -25.434886606020275 -25.037138898946733 -25.208369832232293 -25.415177474866095 -26.141452824558844 -26.23412529663897 -26.8911995698669 -26.175787032444518 -25.97217199736419 -25.98625006479741 -26.907189075500998 -27.785045232398307 -27.776023855385557 -27.654147575694587 -27.551708981630266 -28.02432922428561 -27.559120237306914 -28.141042521398433 -28.536492620468742 -28.35990867185868 -28.77830296152199 -28.352082980289953 -27.39298261219088 -29.025324113229843 -28.687664204722154 -28.12460246674675 -28.57103126987408 -29.506256913952843
51
 -2.1780558737754 -9.363435873925058 -11.945287111924335 -10.312410399690474 -12.713133473255157 -13.712226182828106 -13.6945296610042 -13.419285722732859 -13.948181217343487 -13.34264585298176 -14.196060025764028 -13.931440572724878 -15.139729471912416 -14.132997045780115 -13.884406368055663 -15.537512313530318 -15.659209930385362 -14.395635533474396 -15.195933674789512 -21.781807992419736 -23.612771721866363 -23.018546577486266 -24.652025681208425 -25.352961086923205 -25.658433400434067 -24.751305955364334 -24.727877878106636 -25.9003733519284 -26.462259451861016 -26.485625529185068 -26.670705866892963 -25.86675423050041 -27.03849610017258 -27.048222771885357 -27.384287361265102 -27.17938022056338 -24.662458644489426 -27.349892266696045 -27.36466542147492 -26.779332809583398 -26.548445238969965 -27.468504637546374 -27.93162626655031 -27.8102109123888 -28.403801398552776 -27.338107584581206 -28.743467099155566 -28.787332116044112 -29.064895483937846 -28.47603329842852 -28.7909808024978
51
 -2.1780558737754 -9.247754102446901 -11.85089168882949 -10.187679431084003 -12.678182412207327 -13.584303065768925 -13.67618414791711 -13.412538395581734 -13.999795828402624 -13.33216786931965 -14.23579356746199 -13.96685576158678 -15.158257589399186 -14.116550889287241 -13.952825446815526 -15.532988789800191 -15.686829729607753 -14.315386661919401 -15.176748460137658 -21.413432325658423 -23.547076492779773 -24.215339648197894 -24.69717892499536 -25.58837642608248 -24.984051539102204 -25.955225838620642 -25.61860166794637 -25.378766082469745 -24.375654403252135 -27.057731772464518 -25.700334119619665 -26.321496703289796 -26.734288809615677 -27.475200912592758 -27.253994584186007 -27.167934664079926 -26.160648743941557 -27.62977449094352 -28.147483729879156 -27.09387809641821 -28.637819246317925 -28.491872470036654 -29.10079932574312 -27.2484142123782 -27.12878573051354 -28.694650682606973 -28.767461817158615 -27.585599907098125 -28.802855575399693 -29.5713377365787 -30.064277585535187
51
 -2.1780558737754 -9.410092088222946 -11.532192334134942 -10.255519791605073 -12.683252530682308 -13.73535657476816 -13.684559808634978 -13.443937845344639 -13.88600850478234 -13.314541629543642 -14.207677817057672 -13.945875876068175 -15.076232352065778 -14.127631024836816 -13.996002862053777 -15.561183155549653 -15.620256657740322 -14.367341635699292 -15.175055710181065 -21.679824475702862 -23.037457164108154 -24.16092168809095 -24.024829478171327 -24.32842000141218 -25.68306053579111 -25.794563703173967 -25.61566503362889 -25.15849940666267 -25.792703011106457 -26.21476106883067 -24.74425274088107 -26.478580503923258 -26.607537431165554 -27.175642273442293 -26.14998059485106 -27.20682956515959 -27.287473025798292 -27.752052772048295 -26.687819701111575 -27.986506445014953 -27.64913941956326 -27.83116646926666 -27.802248006347472 -26.08666705955544 -27.406045676626412 -28.242312561850422 -27.828727016985574 -28.639051538813817 -28.934126199236907 -28.796042013817683 -28.806945408875286
51
 -2.1780558737754 -9.206203778492798 -11.763687540717916 -10.453522402487941 -12.736787281578383 -13.605670762743399 -13.75280989198007 -13.405153958679106 -13.8746201587971 -13.407040011292187 -14.209330729640586 -13.843180051904293 -15.051087193678107 -14.135451824539407 -14.056421094998127 -15.547395092618721 -15.567262295652206 -14.339819239154973 -15.180550227125817 -21.74454460902293 -23.003167594199127 -23.887895562408286 -24.782694880547812 -24.599169195939375 -24.992040361005518 -24.850468143742003 -24.896019846771118 -26.033746738472118 -26.545927561854004 -25.041382350912436 -25.24200141448504 -26.72573210649622 -26.57740789001374 -24.734897817294076 -27.162038506415268 -26.723980013055247 -27.228882848169274 -26.3312927798398 -27.117718800871234 -27.293246913937537 -27.958142466471948 -27.210592995786058 -27.93560760725458 -27.676716991492672 -26.740909028494134 -28.14451229715434 -28.75070310475893 -28.981194855696067 -28.916976034116413 -28.867430886960925 -29.199268470893536
ADAPTDoubling
10
51
 -2.1780558737754 -11.642730565185373 -12.99737630854025 -13.047808939396655 -14.151193373477655 -13.53415409351831 -14.29612757672406 -15.343473644931267 -14.69190655196537 -15.387239726985001 -15.900811385348003 -16.211538226531175 -16.591563946993134 -14.731293454754908 -15.328174625489902 -15.256667034514178 -15.952185251560701 -15.45112834455155 -16.36862629606619 -14.480369264077597 -15.516689043948075 -15.991795842914346 -17.967625002061936 -16.53546221633858 -16.651373910185143 -14.928412203936986 -16.50709811329089 -17.861150397665096 -17.81322959299564 -17.25085258006843 -18.273021968820895 -17.19917737779121 -16.9239535693255 -17.96473933649779 -16.354732913187206 -17.86713207798923 -20.43573678727686 -17.818037051218997 -19.164041942694343 -18.73390661844126 -18.730829976089844 -18.11383654585881 -19.35145803763627 -17.24287298535349 -21.480665929825648 -21.161737135910883 -19.25707354236287 -18.696821688281112 -20.385555803815624 -20.845226651484897 -20.934504894464045
51
 -2.1780558737754 -11.05270916302006 -12.690526211080943 -14.299916257926592 -13.354601411823275 -13.152390964665367 -13.068154185062156 -14.643416711900397 -15.049786525831744 -15.457008853134376 -15.574102022640941 -16.044177667263295 -13.153264334578854 -14.93785268233014 -13.032147685532179 -15.686401707178236 -16.056012743488953 -16.6871689426224 -16.014970484848785 -15.79384373473151 -14.484946465443766 -16.01356444759081 -16.50573976189758 -14.723631666559433 -17.942062712652298 -15.847035561928985 -15.76414630976943 -17.856048897433105 -18.720775997904283 -16.61278048028567 -16.48940090885938 -19.413652441352262 -18.949433126818974 -17.68228874098708 -18.333287393332792 -17.839876337693163 -19.703221595742473 -18.710973510683438 -17.92572402293285 -19.530082486530937 -19.58943642678873 -21.30918669708721 -19.429706533548714 -21.51806496482367 -21.550268003597886 -21.58862446971088 -20.08663173510682 -20.230074950209158 -20.477957640158674 -20.747629676258864 -22.112648184261253
51
 -2.1780558737754 -11.328385894614982 -10.914007634260514 -13.694298755593955 -12.877082369722766 -13.353592989957152 -14.909148372357723 -14.738856766172798 -14.684807468772657 -12.9760121119533 -13.021070074360914 -15.457677553390514 -15.803582916948884 -16.00294202348492 -16.361341636830907 -16.668330179841412 -14.632840320347064 -15.60832517750811 -14.027992762968331 -16.350166980567337 -17.46110504550114 -16.15633599259786 -15.374117040257499 -16.22093576672825 -14.298159873025552 -16.709154477540782 -15.673231045199309 -16.88493282790357 -18.467533002697074 -17.534882138620635 -18.7817049889023 -17.32213188988777 -18.374041841215845 -16.35276026758832 -16.300542317696127 -19.763998173505858 -18.609151600820958 -18.79821268826388 -17.753922586027286 -18.76375200586527 -18.96237331341872 -19.27798832910114 -19.941855420431136 -17.905271545026654 -17.628219610712264 -19.858736329776065 -19.43030908209438 -20.68191758831277 -20.410071136159864 -19.64189280445579 -19.82254555522729
51
 -2.1780558737754 -11.738221028352703 -12.987963254344812 -12.70002265760668 -13.872681289981053 -14.226921402971717 -15.463903238149882 -13.490993966595298 -14.977635874068797 -15.89692748885524 -14.870532518118726 -14.808269125471636 -14.388004956409779 -15.142831261365446 -14.387475055562403 -15.504887835778943 -14.876533851980117 -16.109521483253886 -15.78569196160911 -15.248531723554843 -15.100791781491859 -16.073382987926394 -13.247939644679027 -16.798415798131018 -16.672118073699927 -17.935833196855455 -15.280469692507399 -17.72491736632156 -17.075197978228577 -16.98114583639966 -17.435545800836824 -16.695135472445813 -18.90396436152574 -18.24042338960322 -18.73848335062905 -20.86874089845836 -17.35376824210537 -17.749836547185097 -18.47798467675192 -21.054303742558993 -19.18152035034367 -20.128604472298623 -20.061847792183247 -17.75224532145789 -19.477597380845037 -21.006797876691643 -20.937770563907208 -17.40351280338853 -21.324680352125085 -19.619136907557113 -21.573155271158445
51
 -2.1780558737754 -11.236770749525013 -12.461534856144999 -14.333888231523424 -13.720651129075359 -12.574773716789556 -14.053686755414022 -12.236998434110394 -15.391539011136624 -14.794579511454083 -15.172690068972713 -15.728988418993776 -15.436010461752222 -14.532764427617172 -13.957674594806452 -12.95815579622734 -15.058396333679056 -14.099964187216168 -13.885223974402324 -16.403923962428667 -16.027720254165594 -15.577745400926945 -15.259017525529535 -16.657269115721906 -17.520535540540724 -17.427070678375184 -16.44809335263059 -16.53550286413367 -16.77955353059096 -18.44149014208458 -17.33777700265637 -18.81767209688648 -18.7814410282352 -19.15164096007256 -18.382086305240772 -19.25842565054273 -18.525685719075042 -20.20278472209384 -19.609207500722473 -19.56145474044285 -19.565442641456432 -18.409741937537564 -19.750017046247702 -21.091573222551812 -20.30235595454822 -21.03741219119443 -20.54492035305825 -19.210273433127615 -18.015901964605103 -20.325274624362795 -21.106626234979256
51
 -2.1780558737754 -10.415605581571581 -11.567508723240422 -13.558042882418155 -12.260881204920283 -12.018623759009092 -12.468242810827036 -14.018532305826955 -14.447314802508659 -13.908264897406909 -16.02019887973884 -12.757834337385125 -15.130508081615384 -16.008909235142813 -14.376562540376817 -14.648107677268797 -12.967026433906817 -15.824837733691604 -14.20002723257546 -17.193730029701193 -16.254861070717336 -15.847774444537121 -17.187981985326786 -16.57887340287129 -16.03868441181344 -14.888583738124556 -16.962744260853118 -15.953605414489914 -16.68736871285967 -18.27665646732432 -18.737404884218908 -18.87803012604536 -16.056556657859964 -17.064100828986376 -18.57075472150369 -18.64516401470453 -19.317262214918742 -17.125561946139516 -17.51776837335666 -19.92492928311782 -20.056613237539846 -19.516478462751316 -20.413726865245483 -18.029997880922696 -20.474666551216092 -20.01814846277809 -20.674389534355395 -19.414633906856416 -21.394269276454644 -18.991789887831395 -20.870433919704894
51
 -2.1780558737754 -13.160057740531375 -12.54863640139965 -12.931393417462607 -13.955318430196932 -11.95801242169776 -13.228338630728997 -13.81241909277306 -13.69102109353579 -13.605711983668728 -15.357667382001303 -12.457363224841343 -16.739433821331474 -15.318205809092342 -16.186316595323213 -14.336138609057008 -15.44182042054958 -14.611289119518998 -15.621835124054932 -16.277483614886577 -18.27184627147916 -14.47079780435799 -15.38415944385653 -14.767946910236368 -15.945164401024789 -18.06602359555411 -15.08308655839691 -16.701146956591298 -18.751653421957748 -18.13819626604466 -19.66375889914922 -18.438628162691757 -17.00194418491454 -19.183442477631143 -18.70532095417276 -16.91379852010773 -18.714903478750156 -18.682390905797316 -20.70714726212772 -17.476467132744467 -18.742295747091106 -17.5801280751909 -19.26151244962095 -20.170080679931626 -19.086749142619695 -20.197767834252286 -20.672540791162724 -21.493166792846537 -22.280835243948 -21.750786298591635 -21.192675541842735
51
 -2.1780558737754 -10.24789477239758 -12.876204302886851 -13.299860751950902 -14.663041266369206 -14.28808773727884 -12.431886652500364 -15.734385709698904 -13.950030718925616 -15.159682101676623 -15.445809495795343 -14.286842516983977 -15.107719763842136 -16.059078198833078 -15.233200253590653 -15.23306015977767 -16.81840938294741 -15.650055622240483 -16.11037429735288 -16.35538334151417 -14.888503097707295 -16.64451598997695 -17.012236983209746 -14.781859650675582 -17.296761238406962 -17.107476953948865 -17.20731059212618 -17.364776783372683 -17.109387212921714 -17.59433203217 -18.87834444351393 -16.852521295632943 -16.27162040737284 -18.13113242507705 -18.368477155005873 -17.62348021946639 -18.544981541037522 -17.638243730952134 -20.464645951805657 -19.194609383441282 -19.413876938089142 -19.262936627470644 -19.986347708685518 -20.024183764336787 -19.93687853907827 -20.05447284706172 -18.718930821271332 -20.489394783101922 -19.775097643611513 -20.664018862250117 -21.114546905904792
51
 -2.1780558737754 -11.768557004580817 -11.377320035945253 -13.571699970983945 -9.594963492826798 -13.523267952334074 -14.237333192296093 -15.01882987628986 -15.974211633852919 -13.336286003371487 -13.255308699490799 -14.967035828797352 -15.391537263783109 -13.92435020608098 -14.838217400538724 -16.06900704551626 -14.721030936699872 -16.639138683377986 -17.173895184814228 -16.171004080168593 -16.84814273836237 -16.77968156063143 -16.033497443659517 -17.908905611233095 -14.958872333612291 -17.633030888966193 -16.188032472464467 -17.39049901703316 -18.20792201208386 -17.24725412565398 -16.936652015231424 -19.085441283455502 -15.702173391009335 -16.541858581133003 -17.9651810448855 -20.279905648742943 -18.333001440618627 -19.231169180072754 -18.83960477306886 -20.07076739816388 -19.66218066074856 -17.881512409804454 -20.36518636435808 -19.911460415217334 -19.88997433010937 -20.13830056369303 -20.14593768813928 -20.438285362740437 -20.7478058932068 -19.64709076390337 -21.37955971984941
51
 -2.1780558737754 -9.942793760047048 -12.287868254485009 -12.381239150741592 -14.383124487821318 -13.218659720664107 -14.18626988265525 -14.3681502535891 -15.448870326061492 -14.677571016584489 -12.300830502383693 -16.590225455819187 -16.11651812000751 -15.237114811499023 -15.445598705292936 -16.296130091901166 -16.171633491627613 -17.844096682215525 -15.42590071090993 -16.920750526245474 -14.747295919539336 -18.730456091661463 -17.041735369999856 -14.018465693029308 -16.527305126432324 -16.525291128366323 -17.808608994794998 -16.941446662704408 -16.496320915929918 -17.368229128854548 -17.647525437449527 -17.93350422180433 -18.61179328608395 -16.62931604864045 -18.784879411575353 -17.249335375330915 -19.102355244806855 -19.079194170494954 -18.370902987690314 -19.380550303723084 -20.027598373724125 -21.61321930303031 -19.12966551095622 -19.999359004869063 -20.66859065885011 -18.635380022074468 -19.873212365635357 -21.322079252840478 -18.288794752897857 -20.21666880638503 -20.199532260799103
MainSSVRG
10
51
 -2.1780558737754 -9.2575749078417 -11.061870360329168 -12.40437983464168 -12.40437983464168 -12.40437983464168 -12.40437983464168 -12.40437983464168 -14.291714434186959 -14.291714434186959 -14.291714434186959 -14.291714434186959 -14.291714434186959 -14.291714434186959 -14.291714434186959 -14.291714434186959 -14.291714434186959 -14.324708252915066 -14.324708252915066 -14.324708252915066 -14.324708252915066 -14.324708252915066 -14.324708252915066 -14.324708252915066 -14.324708252915066 -14.324708252915066 -14.8187960543349 -14.828212032466185 -14.828212032466185 -14.828212032466185 -14.828212032466185 -14.828212032466185 -14.828212032466185 -14.828212032466185 -14.828212032466185 -14.828212032466185 -15.157212623795797 -15.157212623795797 -15.157212623795797 -15.157212623795797 -15.157212623795797 -15.157212623795797 -15.157212623795797 -15.157212623795797 -15.157212623795797 -15.272458572831587 -15.272458572831587 -15.272458572831587 -15.272458572831587 -15.272458572831587 -15.272458572831587
51
 -2.1780558737754 -10.986180586502712 -12.264180668914152 -12.264180668914152 -13.663804212963269 -13.663804212963269 -13.663804212963269 -13.663804212963269 -13.663804212963269 -15.794590457984857 -15.794590457984857 -15.794590457984857 -15.794590457984857 -15.794590457984857 -15.794590457984857 -15.794590457984857 -15.794590457984857 -15.794590457984857 -18.099058504122535 -18.099058504122535 -18.099058504122535 -18.099058504122535 -18.099058504122535 -18.099058504122535 -18.099058504122535 -18.099058504122535 -18.099058504122535 -18.412013582759965 -18.412013582759965 -18.412013582759965 -18.412013582759965 -18.412013582759965 -18.412013582759965 -18.412013582759965 -18.412013582759965 -18.412013582759965 -18.170652158949135 -18.42394505551341 -18.42394505551341 -18.42394505551341 -18.42394505551341 -18.42394505551341 -18.42394505551341 -18.42394505551341 -18.42394505551341 -18.42394505551341 -19.4289554952613 -19.4289554952613 -19.4289554952613 -19.4289554952613 -19.4289554952613
51
 -2.1780558737754 -12.338404572255657 -13.399997641913927 -13.399997641913927 -15.177330077596874 -15.177330077596874 -15.177330077596874 -15.177330077596874 -15.177330077596874 -16.839179564977147 -16.839179564977147 -16.839179564977147 -16.839179564977147 -16.839179564977147 -16.839179564977147 -16.839179564977147 -16.839179564977147 -16.839179564977147 -17.480173731303825 -17.480173731303825 -17.480173731303825 -17.480173731303825 -17.480173731303825 -17.480173731303825 -17.480173731303825 -17.480173731303825 -17.480173731303825 -18.036947678893483 -18.036947678893483 -18.036947678893483 -18.036947678893483 -18.036947678893483 -18.036947678893483 -18.036947678893483 -18.036947678893483 -18.036947678893483 -18.990512602822385 -18.990512602822385 -18.990512602822385 -18.990512602822385 -18.990512602822385 -18.990512602822385 -18.990512602822385 -18.990512602822385 -18.990512602822385 -18.80381622810427 -19.010242345281586 -19.010242345281586 -19.010242345281586 -19.010242345281586 -19.010242345281586
51
 -2.1780558737754 -11.413910690432532 -13.012569681147424 -13.012569681147424 -14.72924327762766 -14.72924327762766 -14.72924327762766 -14.72924327762766 -14.72924327762766 -16.679097593761856 -16.679097593761856 -16.679097593761856 -16.679097593761856 -16.679097593761856 -16.679097593761856 -16.679097593761856 -16.679097593761856 -16.679097593761856 -16.837837627600994 -16.837837627600994 -16.837837627600994 -16.837837627600994 -16.837837627600994 -16.837837627600994 -16.837837627600994 -16.837837627600994 -16.837837627600994 -17.160699298404904 -17.160699298404904 -17.160699298404904 -17.160699298404904 -17.160699298404904 -17.160699298404904 -17.160699298404904 -17.160699298404904 -17.160699298404904 -17.188937749557187 -17.188937749557187 -17.188937749557187 -17.188937749557187 -17.188937749557187 -17.188937749557187 -17.188937749557187 -17.188937749557187 -17.188937749557187 -17.458844178168622 -17.458844178168622 -17.458844178168622 -17.458844178168622 -17.458844178168622 -17.458844178168622
51
 -2.1780558737754 -10.82711605262491 -12.92602150188006 -12.92602150188006 -13.342966886853903 -13.342966886853903 -13.342966886853903 -13.342966886853903 -14.474233119149774 -15.188781711445696 -15.188781711445696 -15.188781711445696 -15.188781711445696 -15.188781711445696 -15.188781711445696 -15.188781711445696 -15.188781711445696 -15.188781711445696 -15.531970574726136 -15.531970574726136 -15.531970574726136 -15.531970574726136 -15.531970574726136 -15.531970574726136 -15.531970574726136 -15.531970574726136 -15.531970574726136 -17.233071917967887 -17.233071917967887 -17.233071917967887 -17.233071917967887 -17.233071917967887 -17.233071917967887 -17.233071917967887 -17.233071917967887 -17.233071917967887 -17.433102528965883 -17.433102528965883 -17.433102528965883 -17.433102528965883 -17.433102528965883 -17.433102528965883 -17.433102528965883 -17.433102528965883 -17.433102528965883 -17.86662581681509 -17.86662581681509 -17.86662581681509 -17.86662581681509 -17.86662581681509 -17.86662581681509
51
 -2.1780558737754 -11.502356992636967 -12.86850900549446 -12.86850900549446 -14.313739698345344 -14.313739698345344 -14.313739698345344 -14.313739698345344 -15.28897383690974 -15.77200166251119 -15.77200166251119 -15.77200166251119 -15.77200166251119 -15.77200166251119 -15.77200166251119 -15.77200166251119 -15.77200166251119 -15.77200166251119 -16.014272863057762 -16.014272863057762 -16.014272863057762 -16.014272863057762 -16.014272863057762 -16.014272863057762 -16.014272863057762 -16.014272863057762 -16.014272863057762 -17.592848110300185 -17.592848110300185 -17.592848110300185 -17.592848110300185 -17.592848110300185 -17.592848110300185 -17.592848110300185 -17.592848110300185 -17.592848110300185 -18.225233938951078 -18.225233938951078 -18.225233938951078 -18.225233938951078 -18.225233938951078 -18.225233938951078 -18.225233938951078 -18.225233938951078 -18.225233938951078 -18.26648659776034 -18.26648659776034 -18.26648659776034 -18.26648659776034 -18.26648659776034 -18.26648659776034
51
 -2.1780558737754 -12.49295338685322 -13.79155729952532 -13.79155729952532 -15.500275679281469 -15.500275679281469 -15.500275679281469 -15.500275679281469 -15.500275679281469 -16.776871597286743 -16.776871597286743 -16.776871597286743 -16.776871597286743 -16.776871597286743 -16.776871597286743 -16.776871597286743 -16.776871597286743 -16.776871597286743 -17.59871614834471 -17.59871614834471 -17.59871614834471 -17.59871614834471 -17.59871614834471 -17.59871614834471 -17.59871614834471 -17.59871614834471 -17.59871614834471 -18.940837641490276 -18.940837641490276 -18.940837641490276 -18.940837641490276 -18.940837641490276 -18.940837641490276 -18.940837641490276 -18.940837641490276 -18.940837641490276 -19.185425382816934 -19.185425382816934 -19.185425382816934 -19.185425382816934 -19.185425382816934 -19.185425382816934 -19.185425382816934 -19.185425382816934 -19.185425382816934 -19.25103100918831 -19.323448936986004 -19.323448936986004 -19.323448936986004 -19.323448936986004 -19.323448936986004
51
 -2.1780558737754 -10.865292751492625 -13.300646289959197 -13.300646289959197 -15.205304237758591 -15.205304237758591 -15.205304237758591 -15.205304237758591 -15.205304237758591 -16.902610431828823 -16.902610431828823 -16.902610431828823 -16.902610431828823 -16.902610431828823 -16.902610431828823 -16.902610431828823 -16.902610431828823 -16.902610431828823 -17.45033921804348 -17.45033921804348 -17.45033921804348 -17.45033921804348 -17.45033921804348 -17.45033921804348 -17.45033921804348 -17.45033921804348 -17.45033921804348 -18.820078642929865 -18.820078642929865 -18.820078642929865 -18.820078642929865 -18.820078642929865 -18.820078642929865 -18.820078642929865 -18.820078642929865 -18.820078642929865 -20.252872258880746 -20.477306881106415 -20.477306881106415 -20.477306881106415 -20.477306881106415 -20.477306881106415 -20.477306881106415 -20.477306881106415 -20.477306881106415 -20.477306881106415 -19.792709345228257 -19.792709345228257 -19.792709345228257 -19.792709345228257 -19.792709345228257
51
 -2.1780558737754 -11.148987266934572 -13.66739966660876 -13.66739966660876 -14.288445445239898 -14.288445445239898 -14.288445445239898 -14.288445445239898 -14.288445445239898 -16.1159093700628 -16.1159093700628 -16.1159093700628 -16.1159093700628 -16.1159093700628 -16.1159093700628 -16.1159093700628 -16.1159093700628 -16.1159093700628 -16.682745148676535 -16.682745148676535 -16.682745148676535 -16.682745148676535 -16.682745148676535 -16.682745148676535 -16.682745148676535 -16.682745148676535 -16.682745148676535 -18.202157617246893 -18.202157617246893 -18.202157617246893 -18.202157617246893 -18.202157617246893 -18.202157617246893 -18.202157617246893 -18.202157617246893 -18.202157617246893 -18.710828011410545 -18.717260294206866 -18.717260294206866 -18.717260294206866 -18.717260294206866 -18.717260294206866 -18.717260294206866 -18.717260294206866 -18.717260294206866 -18.717260294206866 -18.821188886647246 -18.821188886647246 -18.821188886647246 -18.821188886647246 -18.821188886647246
51
 -2.1780558737754 -11.77138754696055 -12.114032393784905 -12.114032393784905 -12.680786809781297 -12.680786809781297 -12.680786809781297 -12.680786809781297 -12.86533838853742 -12.86533838853742 -12.86533838853742 -12.86533838853742 -12.86533838853742 -12.86533838853742 -12.86533838853742 -12.86533838853742 -12.86533838853742 -13.635714350352613 -13.635714350352613 -13.635714350352613 -13.635714350352613 -13.635714350352613 -13.635714350352613 -13.635714350352613 -13.635714350352613 -13.635714350352613 -14.316532212255817 -14.316532212255817 -14.316532212255817 -14.316532212255817 -14.316532212255817 -14.316532212255817 -14.316532212255817 -14.316532212255817 -14.316532212255817 -15.179569349791976 -15.524696239086285 -15.524696239086285 -15.524696239086285 -15.524696239086285 -15.524696239086285 -15.524696239086285 -15.524696239086285 -15.524696239086285 -15.524696239086285 -16.305048334413108 -16.305048334413108 -16.305048334413108 -16.305048334413108 -16.305048334413108 -16.305048334413108
SGD:0.05
10
51
 -2.1780558737754 -4.5704802625979655 -4.956052798715263 -6.240319767388627 -5.538396132759421 -3.7341920980028553 -6.5258705321888035 -5.061505104613207 -6.179684904710528 -5.683050497090939 -5.617531009307065 -2.451377816109724 -4.274601633848783 -7.178605934602078 -4.731409230843787 -4.884574596739493 -5.087316316538184 -4.66052945574814 -4.60289985821928 -5.196266141622397 -3.6619828447175373 -3.160955721644423 -5.078843145688426 -5.712141810457591 -5.540947487726386 -2.8621668343023456 -6.352232742273133 -3.909595949771012 -3.8883011104433995 -4.945668038478795 -5.918118770798568 -2.920023812142675 -4.2083412859129155 -3.6972110785643393 -4.074153163494205 -5.3364892863926805 -4.98663279193858 -5.050329095531603 -4.979743065156959 -2.680478799509004 -6.579652595888125 -4.656759995972486 -5.599966177136457 -5.349107972745471 -3.628641916154326 -4.981965235517853 -5.710601797574274 -3.5318667534133916 -5.062606982763659 -6.694282698037206 -4.297687520177128
51
 -2.1780558737754 -5.809407041257742 -5.214113642507971 -4.754656169673657 -6.70368979376704 -5.41218396221066 -6.0395728778185935 -5.509827821717379 -5.381181308712732 -6.288586897789139 -4.244885805129791 -4.131227885282551 -4.925565506654502 -4.668432855839467 -4.822289881131738 -6.1442772033871895 -4.9351405094884075 -4.710155291835323 -5.402553419813522 -4.749730553075727 -3.400525234595232 -5.025459622459148 -4.0369264944928975 -5.490968059374535 -4.157472658936003 -4.124351531741087 -4.533335765768702 -3.9286547717145535 -5.4501647326243905 -6.305048610874054 -5.170821743332988 -3.7970301532971864 -5.506658510530349 -5.149665025527832 -5.970714398147704 -4.068511245376611 -4.19101525354173 -3.4701647424753763 -5.403954498927811 -1.9470547836710093 -4.4286106889153745 -5.126961754102793 -6.996025096403995 -3.792593956933765 -3.60355958340963 -4.950200649232644 -4.946549837425148 -6.395586323757131 -3.689139271726383 -5.256564607458974 -5.956828603363424
51
 -2.1780558737754 -5.243019965723147 -5.857191171543649 -5.129228765729238 -5.170223790721988 -6.113424124668463 -4.998615370937867 -3.751479532690663 -5.815084573875415 -5.132252496536642 -5.146163253852478 -4.332692537112048 -3.82316011965073 -4.847977837012538 -4.665352459210859 -5.313012170405935 -4.685929373214981 -5.011732936338709 -4.660888910263954 -6.029634104258243 -5.3600185470848185 -5.3195930140164505 -4.484189194603272 -6.280701664351185 -3.947477966914133 -5.370254509000614 -4.857050432268239 -6.294418706329918 -3.7809424698211247 -5.301082200712699 -5.340400842039722 -4.253734881507888 -4.9781008351916 -2.7348947945819893 -5.361114731261364 -5.370746951892846 -4.757639082868498 -4.64293074779535 -3.195327716168073 -4.65325236615464 -5.728173516093969 -4.787755992524971 -2.2570733591230936 -4.5146605264230235 -5.173274877215072 -4.780491021460628 -6.302526242509584 -4.302275088550885 -3.2304501922346676 -6.067997350560169 -5.8217803669134645
51
 -2.1780558737754 -5.5737306583577375 -5.022659967763608 -5.605606386472139 -4.089622303293671 -4.472372056236136 -3.8483384121968367 -4.835471837853899 -8.401434803234736 -4.743357428644648 -4.895867216279705 -5.275486966486683 -4.10849685255383 -4.542509447820798 -5.539785663455395 -5.920686145548186 -4.113521575453728 -4.5100368834647115 -5.4623690130144835 -5.364004966889681 -2.27180230078402 -3.9242944165526046 -4.759414978609866 -4.164606376108849 -3.2324686237347313 -5.749447363485709 -7.31949910465824 -6.283137667882332 -6.174311789031684 -5.352782714451568 -5.415991304772186 -4.537343771989339 -6.732159586425284 -5.684947237456436 -3.391114734723503 -4.965546982574994 -5.413299469196417 -3.9336896317407786 -4.401418260185943 -5.1744488985432975 -6.451546413151916 -5.343641205941545 -5.496841015757644 -4.505203141866221 -3.7001494991742416 -5.86845502831813 -4.043010655347101 -3.3824896793834656 -5.012686839613483 -5.7024640091154675 -4.321266431708264
51
 -2.1780558737754 -5.436206252753111 -5.050800809380436 -5.616684555569551 -4.855344876832143 -5.2776808467459455 -5.362929762514978 -4.141326728615223 -5.298009098582895 -6.123442236048098 -3.0304544225574737 -5.2441067941754955 -6.066025752389498 -5.758106996010246 -4.936540249837378 -4.43440090842979 -5.219575970324079 -3.655239416418479 -3.22301358295661 -4.329069276698225 -5.547112363007668 -2.791929575687277 -7.067382203770503 -7.016550527193549 -5.52874967871146 -5.34838368480285 -5.7440626428465045 -5.683607220365252 -6.298861171615454 -4.820225632062565 -4.74182522065598 -5.92998931178271 -5.659639262801178 -4.545415496507061 -5.323472390779607 -5.3781561316520845 -5.193006040785129 -2.8556017641316087 -4.664719779118216 -4.936129810899626 -5.893153472292038 -5.7026779837823405 -6.42672976786072 -5.446831656933046 -3.2018721820569023 -5.810203770896972 -6.080503838232689 -4.908625517474035 -5.206696223535688 -5.792866450723172 -3.5597523703533476
51
 -2.1780558737754 -6.390838574092909 -4.255284485468662 -4.6966846412099965 -3.994562429182016 -6.374727371088353 -6.368950235724782 -6.357440689141411 -5.587871036590406 -4.616746351230057 -3.3388341409386455 -6.389045912581105 -4.852649499862569 -5.316514173987319 -3.1121466123967516 -5.655618499136859 -5.109968774492384 -4.080127310728995 -4.727210073834228 -4.436918216200099 -4.708224046261134 -3.86536212626013 -3.2458495775860476 -5.247063408404901 -6.750755824603297 -6.3271947860159425 -4.064871523573121 -5.1048252198508255 -5.478502908997395 -5.375098494929037 -6.175313381754183 -3.1253344155997547 -3.373471514650238 -3.5782489482482274 -2.867630689987373 -3.305083721919031 -5.30075596895767 -3.786081461673884 -5.349733717632081 -4.854952300279379 -4.890096614512551 -4.798671778222508 -4.846159751023534 -5.776237719106621 -5.240199989050155 -4.3843540981196165 -4.6985779591338295 -5.044219829965029 -5.154785500132 -6.000325214525637 -4.841344276896114
51
 -2.1780558737754 -6.538104857471172 -5.5134700703995625 -5.476631329762034 -5.9977185956149 -5.730522323513774 -6.01324265604471 -5.652919516954414 -6.500671051333061 -5.279241345967347 -5.0629624006804566 -5.594666116677228 -5.863148197419895 -4.845402093211145 -4.253405210140701 -4.8585415726636585 -5.142757695870577 -3.538098294396488 -4.469260151118151 -6.057800145693183 -3.985979708814783 -4.219374208491741 -6.2265356584808185 -2.9831099258034155 -5.20459633278848 -4.11404229477714 -5.945722935424165 -3.851021396069881 -2.944156238592202 -5.439333594057124 -6.031517989584636 -4.629650935955817 -4.929568747034847 -6.315072441024769 -4.675203407139569 -5.711309416179882 -4.1348422998892636 -6.491396450701161 -5.138221356327059 -4.91060411861163 -4.486487681268173 -6.124871258014531 -5.663229166164508 -6.379145162133513 -4.487044254757637 -5.551596500801941 -6.621415389773498 -4.168896727893075 -4.827454628020707 -4.434696638918688 -4.663095646340359
51
 -2.1780558737754 -4.622834726535039 -5.7593924654974975 -6.9668056307499056 -6.074889994335174 -3.8223817319814573 -4.7405121861663035 -6.5223881421624545 -2.9922932467507923 -4.150282125874817 -4.6982490510385855 -4.110537002762766 -5.07387931312562 -5.001885178478287 -4.744630451742371 -5.444448695394363 -6.346745670356241 -4.187279532826111 -3.373707229664335 -5.841573347025727 -5.409238964482258 -3.9471561797255523 -5.515836482369678 -4.1765932901575775 -3.549014211762564 -4.811609042869252 -5.204163298488956 -6.13236505378773 -6.742550319456914 -4.479044763802977 -6.4222046911003 -5.089467935616703 -4.468157465090479 -6.165458351751504 -6.439778483145367 -3.8261272885431894 -6.688744311773376 -3.895849599834779 -3.3432084984748394 -6.042294172201514 -3.887977014809867 -5.966330847489463 -4.972033032585854 -6.579235791820735 -5.157972976413139 -5.161084099569264 -2.4710768427206995 -3.4255308405649116 -4.662015277353042 -5.993058904614231 -4.8040640059656425
51
 -2.1780558737754 -4.214352004990394 -6.253295657496846 -2.8992286688763924 -5.914728822307866 -5.05685949659935 -3.9226715994856343 -4.581476587803991 -5.8712155959803125 -5.09306151230015 -5.471298597422057 -5.366290247965703 -4.372712027383502 -4.986926065538056 -4.756072584595079 -3.7199112286608162 -5.074155617983592 -5.284331948761354 -7.78378343491215 -3.8448488443990807 -4.156331406407311 -5.151414014962114 -4.368683849822713 -5.538114803052274 -5.5467497416815625 -3.652976024699153 -6.0128584579000846 -5.868759443187313 -6.596258129323907 -4.7568333776651315 -4.139197587424059 -5.893570756520643 -3.056502787696248 -5.389678557030334 -3.336143487767754 -4.9570275800837535 -5.886665243481144 -6.952277100838809 -4.434931298935806 -6.499572311927119 -5.895097703612262 -4.903146262934428 -3.5641009022620573 -5.354467213979834 -4.143799551125089 -4.04514957681301 -2.512998825987885 -3.264665627476677 -6.0997536663239735 -4.7437650340837685 -5.1827032103594375
51
 -2.1780558737754 -2.75827052301355 -2.4530328860957855 -4.940362655365542 -5.172049337664117 -5.2014026535375235 -6.905053326856645 -5.262621409879551 -2.633266813735329 -5.983402833778116 -2.6477020687936346 -4.663266927380653 -4.144765656337291 -6.3908270498909685 -3.5922515729678164 -5.992578342704087 -5.142173217251292 -5.405235228739668 -6.0168226312091395 -4.638074744165335 -5.604718196623629 -3.291234870784388 -3.344624875297377 -3.352572168085867 -5.948613107435674 -5.829087636124413 -6.545550236613371 -2.6583214022669157 -4.776814099537032 -2.9291099293284897 -4.675298809041197 -4.8319101730701055 -6.203933897002734 -5.443784202167053 -4.67513678455108 -5.086539724326542 -6.772000370876634 -4.8160416817113365 -5.797860899254445 -4.076737697856048 -4.625383810797211 -4.48029861674194 -4.591604588635655 -5.971445928164635 -6.808410648053973 -5.2770385459715605 -5.475417612350494 -5.60491107169239 -5.655427060875012 -3.6725975899449015 -6.033621503539532
SGD:0.005
10
51
 -2.1780558737754 -9.214953016872048 -8.147911831990795 -8.856198786860196 -8.876871038034423 -10.162573058093558 -8.210939660916502 -7.068228273226452 -7.898551898703533 -9.809306047083167 -10.417327284791183 -7.743510452926333 -9.303145387090737 -11.678051991828825 -7.034096443347116 -8.308820270321158 -11.085890357146805 -8.337401612030026 -7.190731299833721 -8.865084666985473 -10.840040759919194 -9.632305319030564 -9.731276986860907 -5.6962631971418425 -9.168926291592852 -8.159422580847155 -7.315831527797671 -9.667667680761697 -6.492651667646244 -7.3835795903392345 -7.694022293104177 -8.571779907753793 -9.169577334453852 -9.826203377073508 -9.161007675722074 -8.655748939924148 -9.44969570218684 -7.689274062439465 -8.553374627057241 -10.515896260819602 -7.65215361247708 -7.6839081271694685 -7.94852432866592 -7.302750138888309 -8.71313592226998 -8.700124696858703 -7.041182977030061 -8.731538781919719 -8.238644874148884 -7.812225370885018 -6.465089877702177
51
 -2.1780558737754 -7.472665268429387 -9.101627841130224 -7.516042459222362 -8.66881250242443 -9.586541582830195 -6.961588701909594 -8.337296757952435 -10.29591801510566 -7.634191414689417 -8.750646147596157 -8.721609815290849 -7.303020508353927 -8.256568923516523 -8.712142534751008 -10.419041500883951 -8.1386468559975 -8.314689141471263 -6.771369075633205 -8.349182666066007 -8.415144341097067 -6.426575899104328 -10.220660637279565 -9.742556965879814 -7.666042251432682 -8.463272308212971 -8.2094720520252 -7.164864182781206 -9.64315531692271 -9.122392561624224 -11.493156525828555 -9.426044558343406 -9.714514375930502 -8.709461141442574 -8.232397675145208 -6.366256110846004 -7.511860362374926 -7.241725559257058 -9.335377426300079 -7.4142930138641265 -7.111301755312125 -8.635681274373347 -7.115490103711292 -9.887871845576822 -9.412246145475216 -9.771242629462835 -7.989588330228844 -8.255129699647616 -8.024155497362052 -8.792349415354753 -7.739765271298062
51
 -2.1780558737754 -7.853500066340927 -9.507668074128995 -9.929242655927098 -9.686121860741892 -9.004208462924897 -7.438858989576542 -8.81858335720438 -9.175975297415478 -9.745189115692867 -10.143922813737507 -7.0449378957448765 -7.951860469655051 -9.221106367197255 -6.158581470199349 -7.780158368572882 -9.036718056272493 -7.437735328522195 -7.338091170729158 -9.540353544992943 -10.967467270717608 -7.64354422395332 -6.439151045438319 -9.144554949343659 -7.8028541085041665 -7.038128217894651 -10.649378930644662 -7.3369886011222665 -9.116417064858258 -10.063253119913563 -9.004887580013671 -9.11074642411511 -7.331297277488915 -8.665896271170162 -9.583281333974455 -7.066252682702497 -9.809158512110889 -8.078150655758892 -8.883878233129469 -9.018197414447032 -5.767861513468077 -8.773003858921143 -8.65426698769104 -7.458229720003756 -8.701254668396075 -8.705405597959084 -10.281081895370342 -7.795114721237702 -7.675133343851065 -10.90266811004436 -7.20876753768774
51
 -2.1780558737754 -8.929906960733861 -7.141858824422427 -8.488120742694582 -7.857490694467136 -9.376390660376124 -9.448741189058214 -9.37469136687178 -8.351007075424217 -8.968724797846878 -9.577117064438273 -8.218848980059027 -8.189373010813084 -8.931945137788102 -9.413441376933832 -7.657989847406125 -10.333173268164131 -7.654900771653987 -8.021545736737188 -7.391361818303149 -9.874902955281891 -7.932225425882983 -8.652390546920305 -9.077891949949548 -10.412982646204792 -9.00846897612539 -9.015436725267191 -10.935889696638606 -10.028645139402089 -7.696054254134652 -8.753008614929369 -5.869220747787259 -10.523846120277891 -7.071248357331662 -9.05373542472997 -9.173245346788166 -11.09979042465814 -9.623385647129831 -9.21159898787729 -9.372900007119584 -7.491455628297647 -7.870048911991523 -8.559363256567481 -8.37906450661284 -7.603536958067053 -9.307501413171106 -9.860928555429577 -8.71791832851912 -8.329937341400802 -7.894986900397035 -8.096336071004396
51
 -2.1780558737754 -9.535657325161303 -8.144332749476362 -8.864443179986305 -8.91504874820795 -7.105703736575105 -10.286688335967757 -6.8847808981319565 -9.194790153708496 -12.167596417403566 -10.493979346150201 -8.107341734829115 -8.414115056468178 -8.946480995213339 -8.679074566131348 -8.008912086442413 -7.776294061980808 -8.073688532248813 -7.801722375847026 -6.690236483731228 -7.717869247521886 -9.687875225002378 -11.010018306919465 -6.90901045887762 -9.361763712960276 -7.775872377008054 -6.543401478389676 -8.590470088597133 -9.61746299502309 -9.256030859863941 -6.449060534508714 -8.356824774081332 -9.202829029281586 -5.676968923744657 -6.854069586246363 -9.991837672545199 -8.909641859850298 -8.02646333244286 -8.704616522072687 -9.122403125661616 -8.825374243239867 -8.278533995862931 -9.268380334657355 -8.336555715237202 -7.508340528607649 -9.568787349994942 -8.596891601311293 -9.889646837066676 -9.335331641129867 -7.666578458104684 -8.902946280182952
51
 -2.1780558737754 -7.968448191306859 -8.727096638269328 -7.941343446671345 -9.9706179479216 -9.97569698478432 -9.26397864971598 -9.536919674786787 -7.52796671887779 -7.972193626714438 -8.154719302004418 -7.913696580564766 -6.376040462593147 -9.233727755631463 -8.419230525244464 -9.761583051041722 -8.386471216155535 -8.78657358792405 -8.301999133280951 -7.055322590309205 -9.887644105827347 -10.279963205019616 -9.128357859359017 -7.800302087857315 -9.905485031190285 -8.562311299538209 -6.899704347034017 -7.0364111382164225 -8.865558571999324 -9.002444109389812 -8.04489774385245 -10.40957510130311 -9.129992015036208 -7.8534545560600035 -8.176638491346255 -9.83300254841073 -9.076257606713122 -8.179402318171825 -8.930822030884876 -6.3520304101895535 -8.428370344825392 -9.001497390079363 -10.605087264088132 -8.59227276538679 -8.682917324357616 -9.838479872916276 -6.83043220973023 -5.5234622292296205 -7.259033490363388 -9.249326986680325 -8.895185326340348
51
 -2.1780558737754 -7.415694645324605 -7.818776293662678 -8.113908258351701 -8.510566609772663 -8.566823781361313 -8.537061860773395 -8.013075725215389 -10.312161489843152 -8.822060585271794 -9.553412545184248 -9.355094603654315 -9.00756366133615 -6.816488332128545 -9.792391024237276 -8.642956861212184 -9.432919506870586 -6.253366012607419 -9.233918543782828 -8.339437846119598 -8.441850222479454 -7.278345014935412 -7.800466426889695 -8.53696305775657 -6.6799112525868685 -7.365500492720213 -6.83088376772556 -7.937813242824611 -6.787450329505696 -9.177764127319007 -9.29997006299956 -9.130515733224412 -8.027463308744096 -6.616242158017663 -8.583887980521302 -10.048314612330145 -9.555515427975037 -8.851173599523014 -6.971741789530308 -7.02942981033134 -9.033306925451024 -10.186221274493768 -9.244050271984687 -7.773374414900035 -9.320700036492429 -8.540773714119458 -9.661809239877272 -8.138917803480775 -10.186626897998321 -8.467869178131211 -9.310439345396011
51
 -2.1780558737754 -7.884095004274652 -8.818370583047148 -8.750400027672768 -8.488336883785914 -9.420245238628599 -9.240007046156649 -6.669514983604046 -9.553580683216472 -7.438746677427402 -6.729911368080123 -7.940844710239626 -6.801077615903979 -9.598159453958363 -6.903697477303292 -7.103765645923806 -9.15920493547415 -6.860945120486573 -9.090710317963456 -8.102228906683779 -8.273526088854359 -7.5336668621934 -8.786861775058982 -8.966098963523711 -6.444241800161447 -8.70473267086419 -7.168757980384138 -7.7859383237580495 -9.250619411416585 -8.971577154159482 -8.94439735950895 -7.729765185103892 -8.361294124515924 -7.700911664618158 -9.897864582732609 -9.229943323214528 -8.422175871250609 -9.088104446162845 -8.896322358997532 -9.441421247168813 -9.591504272190774 -10.12145396271958 -7.778961163698784 -8.199970516398123 -8.527169367467698 -8.806447618859199 -9.389154366647203 -10.755814645536992 -5.9762176571645655 -7.252238090620198 -8.057650123844109
51
 -2.1780558737754 -8.553084132776364 -8.159116971129027 -10.076746492567537 -8.686325655037782 -8.596373465607858 -8.022423390119814 -8.530848039052966 -9.814626990880237 -7.740748869845508 -7.269187281864711 -9.795826756458528 -8.804135598866221 -7.669210518159957 -8.37718505893248 -7.896686154547751 -6.914925380719303 -7.664970259310273 -7.653642472440012 -7.761235074012421 -6.8798606987751905 -9.162272776745088 -9.323770254234033 -6.543056912355195 -8.88927047682789 -8.290175437214938 -9.621138556783814 -7.233077630004695 -9.231660756101375 -7.229758272407439 -6.907630128775269 -8.528438078158626 -7.228282593126605 -8.599742792081479 -6.435343070629972 -7.999002299926945 -8.20282611233618 -7.988692265341082 -7.486503824841764 -9.557147714775711 -8.462414836293673 -10.152284997566142 -7.860435530117434 -9.123342204589079 -8.5045495252625 -8.095035412032772 -8.047112138884824 -7.045928874048692 -8.409242911696548 -9.603162984535759 -8.917019619937186
51
 -2.1780558737754 -10.432548897964772 -9.825302938858576 -7.4184949195665935 -9.201921912832098 -6.778501627198424 -9.574756017906711 -7.7186941902879775 -7.034690211803692 -9.381833521793018 -9.081698003773573 -9.863761140217218 -7.333290561913206 -8.991505718483161 -9.205015336338542 -8.718555850664975 -9.81926188200092 -6.936144758188997 -9.22982053171487 -6.433766771185623 -9.23530492987218 -7.169132606031511 -6.6618511101085405 -8.191783361442344 -7.047791178240919 -9.694277843849934 -7.877147235999112 -8.79082264773641 -8.090776519837586 -8.455235073643246 -8.770958872810567 -9.671322600538755 -7.403780726088551 -8.034235031980025 -9.13332664904532 -7.909489819813234 -7.474923374724873 -7.360015257574282 -9.833482866498239 -7.808758207535101 -8.531190267961735 -7.9166791178514 -8.391781131712968 -7.235990922080816 -8.291976544686442 -10.200793090331588 -8.408842200518443 -6.317627637167927 -9.751248869838552 -9.507252786974282 -8.7447374843734
StreamingSVRG
10
51
 -2.1780558737754 -8.064659370792844 -7.8732172873192665 -8.267210050158416 -9.872221232531171 -9.599131798574428 -8.830838884154213 -8.830838884154213 -8.830838884154213 -8.830838884154213 -8.830838884154213 -9.279392258043007 -9.846012064964565 -9.846012064964565 -9.846012064964565 -9.846012064964565 -9.846012064964565 -9.846012064964565 -9.846012064964565 -9.846012064964565 -9.846012064964565 -10.777977819106546 -10.777977819106546 -10.777977819106546 -10.777977819106546 -10.777977819106546 -10.777977819106546 -10.777977819106546 -10.777977819106546 -10.777977819106546 -10.676684850000456 -10.863375965965737 -10.863375965965737 -10.863375965965737 -10.863375965965737 -10.863375965965737 -10.863375965965737 -10.863375965965737 -10.863375965965737 -10.863375965965737 -11.171626446659928 -10.877907670206051 -10.877907670206051 -10.877907670206051 -10.877907670206051 -10.877907670206051 -10.877907670206051 -10.877907670206051 -10.877907670206051 -10.877907670206051 -11.720642850333805
51
 -2.1780558737754 -9.682519479834232 -8.809126192393766 -9.023098924304072 -8.912909475342348 -10.09624517295553 -8.945724960126908 -10.599399642950837 -9.130470825622458 -11.231883943195959 -11.231883943195959 -11.231883943195959 -11.231883943195959 -10.378271793727912 -9.629301422395347 -9.629301422395347 -9.629301422395347 -9.629301422395347 -9.629301422395347 -9.629301422395347 -9.629301422395347 -9.629301422395347 -9.629301422395347 -10.235287028891989 -10.235287028891989 -10.235287028891989 -10.235287028891989 -10.235287028891989 -10.235287028891989 -10.235287028891989 -10.235287028891989 -10.235287028891989 -10.877192355176845 -9.528220081774455 -9.528220081774455 -9.528220081774455 -9.528220081774455 -9.528220081774455 -9.528220081774455 -9.528220081774455 -9.528220081774455 -9.528220081774455 -10.32522561184734 -10.32522561184734 -10.32522561184734 -10.32522561184734 -10.32522561184734 -10.32522561184734 -10.32522561184734 -10.32522561184734 -10.32522561184734
51
 -2.1780558737754 -10.039336748736071 -8.202298188849705 -8.556839784363977 -11.779418842835213 -9.076115008202867 -9.194896447940888 -8.0659003797285 -9.386187415485347 -9.386187415485347 -9.386187415485347 -9.386187415485347 -9.386187415485347 -10.041569939245578 -10.041569939245578 -10.041569939245578 -10.041569939245578 -10.041569939245578 -10.041569939245578 -10.041569939245578 -10.041569939245578 -10.041569939245578 -10.360568450188769 -10.945473378791599 -10.945473378791599 -10.945473378791599 -10.945473378791599 -10.945473378791599 -10.945473378791599 -10.945473378791599 -10.945473378791599 -10.945473378791599 -9.004913162061785 -11.911009637789652 -9.724597673274836 -9.724597673274836 -9.724597673274836 -9.724597673274836 -9.724597673274836 -9.724597673274836 -9.724597673274836 -9.724597673274836 -9.724597673274836 -11.044644329912266 -10.1439080415854 -10.1439080415854 -10.1439080415854 -10.1439080415854 -10.1439080415854 -10.1439080415854 -10.1439080415854
51
 -2.1780558737754 -9.919510245982655 -9.321669752160693 -7.987765660865849 -10.133368798863863 -11.05132921768349 -7.346485221555026 -7.346485221555026 -8.995041432512604 -9.418790917962962 -9.418790917962962 -9.418790917962962 -9.418790917962962 -9.854845435376083 -8.951783007670246 -8.951783007670246 -8.951783007670246 -8.951783007670246 -8.951783007670246 -8.951783007670246 -8.951783007670246 -8.951783007670246 -8.951783007670246 -9.938618244492716 -9.938618244492716 -9.938618244492716 -9.938618244492716 -9.938618244492716 -9.938618244492716 -9.938618244492716 -9.938618244492716 -9.938618244492716 -10.248929537113888 -10.960841487892095 -10.960841487892095 -10.960841487892095 -10.960841487892095 -10.960841487892095 -10.960841487892095 -10.960841487892095 -10.960841487892095 -10.960841487892095 -8.98961631016972 -10.661460482307286 -10.661460482307286 -10.661460482307286 -10.661460482307286 -10.661460482307286 -10.661460482307286 -10.661460482307286 -10.661460482307286
51
 -2.1780558737754 -8.406811682378386 -9.102374260367682 -7.409639485712243 -9.93586719204716 -9.380610409094887 -7.689880573110563 -10.812676317903604 -10.812676317903604 -10.409982848575796 -9.245872273794516 -9.245872273794516 -9.245872273794516 -9.245872273794516 -9.245872273794516 -11.362030689404751 -11.362030689404751 -11.362030689404751 -11.362030689404751 -11.362030689404751 -11.362030689404751 -11.362030689404751 -11.362030689404751 -11.362030689404751 -11.42207801118517 -11.42207801118517 -11.42207801118517 -11.42207801118517 -11.42207801118517 -11.42207801118517 -11.42207801118517 -11.42207801118517 -11.42207801118517 -11.060228012077225 -8.05124943928839 -8.05124943928839 -8.05124943928839 -8.05124943928839 -8.05124943928839 -8.05124943928839 -8.05124943928839 -8.05124943928839 -8.05124943928839 -11.675949434760165 -11.675949434760165 -11.675949434760165 -11.675949434760165 -11.675949434760165 -11.675949434760165 -11.675949434760165 -11.675949434760165
51
 -2.1780558737754 -8.553715492182654 -10.343524033799515 -9.026059936109345 -10.26738603782348 -9.310602143558237 -9.954305296071453 -9.954305296071453 -8.954674750721693 -7.507796461856654 -7.507796461856654 -7.507796461856654 -7.507796461856654 -7.507796461856654 -10.105961664448234 -9.835111734996948 -9.835111734996948 -9.835111734996948 -9.835111734996948 -9.835111734996948 -9.835111734996948 -9.835111734996948 -9.835111734996948 -9.835111734996948 -10.681279632307383 -11.165154077541926 -11.165154077541926 -11.165154077541926 -11.165154077541926 -11.165154077541926 -11.165154077541926 -11.165154077541926 -11.165154077541926 -11.165154077541926 -11.309331092558025 -9.553113523902665 -9.553113523902665 -9.553113523902665 -9.553113523902665 -9.553113523902665 -9.553113523902665 -9.553113523902665 -9.553113523902665 -9.553113523902665 -9.33978150874591 -9.761008312286025 -11.333836439082464 -11.333836439082464 -11.333836439082464 -11.333836439082464 -11.333836439082464
51
 -2.1780558737754 -9.592138658164242 -10.215630897315082 -8.817847078258534 -8.817847078258534 -8.64491742889621 -8.714813456979805 -8.714813456979805 -8.714813456979805 -8.714813456979805 -8.714813456979805 -10.622998177941854 -10.622998177941854 -10.622998177941854 -10.622998177941854 -10.622998177941854 -10.622998177941854 -10.622998177941854 -10.622998177941854 -10.622998177941854 -10.040091179137947 -10.040091179137947 -10.040091179137947 -10.040091179137947 -10.040091179137947 -10.040091179137947 -10.040091179137947 -10.040091179137947 -10.040091179137947 -9.12880755894906 -8.78023686633514 -10.782544650477702 -10.782544650477702 -10.782544650477702 -10.782544650477702 -10.782544650477702 -10.782544650477702 -10.782544650477702 -10.782544650477702 -10.782544650477702 -9.75893953014763 -9.75893953014763 -9.75893953014763 -9.75893953014763 -9.75893953014763 -9.75893953014763 -9.75893953014763 -9.75893953014763 -9.75893953014763 -11.40246049216225 -11.40246049216225
51
 -2.1780558737754 -8.365035840927447 -9.72706672702987 -7.223733025163063 -8.233348619298788 -9.658495607099308 -8.449309560433303 -8.476801662104794 -9.791417552675345 -9.857116247462029 -9.857116247462029 -9.857116247462029 -9.857116247462029 -10.28246214090567 -10.28246214090567 -10.28246214090567 -10.28246214090567 -10.28246214090567 -10.28246214090567 -10.28246214090567 -10.28246214090567 -10.28246214090567 -9.435706717289097 -10.935100739873924 -10.935100739873924 -10.935100739873924 -10.935100739873924 -10.935100739873924 -10.935100739873924 -10.935100739873924 -10.935100739873924 -10.935100739873924 -10.570976290256738 -10.570976290256738 -10.570976290256738 -10.570976290256738 -10.570976290256738 -10.570976290256738 -10.570976290256738 -10.570976290256738 -10.570976290256738 -11.365751001351603 -10.602359549724797 -10.602359549724797 -10.602359549724797 -10.602359549724797 -10.602359549724797 -10.602359549724797 -10.602359549724797 -10.602359549724797 -10.602359549724797
51
 -2.1780558737754 -9.9998370683304 -9.659760016635424 -9.35401522762467 -8.31570264915512 -8.31570264915512 -7.473925314084714 -9.978803105473448 -9.978803105473448 -9.978803105473448 -9.978803105473448 -9.978803105473448 -8.64048100755298 -8.64048100755298 -8.64048100755298 -8.64048100755298 -8.64048100755298 -8.64048100755298 -8.64048100755298 -8.64048100755298 -8.64048100755298 -10.664661624013698 -10.664661624013698 -10.664661624013698 -10.664661624013698 -10.664661624013698 -10.664661624013698 -10.664661624013698 -10.664661624013698 -10.664661624013698 -10.421864159830047 -10.783097358052244 -10.783097358052244 -10.783097358052244 -10.783097358052244 -10.783097358052244 -10.783097358052244 -10.783097358052244 -10.783097358052244 -10.783097358052244 -10.239050870047866 -10.239050870047866 -10.239050870047866 -10.239050870047866 -10.239050870047866 -10.239050870047866 -10.239050870047866 -10.239050870047866 -10.239050870047866 -11.779759076349489 -8.318366661803603
51
 -2.1780558737754 -10.719586097364497 -9.669117961152818 -9.576483655798762 -7.9818399912664555 -7.7933659528673465 -9.359293612589452 -8.179463369403308 -10.03903426080625 -10.03903426080625 -10.03903426080625 -10.03903426080625 -8.09288831928505 -9.884494720528362 -9.884494720528362 -9.884494720528362 -9.884494720528362 -9.884494720528362 -9.884494720528362 -9.884494720528362 -9.884494720528362 -9.884494720528362 -14.084593411866278 -14.084593411866278 -14.084593411866278 -14.084593411866278 -14.084593411866278 -14.084593411866278 -14.084593411866278 -14.084593411866278 -14.084593411866278 -11.164614922045477 -9.049206031598189 -9.049206031598189 -9.049206031598189 -9.049206031598189 -9.049206031598189 -9.049206031598189 -9.049206031598189 -9.049206031598189 -9.049206031598189 -10.209549668625252 -7.906980645339329 -9.557835320268008 -9.557835320268008 -9.557835320268008 -9.557835320268008 -9.557835320268008 -9.557835320268008 -9.557835320268008 -9.557835320268008
ADAPTIID
10
51
 -2.1780558737754 -10.84791458913843 -13.302261375231074 -12.231709974491192 -13.680358586021898 -10.78555604110214 -12.81413145045193 -12.9792617156208 -14.19262365402195 -12.453949854596935 -12.987961146747185 -15.558938732067258 -15.530288446477838 -15.884603863341564 -14.216060781519246 -13.05427727415057 -15.281242352244805 -15.324018507027175 -15.606825308248153 -15.579261886152686 -16.922754244560736 -15.281657986915148 -14.001897279665862 -15.201488924986306 -14.911502723828432 -17.477181639707997 -17.154691417528696 -16.548210950981836 -17.11615156471766 -16.694615269617934 -17.277116477562622 -18.51785315584287 -19.007099699041415 -17.404190278532084 -17.41361423342595 -16.04758579788837 -20.146981642097725 -18.514190962456293 -19.405484016496935 -18.159413317986477 -20.45069517712336 -19.351811189293553 -17.569713182735153 -19.463227228338525 -18.739264995338345 -17.551275728558235 -20.92707287890621 -19.882952429161104 -19.208719759556555 -20.43091445044192 -19.466376381890115
51
 -2.1780558737754 -10.977287301592314 -11.993450083082044 -11.541593045457743 -13.66658074224195 -13.935329434710251 -11.402958345411145 -13.977349859939142 -14.323801586612559 -15.039625567867503 -13.816065908977597 -15.412552105771267 -14.323745291347269 -15.955352396784212 -14.873186284472084 -15.536334439147044 -15.633893883729348 -16.233314878999373 -16.308458945766624 -14.271089918206933 -15.81815375491713 -16.16291816991538 -15.772343488233744 -17.94939746444142 -14.26334510774354 -15.926879600276356 -17.175577892811994 -16.177093634230282 -16.835423988533858 -16.148543904791627 -18.558211289777955 -17.697732048269135 -17.864017823743463 -16.625304743329462 -18.000874442838242 -17.62078052633974 -18.22582402992312 -16.73926081064266 -17.21937754590309 -18.027353522531747 -18.546996723654075 -19.04802020434127 -17.705802279411607 -18.226153154788037 -19.42027542881859 -21.887743929115317 -20.814590788758156 -19.31071266004928 -19.26751491473844 -20.7128190419283 -20.24922641600388
51
 -2.1780558737754 -11.328965643231411 -11.365002716910125 -12.38159710877033 -12.572324702258566 -13.723641234535714 -16.130451797882696 -12.154503105143776 -11.351384751739714 -14.506524129775446 -13.897921694584742 -13.561819365746665 -14.344806627679683 -14.617209377280906 -15.352198695838098 -13.543491408721316 -14.798887456503072 -15.410646396033496 -15.10019316916699 -16.55655787280521 -17.158723655349007 -16.998701458456313 -16.645175355966295 -12.695847709669122 -18.362369762412722 -16.49964102379269 -15.218793894633084 -15.913756225004999 -17.336766336709825 -16.836327174950856 -16.638670329954877 -18.23551809940786 -15.992471756557817 -16.358945750764338 -18.0157003563499 -18.624017002853652 -17.836576019535762 -19.051727881350843 -19.55838778719689 -19.573010556150457 -19.032542774153207 -17.483045844570167 -17.617890246372664 -20.039700683339607 -18.33120885504995 -19.82562301167053 -20.10971880408094 -19.45853649564346 -21.116864252379386 -18.80688319061442 -21.249031398084256
51
 -2.1780558737754 -11.352112685368947 -10.803455831877384 -14.5944672814217 -10.126097121564609 -14.208295820516188 -15.257682672859271 -13.448920887898963 -13.980657278708694 -14.517006502986733 -13.629992945580355 -13.64827585924175 -15.294387334726183 -14.766513183658939 -15.953755492661282 -15.298742463651708 -13.441554156913757 -13.086920132089013 -15.99064849267445 -16.09537233543711 -15.908310029776505 -17.301272114801442 -15.497847668825742 -15.150589591445526 -15.256908614111179 -14.676317148386214 -16.526283464095677 -15.73226686153312 -15.354021787466353 -15.66127451287942 -17.549874895134987 -17.341552467011663 -17.08857024578311 -19.69422390047413 -16.61053859729073 -18.893723568278673 -18.565990602772448 -18.496292900502894 -18.336834880539914 -17.560939501290374 -15.638880315021419 -18.89558419020833 -19.15934262805749 -20.233176833822355 -18.431890238344806 -19.68087102827835 -19.536770080538275 -19.347454663159354 -21.260359621436717 -20.086835083701498 -20.962624923398863
51
 -2.1780558737754 -9.78482021598639 -11.847148892269146 -12.501414309680644 -14.470387900047685 -13.610348813609152 -13.743097012411607 -13.050297388886692 -13.897299419834267 -11.975417564797668 -13.647775034768525 -15.625780440391768 -15.433488775457354 -16.042689443650602 -12.619787940554016 -13.19834968821981 -13.534687236152795 -14.19835131442322 -15.816702514609718 -16.073661953019087 -16.5015244017739 -16.088987653089447 -14.734101270690129 -16.600316728350528 -17.72679925153048 -16.16763310478067 -16.822273323788053 -15.338866419626722 -17.920870845596383 -18.14473242504412 -17.271170234237545 -17.37726416662788 -17.889956531915004 -18.535015211540728 -17.31042287152457 -19.817153472358758 -17.09458645290276 -17.600144865400488 -17.686049422207546 -17.888292673322212 -18.020436011996946 -19.179281393994966 -19.284258590215444 -19.58780212895796 -19.443474357310887 -19.881460603276924 -20.289532575210785 -18.374555186110197 -20.589101379460974 -18.118058521305198 -21.833745769428305
51
 -2.1780558737754 -9.607778973015078 -11.220529029431159 -11.616158319936446 -13.811517470244143 -13.905627187683216 -14.217688512737007 -14.851026581121536 -14.751958571802465 -14.469340652945482 -13.132215245804895 -15.965923428674001 -15.430469223344398 -15.02265188749704 -14.145395111407993 -15.834442749001951 -16.13161810444222 -16.257577049917945 -15.006655278922617 -15.24146773150514 -15.649810834037947 -17.808555741807133 -14.180066588614466 -17.960105119419868 -16.78564992473518 -15.51111088126354 -14.39491576581524 -17.559928776231047 -17.332733393860043 -16.89845064151526 -16.306271469267383 -17.330306860826294 -16.978912288568107 -17.54577409145392 -18.399039933481237 -19.002703154764276 -17.366225135293977 -17.172862362144688 -19.365883317028715 -18.386750471517114 -20.294208520157532 -19.072827541910506 -17.06766353126788 -19.67005613112605 -20.3881617592665 -20.111021373585896 -20.317132797063156 -20.958743157512714 -19.099870877542394 -20.586071735548373 -21.608531717818696
51
 -2.1780558737754 -10.683275554336001 -12.610999235928565 -12.466930464329655 -14.324281008915147 -15.589275403403173 -13.113633178206744 -12.501897088065187 -15.243584405111 -14.465482806220926 -13.378813011440783 -15.152773335330064 -16.194282779874857 -13.000720236881872 -17.78716288026566 -17.37616289987663 -13.629800357232497 -15.107443756782768 -14.898201992280299 -13.360412252883906 -16.907960958947857 -15.402584262844504 -16.355884037810764 -15.87451609858099 -17.899695515356694 -14.7636183995374 -18.038451027763152 -15.557356105066766 -15.794109278709927 -17.392761069976313 -17.55573476575852 -16.930646260448462 -17.858357351455414 -17.219116732212882 -19.112099735910427 -18.824407411551856 -17.94117727767809 -17.609821034639694 -17.19164615450288 -18.795924579058283 -17.95855741892175 -18.411681231602582 -17.82686531865066 -18.55965851962711 -20.840961321891967 -19.136917041915662 -19.600213626216586 -22.87998161146712 -20.47558730037164 -20.196643302323046 -19.928168276065257
51
 -2.1780558737754 -11.763445404916592 -10.63595617951572 -12.786267726968722 -13.468754572273568 -13.584648771771898 -13.496125202774593 -14.127120931026433 -14.105845395870144 -13.249378748215662 -13.754605664380609 -15.577308224864371 -12.859314553104285 -13.502776607122923 -13.641505999457063 -13.758401676255207 -17.241087282010522 -13.470263487760043 -15.810299806492674 -17.150666918946104 -13.512651339184208 -14.859079883699392 -17.724692933743473 -16.757642770371216 -14.622046646549725 -17.299583700331738 -17.577885037796964 -17.22038002046376 -16.039888037134695 -17.332767080801517 -18.041972438395913 -19.04995457979719 -17.521830192564178 -16.692394178059786 -16.144434928904133 -18.23522388639259 -17.87008205571924 -16.37664347016703 -17.730865605466782 -19.29130462361635 -17.022115927597333 -18.552927128975607 -18.020644659681572 -20.02870950885219 -19.602994738870997 -20.929192843825497 -21.117354366346085 -18.077768534033886 -17.629158550539145 -18.772589045099025 -19.17740779250543
51
 -2.1780558737754 -9.937826298846582 -10.933539307746187 -12.423926610683997 -11.088704735155876 -13.462516815390671 -13.299176144034574 -14.63556332140801 -12.419661714524445 -14.300760592971244 -14.456996446440552 -15.420798915720207 -12.885116584535282 -13.780131329447698 -16.5276861406283 -15.511447532710557 -16.64698988433269 -14.37225040615346 -14.623479191487455 -16.353778202210968 -15.10604365196086 -14.69985196236654 -16.014429609239976 -16.799465744475995 -16.92496183884308 -15.585394837182418 -17.069194056933423 -16.592800146438307 -15.787262233840716 -15.130574168391286 -17.41500799463277 -19.100907103428344 -19.997237955602806 -15.89506724069829 -17.979533654255217 -17.276177041876263 -17.459857752691867 -18.790330821583105 -18.97547640205714 -17.813269796989115 -19.435108764504147 -17.443934901255336 -18.908331142119906 -20.534637689299498 -18.414124215227645 -19.272997537418377 -19.812881244334527 -20.17895628181113 -20.43775076780716 -19.813068385345428 -20.982273619966573
51
 -2.1780558737754 -11.448264733468475 -11.490099898071012 -13.537285039446878 -12.307328858500853 -13.647986144630725 -13.107296501191277 -12.892342009172392 -13.007542284267249 -14.355338295026398 -14.025855287469463 -15.216544278407932 -14.215056874582205 -15.732347959350061 -14.052080426665679 -14.204059489230835 -14.613434351833371 -14.155318311279256 -14.925201878961467 -14.805883495727855 -17.1560085237215 -13.150970778285163 -16.765007683340816 -15.314515591751901 -15.598176487957751 -17.594282590864044 -13.868422951475738 -16.81769438610993 -19.216807094381604 -16.04839768040052 -18.83908539962331 -17.499909919096083 -18.14887347097793 -19.31428969144815 -18.179711939383512 -17.31153313009883 -19.869206107316984 -18.854519361484872 -18.041012252639955 -18.786453391708005 -17.344871116368026 -20.545215462882318 -18.194972544718766 -20.299431995740058 -20.86310100987013 -19.73479665880682 -18.500060029656723 -20.980759387790318 -18.520414090149607 -18.21787391662926 -19.65834950250753
steps
10
51
 0 500000 1000000 1500000 2000000 2500000 3000000 3500000 4000000 4500000 5000000 5500000 6000000 6500000 7000000 7500000 8000000 8500000 9000000 9500000 10000000 10500000 11000000 11500000 12000000 12500000 13000000 13500000 14000000 14500000 15000000 15500000 16000000 16500000 17000000 17500000 18000000 18500000 19000000 19500000 20000000 20500000 21000000 21500000 22000000 22500000 23000000 23500000 24000000 24500000 25000000
51
 0 500000 1000000 1500000 2000000 2500000 3000000 3500000 4000000 4500000 5000000 5500000 6000000 6500000 7000000 7500000 8000000 8500000 9000000 9500000 10000000 10500000 11000000 11500000 12000000 12500000 13000000 13500000 14000000 14500000 15000000 15500000 16000000 16500000 17000000 17500000 18000000 18500000 19000000 19500000 20000000 20500000 21000000 21500000 22000000 22500000 23000000 23500000 24000000 24500000 25000000
51
 0 500000 1000000 1500000 2000000 2500000 3000000 3500000 4000000 4500000 5000000 5500000 6000000 6500000 7000000 7500000 8000000 8500000 9000000 9500000 10000000 10500000 11000000 11500000 12000000 12500000 13000000 13500000 14000000 14500000 15000000 15500000 16000000 16500000 17000000 17500000 18000000 18500000 19000000 19500000 20000000 20500000 21000000 21500000 22000000 22500000 23000000 23500000 24000000 24500000 25000000
51
 0 500000 1000000 1500000 2000000 2500000 3000000 3500000 4000000 4500000 5000000 5500000 6000000 6500000 7000000 7500000 8000000 8500000 9000000 9500000 10000000 10500000 11000000 11500000 12000000 12500000 13000000 13500000 14000000 14500000 15000000 15500000 16000000 16500000 17000000 17500000 18000000 18500000 19000000 19500000 20000000 20500000 21000000 21500000 22000000 22500000 23000000 23500000 24000000 24500000 25000000
51
 0 500000 1000000 1500000 2000000 2500000 3000000 3500000 4000000 4500000 5000000 5500000 6000000 6500000 7000000 7500000 8000000 8500000 9000000 9500000 10000000 10500000 11000000 11500000 12000000 12500000 13000000 13500000 14000000 14500000 15000000 15500000 16000000 16500000 17000000 17500000 18000000 18500000 19000000 19500000 20000000 20500000 21000000 21500000 22000000 22500000 23000000 23500000 24000000 24500000 25000000
51
 0 500000 1000000 1500000 2000000 2500000 3000000 3500000 4000000 4500000 5000000 5500000 6000000 6500000 7000000 7500000 8000000 8500000 9000000 9500000 10000000 10500000 11000000 11500000 12000000 12500000 13000000 13500000 14000000 14500000 15000000 15500000 16000000 16500000 17000000 17500000 18000000 18500000 19000000 19500000 20000000 20500000 21000000 21500000 22000000 22500000 23000000 23500000 24000000 24500000 25000000
51
 0 500000 1000000 1500000 2000000 2500000 3000000 3500000 4000000 4500000 5000000 5500000 6000000 6500000 7000000 7500000 8000000 8500000 9000000 9500000 10000000 10500000 11000000 11500000 12000000 12500000 13000000 13500000 14000000 14500000 15000000 15500000 16000000 16500000 17000000 17500000 18000000 18500000 19000000 19500000 20000000 20500000 21000000 21500000 22000000 22500000 23000000 23500000 24000000 24500000 25000000
51
 0 500000 1000000 1500000 2000000 2500000 3000000 3500000 4000000 4500000 5000000 5500000 6000000 6500000 7000000 7500000 8000000 8500000 9000000 9500000 10000000 10500000 11000000 11500000 12000000 12500000 13000000 13500000 14000000 14500000 15000000 15500000 16000000 16500000 17000000 17500000 18000000 18500000 19000000 19500000 20000000 20500000 21000000 21500000 22000000 22500000 23000000 23500000 24000000 24500000 25000000
51
 0 500000 1000000 1500000 2000000 2500000 3000000 3500000 4000000 4500000 5000000 5500000 6000000 6500000 7000000 7500000 8000000 8500000 9000000 9500000 10000000 10500000 11000000 11500000 12000000 12500000 13000000 13500000 14000000 14500000 15000000 15500000 16000000 16500000 17000000 17500000 18000000 18500000 19000000 19500000 20000000 20500000 21000000 21500000 22000000 22500000 23000000 23500000 24000000 24500000 25000000
51
 0 500000 1000000 1500000 2000000 2500000 3000000 3500000 4000000 4500000 5000000 5500000 6000000 6500000 7000000 7500000 8000000 8500000 9000000 9500000 10000000 10500000 11000000 11500000 12000000 12500000 13000000 13500000 14000000 14500000 15000000 15500000 16000000 16500000 17000000 17500000 18000000 18500000 19000000 19500000 20000000 20500000 21000000 21500000 22000000 22500000 23000000 23500000 24000000 24500000 25000000
