12
c:5
1
21
 14.768244470630702 11.801962369452776 7.784523909352867 6.087235168048066 2.1774670413900212 1.4093353391468286 1.075174471499192 0.3275283427499325 0.35090205186930745 0.14779471718162207 0.18140823212124624 0.18107964878668292 0.11806616164972061 0.033034105888783805 0.0090011482264849 0.0013242011017026156 1.8550347831491898E-4 5.3902218663248735E-5 3.446600026435487E-6 1.985922537528495E-11 -1.9984014443252818E-14
steps1
1
21
 0.0 4.0E-6 8.0E-6 1.2E-5 1.6E-5 2.0E-5 2.4E-5 2.8E-5 3.2E-5 3.6E-5 4.0E-5 6.0E-5 1.6E-4 6.6E-4 0.00316 0.01566 0.07816 0.39066 1.39066 2.39066 3.39066
time2
1
21
 0.0 0.001 0.002 0.003 0.004 0.005 0.006 0.007 0.007 0.013000000000000001 0.013000000000000001 0.013000000000000001 0.014000000000000002 0.021 0.05600000000000001 0.24 1.161 5.771000000000001 29.128 103.544 177.54500000000002
c:10
1
17
 14.768244470630702 14.211189703944797 4.997412286404433 4.781089077577249 1.2560473752970407 0.6759772480624902 0.4915003096256815 0.2659175503215423 0.31206705073788266 0.31881030938927535 0.10724590997535977 0.020487782834249013 0.0019188428277342462 1.0759912795960114E-4 4.888776481637436E-6 9.549200319369788E-11 -3.880229471064922E-14
steps4
1
17
 0.0 4.0E-6 8.0E-6 1.2E-5 1.6E-5 2.0E-5 2.4E-5 2.8E-5 3.2E-5 7.2E-5 4.72E-4 0.004472 0.044472 0.444472 1.444472 2.444472 3.444472
time5
1
17
 0.0 0.001 0.001 0.002 0.002 0.003 0.003 0.003 0.004 0.004 0.007 0.035 0.33299999999999996 3.282 32.906 106.92699999999999 181.07999999999998
c:15
1
22
 14.768244470630702 9.785358980809919 3.7022298325969403 4.893988625097885 1.809395853883868 1.3684609560763727 1.0119037983485633 0.7392757813571458 0.4895182582862577 0.4200393321472733 0.46839940785274436 0.4070997983559711 0.3907163512091273 0.5367035996497117 2.442025706672435 Infinity NaN NaN NaN NaN NaN NaN
steps7
1
22
 0.0 4.0E-6 8.0E-6 1.2E-5 1.6E-5 2.0E-5 2.4E-5 2.8E-5 3.2E-5 3.6E-5 9.6E-5 9.96E-4 0.014496 0.216996 1.216996 2.216996 3.216996 4.216996 5.216996 6.216996 7.216996 8.216996
time8
1
22
 0.0 0.001 0.001 0.001 0.002 0.003 0.003 0.003 0.003 0.003 0.003 0.008 0.07500000000000001 1.07 16.009 90.063 164.20499999999998 249.06599999999997 333.893 418.727 503.55999999999995 588.377
c:20
1
16
 14.768244470630702 7.631611444171298 3.9652230114939893 3.1888870995377583 1.4076361601382381 0.37972304181022143 0.259900581463014 0.20690521749046964 0.21501035933670287 0.06736637794651301 0.01722872904976097 0.0023804877353373888 5.942614638382304E-5 4.11771279296147E-8 1.021405182655144E-14 -1.4432899320127035E-15
steps10
1
16
 0.0 4.0E-6 8.0E-6 1.2E-5 1.6E-5 2.0E-5 2.4E-5 2.8E-5 1.08E-4 0.001708 0.033708 0.673708 1.673708 2.673708 3.673708 4.673708
time11
1
16
 0.0 0.001 0.002 0.003 0.004 0.005 0.006 0.006 0.012 0.018000000000000002 0.136 2.4930000000000003 49.776 123.77000000000001 197.683 271.631
