10
SGD
10
51
 -2.126024733869559 -7.784382166671334 -8.89193306786802 -8.603236973438376 -11.131081981797276 -10.340898405473883 -11.27042148330857 -11.688381647796367 -11.383138655949981 -11.915266805377014 -12.72232865300709 -10.622674979253484 -12.230064756435219 -11.064455308908645 -12.49926548850072 -12.107537601008591 -14.856771846938317 -13.281911311587288 -13.569506188883514 -12.838365968989372 -12.165430410573386 -13.227289120764286 -13.546733710423771 -14.188908020532478 -12.683130033986755 -12.428022287828846 -13.029951117310743 -14.095650991098083 -13.342605977931713 -14.267331349714638 -13.242082250305865 -13.961050899181213 -14.78246220074958 -15.458797928368186 -12.97434510010292 -13.327382124799652 -15.597242253564438 -12.550313088640657 -14.266860819126412 -14.562027230942139 -12.663892411499779 -14.446791587944597 -12.37802211134088 -13.766955025288608 -13.384173593857883 -14.174992610971927 -15.549511981345647 -13.958712846493505 -15.003258338937378 -13.998634113945245 -15.006235249922279
51
 -2.126024733869559 -8.424395692639436 -8.921646500943243 -10.005297566756113 -10.168645097763935 -10.504607880037405 -9.39398832412322 -9.201207682441764 -11.65936588817364 -10.663619489777233 -11.10366262449919 -12.222411191686954 -10.67450445648193 -10.08482637646177 -14.041311429890708 -13.234531609509226 -13.627100231844413 -13.623039162417493 -12.821972451837475 -12.648566208091303 -12.901472342428564 -11.380648124681164 -13.53680487629549 -12.33155376881975 -12.421850487358862 -12.282554562895546 -13.095166968001074 -13.415233083070602 -15.101334064239483 -13.787550136299231 -13.764273267744045 -12.884279880813239 -13.65753487778121 -12.02263447472023 -14.345336693465775 -13.235779333969822 -14.50219608652319 -15.0100074317997 -12.908360891909766 -13.393260458086248 -15.55701282280996 -12.657956887370666 -13.9593089435549 -13.293825522764832 -13.950025331601557 -15.055633064636572 -14.947487523359666 -14.251189500456634 -15.22953057954948 -14.26658794217647 -13.752792936557631
51
 -2.126024733869559 -7.551992337639335 -8.647743312645305 -10.546466537380955 -9.745693546025166 -11.466012154681604 -11.849479655360643 -10.897274647439135 -13.445723636947369 -12.00212337749428 -12.225595122760566 -12.602535736351308 -11.607686848167548 -12.726112208220707 -11.660372042920784 -11.142996979854539 -13.187260988591966 -11.705685827848912 -12.797865568243493 -11.439788074224143 -12.864500442920656 -11.686099358284354 -11.725272103416565 -13.273463815361065 -13.515771934008725 -12.188800597103961 -14.216561383463674 -13.019027921211068 -12.876546236986739 -12.16350686949291 -12.80034243881963 -11.027938275074478 -13.482381093410549 -14.195010387612545 -14.500961660990995 -13.949296784938987 -16.05178887271736 -12.083589445262586 -14.818835732657591 -12.302346945937108 -13.623279210009997 -14.172095388865976 -14.275280923901525 -14.581143986556887 -12.516845959398923 -13.586048181235899 -15.573110559470804 -13.398011114381664 -14.41148521147936 -15.039635840000782 -12.508640014267861
51
 -2.126024733869559 -7.10254450177013 -8.735252009929367 -9.950051328368053 -10.630635756375886 -10.319319198290126 -13.802885676672364 -12.28839927561479 -11.830268578298641 -11.982381663377184 -10.494511070392793 -12.972397301618308 -10.800186755908923 -12.843974792524397 -11.639254085977674 -14.67114377221351 -13.737794488483903 -11.78039213727206 -14.141467205595594 -11.189838347286068 -12.96375404019146 -13.703790779469264 -13.575196749161483 -12.593144703225272 -12.902977018371335 -12.787894243933527 -11.720457700195134 -13.43805663252581 -11.931053734723903 -14.317135452270756 -14.386727919242315 -12.860467325153653 -13.362365249034735 -14.202943678161992 -11.933493161053208 -13.941486050965677 -15.802672758660503 -15.041221129380876 -12.714703491361002 -14.477708960703618 -13.936383686830673 -15.60550023529544 -11.973083361846466 -14.605920491673773 -12.525694914576064 -14.357766663934482 -12.672382434717722 -16.419039691179833 -14.769331235990242 -14.90192153557641 -14.277160191671738
51
 -2.126024733869559 -9.020286537770973 -6.561195305514576 -8.086447552312222 -10.85616620134472 -8.912431436053133 -11.389196765868238 -10.825582645320148 -11.019922853316123 -10.63805162220474 -10.237424336004507 -10.032846199452267 -12.46490932591738 -12.965579399149918 -13.001711659536813 -11.951264250750837 -12.390208668271844 -12.314930123062538 -11.205223228688446 -13.282875484661599 -13.045556576934594 -12.825033163032447 -14.029494815519135 -13.294436638228989 -12.84338565871964 -11.0264711043093 -12.516749550827706 -15.53747936473024 -11.426525612710824 -14.34743367775482 -11.564311870471114 -12.469069649915518 -13.162783672834882 -14.452580664912752 -12.970159379089882 -14.059664346221684 -13.808086549585106 -14.612736662805597 -12.620835934470753 -13.131567883754592 -11.094373782742498 -12.536365660671938 -14.461082786535755 -16.163101139530298 -13.287246100739427 -13.430073355822222 -14.430038143810517 -12.219329688184501 -14.226620027402932 -11.749309884632732 -13.065850175073878
51
 -2.126024733869559 -7.068439823522415 -10.487027599459118 -10.89221002347849 -10.110993433116912 -11.339762006405723 -9.761392790499597 -11.862214615354333 -11.795480165753093 -13.15355618216323 -11.560213440807578 -10.40921032191909 -11.994173490362646 -10.840698348723341 -13.315209321745503 -11.329757146258059 -11.191191116780937 -13.194375051862165 -12.620036540171343 -13.886065473300642 -11.416616117045605 -13.644025526096504 -12.55019758239712 -13.285021749918728 -12.155117414270395 -12.68012111234326 -14.059480040596128 -13.708354115518675 -14.742534846419694 -13.753847176360352 -12.380562169091968 -12.478194963267224 -13.528903912007205 -12.243935568696385 -14.1107576910088 -13.206473246430052 -13.642207109342978 -13.825744149536071 -15.462490283393025 -13.193866694493872 -12.700511237389657 -13.667070103173614 -14.253812611853995 -14.142312940017366 -15.284552903064275 -12.72616749599698 -12.960148577170683 -13.0969102132144 -13.653685806519567 -14.539556833853673 -14.601617025217799
51
 -2.126024733869559 -8.88704496609396 -9.391471362620178 -9.365718005940034 -8.08477293770158 -10.823734626438421 -10.177691459124015 -10.654630200818167 -11.79269066998356 -11.054841462771142 -12.723312154381228 -12.221730952343865 -11.51970239328685 -12.770653418202755 -11.694074773132858 -12.34683164021152 -12.853843939102438 -13.181788235730114 -14.406419921674665 -10.472193616406564 -13.121668544039238 -14.386224627203475 -14.877815818880414 -11.632748716285585 -12.432344763250144 -13.175892163397883 -13.326559857296493 -14.488623473873782 -13.771279833491427 -12.516894764429235 -12.734759922424347 -14.073494345667024 -14.160446559461914 -13.349130149199526 -14.271532621237723 -12.170540686060646 -13.507882476450943 -12.499251728776812 -12.668917837765928 -14.361428110891207 -13.63836045051858 -14.232182281834342 -12.011846805927089 -14.057062852813106 -12.223053562629334 -14.916826817819135 -15.78019088525941 -14.902761114978798 -14.997830807327595 -15.907935210044453 -14.005097299147
51
 -2.126024733869559 -7.502476786705934 -9.586797266678808 -11.414502337250815 -11.56521378977756 -11.079858509726035 -10.00614579565765 -11.467086963755365 -9.021122997743776 -11.899154246029546 -9.810049797412207 -12.671934551006673 -9.416762459056855 -11.395637792672636 -10.764540644980542 -13.112817689617678 -13.087337456700105 -12.7851631117757 -12.929724730350042 -12.443993195246588 -10.480731793832572 -13.592129368751092 -12.348779843031272 -11.768143719078163 -12.987588758202952 -12.929221861605269 -13.046311609733863 -11.113052885516234 -12.18860443347677 -12.904374147451415 -13.277614218825853 -13.945735237699642 -14.285375277979078 -12.904745645998192 -14.24849540071688 -12.204054477654694 -14.623427769636512 -14.114688710890148 -12.347616698861174 -15.657596008206742 -15.094550890986435 -14.123261725704024 -14.180108593290301 -14.26102015644545 -14.803182177980444 -12.430044743752761 -14.297942062130513 -15.043272191816804 -12.335792269544282 -15.978540689366099 -15.151030888604119
51
 -2.126024733869559 -10.041307798496826 -7.9634247176622 -10.271715936048784 -10.837434055824414 -9.99377050683649 -12.505880220415904 -10.665652091439176 -12.589268852886706 -12.0830904892481 -12.980000522569426 -10.20038887719517 -12.369755426870919 -10.305867055786877 -12.330346516240098 -13.601075318950395 -13.427180972764509 -13.285568766155587 -13.067209455125045 -12.386668572750295 -13.774019782389152 -13.179486273014922 -14.059037050404104 -12.639850832343622 -13.063300997748422 -12.54136144691344 -10.20574615228386 -13.95576107045901 -11.966347286111674 -12.771728613598743 -14.490373099175414 -13.728425679846737 -14.087091522238575 -15.004687286198415 -14.777026165220697 -13.36080108400465 -14.102265224840409 -12.831189269810388 -12.331649071591098 -14.84590160318377 -13.690714143463307 -14.553248076796852 -12.546868929926562 -14.327731782063864 -15.103777201245071 -14.13549667976033 -15.377444946055158 -14.385665205429538 -14.652290799932938 -14.264509581452943 -15.36235121665727
51
 -2.126024733869559 -8.982063283246566 -9.03748480783846 -10.7381617286672 -9.613977309752004 -9.612789765365962 -10.779053724964808 -11.58548528446289 -10.558046093153264 -10.559292633601622 -12.318685899636213 -10.046184091956068 -12.932627123110976 -13.08559754625959 -13.22512782791749 -10.892980146280955 -12.796577040923628 -13.602222369132425 -11.493171220838953 -12.467105636832708 -10.807564930823292 -13.205856678799837 -12.1986669466082 -11.772048761703605 -12.538152464411255 -12.338018640863668 -13.271202024403223 -12.438027344741952 -13.112429037220059 -13.252732900292266 -12.338717423430843 -13.029514006291212 -12.651538655315028 -11.526876875965511 -13.111867587027458 -14.13601073992762 -12.833317376297769 -16.482355721199777 -12.407577337982776 -13.88265184079124 -12.361014362024093 -11.043271113352953 -11.94445635157086 -14.797862228738701 -14.188024143224746 -14.827210180887386 -13.44463405871422 -13.674419540821365 -15.01729682497968 -13.15464229367469 -13.177149172370148
SAGA
10
51
 -2.126024733869559 -8.605162400502788 -9.00444192350312 -11.11750035660073 -10.65936302856839 -10.334035738082417 -9.058343782280847 -10.581178304576357 -9.927266989929066 -11.842603516892849 -10.442821657329754 -12.501556303800092 -11.25000621351512 -13.143191020451031 -13.136535346390518 -13.104326851181336 -13.996247448132063 -13.24359319922993 -13.886456825104514 -13.927984211479963 -13.299869407186115 -13.620503274462784 -13.139963792615063 -13.340348069455858 -14.503975839772519 -15.680391290827592 -13.58371266767662 -14.25762979155936 -14.361500542435868 -15.069676208251309 -13.75480739212683 -14.91109728090851 -15.250106601503129 -16.38142103510654 -13.520765781431713 -12.940672817756152 -16.693435987464397 -15.424728432745162 -16.595415422990005 -14.881081481072703 -16.34215175709984 -15.69054417399795 -17.54538966233993 -16.455874103542595 -15.169700955502107 -17.943087401431015 -17.47498886613041 -19.847988714779184 -19.202530533723955 -19.167316748453683 -18.17436657013551
51
 -2.126024733869559 -8.765315037676073 -10.308755573656004 -10.41724976375949 -10.785217830709255 -10.582645391816362 -10.54202068259257 -10.70742235255425 -10.067311184725305 -11.238852218710951 -11.193052366154452 -9.876563393695987 -12.61787943486537 -11.033253119356635 -12.155646860807567 -11.93988155961446 -11.90235371087398 -13.118836529670014 -13.445737077869259 -13.442214544071273 -14.535975737973375 -12.3576733712856 -14.108218907549993 -13.331249911872423 -13.74199115003244 -13.025644419783644 -14.658652604988387 -14.714675217222318 -13.49011240615988 -16.384471179593216 -16.002853123826455 -15.446687351099612 -13.93662829648028 -15.003027112423458 -15.042422543302987 -13.495312505232372 -17.535121951152988 -17.876335924505288 -16.439453605900827 -16.57326335978553 -17.401621560687957 -15.918961454624942 -16.965740394945637 -18.164504072102098 -16.554099770117144 -16.479705889108264 -19.116368555520957 -18.19885092726923 -19.263019601209855 -17.090867094943302 -16.860688007291593
51
 -2.126024733869559 -8.66069533908393 -9.10988358406339 -10.552098258045842 -10.830070299108003 -10.938941857210938 -9.986261649600209 -10.855591302163283 -11.364060341433609 -12.010465986120808 -12.222247604769477 -12.14011373928517 -13.482873144014263 -11.230435849162157 -11.053016942502369 -11.484144714420708 -11.866784852434318 -12.96317643625771 -13.275593479522238 -12.943686075600148 -13.189858958763983 -13.144851710569974 -13.723503247012228 -13.29364649486432 -12.083945930842578 -15.78255097702644 -13.668349471127978 -14.441331591853007 -14.54587343348194 -14.520414463762442 -14.884779921290109 -14.73817775060196 -14.945357874338143 -14.029621896152536 -15.634394227246524 -14.963188502770121 -17.171349741538613 -16.04583753413053 -15.724134176155676 -15.135637068799845 -16.046578155027483 -14.174247130827087 -16.131515085094467 -16.662880601516964 -16.85276963788776 -14.445589633368762 -14.234682262731862 -17.09524401404873 -19.12095716356904 -16.345773386556512 -18.832697725626893
51
 -2.126024733869559 -7.602308819369652 -10.241624483829153 -7.797566965885665 -11.398451189343106 -9.266842685471133 -11.923086060058123 -12.034971751518622 -12.987940216151665 -11.483065858796174 -12.540321850533259 -11.256740187771957 -10.330252705545679 -9.465317642758736 -12.552092811459639 -12.498840894476949 -12.340675343335743 -14.268986082005455 -13.832420860895263 -14.00422951889009 -15.108277389432795 -11.549212327637454 -13.158067535948218 -9.812039248571882 -14.882137321217003 -14.810699234059653 -14.389334611871346 -14.656234517428926 -15.417478354101984 -14.648350627150494 -15.967531184438798 -14.968429252296165 -14.18702188437623 -14.982713180643508 -16.226696052919536 -15.585150127335012 -15.084897112640478 -18.039145717006598 -17.013625132454216 -14.735429824146124 -18.242913237949942 -16.608709694124293 -18.43887983016628 -17.075220447637886 -17.782454419908124 -17.295245970168516 -18.162216262813416 -19.19867067593478 -18.123648319474608 -14.245152489333483 -16.09914004129293
51
 -2.126024733869559 -8.584640382002828 -9.267922470215607 -9.520530303681536 -11.478080446973829 -11.60359053309441 -11.781941301056097 -8.777420233053247 -11.003128577148102 -11.712973890851153 -10.77314247280649 -14.036109726867737 -12.419037677283047 -10.47405790378862 -12.675441180276561 -12.654871235113363 -12.042758472603493 -13.463027495264036 -13.155697905904592 -11.153902052207185 -13.782966374138942 -13.941425756300887 -12.395934838377524 -15.209062060508845 -13.226895137311569 -14.48791116286581 -13.81564285756464 -14.55834616287689 -14.53097929363968 -15.130049493989773 -12.972701639514366 -15.167808085194615 -15.454016062548014 -16.54715540890201 -14.8105267462159 -15.78266880512701 -15.127904054881707 -16.818688029550632 -15.096415174459757 -15.917860603281783 -18.63023589329097 -16.615338054147355 -17.373472814299387 -15.760933432700584 -17.762717875020734 -18.107093112550455 -16.4655703581437 -19.43721727937933 -21.476334350543272 -18.91332771415356 -18.4908300596859
51
 -2.126024733869559 -8.56094736368982 -10.199597469944228 -9.780175956948677 -10.64177466109682 -11.141617440445103 -10.527886014854928 -12.854829043388655 -9.423544911201944 -11.228240758076128 -11.489922995040699 -11.10602758755491 -10.9285237109155 -10.80301415014832 -11.534972097478509 -13.244120648338455 -12.009567647274642 -11.675500270325095 -13.610411434489054 -12.271004730665025 -12.561652976417294 -15.213924583861015 -14.87379880310153 -12.269373711228493 -12.017497798801502 -16.058406953830968 -15.837594669291372 -15.123489932114214 -13.15777314002195 -13.543203403728034 -15.479667331899282 -15.823333274379761 -15.456226469314275 -16.152043460180508 -16.14020694579394 -15.458272713193658 -16.00459761381487 -16.741031057829577 -16.385809759599862 -16.56069283540044 -15.716572620296061 -17.232148093151828 -16.7928139800589 -17.07229605273322 -18.42184890857152 -17.184192482965617 -19.2772554174822 -18.440228829183937 -17.793659204857793 -18.138821074940488 -14.135916218055277
51
 -2.126024733869559 -8.93439203050121 -10.461041047099437 -11.296986354263254 -9.801187954790016 -11.163970945924355 -10.793138817765122 -11.067653595517694 -10.890958340844135 -12.28406469236345 -11.869943098373607 -10.568503870715665 -13.930127712286506 -12.349250741457318 -12.633047579514312 -10.724948564470706 -12.985207989120891 -12.280328830228617 -12.26289934736212 -12.019601944490729 -11.771186573141843 -11.767889097786725 -12.366288308648812 -11.098494466441842 -14.06768352880027 -12.956820011627178 -14.710207276445866 -13.66512958037863 -16.06589815795622 -14.196600357113072 -15.224258831909784 -14.80517394914132 -12.836896486723042 -15.692228950274266 -14.5713138656799 -15.330217884800316 -16.88681790844176 -15.275611181487218 -15.691660862901257 -15.958816566978488 -16.466861848974577 -15.36160926334065 -16.44342573851117 -13.762418326119546 -18.05044170378648 -16.59051598126333 -18.78926448402076 -17.46856180034182 -15.91490672182728 -17.107676283912294 -20.370481359863515
51
 -2.126024733869559 -8.539992606666813 -9.664408212823584 -10.560342593787441 -10.91044153456749 -10.167207442041706 -12.19771165274435 -10.53174365485701 -10.23664341205328 -11.805241126019443 -11.041556195177142 -11.213656583073798 -11.220874422658806 -12.101566155795725 -13.806237797569564 -11.331648168082312 -12.367317907837124 -12.601551606155994 -13.123185502764398 -13.73960429509805 -14.24902521337413 -13.221112735577897 -11.584810844631258 -13.237846986590208 -14.963990921016489 -12.878514646737818 -11.712258890284522 -15.422542721570874 -14.213275029240817 -16.154587162417474 -14.825812789374114 -14.623751189769273 -14.61255421005771 -15.583680124191668 -15.70741886011713 -14.358431576055642 -15.092404275139891 -15.843995324668997 -16.270190409384078 -17.011733842198648 -18.102805875635518 -15.756287608386993 -13.568252719983164 -16.733523368882505 -16.020506557472142 -18.301948216563417 -17.46451189162856 -19.81155116233244 -18.697604343917092 -17.66483668432897 -17.6933105304037
51
 -2.126024733869559 -8.863822931258637 -9.148773204173326 -9.964787190620484 -11.44238192692792 -11.35918277139124 -8.591793688865685 -11.65798900365583 -12.076291275552142 -12.379034620092787 -12.754775994972695 -12.531825200210324 -11.280184494651172 -13.10081252544598 -11.79819547168764 -11.290565942473858 -13.426146168523355 -11.10822902905667 -11.426868533578686 -13.245486593825088 -12.356416836889984 -11.967262143410451 -15.655443320822409 -12.601867418601596 -14.686119042422202 -12.9504547583875 -15.019352482431577 -13.7380590192323 -15.170721210919766 -13.739493216949272 -15.778491786121856 -15.92367932578524 -15.286119946917797 -14.142743525753916 -15.917950504139377 -17.296207073846734 -16.930115322246554 -15.002846950409605 -17.210498662951785 -14.383597109635277 -15.428670908551089 -17.52544875076079 -16.040660670313837 -17.742502418336425 -15.956612482498317 -15.058086252813537 -17.448470571216777 -18.58429840139195 -19.131136514256625 -17.01060696131063 -17.728936960009563
51
 -2.126024733869559 -8.298784512158196 -9.813155954564166 -9.893364854648212 -12.023794580813735 -12.637472714476598 -12.477692487668762 -11.656056774504899 -10.109137733585948 -11.755579694990729 -11.85227158309387 -11.89800367331932 -12.228945804722548 -10.101617247473762 -12.35903110561849 -13.200502141779525 -11.650236660185769 -11.591898366248497 -14.411387952999481 -13.880103679489707 -12.775397907069872 -13.752180536866499 -12.167178157501162 -13.696568659882963 -14.31770171091695 -14.968217505898636 -13.81267615130136 -14.510955552863566 -14.616223327205482 -13.428394982728125 -14.021861309650825 -15.486526887854769 -14.790454030173619 -17.605058764457798 -17.648220159539804 -15.096028507715086 -15.432720402317589 -14.305671939380163 -14.90810604406834 -16.68305512251999 -18.311132588832123 -16.62688673605131 -16.70590054901482 -18.352799902872842 -17.433840196786818 -16.836157450415644 -17.513167671346206 -18.676632651188772 -18.453418787949488 -19.85452743784597 -19.475802771552857
ADAPTSAGA
10
51
 -2.126024733869559 -6.414640254616092 -7.148784641014797 -8.218863235876382 -9.405905824337538 -9.998688760693202 -9.712404540939096 -10.834955921500445 -10.801090919721094 -10.23421169838761 -10.975568823101444 -10.139388500780363 -12.415679048089686 -9.764994636353418 -8.974672006919315 -10.967310528310001 -12.399266229968084 -11.917105059795333 -10.52370680003638 -18.372995754002872 -18.022673581236333 -16.119956670069545 -19.257549218470192 -20.208302760351163 -19.27662695957549 -21.160569676905954 -19.389015826963274 -20.697908239205546 -19.788722285973034 -18.318646882684646 -17.457639391646392 -20.095485281059705 -20.439991715670867 -20.361400061000698 -20.021583855897557 -20.228142796996803 -21.537611590748895 -21.3289809669159 -22.535063313165733 -19.620793178455376 -20.820472058315698 -22.526175537890534 -22.38430484537757 -22.24738635680751 -21.697257046391343 -23.226540510263167 -20.194700669830546 -22.465425441154466 -22.48297209958785 -23.182577052755946 -25.559021246731543
51
 -2.126024733869559 -6.019691225194194 -7.425321660394988 -8.419378212391722 -9.231506333269207 -10.349121733475261 -10.089251283473866 -11.045972764480402 -10.750197283802159 -10.136347022902918 -11.047981965419746 -10.336524652067158 -11.756015130446421 -10.093368618181495 -9.032823959118877 -10.977763541509823 -12.305046566933813 -11.828104849793858 -10.604475063396869 -18.34291330010584 -16.425915029945184 -19.271196350941544 -19.951684908332332 -18.0944250749729 -20.764923702699292 -19.455211743802643 -19.5020049144406 -19.966528350510934 -20.185315242133925 -19.34423350400496 -20.54970388224126 -19.51465587602583 -20.916124317570322 -20.17560939522428 -20.631128053489576 -21.43069608872536 -18.906655544691855 -19.036011603219475 -22.8586725598092 -21.077961878079943 -24.316032095279702 -20.77889448172563 -20.03748604102791 -20.77151595489218 -20.60481489479243 -23.33401870936874 -24.931054755418373 -23.202411228893286 -25.16970943930993 -23.71847345849014 -24.901261929042093
51
 -2.126024733869559 -6.181149128222345 -7.715551616598163 -8.366448421700508 -9.230977555066424 -10.357435266594566 -9.446097446662126 -10.951078864924126 -10.715729001615019 -9.921793639276316 -10.92779081809066 -10.288262705118113 -12.22566986955969 -9.858766900549004 -8.94506870454158 -11.136654375228678 -12.240652767380203 -11.858638672784307 -10.526689184929474 -18.684708172279212 -19.369005249670597 -17.541533241027114 -20.023264557042893 -19.035118882306183 -17.272127750477004 -20.63473871849692 -18.868124070419658 -18.846933769169997 -21.619839826000657 -19.911733029125333 -21.2269643500113 -19.92923128073186 -22.02573385732254 -21.216854476427315 -19.736364616465014 -22.014015558154778 -20.679844234701278 -19.824107441115505 -21.098720467153246 -21.153633329178838 -21.542292485545868 -21.099987433541866 -22.587892985676255 -22.126597037029214 -23.053090493597672 -24.033697907974247 -23.461025417189223 -20.575759307572874 -22.188119017927036 -23.996473608911934 -22.788360068038525
51
 -2.126024733869559 -5.851293510874292 -7.41312204204428 -8.553438741158734 -9.458584628699748 -10.292908823871514 -9.831760707041747 -11.404525872776064 -10.72038102499232 -10.166893909547822 -11.073586043847675 -9.892152526016925 -11.825012826233868 -9.774226802051794 -8.955340006085287 -11.065997324717998 -12.150031242222335 -11.79414587383301 -10.534705909642138 -19.02618040034377 -18.86976381278399 -18.56342821772181 -17.922860090156885 -18.748892978462745 -17.433396756768925 -18.225118405187636 -17.4887748227061 -19.70718059457633 -19.693501897047735 -18.572007794718367 -18.950187518155325 -20.80625238776841 -18.979521170861094 -21.504935627947006 -21.41564973221596 -20.777073570940036 -22.42989952544886 -20.703654703224668 -19.612638616572763 -21.31292899227062 -21.651317950781124 -22.232260969546854 -21.40574991031724 -20.291390319295786 -23.90716781485882 -23.326940027373354 -23.61039286338212 -21.67760423272018 -21.923635913721604 -23.718545761305453 -19.684825753989657
51
 -2.126024733869559 -5.951235572260949 -6.6367298877225265 -8.726068920859849 -9.32655007429593 -9.957550560122904 -9.45110631461526 -11.124249441787809 -10.719075933469782 -10.367360303267072 -10.966242700466712 -9.924224887823767 -11.718084168332094 -9.852643254996561 -9.100076322711477 -10.794305330656822 -12.286430188609117 -11.798325611501616 -10.412870515732134 -18.456436097360356 -17.424094513209422 -16.23142160286543 -17.69824327532075 -19.48205668235689 -19.130590414890353 -18.376572674516844 -20.11485460665256 -18.519767354663287 -18.63049704567826 -18.6567198067125 -19.3537028489554 -20.598465258064078 -21.16343533294351 -20.707259209274135 -20.823531065853814 -20.025883993740344 -22.11540184981134 -20.60627192449733 -20.854290624582354 -22.042937972469243 -21.542161707364393 -22.538817585374016 -23.162233931713853 -22.01954874547875 -22.04337769330596 -22.45673426403433 -18.834199938394864 -24.341465014990494 -23.614936515152692 -23.19227645335583 -24.523600280481283
51
 -2.126024733869559 -5.880960917470649 -6.937416066641099 -8.145452549836548 -10.063126741780888 -10.250046728787378 -9.86691709396831 -11.12323416336649 -10.877582340889107 -10.132683098267314 -10.901621086227491 -10.205004691538404 -12.470121230678686 -9.945174121980125 -9.161269162451799 -11.232838975666416 -12.391723260270268 -11.951152203346766 -10.547269866823767 -16.005864179769492 -19.841301825889346 -18.656560807405647 -17.144901664650888 -18.59161624826323 -19.024871076129877 -19.239438176943796 -21.929549418281677 -21.768559089697508 -19.25604095378273 -17.602121538918574 -19.56368564634546 -20.44055162026595 -20.815809098053357 -20.137668023398252 -21.762621298083673 -20.6654059435638 -22.317499351764873 -22.36813910471389 -21.692486459578443 -20.465712310547232 -21.520368179328425 -20.562522149383984 -21.76756954733249 -24.037979376844795 -21.938988705281115 -22.52036099315253 -20.86582057465484 -23.15762004290147 -24.344641195528652 -24.52284290559455 -20.751159782791465
51
 -2.126024733869559 -5.849434952115367 -6.974498857968596 -8.477214556062702 -9.597340157736918 -9.955752649565783 -9.62772303806112 -11.092578860724453 -10.749076954688482 -10.058472412775112 -11.124343330704038 -10.249116653971422 -12.028049977891651 -9.862620651983887 -9.009576990933787 -10.938361008623026 -12.273576216803711 -11.750824886606528 -10.582239788717498 -17.84958900715079 -18.260964553547506 -19.125685787527082 -20.53179820484045 -19.185867594314036 -18.873976586468885 -19.605352415380302 -20.64423115413741 -19.525407954832808 -19.368566041356242 -21.586298809235448 -19.45394144581544 -19.83208081454513 -19.227760048074774 -20.311834713047645 -20.17880674585274 -21.01806318627783 -20.44930497464127 -20.77059854834924 -20.45242926581401 -20.508875193214685 -20.836158717747278 -21.83824472403821 -23.63130273518822 -21.695260248956952 -21.313733632631227 -22.1126665821249 -21.73774359465897 -24.63588723784488 -20.764886360960766 -24.046705676558343 -21.645794960304396
51
 -2.126024733869559 -5.868155118856294 -7.3683133692172325 -8.257124587970743 -9.724284913917423 -10.159475150438777 -9.165934220624118 -11.018020379713205 -10.91977246746595 -10.017532435537868 -11.017889354157099 -10.193078626708212 -11.967788043208303 -10.02219339119199 -8.83097022056679 -11.033963815288535 -12.47430494030555 -11.93808022132273 -10.40565380352315 -19.747651392898387 -16.94170700382792 -19.82935308869779 -18.639356368671983 -18.820691767043282 -20.66547643197464 -20.29888810258329 -19.73309081185245 -17.96506081376061 -19.842254951799355 -21.887477310389276 -20.969048106344907 -20.294269150369896 -21.352726943508248 -19.04694383350171 -18.970081827060337 -20.33971532158787 -20.808983113829647 -20.292012967447715 -19.589964330608616 -22.28060910955524 -21.440225444282554 -22.810624054573136 -24.525574875637208 -21.603364613120444 -20.660146383891803 -22.303474822104494 -23.733202209003352 -20.00904658222314 -22.567849513536885 -22.334568067164057 -21.01250588857738
51
 -2.126024733869559 -6.563042038454798 -6.9573413552062835 -8.196733305338686 -8.891650286029853 -10.408188967864744 -9.677942017286842 -11.236028839709961 -10.784766428067737 -10.027736187969767 -10.928627939131962 -10.239361538299532 -11.76448207294563 -9.83177830140294 -8.83637423795 -11.006317285510374 -12.300923873061807 -11.908082625554968 -10.51974206755311 -19.225593600834127 -19.726910062493758 -18.375904107202782 -18.97625553747161 -17.741752963031143 -20.117619880047265 -19.243274799651747 -19.84032798195598 -17.988961438903264 -18.809195303291226 -20.61543532419883 -22.031926248993262 -21.270954534591684 -20.66073159802485 -18.92607890449507 -20.39787039349965 -21.800182870878636 -22.600536684884293 -22.5555469168789 -22.345539859419127 -21.362393924480934 -21.050399135788705 -23.365307592882083 -21.5159136607894 -24.493227047071855 -20.93555053321761 -22.137935591797866 -24.61784537613497 -21.99523117100245 -20.36816876598781 -23.152473696660063 -20.584992918751688
51
 -2.126024733869559 -5.923500631590368 -6.507724807197035 -8.422573869655585 -10.124531819000854 -10.342307666380956 -9.52804636169212 -11.292011935950786 -10.763269117834668 -10.10128874312899 -11.074387235965718 -10.218353593002572 -12.165518436092503 -10.355074904382727 -8.890077240396538 -11.14375627886419 -12.579510443512063 -11.974587331261112 -10.520181063346788 -19.416034971048607 -18.09792337498362 -20.39214518590125 -18.93819506421836 -18.446600987175085 -17.91924117894293 -20.14118757003632 -17.426487807894986 -18.594235061180065 -19.084822190826166 -18.869365168011445 -18.627924334652594 -21.03545474521942 -20.62866147458169 -21.584115226536284 -19.581560888776995 -22.000631230761567 -20.08021610499795 -22.370171927436502 -21.083090222059003 -21.673059837568264 -22.335817727437956 -21.407470851673967 -22.642710411289062 -22.039493543867728 -21.775884790947018 -21.4857761975732 -24.00333513715426 -23.29548077096181 -24.254485114828505 -23.631468783610387 -24.76703179889258
ADAPTDoubling
10
51
 -2.126024733869559 -8.397375724293067 -9.670924225780857 -10.657850084359406 -8.586150655088769 -8.471335042650145 -8.051195405464757 -10.45860818848521 -11.296537964632607 -11.027074425234416 -9.715939062722919 -11.196909007549543 -10.622716595804334 -10.88840601198854 -12.193631701064987 -13.562050697286933 -8.748748829206761 -12.991600885103733 -10.912161350529134 -12.104697987841574 -10.64571378228609 -13.826233945749152 -13.481023808874314 -12.8335016007635 -14.22431615970494 -14.108270798554551 -12.205899892925645 -13.823731541901587 -13.682872674176085 -13.888491838190339 -13.763528215760502 -14.055226741953394 -14.637451677648086 -13.651240738732007 -15.61387398038787 -13.286981073441043 -15.230575533866114 -16.334528991896153 -16.25189428010864 -13.901305237191917 -16.11384989088337 -17.242803798117848 -16.957315063811155 -16.19200088003576 -17.195160857868483 -17.744928028612577 -16.651587559313704 -16.206024191267247 -14.194325278589258 -18.3518000127736 -19.034359684468658
51
 -2.126024733869559 -8.562684051660145 -9.586842949649673 -8.961665034822419 -10.4704769424121 -8.913265500769562 -9.803687193753552 -11.043839399958163 -10.642936524458097 -8.898546333540784 -11.25979574702028 -9.97211092607035 -12.822001326216249 -10.32582890109177 -12.238755811920921 -10.80895562280313 -11.86203883169402 -12.57043146286357 -12.414510858897804 -13.05343381662265 -11.656154650255221 -12.667579416807529 -11.743253628945807 -13.664994825933977 -11.843644484527827 -11.961838838093383 -13.881696246862584 -14.482218987670601 -14.178443834748078 -13.349532517059478 -14.360302381920688 -14.968094090197239 -11.900058623106517 -14.440892244120057 -14.512322429774304 -15.186517993630835 -14.882176933612731 -14.269257168524252 -17.414312626364364 -14.960911368893047 -15.895436562571911 -15.639740447418527 -15.8451634739299 -15.471397860481533 -15.402637102487326 -16.261075994797835 -17.85122953927329 -15.546938098937046 -17.169952005280557 -16.92219849516756 -18.502310462577366
51
 -2.126024733869559 -6.881387304273065 -9.336955556279952 -9.61001093773572 -7.798278089909463 -11.472697118616667 -8.376960701488864 -9.99201899910118 -8.9601712611609 -11.594493189690905 -9.921797972945399 -10.19858042156542 -11.81931493564176 -10.81961269407594 -9.542199725542075 -13.034750731151405 -11.402853882653439 -11.67053981283326 -11.728299968016346 -12.644118600849376 -10.824505994383658 -13.284926208462739 -12.939509718886011 -13.300330197663378 -11.493665354981976 -14.687875749670875 -14.57418047105716 -15.774805619851294 -14.966218826340251 -12.52909862486354 -13.35757244131613 -14.802376495423363 -15.259426254238967 -14.048973825808627 -15.47642788873983 -14.088375513569428 -14.858270549057261 -17.702519529972147 -15.352730303365309 -16.57037623281424 -16.59879610558655 -15.39144231538234 -14.890007761977598 -17.058591462263035 -15.025251479248356 -14.150400456045212 -17.60885432828946 -16.79930401198464 -15.882418029666754 -18.30919478290682 -18.304298129476027
51
 -2.126024733869559 -9.399227470862362 -9.07610121254235 -7.427059678833264 -8.932532797863477 -8.73830275256975 -8.419269449976493 -12.659563079847986 -10.430299652597 -13.14727597397276 -13.237579134695816 -12.907042457772924 -9.67016634545422 -10.38267424589875 -11.991688500325298 -12.705743046293755 -11.471559801477575 -9.579608855102306 -10.471056606762172 -12.013095753749928 -12.001816437835847 -12.625769726530125 -14.098344474856574 -13.607675770654394 -13.544938208572795 -13.374179367017883 -13.207315644917252 -13.915668292531851 -11.508129344462832 -14.144506893520047 -15.227506303221636 -15.016458319229654 -15.115407501567562 -14.58727329050371 -14.834917518155418 -15.859749465526539 -16.141311274858115 -16.087184994626327 -14.1407094981422 -16.404715432489628 -16.339299354210585 -15.60504470122508 -16.68192663919826 -15.21423836743213 -16.78763521579213 -14.444607280021058 -17.58293603538878 -15.041447426354758 -18.721839671785766 -18.385716560840798 -16.723436904535845
51
 -2.126024733869559 -8.179676106926193 -8.04154912466244 -7.202998828133692 -10.334949593091084 -11.67497969646435 -11.039578550086434 -10.713536981785477 -11.187985616271355 -10.997170359321078 -10.116469802130645 -12.701077972163922 -10.211715624433594 -12.24586645391674 -9.83591663102321 -10.186231421794533 -11.836663977230911 -13.511406888971283 -11.46086979886128 -11.520680539459446 -12.621634409340118 -13.679529493680507 -11.967967009522466 -13.321159104285586 -12.182110552502674 -14.995415868495021 -15.692820438351465 -13.195597342264707 -13.526873830405835 -13.009385884838098 -13.250193707768924 -11.333448303174839 -13.514832515770891 -15.900077688724334 -16.179127873761814 -16.251978119588514 -16.283400419539287 -12.780260195854979 -16.39795061877552 -14.964032767145996 -14.797064383803226 -16.658940625226197 -16.644690430122356 -16.536238292950845 -17.756772472098774 -13.176234272574412 -17.05335649098946 -18.457866532557638 -16.904583455117606 -17.125605807197132 -16.19858415591571
51
 -2.126024733869559 -6.004224004562263 -7.223915991876289 -7.564807488091063 -8.90644454767351 -9.059123217372347 -10.5905429733506 -10.81213374292586 -11.634264135847678 -9.79726377527681 -11.95287818555827 -11.182222412506254 -11.583292107051522 -12.255337534493984 -8.921131666416628 -12.76276179969814 -9.776022624036779 -10.432298272561917 -12.765551319100604 -13.126667142605374 -11.762720673504921 -13.51637800285484 -11.418198017875069 -12.911246084301165 -15.905135104609597 -13.984271520252447 -15.257725737469983 -13.527572539626798 -14.337177629183754 -13.8167731603931 -14.212620858944112 -12.452952815339286 -14.70939775648107 -14.285409883496074 -14.969579338056509 -15.58405306486279 -14.712503948920558 -16.268044274065634 -14.346235301277797 -14.452589604980973 -15.409982378332906 -16.58903391229714 -14.306067099657467 -13.26194263518568 -17.14835839120244 -16.556643465132982 -17.684129750002334 -16.964323450450998 -14.418466778364598 -18.473982388559836 -16.2366790795977
51
 -2.126024733869559 -7.075064779136067 -9.580148255686403 -10.716634794778136 -9.555595380891381 -10.170893971698835 -9.277437169816018 -10.767102270845523 -12.324620620069405 -11.030470093675627 -11.826879947361121 -9.818249584424628 -12.56174602637368 -10.317922330435996 -8.905706783121342 -10.950071260217635 -11.100944447999833 -12.033132467391345 -12.884778423158615 -13.730436283765888 -12.34809022171967 -10.73204325182228 -12.422524109590741 -11.084497650884394 -13.173953470985456 -14.11037984462783 -12.990695303471016 -13.165210780553766 -12.958741367199083 -14.524576423420088 -14.49419163624789 -11.950095250675117 -12.02762306598363 -14.572967354184803 -15.541106722956819 -15.839477737028455 -15.803412356442493 -15.93708550410005 -16.24056705650077 -15.108200992630266 -12.279687674405906 -16.443998203746215 -14.044344783190889 -14.308133318753503 -15.61216065552151 -15.07087865413892 -15.015626507306429 -16.762290013992722 -17.334886045127842 -14.925100481459953 -18.13499575461261
51
 -2.126024733869559 -7.177468657302636 -10.017921302824439 -9.033867600106769 -9.083996359731389 -10.150059638133566 -10.670321257199992 -10.049057640305872 -10.262954010182202 -11.797160292747128 -10.934151547285927 -11.824614195094457 -12.225082381011678 -12.824474493056387 -11.491337299463082 -11.46110658797081 -11.381390190344865 -11.682325969532279 -12.291333719987577 -13.3942916914847 -12.498061147372518 -12.742511402416072 -11.398780849748292 -14.392405436028536 -15.03164400741924 -12.419617428062944 -11.815178297117647 -12.27958940193448 -13.374065207755288 -14.321938643658797 -12.803352063987417 -12.352672258804409 -15.238205167292428 -18.332315498629235 -12.701608851118056 -14.419874206822135 -16.26144665832894 -13.938153971867834 -16.915348399361033 -16.217696631627817 -15.602579389570277 -17.640021046295274 -13.913421475048416 -16.035414781651284 -16.910770434439993 -17.982309774229467 -17.868482614759216 -16.464473823998713 -16.906678268108408 -17.500758723867413 -15.077885461943941
51
 -2.126024733869559 -7.631856243992583 -8.012903255881847 -8.90397069737264 -10.215538660067566 -9.343051744949138 -11.278489018207026 -13.071664261634771 -10.578285260610333 -11.87028758655164 -12.321069413612982 -10.551917695877533 -10.307405559923 -11.713249915422052 -10.168949178060261 -9.292989632042078 -13.365335061761042 -11.80405607903119 -9.684171695105917 -13.861173729209346 -11.868554583990921 -12.762569571263423 -11.961928910847492 -13.839173403839357 -12.841703878514796 -13.351009043789706 -13.34085594116681 -13.013874452112956 -15.474942935477692 -11.752074695813308 -12.431841693855427 -14.576306662043027 -13.264068857206814 -14.819129466088514 -13.74450757919368 -15.399023174336964 -16.625048489214446 -14.69347000409574 -16.189164269386787 -15.25098622363564 -13.342567478971842 -16.097303269689114 -16.07773513296333 -14.711476411635708 -17.368188789662447 -16.83883229862801 -14.182017227990057 -17.453274842996244 -17.161168885945546 -15.788387548827071 -15.530093382897094
51
 -2.126024733869559 -8.073491762659835 -9.95802577992635 -8.161581675679262 -9.513151674665892 -11.536830705485908 -10.526191604583815 -10.565709701974951 -11.66595546346771 -11.661748534463639 -12.188635412949674 -10.417648921125352 -12.730989795761236 -12.16853001626525 -11.14576550687699 -10.730157576734642 -11.070762489844787 -11.466264782274278 -12.867704301366972 -12.657521156522263 -12.49321251719208 -13.434049099378758 -14.253595456925998 -13.445133948032979 -10.560782814761533 -11.88061145394427 -15.306055038103448 -11.743492142622436 -13.685098557985564 -11.877050254126434 -15.918103993442774 -15.016023597432763 -12.544610404839737 -13.793352737750148 -15.810517394508585 -15.045876560360135 -16.78851567731972 -14.012529001070543 -14.254093296413064 -16.725142164299946 -17.152431741844797 -16.010508453743785 -16.75776704646993 -16.091539510206076 -15.834667796381138 -19.05804792265807 -17.253015628955435 -18.611364101115228 -18.06196246243578 -16.481767961259003 -14.852458776967408
MainSSVRG
10
51
 -2.126024733869559 -8.010694493884648 -11.215063822597145 -13.984787789319537 -13.683142656831874 -12.685259468010521 -15.164457775852824 -15.183152020670155 -15.37214767863649 -15.37214767863649 -16.491952500166207 -16.713302464688773 -16.735498432304748 -16.9105503894528 -16.9105503894528 -16.9105503894528 -16.9105503894528 -16.9105503894528 -16.9105503894528 -18.33071759121176 -18.472351168976637 -18.780715656793546 -18.71922676301264 -18.67874240792231 -18.67874240792231 -18.67874240792231 -18.67874240792231 -18.67874240792231 -18.67874240792231 -18.67874240792231 -18.67874240792231 -18.67874240792231 -19.22739370205236 -19.22739370205236 -19.22739370205236 -19.22739370205236 -19.22739370205236 -19.22739370205236 -19.22739370205236 -19.22739370205236 -19.22739370205236 -18.715882818240264 -18.77025445613288 -18.727373639248153 -18.727373639248153 -18.727373639248153 -18.727373639248153 -18.727373639248153 -18.727373639248153 -18.727373639248153 -18.727373639248153
51
 -2.126024733869559 -7.984297811914293 -9.216249205014016 -13.64906345926025 -13.822254811869886 -14.899816658225978 -16.094671133316993 -15.903248846502061 -15.903248846502061 -15.903248846502061 -16.961548864554857 -16.931122068145783 -16.931122068145783 -16.931122068145783 -16.931122068145783 -16.931122068145783 -16.931122068145783 -16.931122068145783 -17.800780821111587 -17.964414430211068 -17.952815722811728 -17.952815722811728 -17.952815722811728 -17.952815722811728 -17.952815722811728 -17.952815722811728 -17.952815722811728 -17.952815722811728 -17.952815722811728 -18.81257453396387 -18.867302417056564 -18.713465246728493 -18.920643491646963 -18.833373254010453 -18.833373254010453 -18.833373254010453 -18.833373254010453 -18.833373254010453 -18.833373254010453 -18.833373254010453 -18.833373254010453 -18.833373254010453 -18.707407202786463 -18.705816698297838 -18.705816698297838 -18.705816698297838 -18.705816698297838 -18.705816698297838 -18.705816698297838 -18.705816698297838 -18.705816698297838
51
 -2.126024733869559 -7.75017575611849 -9.47048159526779 -12.149041926204125 -12.46550214368808 -13.439197543605793 -13.979609440169103 -14.315504848077055 -14.315504848077055 -14.315504848077055 -15.43954388338054 -15.888939260327376 -15.804660481135233 -15.804660481135233 -15.804660481135233 -15.804660481135233 -15.804660481135233 -15.804660481135233 -16.76231324488176 -16.748255461276244 -16.748255461276244 -16.748255461276244 -16.748255461276244 -16.748255461276244 -16.748255461276244 -16.748255461276244 -16.748255461276244 -16.748255461276244 -17.256738521223404 -17.256738521223404 -17.256738521223404 -17.256738521223404 -17.256738521223404 -17.256738521223404 -17.256738521223404 -17.256738521223404 -17.256738521223404 -17.03423852275021 -17.03423852275021 -17.03423852275021 -17.03423852275021 -17.03423852275021 -17.03423852275021 -17.03423852275021 -17.03423852275021 -17.03423852275021 -17.38635308817316 -17.74882715977703 -18.009899341569973 -18.009899341569973 -18.009899341569973
51
 -2.126024733869559 -7.260423226433742 -10.044490011082425 -12.674205877260924 -13.586778847242307 -13.510335047916806 -13.648827346067426 -15.32632544597234 -15.32632544597234 -15.32632544597234 -16.90485168741427 -16.93048939588252 -16.971032503294897 -17.171554927966323 -17.08869608065488 -17.08869608065488 -17.08869608065488 -17.08869608065488 -17.08869608065488 -17.08869608065488 -18.267588506608746 -18.251128822972685 -18.207841345267457 -18.305029519528652 -18.07947748659875 -18.07947748659875 -18.07947748659875 -18.07947748659875 -18.07947748659875 -18.07947748659875 -18.07947748659875 -18.07947748659875 -18.07947748659875 -18.827504303111688 -18.793803055899602 -18.819626001894644 -18.763220403130468 -18.734473361279417 -18.734473361279417 -18.734473361279417 -18.734473361279417 -18.734473361279417 -18.734473361279417 -18.734473361279417 -18.734473361279417 -18.734473361279417 -19.260581279817387 -19.152650375613607 -19.152650375613607 -19.152650375613607 -19.152650375613607
51
 -2.126024733869559 -9.797688806686322 -12.255180020200957 -12.73644645164452 -13.705736257668226 -13.924809466230094 -13.924809466230094 -14.65378130170906 -15.291456253408677 -15.899977796836893 -16.198490435253657 -16.198490435253657 -16.198490435253657 -16.198490435253657 -16.198490435253657 -16.198490435253657 -16.198490435253657 -16.490183903197885 -16.490183903197885 -16.490183903197885 -16.490183903197885 -16.490183903197885 -16.490183903197885 -16.490183903197885 -16.490183903197885 -16.490183903197885 -16.818942580147848 -17.147073140665185 -17.477259929634933 -17.48295075653425 -17.48295075653425 -17.48295075653425 -17.48295075653425 -17.48295075653425 -17.48295075653425 -17.48295075653425 -17.48295075653425 -17.48295075653425 -18.351339914088285 -18.351339914088285 -18.351339914088285 -18.351339914088285 -18.351339914088285 -18.351339914088285 -18.351339914088285 -18.351339914088285 -18.351339914088285 -18.5923877370038 -19.083301653157047 -19.33090720524972 -19.390976444798632
51
 -2.126024733869559 -9.847766184216166 -10.63563346446568 -12.43931884929059 -12.256562613336962 -14.593395994482318 -15.121835295116458 -15.546688723063978 -15.557366465109553 -15.557366465109553 -16.063296192273867 -16.540722183763666 -16.467549258128965 -16.467549258128965 -16.467549258128965 -16.467549258128965 -16.467549258128965 -16.467549258128965 -16.467549258128965 -17.528098185604968 -17.528098185604968 -17.528098185604968 -17.528098185604968 -17.528098185604968 -17.528098185604968 -17.528098185604968 -17.528098185604968 -17.528098185604968 -18.24084661658246 -18.772690473921315 -18.772690473921315 -18.772690473921315 -18.772690473921315 -18.772690473921315 -18.772690473921315 -18.772690473921315 -18.772690473921315 -18.772690473921315 -18.51326962294861 -18.396592230019106 -18.477342323448443 -18.477342323448443 -18.477342323448443 -18.477342323448443 -18.477342323448443 -18.477342323448443 -18.477342323448443 -18.477342323448443 -18.477342323448443 -18.45349717203682 -18.56515502734783
51
 -2.126024733869559 -8.99679628277589 -9.073879191125126 -13.201932662760692 -13.141823733871556 -15.224499654686674 -15.665947762865805 -15.629611626626964 -15.817095509285572 -15.817095509285572 -15.817095509285572 -16.668380522264545 -16.57960448608724 -16.32030906338859 -16.32030906338859 -16.32030906338859 -16.32030906338859 -16.32030906338859 -16.32030906338859 -16.32030906338859 -17.842863626392877 -17.870135191360426 -17.868212060806993 -17.85215745329792 -17.852469170643435 -17.852469170643435 -17.852469170643435 -17.852469170643435 -17.852469170643435 -17.852469170643435 -17.852469170643435 -17.852469170643435 -17.852469170643435 -20.399380470370367 -20.259981773220755 -20.259981773220755 -20.259981773220755 -20.259981773220755 -20.259981773220755 -20.259981773220755 -20.259981773220755 -20.259981773220755 -20.259981773220755 -19.42409305051745 -19.442363705534312 -19.664507412630243 -19.664507412630243 -19.664507412630243 -19.664507412630243 -19.664507412630243 -19.664507412630243
51
 -2.126024733869559 -8.85060386100586 -8.717804720647772 -8.454849395615614 -12.65293134077094 -12.35992640154568 -13.71096434737975 -14.168314841586554 -14.168314841586554 -14.168314841586554 -15.456843573382477 -15.693759168455397 -15.693759168455397 -15.693759168455397 -15.693759168455397 -15.693759168455397 -15.693759168455397 -15.693759168455397 -16.51618752817372 -17.02722590593193 -17.533922091798143 -17.533922091798143 -17.533922091798143 -17.533922091798143 -17.533922091798143 -17.533922091798143 -17.533922091798143 -17.533922091798143 -17.533922091798143 -17.65518632159756 -17.830199452986516 -17.969925947582915 -18.2553826643869 -18.163329108457162 -18.163329108457162 -18.163329108457162 -18.163329108457162 -18.163329108457162 -18.163329108457162 -18.163329108457162 -18.163329108457162 -18.163329108457162 -18.95013019466443 -19.131132988900546 -19.211386760557563 -19.33019824276647 -19.33019824276647 -19.33019824276647 -19.33019824276647 -19.33019824276647 -19.33019824276647
51
 -2.126024733869559 -8.510171347413719 -8.525289650916353 -11.967211671816358 -12.283353522801658 -13.620942389663517 -13.739972699657564 -13.739972699657564 -15.058870880332762 -15.699639885620424 -16.09864043825465 -16.144676298833947 -16.144676298833947 -16.144676298833947 -16.144676298833947 -16.144676298833947 -16.144676298833947 -16.144676298833947 -17.33840567985021 -17.48735005273347 -17.432036007229712 -17.432036007229712 -17.432036007229712 -17.432036007229712 -17.432036007229712 -17.432036007229712 -17.432036007229712 -17.432036007229712 -17.432036007229712 -19.788609879169517 -19.728340966514903 -19.920387736168745 -19.927463552183458 -19.927463552183458 -19.927463552183458 -19.927463552183458 -19.927463552183458 -19.927463552183458 -19.927463552183458 -19.927463552183458 -19.927463552183458 -19.40273233363591 -19.232163908648104 -19.122266003766935 -18.98263918549873 -19.082206635616025 -19.082206635616025 -19.082206635616025 -19.082206635616025 -19.082206635616025 -19.082206635616025
51
 -2.126024733869559 -6.705958485906558 -9.428442069756917 -11.079789904630129 -13.831276221691068 -13.860557794406718 -13.532126075968378 -13.253648233306505 -15.22403318671693 -15.470807202339229 -15.470807202339229 -17.41503853808914 -16.608803113742372 -16.941806432149814 -17.04688504004391 -17.04688504004391 -17.04688504004391 -17.04688504004391 -17.04688504004391 -17.04688504004391 -18.09083794329163 -18.98778911702209 -19.070841974293376 -19.04180780550674 -19.04180780550674 -19.04180780550674 -19.04180780550674 -19.04180780550674 -19.04180780550674 -19.04180780550674 -19.04180780550674 -19.04180780550674 -19.25596789839762 -19.15445793697166 -19.15445793697166 -19.15445793697166 -19.15445793697166 -19.15445793697166 -19.15445793697166 -19.15445793697166 -19.15445793697166 -19.15445793697166 -18.47684114562596 -18.405023955836672 -18.532881547318418 -18.532881547318418 -18.532881547318418 -18.532881547318418 -18.532881547318418 -18.532881547318418 -18.532881547318418
SGD:0.05
10
51
 -2.126024733869559 -5.5982500633502195 -5.257203446743228 -4.84400476023279 -3.6570304921727996 -4.3872648804681695 -4.684224116441746 -3.1418789101486864 -5.557724495570697 -5.340871542063339 -4.906887310448546 -4.275642677220902 -4.745282321019562 -3.623667830628076 -4.520344595712029 -3.9829778546600125 -4.8902371148486585 -5.082092515694266 -4.3634272929109725 -4.210390855124513 -4.031506430572296 -5.221452943491481 -3.624401277443827 -3.605383192523885 -6.120527744798457 -4.32446438750957 -5.842626709553126 -4.536314156500406 -4.618981123865181 -6.076287358876402 -4.007748337444294 -4.766100585754735 -5.09007786042315 -6.049172506698713 -4.802127382103136 -3.9502654826867696 -5.8502328024277075 -5.895370676207337 -4.450884640690935 -4.708776359551762 -3.8181057026810783 -6.759359645431756 -5.45361658960614 -2.397718271944358 -6.2335209712767154 -5.531580933613753 -4.226160454699219 -5.662795856248148 -5.028034864030266 -5.520841319871992 -3.564300240895817
51
 -2.126024733869559 -6.869275362385299 -5.753602636822997 -3.757774637825597 -4.9666978527410155 -3.707531650171255 -4.996358243235039 -4.449274481741533 -5.223531355135353 -6.6825721168556145 -5.065482582501257 -6.4586860987262895 -4.359570957768964 -4.994023438970767 -6.460672006567247 -5.175490863585522 -4.909382955197252 -4.21331371857394 -4.2741191222688 -6.279503820338514 -5.162311574191099 -4.621989230268184 -4.292274054537035 -3.5517978112924693 -5.453523544930599 -3.7549317565334275 -5.6231927062853835 -5.083740483932162 -4.5646845451877525 -6.68024363987371 -5.818602399752813 -4.3256053612042304 -4.090028927349149 -6.047942164527704 -2.8784392295321095 -4.992219902277529 -4.86915351754994 -5.219994569003312 -4.163104619696051 -4.871067915475479 -6.086340542588102 -5.130209115353416 -2.4239911202826945 -6.919945057576795 -4.6550429315778326 -4.409817478836832 -5.742305211106365 -4.425991355693005 -5.0416993388319415 -3.403622092122689 -5.984825039757706
51
 -2.126024733869559 -4.680690280765307 -4.052612950006129 -3.8055286460341486 -4.810646480475783 -4.8301484271916495 -5.715771094552728 -6.295587657144584 -4.2151050941164305 -5.200247504010969 -5.989302649530697 -6.3240536449084725 -5.441591877039968 -4.729925268193432 -3.9561246027898473 -7.003070243478049 -5.744890121613786 -6.120154125105908 -3.8746657269609788 -5.32260750928779 -5.851868058403642 -5.608645109101423 -5.4886389820941 -3.087757773575106 -4.298660291822034 -5.8084365443557795 -3.88072500918177 -3.985501423716682 -4.76428358790955 -3.7864568146736497 -5.8667635079477956 -3.411285466549496 -4.505397525969917 -3.3365354829129177 -3.8683200560045417 -5.732409909385302 -3.6923792504555792 -4.559930279758947 -4.468881413853918 -4.708702336786233 -6.055634046172805 -6.032050346178923 -5.331069886716939 -3.4688026283476927 -4.877094199828558 -3.4615446613824394 -4.948784529293728 -5.160770135687094 -6.023248590275827 -6.071073267318844 -4.684673710557123
51
 -2.126024733869559 -7.741924520857067 -6.941121260270978 -3.860391719659064 -5.677856319513899 -3.2880901994063767 -6.38761719874305 -4.717977173390012 -3.6367452714804616 -4.300623376657514 -5.640522945130065 -5.027935582126496 -5.787263040375312 -5.573618740442666 -5.752165871891097 -5.442610133890139 -2.5120628326541024 -5.0220026814264145 -6.284709960357362 -5.433316251386386 -4.039233046511824 -6.9225008420257685 -5.378384573065538 -6.461698112498763 -3.6357571247895284 -2.634027764702453 -5.5211808398528195 -5.595806467219836 -5.544660536746583 -4.611961471315456 -5.441288268938601 -4.907851460335748 -5.293722964583312 -4.597789979737104 -4.427010942342774 -4.761047426543418 -4.470675561466733 -4.4555921547605255 -4.047351753238922 -5.758207394758955 -4.473245253927152 -5.747449306612398 -6.757579708811336 -4.554045028784191 -4.351772422567561 -5.993334760127108 -5.6115730332428475 -5.562849010930092 -3.7652230506686726 -5.278175545073084 -3.610001320548616
51
 -2.126024733869559 -3.2209276271314686 -5.034494658549355 -5.7370954477958716 -5.744110411385808 -5.192558257940753 -5.18495266427314 -5.19992068154605 -6.303080173716182 -5.916390637584295 -5.705299682504557 -5.019787995307149 -4.744793084699303 -4.930029176795866 -4.54395728628324 -4.451763124170814 -4.04467568263354 -3.831824425094502 -3.974786508833689 -5.228826243466781 -4.784730654708983 -4.990886871109399 -3.5118391736522785 -6.09401972105761 -5.187421301073267 -4.2221126604563235 -4.06117736232431 -5.300511209224642 -4.193088226953467 -4.920726926198497 -4.510521707238181 -4.931774947304951 -4.151540668857652 -4.157671272226987 -5.249324765078881 -4.982487284248768 -4.647990620730749 -5.766961720732621 -6.005679868969298 -5.712549370529895 -5.367101471752726 -5.376477167291489 -6.445527165386124 -4.06321436199026 -5.42668831666212 -4.764420207411807 -3.487813127140287 -6.818538792770305 -4.552685607194684 -5.018669035860882 -3.930321439756141
51
 -2.126024733869559 -4.849326749932277 -5.801192540846601 -5.009514818578574 -5.069846109016499 -2.428048135076408 -5.937184855231152 -4.4294060016751535 -5.735983112375519 -2.1950281913178507 -4.540871452864417 -5.331002242533215 -3.388358719867874 -4.566541603575024 -5.897412772517728 -4.712294903010089 -4.199013025848587 -5.222941606418095 -4.378545320039476 -4.624345090390523 -6.360826594440327 -4.6014948993282685 -3.109568184333619 -6.431253895014203 -5.1528166503354775 -6.144459650827001 -3.7873501467970843 -4.521176316778357 -4.869842597420419 -2.656194493430487 -5.2908048154787695 -5.273809132706994 -5.866478219109746 -4.45986691837333 -1.9474064960316675 -3.9436533163215746 -4.247948948046369 -4.892177402661309 -4.895614953169493 -3.9656319155377577 -5.170852868824002 -5.91496922655769 -5.190945662894504 -5.926891283765012 -4.385477023412684 -5.038626774079489 -4.579319867844169 -5.305821462647093 -4.804189831668616 -4.451513058640106 -5.879548134779168
51
 -2.126024733869559 -3.1535489468678954 -4.22462682787652 -2.7190869519722 -5.387627582012465 -5.6602029282495 -3.101954501801871 -4.790586007980538 -2.632352820061692 -2.550230443251814 -3.1438395256935268 -5.869720785677681 -6.353248509396802 -5.398716549114077 -5.106911895058369 -4.553147982796957 -4.669737198626001 -3.843509381658111 -6.059747996004725 -4.767397922544743 -5.166886918211342 -7.474615046126827 -3.2449151241978917 -4.232215880478216 -6.467891792516155 -5.239329862823002 -5.1227323104281215 -4.306753895809675 -4.686753962213906 -5.593929697108327 -4.9614914550328715 -5.729663719708705 -3.6253856451432527 -3.0768053494620777 -5.009886449343106 -5.363425219031627 -3.416025136804793 -2.9197559189347984 -5.029666755110755 -5.901542983529058 -5.980138043720286 -4.664610842259474 -5.231368066643316 -6.529500321037248 -5.5976160880496035 -6.144739508660561 -5.110041192341648 -3.0641989874351654 -4.857984731068578 -5.756565078626753 -5.660735395271718
51
 -2.126024733869559 -5.952625368725653 -5.7581805451825865 -3.5356617382676974 -3.908916435090815 -5.998402856777614 -4.715399543607395 -6.1466429772094395 -4.973259765394295 -3.3925138838083764 -6.54042824913186 -5.228055862658621 -2.907311270139958 -3.529893488617635 -5.2575166993192495 -4.715534091235538 -6.4565253196589145 -5.390640646701021 -5.609577638123811 -1.7629887635014359 -4.041800426270701 -4.118510953176441 -5.472488365225091 -5.928614853146255 -5.342807693129591 -4.090364343686934 -4.885920433222675 -5.181482554176744 -4.074416941677528 -4.628711350850831 -5.6315731384612535 -4.583207875030308 -5.7953419065741025 -4.161356654918865 -5.826725249081589 -7.73813051697428 -3.42969557890669 -6.326670903307093 -2.5053213263087404 -5.3773067396225915 -5.044004560053167 -5.716290919482334 -4.557120307009818 -5.394023943863189 -5.482614011314038 -4.178372342690171 -6.396109334390617 -6.034989088083924 -3.226878053432338 -5.541505715183418 -5.834224172162846
51
 -2.126024733869559 -5.593433717807419 -6.301400701888257 -2.7464923022862746 -5.146818145506424 -5.941789586674373 -4.4569546492928245 -2.6885864246190136 -6.183084219078354 -4.202342352546662 -5.758035219838616 -5.811471637913558 -4.361383182963523 -5.705896481870363 -5.684753487381795 -4.705001027577447 -5.194608984189934 -5.814957441955629 -3.7382671550484106 -6.421237355475668 -6.151530316225206 -6.566672124618102 -4.099572736118588 -5.023697196724457 -8.204607702330508 -6.906626013373073 -6.386194305038624 -3.1680575395306594 -3.4598871094792214 -4.3722479787144275 -6.870939118906918 -2.434084399545002 -4.68508721230019 -4.476622262497217 -4.735759849885547 -6.78757678079917 -6.373269189831796 -4.006844886798794 -3.798513940982812 -6.30520216470829 -4.507670423290448 -4.022079886454057 -4.671283084732536 -2.6723654154987475 -4.549097212018777 -6.871656345387616 -4.010355260839011 -6.561451425260613 -5.5269431422518 -4.260561910691342 -6.2276803000538585
51
 -2.126024733869559 -3.7143554278206046 -5.289800464907339 -3.8450731188403338 -6.152331870307237 -6.339144073718873 -4.728471301469469 -5.10822514279737 -5.367650368750281 -5.740505378679883 -4.940875912253822 -4.955396328631619 -6.247855190236222 -5.097804159789208 -4.870811522325282 -4.361793500935898 -3.4668337957159285 -2.4402174393863896 -6.348111582717021 -5.6291098704647515 -4.543604755522592 -6.496736235509087 -5.673997615937573 -5.40709173642012 -5.414524078523074 -6.2006698893535 -5.111245146893933 -4.230165651540893 -6.104973487411436 -5.050231034290005 -3.136731864414218 -4.917058482332862 -6.421522552417287 -7.065052547186819 -2.7572702283136 -5.239812929897797 -3.295061820665471 -5.0912000088005165 -5.231062024011905 -4.95027680623409 -5.156796108944633 -4.972918571895742 -5.471964078757015 -4.855971360080663 -4.590588654695164 -3.659711456740302 -6.079722801283986 -5.689301977627799 -5.390246534046501 -4.482042337152519 -5.040577820095139
SGD:0.005
10
51
 -2.126024733869559 -8.44676340572042 -9.789623066310961 -7.319465877654429 -8.622962396904024 -8.724750749280245 -7.530189540544449 -8.362123105542416 -7.812236691248574 -9.463156629976275 -9.739041645008204 -7.622215796477311 -7.666391933775503 -7.686405849773452 -7.541864718434181 -8.77496244930505 -6.804975567649411 -8.774072446210166 -8.211409537775733 -8.055645413124996 -8.438795598974608 -8.15827252021397 -10.408938993854997 -8.884571724106388 -8.540177523111039 -9.144399210537413 -8.022619599141883 -7.8207195795645825 -8.116591592580777 -8.588520392845755 -8.956817866044853 -7.9807697079458615 -8.077416186461809 -8.552625236876557 -8.163849778308371 -9.983348711906052 -8.581256964150041 -9.485184985612344 -8.23979536134503 -9.072612447254798 -9.261304543312006 -9.516663095234884 -8.487100843273755 -8.650953371926207 -8.885474172184361 -9.078983024400456 -8.159457141728934 -10.573615436886321 -7.975527262095699 -7.422997287422646 -8.406041715018992
51
 -2.126024733869559 -9.283305139422533 -7.562443277460912 -9.944448551751764 -9.260383049614676 -9.537814391165517 -7.422316918692752 -8.930520428805636 -9.610662283665613 -8.65263213527428 -9.279447797269121 -9.258449454415452 -8.178065731035488 -6.608214553247636 -10.398202707137838 -8.239152115712 -7.4149845263601675 -6.51209436278146 -10.684690467239115 -5.650349140842208 -7.131000351465177 -9.05938286845062 -6.870965446690628 -7.088066253305844 -8.541857252272424 -8.45376633828826 -8.40216771626406 -7.001329416245798 -8.123730219799626 -6.505386276196583 -10.881826001985436 -9.758716522269154 -9.076304248091486 -7.295882485802702 -8.616312361392424 -8.688235030541518 -7.0294154690915915 -6.554247716169316 -9.25705063467256 -9.606196468997314 -9.317094387434098 -7.895487289713052 -9.772585456552255 -8.150217503234328 -7.422839334479943 -8.124180515314976 -8.13682986101563 -9.179434639767116 -7.278172326146926 -7.076820663946566 -5.839455706119053
51
 -2.126024733869559 -7.575111904281775 -8.285186698920487 -7.363296211242407 -9.086701875041102 -6.250754493970172 -8.665704925434143 -9.606686013285357 -7.6220954581561156 -8.781350909799057 -9.556933770116787 -8.711282996437804 -7.950323471520789 -8.612183165799612 -9.417635915170976 -8.1341341831153 -7.241997516787996 -7.5481436537955275 -11.214413288118768 -7.386581516331429 -5.773963085543763 -7.558210432846635 -10.036254625609295 -8.30687423265136 -8.17290349133509 -8.582459585528106 -9.66323051601898 -7.8544155658637385 -7.398844881553431 -5.811255824485442 -9.556388061128077 -10.77083695682734 -7.459965197072094 -8.640140801425597 -8.02934804969205 -9.106256072026369 -8.65026967828794 -8.202760454926102 -8.069231367100977 -7.660170424266098 -10.344693412578355 -9.227404203248838 -9.80648739598727 -8.770482357357512 -9.492606432724596 -8.495600525370348 -9.207001723627643 -6.937489726307684 -7.598299509846908 -7.270989762940963 -8.052743846978888
51
 -2.126024733869559 -9.574633460705638 -6.994812796929844 -9.127622008241554 -8.847237335680184 -8.085902715278142 -8.569703827058891 -9.158094605372932 -8.503789612573508 -8.843462460039984 -8.226360451191782 -8.928391819186771 -8.828116509150208 -7.0923657686691435 -9.345628402499338 -9.857417678106765 -8.039653501575433 -8.798058979008005 -9.222373648413534 -8.53177403038712 -8.147319981788748 -8.169619460152202 -9.125870952865695 -8.868509067308544 -9.673015102838841 -7.0258134122069 -9.294748568755262 -9.059283266165375 -9.338021764440038 -7.982471682927507 -10.178626118725703 -8.099373965900933 -6.08153349288492 -7.401942490749696 -7.562365185562754 -7.118805475722717 -8.969681350215069 -8.681886412434588 -8.60049948470216 -9.687348353752121 -6.565538046422949 -8.745620222912141 -10.282643745364114 -5.947841814393756 -11.040851083425709 -7.6743354574373095 -8.087240503858009 -8.187783701769773 -9.568285373121691 -7.190457561497502 -6.00525845099653
51
 -2.126024733869559 -10.825340972484089 -8.3773134251009 -11.169274192339001 -9.785130575019416 -8.417168796577663 -8.016755875118195 -9.272617321346642 -5.803661222439693 -7.961227986909595 -9.416280697501762 -7.26758023176912 -8.847472015766888 -6.028669052123154 -8.108636259395261 -6.896029550784316 -8.038390689233944 -8.285414593512279 -7.730439701012336 -8.282423546720699 -7.596221254342621 -7.965426087406806 -9.782069610292142 -8.5026407512983 -9.294834739089007 -8.0687377717691 -8.96946032697472 -9.383227706521968 -9.009748651773041 -11.15881038709231 -9.791331078207662 -6.72771690396947 -7.8819820861491845 -9.105073743714957 -7.776077025413433 -10.63751045146822 -7.455245426647739 -8.840681567531227 -8.33945777176821 -10.632560120503419 -9.843456969176655 -8.575989601833191 -8.29509169663604 -9.55621325811229 -9.093876833059534 -10.049601677323388 -7.31943047739084 -8.175266742517147 -6.894578114223393 -6.327928623931318 -7.769473735675248
51
 -2.126024733869559 -7.283412611901821 -9.456929737934704 -9.813376629944946 -8.998756638764261 -9.136360768071032 -7.180950387883737 -9.952456609280807 -9.64979855641793 -8.002465988134553 -8.71181578642894 -8.550468539500521 -7.645487457299385 -6.943446855034419 -9.519981404507336 -7.57617443675296 -8.982266017623155 -8.507153842492897 -8.243711190610114 -9.242996616040145 -7.940692529487453 -10.152348439099162 -8.219633094796109 -9.587517175304836 -9.12315530486796 -8.173248623497326 -7.055319345921984 -7.747711200522709 -8.343092206663846 -9.171347573635254 -10.189371030386845 -8.786356687955136 -9.113679730926496 -9.48731663371249 -8.449379368914228 -5.699427292328537 -8.418947281923167 -9.569509364811898 -7.873234278243938 -8.546418665686431 -9.67816862595955 -8.69145943701435 -9.147240524896695 -8.304523636070662 -8.958694598126485 -9.649903798315774 -9.273628621515781 -8.693035892263737 -8.562520319386968 -8.297353922238026 -8.565439633836853
51
 -2.126024733869559 -7.254445241400606 -8.216099922124823 -8.744348524155022 -7.581766367487523 -8.214686320590046 -6.950594039443234 -8.89419369220305 -11.434212497720234 -8.670360700544453 -8.339552980879525 -8.106049880362752 -8.369632127000402 -7.560884035430547 -9.56175920894053 -10.356432416323795 -8.385302278622612 -9.181306069445105 -9.730188524180956 -9.079996440314671 -6.923717705858814 -9.238090333656814 -6.681364417120683 -8.825328874859586 -6.9964013983550695 -10.173661229803933 -8.12413550412031 -8.841660774921554 -7.268522973383368 -10.160022686864258 -9.71976586172074 -9.942700531947366 -7.074866251485699 -6.839085243749523 -9.170777035144509 -8.724732141220574 -6.8060313342987175 -10.27742238361238 -10.201533100867172 -7.672607982796266 -7.989070025564143 -8.03394240258509 -7.602423214141439 -8.690362130962969 -9.281278073794166 -9.253916857603196 -9.009346421686972 -8.063518065664269 -6.177331473885308 -9.852797073127379 -9.60437490938618
51
 -2.126024733869559 -7.227206009886495 -9.264674627106507 -9.09438526025979 -9.329019868565783 -7.116778280305894 -6.993350250302324 -9.150127457190766 -10.152121270697414 -7.990201953844206 -7.653912844944983 -9.199139151617857 -9.46672302456029 -9.446828415398029 -7.606333079034447 -5.774834454624262 -7.363490357438194 -7.741823823129167 -8.140698757255366 -8.581691791688352 -9.162806724733441 -9.274749826879129 -8.255018307255414 -8.601430120611942 -8.23017986050344 -8.41900535032988 -6.973530721555857 -6.719078059311199 -8.642243810901727 -9.700842525191705 -7.80948839167901 -8.924847358284929 -8.617796595375243 -7.7583757220502365 -7.394642165301587 -9.072988385535316 -6.9597364514133995 -7.833182275728069 -8.34297226459433 -7.281393575761008 -7.534432792431533 -9.636635371665692 -9.102536440241852 -8.257352599630938 -9.463683998488511 -8.435504967215358 -8.011867169902361 -7.742510725577392 -8.814139357123565 -10.428202877337007 -7.684488295520542
51
 -2.126024733869559 -9.393401048420197 -7.339249371282952 -8.670896502349668 -8.8299951076209 -11.029707699732775 -7.7307611884209395 -7.559144764862181 -8.65752932718497 -9.047822017974852 -8.160822839540618 -6.004974186884307 -8.502676792340925 -8.255517782811417 -9.352608784821353 -7.31442375174408 -8.490498034219733 -7.435043694772615 -8.55203192241774 -8.68297807713386 -9.179616806037963 -9.423308310067458 -9.13012531284247 -8.932563934469151 -8.552845305676795 -7.6698552980613695 -9.376864407811757 -8.277932879172596 -5.6566926908744835 -6.884268629473192 -7.385991251921109 -8.300129039902469 -8.441395952963687 -8.242155707350905 -9.409745877666895 -7.986760511672122 -9.400826455417944 -9.619273023620968 -7.946562217903268 -8.282390587921482 -10.036741481464619 -8.508744123545462 -8.315597702244627 -8.884460610820375 -9.174222709083756 -7.438273586000924 -8.326971059318966 -8.0475681406255 -6.7051814037426265 -9.935287304964488 -8.130910567034226
51
 -2.126024733869559 -8.229448263671935 -6.633714443264587 -9.269682735339149 -6.989242071780466 -9.358708087406544 -6.719077127197588 -8.621594303521718 -9.090226269814893 -8.187633942604858 -6.086100720593608 -9.295280017123513 -9.212322063062368 -10.407564340091033 -7.226664249195103 -9.765523606418363 -7.41554466104784 -9.310682042358824 -6.921346804788733 -8.596763133309087 -8.73643750832252 -9.033060350663991 -8.97008917080767 -6.911738606314395 -8.850475793567462 -8.358722487409903 -8.186953439313237 -10.317120841975104 -6.920225524531596 -9.392645312771856 -6.7029269433959 -9.215675605201792 -7.359002953118753 -7.785932124041315 -8.153266232243396 -9.61220379539002 -9.14828931759916 -9.45020208153385 -8.766041178188072 -7.54128207226258 -7.875272730192879 -9.336751401090906 -8.11427313841585 -6.687292134552557 -8.287360505998274 -8.79121006272641 -7.079540244022551 -7.299887240842574 -9.427448814530457 -8.986500695798355 -9.443426041666608
StreamingSVRG
10
51
 -2.126024733869559 -9.074330432188873 -7.831782433234788 -8.979608065092386 -9.769830260200813 -8.331986161347537 -9.771858501033778 -8.962961110671817 -9.991082706580691 -9.23243266355032 -10.56948421607438 -8.637529465754215 -9.834100386607004 -9.003413411449136 -10.316245277348001 -9.5171433547549 -9.34730921140416 -8.69463789819746 -9.070896681448373 -7.495068941916265 -6.02645009736386 -8.72202052145896 -10.313863157024247 -8.610165796025527 -9.278681340003615 -8.923975910522852 -8.032591176558473 -10.225494595075558 -8.548688778734048 -7.160402784583385 -8.738575529321176 -10.05670217102896 -8.210184048247246 -9.57375243215273 -8.961079427594749 -8.49383971068977 -9.7727185876788 -9.805530648204352 -11.061875187107153 -11.061875187107153 -11.061875187107153 -9.491735557770562 -8.237912376957134 -10.75335790793346 -8.105217983641829 -10.621971984279567 -10.837728994491911 -8.042990295322822 -8.55068855899718 -9.092058571870293 -9.080706722601187
51
 -2.126024733869559 -7.831026267653828 -7.908756111537158 -8.660840707839393 -6.860226527520632 -10.609378585095559 -9.210621818679485 -8.153049826217858 -7.910828073738509 -8.97155525392778 -9.871252550373455 -8.382729026447265 -8.201918642753588 -10.083967456094529 -9.098081532875423 -10.043056147752688 -8.559150834217286 -7.656428177883175 -8.47355855144435 -9.034028881689572 -11.44861874539107 -7.047421176658856 -10.234508166701243 -10.234508166701243 -10.234508166701243 -9.675898199364354 -8.10698186749537 -8.317511058454249 -9.564021628690496 -9.629749678321184 -7.157589306766667 -9.20351384109549 -9.985344952106658 -9.349927624096305 -8.249869091047755 -10.415229256339645 -9.374885450988193 -8.095083873941142 -9.953974646684198 -10.55058003099805 -8.658017653889285 -9.726319563460166 -10.167843364365476 -7.0923182005309835 -7.0923182005309835 -7.0923182005309835 -7.0923182005309835 -7.0923182005309835 -7.0923182005309835 -7.0923182005309835 -9.710115152498373
51
 -2.126024733869559 -9.199443021597485 -10.10842005787643 -10.133610094974527 -6.250885699395091 -8.474159672528476 -9.383726975058023 -7.819966907718296 -7.183803755392632 -9.809425923540024 -9.417194748915348 -9.114963460218055 -7.958491700294442 -9.187145831759132 -7.659690555134166 -7.953506635477064 -9.433242782240015 -8.256900729982792 -8.72221718328483 -9.358083537200546 -10.361925510420582 -10.75509417363686 -7.008006301810847 -9.103127947178319 -11.443998362224544 -8.454923102769577 -8.541814383581094 -6.710521217148287 -8.576760232491795 -12.67523125001484 -8.126350296063391 -9.875428324899852 -9.823232081911405 -9.491713403739322 -9.591044257670532 -9.922285877041945 -8.592225753902511 -7.765822802443382 -9.914724672133888 -8.75444688112023 -10.211320815923466 -9.191418631849755 -7.7374119679449915 -9.975970118654919 -7.395039925903304 -9.382924992644343 -10.908863569297493 -8.874745735634585 -7.596910820152087 -8.48709138301175 -8.910141514816234
51
 -2.126024733869559 -8.946204519943239 -7.466897554811713 -8.154067416147917 -9.731726887504466 -8.424079366760132 -8.972751394547334 -8.921433480603845 -8.812044636590644 -7.537203436626858 -8.229444058826699 -9.27406605590129 -10.475680596237138 -9.665558329347004 -10.536301754899878 -8.840318718054705 -9.743836378222484 -7.056881917705412 -10.170063595092106 -8.620065664697728 -10.203139935538237 -9.1280006949536 -8.409061873686861 -9.089572118610626 -9.686124950308947 -10.349893974547618 -8.011113191751232 -9.461750382803364 -8.348730572188003 -8.336898341574289 -9.57500207582548 -9.57500207582548 -10.209043133991065 -9.667002587380265 -9.261608954734253 -8.21054268942264 -8.919410190760143 -10.407548601231353 -8.227672041386331 -8.762439046203244 -8.762439046203244 -8.762439046203244 -8.762439046203244 -8.762439046203244 -8.762439046203244 -8.762439046203244 -10.036647800578434 -12.121673971743178 -9.939136850706735 -10.916472348524676 -10.235609458282568
51
 -2.126024733869559 -9.12885766911871 -10.261672776362612 -8.630546053240069 -8.42777359316785 -9.00817099544447 -7.562843612188652 -8.739709059662955 -8.221189772204106 -8.970245600803887 -10.042475652735924 -9.58869765410873 -10.060389854070497 -8.361285448786266 -8.852356336184872 -7.702978901728104 -7.22485587111026 -12.059369946840134 -10.319713516006725 -8.166175953702357 -7.998313606805248 -9.91596289218624 -9.246262379295795 -8.264860777270412 -11.688022032265845 -7.687279127317646 -9.579379517863657 -9.81590497638614 -9.899703650843735 -8.547582142953772 -8.815503053401173 -9.998256575221173 -9.281675685018042 -10.527630346854183 -8.201395351971998 -8.32682352794406 -11.005354020728795 -11.005354020728795 -9.835432342849057 -9.076891256093509 -10.293119203050669 -9.411212965835942 -8.58167928867832 -9.931393256020527 -8.682031368910344 -11.014808820140297 -10.176737700530404 -10.38706286034839 -9.50796923288799 -11.04809125645502 -10.818010329007516
51
 -2.126024733869559 -9.361872237087226 -9.490206505354967 -9.55528642924417 -8.314632404698104 -8.192930907129167 -9.138088534307844 -8.46747256052178 -9.649067648953109 -6.986481930086126 -10.47591383493761 -8.619779866020918 -8.793448421833018 -8.708148602566675 -9.877735433151587 -7.420862134020843 -7.968719673262211 -8.827251067739674 -10.472848328885625 -9.680687744793149 -8.368045389468286 -7.202590196609147 -7.801986667624265 -8.521544736144135 -10.66827335776285 -8.567892660344112 -8.254654110075743 -10.345945171433813 -9.581353131832428 -9.581353131832428 -11.791910030329374 -6.865763404484022 -8.058757715236256 -11.260181865307436 -10.780852992039382 -7.476110864198675 -9.245137126791585 -9.941578332792709 -11.64072463109009 -7.293830334500782 -8.720176313841506 -6.376302686955726 -9.64995161764704 -8.085280579195258 -12.088983356717403 -12.088983356717403 -12.088983356717403 -12.088983356717403 -12.088983356717403 -12.088983356717403 -12.088983356717403
51
 -2.126024733869559 -7.827032989399288 -9.571268622496333 -9.34243797639138 -8.836599894853258 -7.626142586705943 -7.098271802569538 -9.773429694931203 -9.370711127634793 -7.611118543106119 -6.739903920545906 -9.537595145550334 -9.927988995665544 -9.073198637837928 -8.610860656355984 -11.169317379038912 -10.138902232617092 -7.371572694760801 -6.800759140265865 -8.301798567636785 -9.849088854269807 -10.2958932204005 -9.695294866057056 -7.966144072197463 -10.543180424666168 -9.027626779038282 -10.343277967673309 -10.343277967673309 -10.343277967673309 -9.747051091035036 -11.151962320858631 -8.24238368116181 -8.24238368116181 -8.24238368116181 -8.24238368116181 -8.24238368116181 -8.24238368116181 -8.87296214174205 -10.009660703862666 -10.003737508296553 -10.003737508296553 -10.003737508296553 -10.003737508296553 -10.003737508296553 -10.003737508296553 -10.003737508296553 -10.003737508296553 -10.003737508296553 -9.08019179771794 -11.65940344430278 -10.769055288325749
51
 -2.126024733869559 -8.722415401100813 -7.036705279307294 -11.327241248320162 -8.941612781292703 -8.545434683785881 -8.261565573782278 -10.239528155549607 -8.996741045694014 -9.509974221233707 -9.048842610889103 -10.024435227712784 -8.038751282922927 -10.187042641255312 -8.344045871042026 -9.53737622800632 -10.0229440939041 -9.241215553749033 -9.824959464242127 -10.435187848210196 -10.564317369674672 -10.477384960220423 -8.87143007506318 -7.2492832225873 -9.223497128705787 -9.064167865337687 -7.01844532084839 -7.72335668677446 -9.02399468432799 -10.895264721598783 -9.86850667946892 -8.594558816845579 -9.965712160516846 -10.003937992769716 -7.3602132360174455 -7.3602132360174455 -9.766172564735747 -8.268381551337756 -10.723003936833631 -10.822853952318795 -12.07399960813776 -9.112546773236442 -10.01534126014558 -8.680148584529599 -9.198803746704264 -7.746056245018793 -8.438982906575914 -7.912225881908415 -10.123254856870187 -9.19280292952086 -10.059176565167938
51
 -2.126024733869559 -6.965163983333726 -8.699521764554069 -8.518234040870022 -9.027747052995574 -8.620655082547861 -8.953377443173693 -10.353031464878795 -8.300371306657476 -9.721676045320335 -9.059387529501524 -9.78541095325808 -6.743183274756255 -11.00485879383156 -9.638577966331729 -10.17027698234871 -9.753718729857466 -10.953090506177073 -9.378639728987103 -9.043683374033101 -10.861583288315046 -11.194792532392425 -9.455987573605993 -8.685018118342814 -10.657634159487406 -7.006013497365658 -8.067928436065191 -8.153035342258908 -8.25962592854372 -10.268186177795855 -10.268186177795855 -7.859144330409618 -9.537663695302296 -9.97006519845885 -9.570969476589696 -9.094777636355726 -8.811533042678628 -9.521622283881875 -9.671376987252643 -10.542662733487015 -9.616858796956528 -11.335111329783679 -8.406556886813739 -9.42248086535265 -7.808280036650224 -10.092024296387173 -10.221190006838645 -8.411401819150754 -7.510997412889331 -11.188987398175389 -9.38014386166707
51
 -2.126024733869559 -7.186408027249709 -10.15999157539138 -8.051266763585232 -8.172666731229524 -10.019975522237534 -7.9080875209310975 -8.999345474777082 -10.011245621128914 -9.026702506619067 -9.744826042094774 -7.5588227797193275 -8.54592242004734 -9.072056720878384 -10.182642132274516 -8.123826803317515 -8.745705121745692 -8.45843951270185 -9.167241955155468 -8.350071904229864 -8.826719292720764 -8.503758138130868 -9.029485979476894 -9.640309697813317 -8.942295785856771 -9.91694754735915 -8.42205332080546 -9.120026872637906 -8.832674398687354 -8.6790419715419 -10.053508841475605 -8.67269980775824 -6.920003773730877 -8.816498620787966 -9.247960300188161 -8.949644506606425 -9.380753120836035 -8.727437511687759 -6.073018607856 -9.896148834757632 -9.537301857821687 -9.260746854043377 -10.251795883375015 -10.648802892731707 -7.7213234682503 -10.329860955397834 -9.844842593069474 -7.912004622681599 -8.75172906494835 -9.64952087773339 -9.64952087773339
ADAPTIID
10
51
 -2.126024733869559 -6.950093450507187 -6.640414340440352 -8.761713839208705 -8.87765986390115 -9.790583781710247 -10.105223724793742 -10.298848360532709 -9.79236901233896 -9.54868086962409 -11.841751152547245 -11.956282102342293 -12.024761067350578 -11.56720695138416 -11.59417623240483 -10.610337912410552 -9.535477321588779 -11.269906957876781 -13.018519341686385 -9.739094849848403 -12.028929092501366 -10.02807598397546 -13.6621505468493 -10.53530353192122 -13.943765555126312 -12.26313760294533 -12.85140554911299 -13.224392914971594 -14.25879133621026 -13.356399215269455 -12.76761521095402 -14.563580661017332 -12.126952528049342 -15.721743525828323 -12.878206081767086 -14.611366727615739 -13.749282157760826 -13.925909307167819 -14.569073583213058 -14.103701153271201 -14.798009824552322 -17.11740334267933 -16.098883008549404 -14.54482136228112 -16.407568723692094 -14.779215421011845 -16.244503411838956 -14.835862128234147 -16.829546129264692 -15.050840901942845 -17.046948168745974
51
 -2.126024733869559 -5.32732264508615 -8.856326577699132 -9.503901095297252 -7.866314779392172 -9.396519500666123 -8.353498286241225 -10.560340899652791 -10.24425107223423 -9.667887299602627 -12.932161459298023 -11.45577538058227 -11.392428502791612 -12.116464686142765 -11.899095123495028 -11.964511468804723 -10.481516611372342 -12.046920617183426 -11.26401407178526 -12.595184880906656 -12.031940186419837 -13.361087582403442 -10.28985911873573 -12.179798853536193 -15.301693380854628 -13.481545746842388 -12.972560379312334 -14.361463188486887 -13.429686554845103 -13.314898517122495 -13.639981011159461 -16.134588216041 -15.296806875548913 -14.152482843124508 -15.762692812892734 -15.311554975628198 -15.384368188632031 -15.173637649841613 -16.44081375101433 -13.94467829492553 -14.392159563484844 -15.819985640052968 -14.71721658864367 -14.642531468347793 -17.102776019816613 -17.053333773047438 -16.53766902944347 -17.39627911302567 -16.488060288670912 -17.155398817806176 -17.158220577789344
51
 -2.126024733869559 -7.9802735587669025 -11.174613058836874 -8.001493055590787 -9.675753106321485 -8.922050506373056 -10.217269489440762 -10.336053241068415 -12.041170187516416 -12.082995465924743 -11.953342940952973 -7.9922730180493735 -11.210529788261073 -10.673614314947997 -12.40531932511631 -9.504457821270684 -10.845142514645078 -11.610809485857688 -12.21526163412377 -11.77262497870075 -11.17651616505359 -11.885196684318643 -12.8613604358081 -12.815090970324402 -12.54020945312312 -12.155602315182662 -13.775499380636706 -14.756176712922427 -14.602739082899852 -13.14575437597902 -12.60885448433792 -16.354869646926627 -13.866096651966533 -14.086083888877523 -13.208913350828537 -12.067802799193709 -10.965282579882153 -14.175254201511274 -17.557242101863316 -13.0835908140932 -14.403307763273533 -14.518898797429737 -17.022332559855347 -16.681287366423515 -16.54473744157597 -14.633617118464056 -15.487838323764727 -16.296531944218255 -15.400579442963927 -16.695572652728075 -17.770223116849316
51
 -2.126024733869559 -8.53708461373002 -8.112775094031168 -8.327052347500878 -8.026825027170272 -10.599626416799282 -11.894085644245152 -10.083273954656287 -9.126076347755998 -10.940085914434453 -11.441199063676839 -11.635994520896729 -8.892805568527594 -8.424349750454535 -11.329296386185844 -12.215467092128614 -10.706273443738917 -10.592150518819968 -9.733489956012475 -9.548240936424296 -10.471569588778069 -12.792530105718892 -12.330993714643688 -12.311161857526251 -12.32877626742054 -13.34222988121259 -11.946908939724448 -12.962342988773269 -10.857473968484529 -13.0372789213913 -13.652844662505299 -12.728292017344938 -13.669151636079507 -14.340642075555303 -13.99690973085134 -14.892747911378414 -14.862157236366935 -15.734612351142765 -13.140298624683085 -15.032700560960532 -16.01540435659741 -14.062175105815834 -15.172069315524148 -13.121228563218711 -15.41781441067041 -16.252164678958696 -16.158995911833355 -16.100966046224677 -18.05477642576126 -16.239763767894082 -18.055123488087364
51
 -2.126024733869559 -8.243762495945145 -8.861241158122306 -7.801933316799932 -9.505108493814646 -9.003231069086047 -9.607726945819445 -10.370340303304282 -10.037834121459777 -11.530195430730743 -10.596485012847847 -10.790397077218206 -11.792259862529166 -10.909250398763021 -11.411503599025137 -10.404267944370076 -12.336023901447245 -11.332494746896499 -11.955026078634944 -12.248413025449274 -11.219475716096662 -10.361836753006061 -10.588070511276053 -10.60189384005255 -11.630429542775218 -14.735550967088226 -10.5849464733009 -12.662142521953689 -13.816448192288023 -13.874979339711084 -12.84938374242234 -13.232272208702968 -13.279224639200761 -13.809389358285909 -12.030308576507782 -12.767644861899118 -16.254110290955506 -15.206326737564961 -13.446093803719773 -15.531209166256364 -15.966362507318436 -16.222060149457494 -15.117079589972104 -16.744571531704636 -16.09885577212362 -13.84246094012966 -17.98831124825106 -14.811280236383666 -16.395003469238773 -17.332532515083667 -16.162241140920813
51
 -2.126024733869559 -8.967961069957699 -8.505042460910742 -8.121307393298142 -10.884411097758212 -8.77550570765546 -11.804822964560774 -11.412935658489383 -10.350359623800154 -11.345453656555017 -9.960796104939767 -11.165145709320088 -12.441716335837643 -9.880357675005662 -9.167090001429536 -11.345029360899465 -11.475093662876475 -13.736702525495025 -12.114293856563148 -12.884411936685003 -11.64261102969581 -11.85887879020454 -9.76594347961598 -11.719871107865142 -12.076078074205878 -13.3645414789888 -11.997086825107703 -14.540386785126715 -13.362115191811831 -13.118772471086098 -14.463981417837878 -13.978157398234242 -12.184877158955441 -14.140979491978793 -13.027396145201083 -15.320890688894455 -13.006808807584674 -16.788675262839778 -15.955135743554406 -15.546488016370986 -12.969131841902414 -17.31096360641619 -13.359687293957801 -17.821591589346415 -15.627973285324963 -17.108841172283302 -12.709346796941029 -17.900837873023843 -16.193446502497995 -17.412291013666824 -17.46564774820724
51
 -2.126024733869559 -6.42841315368659 -7.04563148152898 -7.394405171488406 -10.616822282756333 -8.279257714929068 -11.445135250708923 -11.242704752127079 -11.523724868090754 -11.486153063287418 -10.457983491257703 -10.120465833290684 -12.758621384105426 -10.616941055280693 -11.61097440880528 -11.591689800919614 -9.734871052249689 -10.998702882892623 -13.091703057670998 -12.413319242676607 -12.26806096702826 -10.985023300610985 -9.92007394825637 -9.69638475391762 -13.275933718502491 -13.18930317230058 -12.824976263088164 -13.37207482390467 -14.024427727967575 -12.865424219331967 -13.368251711365406 -15.82865887062701 -14.895859817672063 -13.245491699833096 -15.477793369013883 -11.821242647251848 -14.479567239820964 -15.572371220120745 -13.995121028655277 -15.800300251785451 -16.83182863990192 -17.495102350159126 -15.889319507139616 -12.95234369397392 -16.99219872074784 -17.0824909976067 -15.375583516731528 -17.291353337139594 -15.656671344501454 -17.93749642041525 -18.295682146301292
51
 -2.126024733869559 -7.6682421338986435 -8.115132294000096 -8.610476738922575 -10.65712813702537 -10.699321483176425 -9.3471243468471 -10.641260579557628 -8.827100266050318 -10.652140933369909 -9.967028854558862 -9.763311448895777 -11.375725158249029 -10.760981932958098 -11.472231658539148 -10.95987203181238 -9.598639652633766 -11.52731729370849 -12.738682581103898 -9.767792276551821 -10.25987101457729 -11.665075588064203 -12.429937449851403 -12.80159456422866 -13.845664920368655 -11.250751702850604 -13.493537711237995 -11.578747424133015 -14.166634125916222 -15.888573522895156 -11.997870491778109 -13.967008859554465 -14.061465997508156 -13.270256840318043 -14.155775043477453 -11.538585018107723 -14.11361838126344 -14.886485275891086 -15.680196171595199 -17.06170956210709 -14.354139877784197 -13.564605654287075 -13.833261076536312 -14.60061562757755 -14.411942215684999 -17.075996451961615 -14.968487788478406 -16.31572860104348 -16.606790085199748 -15.28210856137765 -17.08917512314768
51
 -2.126024733869559 -8.13038397005678 -8.115072325687164 -9.172409813306215 -9.237826973545776 -10.86644048480106 -9.996399900713058 -10.921622661291762 -9.803171532019435 -12.881181666123227 -9.960661457035554 -10.948682632779185 -9.16850138651755 -11.690417656909627 -12.065453778704676 -10.269592270793499 -13.209973510259909 -11.756512344195068 -12.692450409543028 -12.558329249828425 -9.30478045549686 -11.12096329630581 -11.487423728218888 -13.991815611263988 -13.738111828631531 -13.830767130607612 -12.493442389850363 -13.066950860645573 -13.088572044725284 -13.505427802277923 -11.324680982659931 -13.856756526130823 -13.290300167315813 -12.575497386346376 -12.960085802497648 -14.148718707805509 -12.487580820631633 -14.397950117814831 -14.927166966623181 -16.972608474162797 -15.198947903483015 -16.17152605620427 -16.028401969886882 -15.912793150190353 -16.01675482245922 -17.38661084006987 -14.793439661022092 -14.316720860973769 -16.564382413041297 -17.472535588679687 -17.763592959649607
51
 -2.126024733869559 -7.118381853411601 -9.336719817942763 -9.11223840740174 -8.904828254234959 -7.16059807470419 -9.744042607055103 -10.5434306497463 -11.492988034909672 -9.022732833170442 -11.445537813476166 -12.02632608513694 -10.636929663057584 -8.604810548675944 -11.937965728755726 -10.65063896442695 -9.96836299357608 -12.320821523078491 -10.788055229697537 -10.771255500684864 -12.20791814750761 -12.031698317921297 -11.952908888523606 -13.040202460640682 -12.548387015766064 -13.259239627282135 -10.913677161735913 -12.913083409272533 -12.67961357587634 -12.340890053733906 -17.93633611602562 -13.390616294689705 -15.137341065672574 -16.43902803561523 -16.11015467576476 -14.89394524355232 -14.247457426423336 -12.575288815968417 -15.653859405374028 -14.000872169210872 -15.714579122785853 -16.83700310874301 -15.271047765851197 -16.160813146162212 -17.029262812744932 -15.336089215075255 -16.956455343689754 -15.869162664616564 -16.326122732527 -17.884710900493918 -14.325739347177981
steps
10
51
 0 500000 1000000 1500000 2000000 2500000 3000000 3500000 4000000 4500000 5000000 5500000 6000000 6500000 7000000 7500000 8000000 8500000 9000000 9500000 10000000 10500000 11000000 11500000 12000000 12500000 13000000 13500000 14000000 14500000 15000000 15500000 16000000 16500000 17000000 17500000 18000000 18500000 19000000 19500000 20000000 20500000 21000000 21500000 22000000 22500000 23000000 23500000 24000000 24500000 25000000
51
 0 500000 1000000 1500000 2000000 2500000 3000000 3500000 4000000 4500000 5000000 5500000 6000000 6500000 7000000 7500000 8000000 8500000 9000000 9500000 10000000 10500000 11000000 11500000 12000000 12500000 13000000 13500000 14000000 14500000 15000000 15500000 16000000 16500000 17000000 17500000 18000000 18500000 19000000 19500000 20000000 20500000 21000000 21500000 22000000 22500000 23000000 23500000 24000000 24500000 25000000
51
 0 500000 1000000 1500000 2000000 2500000 3000000 3500000 4000000 4500000 5000000 5500000 6000000 6500000 7000000 7500000 8000000 8500000 9000000 9500000 10000000 10500000 11000000 11500000 12000000 12500000 13000000 13500000 14000000 14500000 15000000 15500000 16000000 16500000 17000000 17500000 18000000 18500000 19000000 19500000 20000000 20500000 21000000 21500000 22000000 22500000 23000000 23500000 24000000 24500000 25000000
51
 0 500000 1000000 1500000 2000000 2500000 3000000 3500000 4000000 4500000 5000000 5500000 6000000 6500000 7000000 7500000 8000000 8500000 9000000 9500000 10000000 10500000 11000000 11500000 12000000 12500000 13000000 13500000 14000000 14500000 15000000 15500000 16000000 16500000 17000000 17500000 18000000 18500000 19000000 19500000 20000000 20500000 21000000 21500000 22000000 22500000 23000000 23500000 24000000 24500000 25000000
51
 0 500000 1000000 1500000 2000000 2500000 3000000 3500000 4000000 4500000 5000000 5500000 6000000 6500000 7000000 7500000 8000000 8500000 9000000 9500000 10000000 10500000 11000000 11500000 12000000 12500000 13000000 13500000 14000000 14500000 15000000 15500000 16000000 16500000 17000000 17500000 18000000 18500000 19000000 19500000 20000000 20500000 21000000 21500000 22000000 22500000 23000000 23500000 24000000 24500000 25000000
51
 0 500000 1000000 1500000 2000000 2500000 3000000 3500000 4000000 4500000 5000000 5500000 6000000 6500000 7000000 7500000 8000000 8500000 9000000 9500000 10000000 10500000 11000000 11500000 12000000 12500000 13000000 13500000 14000000 14500000 15000000 15500000 16000000 16500000 17000000 17500000 18000000 18500000 19000000 19500000 20000000 20500000 21000000 21500000 22000000 22500000 23000000 23500000 24000000 24500000 25000000
51
 0 500000 1000000 1500000 2000000 2500000 3000000 3500000 4000000 4500000 5000000 5500000 6000000 6500000 7000000 7500000 8000000 8500000 9000000 9500000 10000000 10500000 11000000 11500000 12000000 12500000 13000000 13500000 14000000 14500000 15000000 15500000 16000000 16500000 17000000 17500000 18000000 18500000 19000000 19500000 20000000 20500000 21000000 21500000 22000000 22500000 23000000 23500000 24000000 24500000 25000000
51
 0 500000 1000000 1500000 2000000 2500000 3000000 3500000 4000000 4500000 5000000 5500000 6000000 6500000 7000000 7500000 8000000 8500000 9000000 9500000 10000000 10500000 11000000 11500000 12000000 12500000 13000000 13500000 14000000 14500000 15000000 15500000 16000000 16500000 17000000 17500000 18000000 18500000 19000000 19500000 20000000 20500000 21000000 21500000 22000000 22500000 23000000 23500000 24000000 24500000 25000000
51
 0 500000 1000000 1500000 2000000 2500000 3000000 3500000 4000000 4500000 5000000 5500000 6000000 6500000 7000000 7500000 8000000 8500000 9000000 9500000 10000000 10500000 11000000 11500000 12000000 12500000 13000000 13500000 14000000 14500000 15000000 15500000 16000000 16500000 17000000 17500000 18000000 18500000 19000000 19500000 20000000 20500000 21000000 21500000 22000000 22500000 23000000 23500000 24000000 24500000 25000000
51
 0 500000 1000000 1500000 2000000 2500000 3000000 3500000 4000000 4500000 5000000 5500000 6000000 6500000 7000000 7500000 8000000 8500000 9000000 9500000 10000000 10500000 11000000 11500000 12000000 12500000 13000000 13500000 14000000 14500000 15000000 15500000 16000000 16500000 17000000 17500000 18000000 18500000 19000000 19500000 20000000 20500000 21000000 21500000 22000000 22500000 23000000 23500000 24000000 24500000 25000000
