10
SGD
10
51
 -2.121898661579704 -6.761054448392068 -6.2375201426331355 -8.078326778308213 -9.642755521433553 -6.873766145207993 -9.528771756398628 -9.47215735277999 -7.537058232087476 -8.28054974895913 -10.382963187119167 -11.458691714283557 -9.452186029244306 -11.15960293639872 -9.951548681306512 -12.675916326049768 -10.861374635068259 -8.997439035860209 -11.279414938130481 -11.349420762612368 -11.079906094518359 -10.736161146039032 -10.121162822426934 -11.165477289041103 -10.143729749068386 -9.061297371170548 -11.56909398195144 -11.577391677685398 -11.959249179810998 -11.927149145921469 -12.318273166258992 -11.37922152998737 -10.886725399622026 -11.375207847369277 -10.982484620346916 -12.595707702288422 -11.230281413707582 -13.191294163096552 -12.607300258459109 -12.350446138944244 -11.371754558793373 -11.307527345257046 -12.835751995588721 -10.893750710992602 -10.64225407213992 -11.280657383746073 -13.353077905749776 -13.669929302402757 -11.8951313223072 -10.93189921057352 -11.743175283545716
51
 -2.121898661579704 -7.186002652824275 -7.580071351171584 -9.207838376984677 -9.182567366146925 -7.8961420703001455 -7.1506991547061745 -10.980110684249505 -10.210245906489359 -8.118975532414039 -9.232703545343432 -11.176273136527865 -9.83343108968042 -9.825220077714977 -10.4136286911233 -7.625683419657336 -12.16449162301753 -9.54147613239268 -11.830858311787322 -10.194275862593587 -11.885364168415242 -10.90309903230248 -11.05655628476306 -10.497125802195267 -13.261461795050778 -9.476339865141421 -12.70526076612086 -12.95516224609326 -11.790709901097904 -12.713799774349392 -12.564362575743283 -12.439211030305675 -11.587078197949088 -11.863218138778578 -11.547686229803926 -11.891299672871895 -10.821796717464652 -13.246882120787538 -12.713988475627168 -11.921079412763472 -11.424843366914622 -11.939067192495225 -10.512133563796867 -12.010780394619958 -10.63705184335952 -11.5654192075835 -11.176885470612385 -11.101839505967828 -10.869406229494542 -11.393552946943663 -11.31235054636303
51
 -2.121898661579704 -5.586958254043174 -6.049451577172876 -6.428756342625947 -8.459643479242558 -9.672053487182097 -9.022661396325034 -10.730288654257576 -10.637357887108339 -11.038450231265552 -8.224360840485831 -10.653493578930233 -10.537842103526762 -10.815228421389834 -11.045157762953442 -10.276923912510611 -10.829634037714344 -10.998474537713564 -10.080717696493618 -11.321406966242323 -10.127353963944888 -9.550310716698174 -11.681672935517549 -11.325283322725477 -11.17646794391761 -11.014136747400087 -11.7884404403588 -9.43053746671081 -9.565057703134089 -10.99692789673132 -12.569465055721654 -12.261883720755838 -11.645660643571363 -11.281374655024003 -13.407373311930014 -11.276249903562224 -11.29954196234739 -10.763885500201894 -10.03734054335077 -12.679899469378224 -11.257975760120784 -14.246841543756108 -12.123718605131494 -12.359665818881734 -13.427696393529796 -11.415742330802733 -11.44165200967563 -12.042191584819502 -13.591606255013943 -12.999901521482764 -12.350227780474686
51
 -2.121898661579704 -6.10786165171111 -7.512015063964543 -9.292495591760636 -8.501441400521566 -8.86534428368381 -8.829134507854027 -9.491260884073695 -8.75163280694203 -10.919368560291629 -10.02488629045032 -10.819204597064381 -11.502461242877384 -10.071733819480306 -9.25285888636134 -11.347493527206076 -10.597363825699402 -11.586238145163776 -10.904363095584008 -10.555993377627809 -11.041793965390632 -10.927928794474447 -10.971250181752886 -11.352831799927973 -11.001746118648192 -11.52152328234965 -9.807779459775745 -11.465530094340979 -12.131731801881484 -10.542764376019282 -12.08358324027041 -11.955288314787252 -14.88320800919187 -12.118647285410002 -12.374375123270523 -12.479240835646868 -12.656884914602344 -11.24743410895684 -11.517081012118105 -10.34146329167321 -12.392204855680028 -10.293658375074436 -11.331929137431162 -12.30210324625284 -13.073032923670647 -11.688807600677562 -10.066899348947775 -10.819136611771492 -10.036218073253016 -13.927033581837764 -12.94298500700972
51
 -2.121898661579704 -8.414446786358086 -8.219550778702697 -7.084042498748454 -9.562954044890844 -8.757209207109304 -7.569345701845688 -8.891504768908057 -9.344052867991877 -10.434858144294727 -10.178732162960502 -10.199441729897853 -8.943124757935085 -10.065831403960802 -10.237604189352378 -11.851913662907835 -11.565341940070027 -8.916009506651227 -7.9180412282688115 -10.913807883113623 -11.131635031111742 -10.79427870078811 -12.115951829859782 -11.243722316155614 -9.526803599834388 -11.102292530672798 -13.38374800284338 -10.187485185040073 -11.078589516769503 -10.410023017414343 -10.591437700297748 -12.30313914354021 -11.818788629384985 -12.796066608883406 -12.737773714516818 -12.484422139075582 -13.527763857656957 -12.644102445176998 -10.369760942463607 -11.687592267771002 -11.476127414330229 -12.26672994984039 -14.224261998829501 -11.838480416845462 -10.013878227157106 -10.294836550545334 -11.321227152690543 -11.749251969088156 -12.254083104956479 -11.334692066397098 -10.720124073754679
51
 -2.121898661579704 -6.853198327705168 -9.122762062782867 -9.590861765895026 -9.265834387379616 -7.14929660451189 -9.221487904317554 -9.471550014904713 -10.226084079108851 -8.015177466436128 -10.381803192397768 -11.006248559045545 -10.09962612302647 -11.201488060735182 -9.373223120669662 -11.37316540593376 -10.448604152544561 -11.43682508429866 -9.675928771581315 -13.046581926397469 -10.482415577259077 -11.181129330781316 -12.75458284197292 -11.74333457356867 -11.286216349370784 -9.968194776923987 -12.593756944562035 -12.522635331816275 -11.349492322799643 -13.648890175187542 -10.085920729938216 -12.231603771035248 -12.528877408908949 -11.106398993735793 -9.055512503061921 -10.380184321461046 -11.336684899310912 -10.137585553639774 -11.832322273759956 -12.019638237058079 -12.748479955442908 -12.088560881885197 -13.165345704227095 -13.096644964149455 -11.806676592706257 -11.933974399788504 -13.183564437203753 -9.484322745928708 -12.65686232818821 -12.385766348366166 -13.00732833410105
51
 -2.121898661579704 -7.551301293979476 -6.928930356478473 -5.842813996578777 -8.68321506745786 -8.2040688467377 -11.046486805368078 -9.185068996899888 -9.608116461516975 -9.343201624806332 -10.048169809713862 -9.608237960706646 -9.431429931879636 -10.130396013221945 -10.166404535466084 -11.740778938671124 -8.977230949951624 -11.441498751829474 -10.196599589172374 -11.473004679574196 -10.576319807699138 -10.199491958836793 -11.637796866070591 -12.091511263527883 -12.289946503257433 -9.864968590327173 -11.593839477864545 -11.46547868323876 -12.179277110742587 -12.648563374558215 -11.344681750828766 -10.31576996976164 -10.052648274666938 -12.055892128858286 -11.22745465966098 -10.26978823552904 -12.230127924793106 -10.49059158731551 -12.532480589524974 -11.466746534730742 -10.585600447073784 -10.202720655031776 -12.609101691541913 -13.681036959958377 -13.321221384161198 -12.885389803214812 -14.372320900410575 -13.85569414217395 -11.345172735887193 -12.879141069546215 -12.046696399670047
51
 -2.121898661579704 -4.979940451642992 -6.848927459488321 -6.4293308657960875 -8.849278369475376 -9.80691230691126 -9.250300364505316 -9.362945269952501 -10.015110413573401 -11.503490364255056 -10.955528056622303 -10.543602680902097 -9.609294585697755 -10.697503372899861 -11.050912532814108 -10.008456419950857 -9.508403881555074 -9.186855866666386 -11.10214617964585 -10.539051208028393 -11.250285615903229 -10.839836937189963 -10.464242070428416 -11.99193071303542 -12.130135212321312 -12.536640461447785 -10.611077481900576 -13.062828533106732 -10.437277178500404 -12.33381655647064 -10.458501733211628 -11.608025941546094 -13.556326131551454 -13.548943867248175 -10.835205999745854 -11.851041487235957 -10.863095487563367 -12.632566960132207 -13.012634020289049 -11.005708876963055 -12.32519634248618 -11.499197438235239 -12.976202394489253 -13.0582697816868 -9.72737373869365 -11.400947490856199 -13.214207444897596 -13.151191149679113 -11.96759945818616 -12.542548572416239 -11.618362570753442
51
 -2.121898661579704 -7.614875046397942 -7.9396258779221505 -8.331943303585879 -8.403975700199439 -7.97090343859779 -7.514845207898687 -7.877834581104202 -9.540777980001245 -11.084982074881118 -8.748144607368438 -11.315107274318958 -11.137526645574004 -9.721657709948797 -10.691011750264261 -10.68458756170535 -10.121081304073515 -11.796768556379877 -10.534657568969763 -11.270122638915018 -12.030473276253119 -11.163014233606189 -11.458725647208293 -12.9833127841635 -11.213299219572614 -11.520759850384712 -11.357187872618494 -12.978987069540459 -9.660175885217518 -11.083447954445313 -12.280082040350852 -9.529889801883465 -11.422163477505567 -12.43105352508436 -13.07204513244185 -11.859588990565054 -11.50439729120735 -11.47933255744824 -12.569540658043781 -10.776118397917605 -11.756437534061288 -11.874480666198414 -14.15863219380774 -10.960060856709928 -11.433809323242656 -11.952261167644428 -11.487384745982478 -8.565182782614698 -12.096456412733614 -12.888276769522168 -9.69298870564943
51
 -2.121898661579704 -7.488329061455874 -8.239951253186291 -8.208291784216623 -9.70747041658321 -7.851116143144414 -9.898981384389328 -10.17124074899694 -9.224582824672796 -9.347183897330964 -8.557520796584713 -8.146804444550463 -11.41025880769372 -11.837341244675008 -8.832141484136868 -12.236480774347694 -10.909427923438281 -10.490914166991478 -9.783528214132348 -11.156936685085332 -10.44636363078357 -10.404187541700635 -10.88048348269165 -10.991917865933416 -12.060697307981277 -11.37094532962841 -11.913236184578947 -13.729149402979191 -10.874686018378751 -11.031922567671966 -11.757822473229593 -13.549649811854113 -10.95769251902522 -9.747380384995123 -11.646615223231821 -11.937179501953562 -9.998515192671036 -12.000394418935986 -10.262464269126163 -9.21507631128062 -11.741615591873979 -10.25722579338184 -9.810285178587467 -12.82067662590863 -12.513398703181519 -12.465483783147485 -11.452258993022186 -14.471627639724142 -13.298283547589449 -11.260947743437127 -12.616063033000625
SAGA
10
51
 -2.121898661579704 -8.01907331847725 -9.831089057970265 -9.500984942037505 -7.2544866499203255 -10.100818234666844 -8.31700466920428 -8.561233498737707 -10.133527811391566 -9.341247086616509 -9.558652394626929 -8.483805698660754 -11.573565512061853 -8.643972823986733 -10.797941521718009 -9.987803340615502 -8.75649442530615 -8.540418702633792 -12.707004194302963 -12.46519598306343 -11.764445866266977 -10.905031114787443 -12.097801063814545 -11.164227705967885 -12.032236403374716 -13.492357786612017 -11.517531087942764 -13.222141139250839 -12.568830810754667 -13.341030099197225 -12.162780542607791 -12.002216323343072 -14.373610198404666 -14.762754151245968 -13.695635573894405 -14.671968382470315 -15.680253569927846 -14.253288844609536 -13.695119781072714 -14.94929180334854 -15.676679201259383 -16.5541138310594 -14.5090726288776 -14.749320281758786 -14.510384263096535 -16.42098676835278 -15.949796066009112 -16.285446273209992 -14.749185469155481 -18.45445756396448 -18.709883007438638
51
 -2.121898661579704 -8.605509881058737 -8.983129070483416 -9.70999397689569 -8.346225934348523 -8.698177486239857 -9.115032461230372 -9.492599031639191 -9.626176143716513 -9.482317914235386 -10.665835932161357 -11.676385391467774 -10.63454662299131 -8.116523027784183 -11.02025514178428 -11.035860802614222 -11.333239188869161 -11.250239465063776 -10.276399702637212 -10.62093805414784 -10.693866190032386 -10.75734669982526 -13.004207647900202 -11.217191178257169 -12.014967535695263 -14.18432433468854 -10.821156177818215 -12.134631268642545 -13.014897849669522 -12.1452287547941 -13.264245049104774 -14.739310773380122 -13.2547655536607 -13.692177732894992 -14.581315313391425 -11.562782393341474 -15.65839057362612 -12.83588527643177 -13.999172735454634 -14.353922128409808 -14.072378459195402 -13.373177670164331 -16.36697383659894 -13.510429606082857 -15.055638552225801 -15.1837458176933 -15.225610860227468 -16.98759873742754 -16.44275042428267 -17.530251352075652 -15.355878095807462
51
 -2.121898661579704 -7.466701294029577 -9.165431894296717 -8.06912867405078 -9.27126519252666 -9.869795399390627 -9.117300725910539 -10.829803658796788 -9.31607515174153 -11.060411017935252 -10.704267572321633 -10.135013608888876 -8.924941044482498 -11.36437996268755 -11.563539334083494 -10.117802478243323 -10.199518329369905 -11.268045871533264 -9.96129459966766 -11.544241848261445 -12.651145856262787 -12.6485494310587 -11.939290720876379 -9.390072927974806 -9.425118490577619 -13.129753860678331 -12.489655925670062 -11.933401972044926 -12.987557219581513 -11.050533410699206 -12.697324556480465 -12.883707299314116 -13.587015246450779 -14.408238265562478 -11.64074885973979 -14.063372703490112 -15.549679666963323 -14.827854929801845 -14.950612257084378 -9.944740158510706 -16.46004773078529 -14.753677946735563 -15.293364977299413 -16.774720556879554 -15.51436325500342 -16.212966381647856 -14.22796035248897 -15.070507352094532 -17.037253529533366 -17.229336537175293 -14.980113047607578
51
 -2.121898661579704 -9.59928838090082 -8.642751080968749 -5.54530328715912 -7.725695104604303 -9.439261797318846 -10.130716421208676 -9.04819231377211 -7.399517125957381 -10.460482279955864 -9.065181178440046 -9.585013143608405 -11.701037993199982 -8.352452244264553 -9.062221507688605 -11.85304797092642 -10.67683353684398 -10.006555886733201 -12.408774888778566 -11.322773380932961 -10.581099523333355 -11.910701287205763 -12.403937543240893 -12.835200170306964 -13.22466607811569 -12.182654170871995 -11.261804746933857 -13.072578390779828 -13.657402927052667 -12.230337682166137 -12.809758858422446 -12.442278541133833 -13.672631022394832 -14.635443858943717 -13.004578304259354 -15.067248891967504 -13.653462888780252 -14.249427265484464 -14.533071721202095 -15.289939888545907 -14.449178202469492 -15.78588883332158 -16.494485545184112 -17.86015350660286 -17.236107816973927 -16.780019678394677 -17.08781594474341 -17.092889776143334 -15.286032721309518 -16.87610250852206 -12.374160597124805
51
 -2.121898661579704 -9.025217220708042 -9.285519470606706 -8.641965210577402 -8.359412730142049 -9.385539976179759 -11.072131825686585 -8.274800455732098 -10.02800755460206 -9.706278557113066 -10.455115648843327 -10.480860820534687 -11.347348338249043 -9.368092026179179 -9.6672201132812 -8.135502026744557 -9.705964864592522 -11.033132943260156 -11.807004448744307 -12.881378709315625 -13.22127331866037 -10.12309724039688 -11.042039936906066 -13.813822844439777 -14.354390718793233 -12.06911667579896 -14.447041223322035 -13.620707942455136 -12.123233313126622 -11.525229065986322 -13.50303055857797 -13.422082307485029 -14.342933083295867 -10.950592696403133 -13.639438048647426 -15.284810523241322 -15.43672981702774 -15.391161845951563 -13.286443498781185 -14.696134523965545 -14.628856679797062 -13.965652731167589 -13.012758910199382 -14.258688469898205 -13.80175659196862 -12.263082998481407 -14.058251241518008 -16.655883516319594 -18.159969143539453 -15.890558838833256 -17.52213017707449
51
 -2.121898661579704 -7.690159667084597 -8.621104145729994 -6.686392173397521 -9.058894112791217 -11.232611211796685 -11.057617938152188 -9.150941640270547 -8.01972643763889 -9.61811693127718 -8.617218682588828 -11.299477765658475 -10.90831221974757 -10.16549472886185 -9.062478040801128 -10.899884034589519 -11.07681122407049 -8.578392692699188 -10.983840902877944 -10.143590431613928 -12.314951503493788 -11.962712150580671 -11.170694296709026 -12.087782265459447 -12.252391146352954 -9.47299622729661 -11.150030779320383 -11.467199043740901 -12.565621557843718 -12.76529683699347 -13.589446132356995 -11.215647977689246 -12.0799586563184 -13.453685609937294 -13.67589311986906 -13.089065320856514 -15.19695277265461 -16.014795241977097 -14.617681095876236 -14.854996435043393 -14.532064316583709 -16.18961156600389 -16.077581353027767 -15.203873933974958 -14.367276274624416 -15.806763399392922 -15.707154754365709 -16.186248365988284 -16.304797548441744 -16.750439519253852 -16.899165293124263
51
 -2.121898661579704 -10.366052180765942 -5.817189456897502 -9.157152307449994 -8.203986520718841 -9.073393325992077 -8.750437989583006 -11.567067219276323 -8.929028934633859 -9.386682569013315 -9.52832223994171 -8.743773034170971 -9.35074930617118 -9.99075342152554 -9.904111826404588 -9.227562706466578 -10.763243184746784 -10.093654953702236 -10.689026888802625 -10.01938399154095 -12.062727507152687 -10.730230850693209 -12.002281432263633 -13.876845268753982 -11.02178754195425 -12.284830753676168 -13.71295372209464 -10.662333069093222 -13.808722096316378 -12.26624060016852 -13.96027472657625 -14.233961342648076 -14.015810490209635 -13.598355417581375 -14.50294525178392 -16.40826216050097 -15.06407676770288 -14.522392748536232 -12.254577055697553 -15.050662633933962 -13.49039165664627 -11.734155537127402 -11.623539542180053 -16.050793600755835 -17.395721994321118 -12.50796480331661 -15.025088926591964 -16.0824883057393 -17.03106135995471 -17.436400926950462 -17.77007231701115
51
 -2.121898661579704 -6.864912426295422 -9.079525139629727 -9.402750145556466 -9.472463678461219 -8.761144426410866 -9.624941443083125 -11.154793271709726 -8.297584217555709 -9.489731006377923 -8.508961636922836 -10.016340696800489 -11.453159229177784 -10.833745751172994 -10.784579986236857 -10.450325958901956 -9.622880702960158 -10.815187777884326 -13.015458911068908 -10.747576751761747 -11.207935733462445 -11.612646261600181 -10.41341987130274 -10.131728973841588 -12.192422976886755 -10.610783192855257 -11.868020847711334 -14.119716132784127 -13.253449743703742 -12.818083826408134 -14.432719309679133 -15.239120073239608 -13.641831806982374 -12.307603636641806 -14.433895888099604 -14.073473531041426 -14.3916882795128 -12.923505718792264 -15.719225689963757 -14.905972978385345 -12.015376431365679 -14.505406720275602 -16.17261385600525 -18.139581745333945 -11.123755842136752 -17.253316403068602 -18.316862140465464 -16.34143804414679 -16.41338690621744 -13.483830348583316 -17.63691671201397
51
 -2.121898661579704 -9.086112143642794 -8.171341058094516 -8.69000935351849 -10.319345231798621 -6.963068258613131 -9.854037637986126 -9.746770233991015 -7.942071634766804 -8.41320765297568 -10.696515498904091 -8.485513479125343 -12.41480302719655 -9.791804850482125 -9.8490907973939 -11.695562617190195 -11.600464133624419 -10.804577677637145 -8.768322949916573 -12.536623983770193 -12.429678471253597 -11.664579613327124 -12.22001615130076 -10.647807764245368 -12.353235620189688 -11.648286398964716 -10.423762520356627 -12.19213617932648 -11.798305339899787 -13.80197820370684 -12.992904610403226 -13.404527301901295 -10.368385404214983 -13.484171703214892 -13.188370804406494 -14.81025668650537 -13.88829253700545 -16.489301151501852 -15.787321717069258 -15.629750534491677 -17.05668422297358 -15.34438172890618 -16.20778122420933 -14.531959479094443 -16.22057987397162 -18.076732809110215 -14.042372248518264 -17.79336870692689 -16.18901608915335 -16.361606575635587 -14.61005911276543
51
 -2.121898661579704 -6.91145303230481 -7.71727127874732 -5.769891039191987 -6.720925600729114 -8.435152796544553 -9.292827765158936 -8.335342821703005 -10.752300416614384 -10.66962305646773 -9.260719204556452 -9.183891277690394 -10.09141622165976 -11.180120746071113 -10.504347479965636 -8.340563858609668 -10.422991844945429 -11.735552280799002 -10.995085083054727 -11.741171133743832 -11.279639648763565 -12.078133133399291 -11.865258024913663 -9.797071891559774 -10.855164450514945 -13.739046509749153 -13.02837478883841 -12.007305145445176 -12.459676984563016 -12.913948684010355 -14.082650134021767 -12.70472308484526 -13.44028014152315 -14.399907571920876 -13.680182115793816 -14.669435479560294 -12.199177086747927 -13.99986120675887 -15.395477947113923 -14.521722978400861 -14.342895886273642 -14.290911625669066 -16.294939414504416 -13.29336585785481 -14.150313161227311 -14.317160796439858 -16.999342927705218 -13.549497546773361 -14.77176020535051 -16.882286427673836 -18.452074604494538
ADAPTSAGA
10
51
 -2.121898661579704 -6.018359940248253 -7.46903997209132 -6.015398491721559 -7.263039969954849 -7.378330332048742 -8.274995603455 -8.562259790995675 -7.3557074858884395 -7.305014589810808 -9.843160394478131 -7.963965183266704 -6.9733612091742145 -8.183489297311404 -10.37781383506536 -8.5184609412342 -9.38706625818011 -8.437636829463452 -9.295583852775286 -16.86993692115215 -13.43463930976849 -15.433445855555746 -14.463766413156254 -15.94115589037414 -12.957306465337297 -14.739824944936094 -14.73916099230785 -15.97431863186179 -16.061022303966954 -14.941922930027184 -17.441688912144667 -17.87526189798375 -16.837008640997038 -16.994738002670687 -18.051845604746042 -17.97032259054068 -20.079282497733434 -18.239336312278873 -18.505670332786877 -16.25808381397223 -16.789380240475396 -18.867336117329298 -18.959086878291018 -19.329753301651138 -17.684440737706492 -20.111101849038555 -20.67773426219991 -20.069646133650302 -19.350498070301203 -21.06925249223661 -20.198312520506537
51
 -2.121898661579704 -6.023611638399839 -6.749631735534343 -6.61097572800089 -7.486610493458444 -7.527852594897036 -7.998424368593498 -8.166388733083233 -7.24463384806502 -7.795469286024384 -9.362793439975713 -7.729190402978887 -7.002176155918866 -8.255466773764477 -9.872151005972135 -8.302949733893435 -9.525146771167156 -8.574434747465665 -8.863500831599664 -15.1457404672373 -12.192652710210819 -15.967184564941535 -15.141604144827397 -14.995950309229805 -15.20354174007896 -17.339638077083226 -16.265316580733753 -16.83785591531237 -16.649753060971786 -14.93589838155771 -17.473673652599455 -17.776796571764674 -15.532956177738416 -17.0990912146287 -16.442343800405045 -18.160135636486643 -17.992776672585286 -18.603084078184324 -17.736755557312602 -18.03203874298718 -14.335953327290223 -18.20717448618567 -16.14153237033675 -18.286228388257385 -18.56211379612395 -19.3353879493218 -20.519652089692254 -19.93366043840637 -19.576415166749463 -20.000474630852235 -18.344971278586275
51
 -2.121898661579704 -6.289236455370531 -6.354072851811161 -6.218230514984169 -7.4352845187294285 -7.175730770669143 -8.840709087259993 -8.721700733784994 -6.714081499017355 -7.34272530518715 -9.313653513581945 -7.817376387377165 -7.222599469753643 -8.273142999307348 -10.425407173547478 -8.343926429510393 -9.730729255581927 -8.665555441124111 -8.751880665723421 -14.490681849990212 -14.622218342656602 -15.352932763588324 -16.267284504038862 -16.00577175390125 -15.597058331968785 -15.002862886041283 -16.339651475909516 -14.496010845258523 -15.489408878526566 -16.90269554848294 -14.445716189314743 -17.06420840035403 -17.554285487241035 -17.41805497519893 -18.10042681997003 -16.979482336279315 -17.741076526395062 -18.45564328531813 -17.072917281274094 -18.236165071367047 -20.103273970587487 -18.9378385439139 -18.886597648356602 -17.926580433969487 -18.18300424386769 -16.827478857188854 -18.232544096937332 -20.960728803644447 -17.184723128210667 -19.054658142123873 -20.46559534544377
51
 -2.121898661579704 -5.718485486817627 -6.307810318873586 -7.0194879547779045 -7.04572533350664 -7.8152904556950125 -8.379485836938157 -8.950030831800426 -7.18860945612121 -7.2039246624618585 -9.508403068433632 -7.897790983339484 -7.118414185682623 -8.200133931070107 -10.05195075873174 -8.198723828701688 -9.53013648476994 -8.662863334867714 -9.636874378346226 -15.269228764890281 -15.0819323877112 -14.570932495232775 -14.289813732772815 -14.477363229053456 -15.148540905223715 -16.825375485272247 -16.472075688263494 -13.76903193644862 -14.385483649410611 -15.175504941806329 -17.587430941643348 -15.898623046854942 -17.660299212305066 -16.77174327249148 -16.17790464057625 -18.23180098744694 -17.33578929424292 -18.80339174084647 -17.58063609217594 -17.223310165184976 -18.09576626190803 -16.59536799130743 -18.04373087755285 -20.787886051557173 -17.906638954862128 -19.312137444242 -18.30013315980005 -19.765989076484043 -21.71799169612496 -20.407637071945434 -20.799457171131102
51
 -2.121898661579704 -5.462153415497664 -7.298672276652234 -6.334608990360054 -7.76216063869324 -7.53901861631645 -7.7720444119991825 -8.814618121489364 -7.301399168313271 -7.156633396528155 -9.525087308582206 -8.04008525565122 -6.979571967070445 -8.022768717436461 -10.023290936598386 -8.490258792659061 -9.341945235764939 -8.643265138469719 -9.130138388667717 -14.782001286034488 -13.172430231338945 -16.282043297742124 -13.466584449516736 -14.132589536135612 -15.611760921095371 -16.1745008751187 -16.81226618426856 -16.279135825246755 -15.564540263158918 -14.933904787482307 -17.038950056400942 -16.85847577475798 -16.981694704062342 -17.21641761027025 -17.05682478856885 -18.09513483456427 -18.815867045035457 -18.20934843008302 -17.283021507641525 -17.814308171436174 -18.867727788493454 -19.72954325365459 -20.47811374909451 -16.880062849999312 -18.601270953987605 -20.928055964246624 -15.808436950060095 -20.399227926998286 -20.448685376492545 -18.64102029581246 -20.80781211875343
51
 -2.121898661579704 -6.22826475053483 -7.227828251430554 -6.6547237260561705 -7.577115138137186 -7.540221143303571 -8.496234693575046 -8.870550751328128 -7.165130546278732 -7.052116749362744 -8.818716731250735 -7.633895297031003 -6.955277076791636 -7.861733999389877 -9.753901034439469 -8.008573405073411 -9.400919476820894 -8.462076764186381 -9.378339374053587 -14.827728247083929 -14.496666788004811 -11.839008709000936 -14.162323451528238 -15.812559990447825 -14.68467162097624 -15.725649320059018 -16.412519331449268 -15.12237481877589 -16.680261220418615 -16.064653390670937 -12.50282534896271 -14.873711429479819 -16.180280904447432 -17.671983880516194 -16.769275596338492 -16.927089113278768 -17.997650323586242 -16.302640103744938 -17.34391164682152 -18.650521345773786 -19.029679951113405 -19.677671933819866 -17.70936528718956 -18.317495193917118 -18.07439451788285 -19.423960136099556 -19.76854371948992 -19.238811491174477 -18.394775571373206 -19.92254743114898 -20.73084071754523
51
 -2.121898661579704 -6.6414955797125454 -5.694946559757588 -6.816509756993098 -7.574995867046074 -7.644426676506068 -8.637569263916506 -8.807162164073475 -7.587084692199134 -7.418211036813746 -9.600388464454204 -7.2926315976963165 -7.319784879128725 -8.169749483039068 -10.046441385351015 -8.26178615392462 -9.594805545672417 -8.420754538905383 -9.338084786362526 -13.643765899995785 -15.23250385008081 -14.848206607176206 -15.4129220618414 -14.347794600195188 -15.024809397229163 -15.701885482567064 -14.381714158950182 -15.909507582777662 -17.519174754660337 -17.098401259278877 -14.249835509759711 -16.24210121896095 -16.072465958225944 -15.22124403937152 -15.096903813517937 -15.033023210705213 -17.353609352741554 -19.731030559679574 -19.467962429108013 -17.58729845358623 -18.833156462645242 -18.74992531356934 -17.66647802868171 -18.509530401239548 -20.029495129661168 -19.06679252297429 -19.56676343457143 -20.36734420992665 -20.140894214807556 -15.399372826507387 -20.083222908421327
51
 -2.121898661579704 -6.476111424588185 -7.022003566675621 -5.955456591701059 -7.347201817698384 -7.53066595922576 -8.370114303536031 -8.628746381431762 -8.446306710980563 -7.233669878824835 -9.644849039217677 -8.342442405419131 -7.571524016572104 -7.777393506624448 -10.35736441532381 -8.184854918193174 -9.434349442146964 -8.825379031159951 -9.349515688823937 -15.176663596724572 -14.21645812988467 -14.269190112663013 -14.403701357983962 -16.215757651861402 -15.375055241965839 -14.739041879824882 -16.12796536378935 -15.062137501516823 -18.924404604725936 -16.8618227238815 -15.552375286003775 -17.212574136465697 -16.462000285769193 -16.933169080586957 -16.650208468987362 -18.148330557477564 -17.699780467736346 -18.13955903584574 -16.682658705621396 -19.44095548315394 -19.67163452852512 -18.320387847064392 -18.697949064649702 -16.21146620053884 -18.910923938061185 -19.44131899006651 -19.794572644870986 -20.751508168123742 -20.376592622419835 -20.88481992581704 -20.43741781048994
51
 -2.121898661579704 -5.232594795417986 -7.015635638467753 -6.843579584054576 -7.721515699820198 -6.763677012471964 -8.6676084799203 -9.075758115560635 -6.934663536737876 -7.445039633610974 -9.488250982049303 -8.140041715012504 -7.265395123374501 -7.9474298529648655 -10.110602876898922 -8.377070843374838 -9.378674494453193 -8.797862342274279 -8.930671173211136 -16.122915366104383 -15.287078236456184 -16.551160084857752 -17.36234127552848 -17.220223597086722 -14.834397700220704 -15.786055427383724 -16.032246283172174 -15.291901440741283 -15.760299008265896 -15.915022021600354 -17.885307260128833 -16.787692536899648 -14.183349078385676 -19.280062163841677 -18.639775474270312 -17.325118260358085 -15.645481493380503 -16.345213088571168 -19.202516426922205 -19.098447683510322 -16.70983770461252 -17.53368968317531 -18.785807246488897 -19.209342101522985 -17.34341056811553 -17.78462886965314 -19.691990722834383 -20.094742951840505 -17.822883904305517 -17.981112938293787 -18.539412914752866
51
 -2.121898661579704 -6.244061301882649 -6.724156583492895 -7.039137234252184 -7.397951995903406 -8.016786261418092 -8.773757145532697 -9.24410202195342 -7.145918822581425 -7.010237412049286 -9.19723894635278 -8.134248658412593 -7.492429932356169 -8.002619741694673 -9.744203806735097 -8.338633246154428 -9.535886720231932 -8.567316897357749 -9.059458980712785 -14.926458959920094 -14.144380662930045 -14.537728432370663 -16.205115098903104 -16.609202293955697 -15.773657460542793 -16.382110501937127 -13.916421479021439 -16.720500082024675 -16.30183386743771 -15.420198769512679 -15.906516561296604 -17.864125926721993 -15.346318766971349 -16.628038281581322 -18.364059632615206 -15.776564879840162 -14.814872365694882 -18.7260913659006 -18.2273721630624 -16.82216947221929 -17.81401666624944 -17.735810250583654 -18.044986078212073 -18.64798364804119 -18.340475450184655 -17.003150952285175 -14.653677140883133 -19.24067642493816 -18.14166101271027 -20.359705380073784 -20.36592372532486
ADAPTDoubling
10
51
 -2.121898661579704 -5.502142469605321 -5.858843392813679 -6.491763318599928 -7.17886599252749 -8.138786933534591 -7.557742274958302 -9.199519891212615 -7.5773328694410695 -8.71593136730454 -9.194529187339885 -9.845565823528807 -9.496835721989585 -10.867439888381707 -8.723303229952165 -9.01689209103476 -7.111885457297993 -10.059478138301685 -9.205405378284414 -11.074032210398489 -10.867586403399192 -11.709351661421925 -10.33214181582856 -12.399286178889207 -9.820214069091017 -10.583187105905758 -11.97237209988037 -13.198301829013301 -12.120047697688989 -10.948951201085427 -10.393592660014448 -13.37254499238328 -9.865573664798715 -12.346499900181048 -14.723750956112742 -12.72451124516677 -12.718069047671674 -11.357286161081625 -13.439009249160332 -13.400223294116442 -12.307961726119181 -14.818784119029834 -13.768003010733226 -15.034578065491287 -15.07461830270769 -15.184978794164085 -15.260348198991927 -12.277069293849 -15.979837269628712 -14.056347178477871 -11.621441756637477
51
 -2.121898661579704 -7.439623127986018 -7.543701058963735 -4.523810620722183 -7.94937721037403 -9.09412611265686 -7.329175350152621 -10.866438682728171 -9.591566920798263 -10.373270012904781 -8.007980273260587 -12.04178504912682 -8.073459625406448 -9.736870183616658 -10.366632562225323 -8.668605659297866 -9.954465023298328 -10.105053973596393 -9.324916277618097 -10.243229696556801 -9.555568938273424 -11.080549565913962 -9.393852497336747 -11.948732114269507 -12.173927082885458 -12.745745943434613 -10.46082248064032 -11.49457715487393 -11.778042358746967 -12.419868029165672 -11.896223388830421 -13.068557582795023 -10.461082639240615 -13.132382938725902 -12.636290085034787 -14.33083671216813 -12.983940595526478 -14.290472872322093 -14.38357431226313 -12.123288052667972 -14.890053854820868 -11.192756176942614 -14.817571164536934 -14.929017479617361 -13.9291455104226 -14.9867282093779 -15.530195586166471 -15.625136636112872 -17.60905374101015 -16.470964360240746 -16.778749544768303
51
 -2.121898661579704 -3.1540809205730342 -7.7139765617813465 -7.336534751412281 -7.266116247032822 -10.057912588552137 -10.12427848829695 -7.821406205879271 -6.897768812967878 -8.99681170271676 -9.294753500496407 -9.2490367845167 -11.061027635869035 -8.518990385325093 -9.876394380553947 -6.378401354948837 -10.494483956455477 -10.193860769008591 -10.031893474852117 -10.77548903529404 -11.45457726606704 -11.191234117103063 -9.893873430074509 -12.505890150592725 -12.64085813889538 -12.590118880965294 -9.21113060928887 -12.012222894177977 -11.14225622798427 -12.649772956341375 -11.966135891154662 -11.623881115246858 -13.326577922201738 -11.467470165325034 -12.286103779250924 -11.963906884957904 -11.588342342324207 -13.153678416001368 -15.591920471345716 -12.954110143315766 -13.94995212751856 -12.560472468372234 -15.33188891726745 -10.349515309020946 -16.07228581450909 -16.218620072285525 -12.880553867033608 -14.940717135602924 -16.421665728327294 -16.87473820386202 -17.505597653442727
51
 -2.121898661579704 -6.191458811559316 -7.514282282261638 -7.118760147201236 -8.107978189340631 -6.562891407790321 -8.543198909415516 -8.908041074687189 -10.528653932832528 -11.386096938627233 -9.275369102351268 -9.391802398073924 -7.486287002106578 -8.948967122390574 -7.722207257979568 -10.438313582894486 -8.74734009089216 -9.955914017485249 -9.833257543259023 -11.90002567339754 -10.729494648204794 -11.0020116857016 -11.70188454511975 -10.79795698819093 -12.431247936722734 -12.551560978942417 -10.722514403461053 -11.452680234034052 -12.473178775226309 -11.066064500995461 -13.50664804285344 -13.035809867692105 -14.16643469811565 -13.833284561148902 -14.657511009509712 -12.928789375709444 -12.329641503395722 -13.081550654719784 -15.060614626662689 -11.03485257126105 -13.607669453496703 -14.75150616696449 -15.021291261765175 -15.938534113672782 -14.10041881716381 -13.659163556651322 -15.260474576554596 -15.11562931930193 -16.026821492014964 -14.978729207496789 -17.350310100909674
51
 -2.121898661579704 -5.326147044311536 -7.879348813413108 -6.818619843044964 -7.080003428235892 -6.433076051769056 -8.999165355585152 -6.9363497877239615 -9.358718363265574 -10.672390100966112 -9.85893998822009 -9.942065418848063 -8.738917730150808 -7.036521475518309 -9.330004111851503 -7.478084509540748 -9.37645647213729 -9.655739299181967 -12.602817394907719 -11.361880416038217 -10.989843591251013 -9.856751049694617 -12.312040079965746 -13.273425309322576 -9.175807189041967 -12.940878077704609 -12.38961589268784 -10.95047538378381 -11.159071229208184 -11.651018872490189 -12.48719363679843 -12.4097145560926 -11.651745364603398 -9.946894651934999 -12.916054731584305 -12.284406229116273 -13.07114279007744 -13.971028115165671 -14.46400673494671 -15.497644231799493 -15.115874425586323 -15.795471426944763 -13.316158828485957 -12.7478495375719 -15.130983500967385 -15.20066547927466 -13.925444571316541 -15.573422471775482 -16.600012205271874 -14.558507686987284 -16.325771235675262
51
 -2.121898661579704 -5.929659714488428 -6.669165057252337 -8.48874687345848 -9.319734700844403 -5.837700808571885 -9.17834034236396 -8.830572005150193 -7.477567907756922 -9.128793582211324 -9.22004300241322 -9.772464051742913 -8.414224644213183 -9.317513316007581 -10.285849927041946 -10.362521504217277 -10.264811263301462 -8.376452800763513 -11.150798358509082 -10.667971480642581 -10.787808705519376 -10.351968481665361 -11.454608788165519 -10.610564005760546 -9.642129796571076 -12.086801031272081 -11.984477581970758 -12.542861034536575 -13.418111263569669 -10.108918530458071 -13.059710235766905 -11.448848666180591 -13.193366904745881 -15.08678934222295 -14.241261477407312 -15.02332149876237 -15.012900821243012 -12.182955010039052 -12.096578863807094 -13.982507618819689 -15.044699768240324 -14.821125048857251 -16.33476410613387 -15.27423106747852 -15.392207377667166 -12.08144044214722 -15.92289260361012 -16.887285525981152 -16.29495701944241 -16.97682671877499 -15.088748777399914
51
 -2.121898661579704 -6.26088464563059 -4.654698963977682 -5.280383693739702 -8.855374110754147 -7.564759231988477 -7.9353560042795195 -8.472814046897783 -8.4465692875337 -10.815832245200571 -8.594616389847122 -8.09216179077421 -10.02958803078069 -10.058026544543711 -10.461455628270661 -9.016774700865348 -8.160021547989363 -9.063548861736818 -8.449499251952094 -11.4172749081751 -10.716840375813103 -10.166897199362435 -11.132514126942546 -9.091673993642901 -12.154772430088789 -9.287198219021766 -12.658522681008025 -14.077456890583088 -11.049452782015122 -9.9460861962929 -13.273740228222566 -13.040336328784756 -12.03621869468422 -11.493477165836545 -12.094468174572501 -13.673719030862397 -14.97652801426178 -13.98595696646072 -14.23422316852368 -14.061467579232241 -13.621698640393001 -12.30568226079428 -14.338916328800893 -15.156636760284846 -15.160755095175805 -13.395148787577225 -14.777645451645434 -15.522035132903783 -17.63850027594357 -17.252921113862893 -15.422046365834293
51
 -2.121898661579704 -6.899823840807522 -6.398867199095429 -7.504430442124231 -7.72129168343695 -10.436422379472756 -9.019752012642215 -9.084354462637334 -10.737151573168955 -8.905914154059916 -9.259228820765705 -8.88801895427269 -8.03901775644821 -10.324104050515398 -8.796696813837828 -8.881780892859208 -10.525671492289002 -11.101051726091779 -12.02864777946189 -10.692610048026093 -11.408110983259213 -12.649562932462297 -11.630105463733994 -9.577542841310908 -12.510114794873909 -11.991329194545909 -14.237746061397859 -12.111647020909723 -10.900302189229707 -13.301665042700753 -10.41134030707891 -12.402856062075374 -13.98371668073284 -12.605956515080097 -15.462882259635036 -13.258207638224107 -12.358564199543354 -12.773241565922993 -14.654131241546768 -15.244365247471793 -14.496269554464606 -13.72496970253792 -12.137050660832045 -13.847588555401323 -13.42487771788406 -15.60895799538546 -14.916635197825693 -14.131926540651362 -14.706446785839175 -13.315598035989607 -18.22734033834188
51
 -2.121898661579704 -7.220332308221409 -7.725110036300066 -4.678811148678624 -9.53576009598946 -9.25459747416823 -7.610963795973108 -7.227448646840095 -8.911729590103437 -9.027771884692669 -8.995201184392679 -10.529111537549074 -10.625939471763537 -10.75657417772753 -11.05311973924772 -10.924224718885768 -7.196953587216613 -10.159636785955614 -10.580610640022272 -11.21545293427045 -9.434888975929464 -11.940271442086894 -9.062184584001328 -11.619573788867523 -9.639914403681905 -11.509843210866602 -11.484025787540206 -10.769352175487539 -12.128158810693693 -11.113190201002807 -12.715533505425924 -13.217720445358458 -13.951927267415916 -13.406168066575434 -13.367818760765772 -9.90623381177852 -14.973251269747331 -10.308331089877653 -14.09009928589295 -13.669660776965602 -12.974613823985942 -13.645483836380329 -12.904254728873772 -14.628264950239428 -15.108988047344795 -16.29196537863962 -14.296797624967141 -13.097831835089686 -16.823249377158263 -19.55659677839188 -16.034166901290675
51
 -2.121898661579704 -2.7423828956482716 -5.466842054133091 -6.481782119427316 -8.748808150540022 -7.550263160877189 -8.364932450481602 -9.229399650963623 -9.383223584147158 -9.159302743073846 -7.802512760482595 -10.326444907888186 -10.436622682758575 -9.275190090773364 -7.38818237887686 -10.406262869214169 -10.325754997180926 -9.731611282886933 -10.040014258292704 -11.390227707081152 -10.45316004153096 -9.416637582300506 -12.240921965013005 -12.820699002397546 -11.85950734557759 -11.941908364302698 -12.406835662841294 -13.285350077360244 -12.833245121582294 -10.491959702085179 -12.40875894221191 -12.747363188018772 -14.285192610488084 -12.298157100358889 -12.525036887258642 -12.789564134094471 -12.222218645052076 -10.8876290751775 -14.019933642307128 -14.673951478435495 -9.074278228184104 -14.87679318225222 -15.263329218788042 -16.057585174525297 -15.624213591213632 -11.592287267646732 -13.44212114640596 -16.65162428632767 -13.156161439097602 -17.02834700086563 -16.320588221709087
MainSSVRG
10
51
 -2.121898661579704 -8.722079970951079 -7.744913648240349 -7.889413964283001 -8.057014840540914 -10.19585330185238 -8.854785678700503 -7.5457865593639495 -9.87218458324535 -9.05997072523944 -8.010122981542354 -8.371878633191184 -13.687339096879342 -13.770438191352174 -14.418908156090168 -14.755463746215002 -14.195315476516207 -14.793895637893659 -15.002191702714327 -14.84020490547697 -13.444997071612748 -15.863743780186581 -15.308337980613281 -14.56020319663797 -15.001945237458772 -15.001945237458772 -15.001945237458772 -16.80325247363123 -16.616031415006173 -16.804651641278372 -16.843231625301936 -16.755077319041888 -17.14393772276523 -16.892669000964318 -16.978261722420783 -17.075094450178707 -17.075094450178707 -17.075094450178707 -17.075094450178707 -17.075094450178707 -17.075094450178707 -17.075094450178707 -17.075094450178707 -19.000758795712507 -19.431280132001508 -19.397731695965575 -19.160159360056337 -19.36551919241954 -19.36551919241954 -19.36551919241954 -19.36551919241954
51
 -2.121898661579704 -8.916945305726001 -7.584792163273672 -9.557441735749427 -7.915012042186255 -8.246030280988055 -8.040132755055696 -9.145332320191143 -7.685948582571025 -9.522916584576485 -10.210411930048961 -8.781596400214907 -12.697611838434828 -13.536039180054985 -13.704767970589971 -14.126764259998925 -14.253491398281435 -13.916703031541426 -13.822983836146518 -15.591033091588622 -15.591033091588622 -16.029157122133192 -16.389397112138617 -16.49374701985008 -16.702350667037773 -16.600512086800745 -16.80843783913754 -16.923987435482008 -16.961850195794064 -16.992608229388964 -16.85998117415929 -17.059272321857822 -17.059272321857822 -17.059272321857822 -17.059272321857822 -17.059272321857822 -17.059272321857822 -17.059272321857822 -17.059272321857822 -17.912542252618422 -18.438486419291564 -18.547161509851946 -18.50533455453065 -18.678350177405147 -18.695147500507655 -18.681561979751628 -18.487822640906042 -18.487822640906042 -18.487822640906042 -18.487822640906042 -18.487822640906042
51
 -2.121898661579704 -8.595110925772898 -7.756727989391234 -8.161196511919709 -8.059015695840948 -8.376467361180973 -8.654662295243648 -9.192347360330006 -14.855983807587725 -14.775738792555273 -14.392264324292965 -14.392264324292965 -16.148245911697668 -16.46628773832005 -16.43787584995088 -16.283179629649293 -16.68813512712579 -16.56004758414634 -16.66578723992604 -16.505871135189693 -16.664840915281644 -16.664840915281644 -16.664840915281644 -16.664840915281644 -16.664840915281644 -16.664840915281644 -16.664840915281644 -17.837269322717052 -18.72047955987013 -19.02962528577098 -18.94583726813234 -18.915160069679136 -19.20296686582585 -18.84427633892569 -18.84427633892569 -18.84427633892569 -18.84427633892569 -18.84427633892569 -18.84427633892569 -18.84427633892569 -18.84427633892569 -18.84427633892569 -18.366128330241896 -17.87292140245469 -17.852718560276532 -17.920485795955813 -17.91941842752676 -17.893877745840417 -17.86655588404407 -17.905178572041493 -17.953522632783493
51
 -2.121898661579704 -8.640052562261364 -7.754483546586935 -9.321981248989005 -7.711385276976981 -9.649614210216468 -9.462047458074716 -7.685970858812387 -9.832223020500527 -8.592708138877843 -9.392428022432346 -7.7949446710243 -12.12427027760787 -15.178114829440352 -15.29774858862067 -15.285084297537898 -14.819313272866932 -15.324183795672935 -15.34007939651108 -15.258639602475034 -14.241960624391016 -14.793303153765805 -15.30249589191746 -14.690151946341976 -15.021312534807885 -14.602683283479676 -15.370652636629226 -14.748599674028302 -14.748599674028302 -14.748599674028302 -16.41680127809292 -16.276983232458413 -16.338252833015638 -16.27608703121329 -16.168200138446355 -16.168200138446355 -16.168200138446355 -16.168200138446355 -16.168200138446355 -16.168200138446355 -16.168200138446355 -16.168200138446355 -19.31777005559252 -19.507844067738304 -19.31253802238972 -19.44775477723242 -19.202492080560223 -19.682616293088337 -19.514825971240697 -19.5854815983961 -19.373703574281887
51
 -2.121898661579704 -8.208936819961444 -8.471566183854994 -8.98316509225105 -7.995466266000098 -7.557730875070898 -8.782555754412417 -7.678296072226958 -9.718576795475983 -8.126012925538664 -6.49150932459289 -9.116884789170085 -9.459398628681388 -14.248148304787307 -14.537031599972309 -14.373376940132657 -15.493836469450091 -15.526205647672931 -15.104728901191775 -15.104728901191775 -16.00179426617077 -16.411962079798283 -16.507965908419862 -16.633887393565974 -16.66747974358825 -16.75221100137296 -16.631667283621237 -16.631667283621237 -16.631667283621237 -16.631667283621237 -16.631667283621237 -16.631667283621237 -16.631667283621237 -16.631667283621237 -18.964984730737743 -18.912044741862612 -18.99253882801367 -18.99372513224576 -19.034920644831175 -19.101252189997744 -19.036304077392213 -19.161841007818825 -18.960302919295994 -19.032796159130683 -19.08086499981386 -19.05004240086101 -19.103310797328177 -19.138959687307395 -19.081445984246 -19.081445984246 -19.081445984246
51
 -2.121898661579704 -8.48777351151323 -9.447013206962865 -6.58608056194438 -8.437702924572207 -8.432696176108598 -9.050284676624553 -8.707757316523201 -8.850256993902299 -9.654238995186525 -14.051400686440797 -14.038131833451514 -14.038131833451514 -14.038131833451514 -15.044646388287418 -15.398575966428533 -15.779728059669342 -16.125334321587374 -16.37305460654421 -16.596185329357564 -16.768289299066318 -17.018198811873887 -16.907204456668538 -17.288903269246386 -16.957825695990582 -17.04250693195891 -17.50130481855714 -17.245478578199016 -17.21095630880202 -17.541320367572894 -17.541320367572894 -17.541320367572894 -17.541320367572894 -17.541320367572894 -17.541320367572894 -17.541320367572894 -17.541320367572894 -19.16396471551788 -19.150500766510472 -19.213069325612953 -18.986185501762034 -19.165700941458372 -19.164117259956903 -18.979801916064083 -18.85456524611355 -18.889262979667123 -18.986702724358956 -18.661501013520585 -18.794299493480725 -18.794299493480725 -18.794299493480725
51
 -2.121898661579704 -7.398279318900809 -8.494388560436189 -9.532822500635643 -9.713135251482452 -9.741785372473936 -8.97098885927708 -9.010792383491244 -7.36802412206701 -8.515309570770983 -8.885675158647395 -10.07396261705229 -8.189233638152272 -10.802534941946142 -13.788589975343552 -13.819117626221969 -13.819117626221969 -14.683481813807267 -15.234684839913136 -15.652206855556983 -16.095324704139184 -16.391911133761596 -16.783576270152214 -16.86781640801763 -16.86781640801763 -16.86781640801763 -16.86781640801763 -16.86781640801763 -16.86781640801763 -16.86781640801763 -16.86781640801763 -18.19066132160264 -18.557038520894995 -18.950827528093487 -19.1570911901922 -19.402847036609703 -19.34976033766471 -19.419091770602822 -19.486286707969658 -19.567722122800614 -19.7970373946582 -19.751711725218062 -19.751711725218062 -19.751711725218062 -19.751711725218062 -19.751711725218062 -19.751711725218062 -19.751711725218062 -19.751711725218062 -19.751711725218062 -18.876881951291875
51
 -2.121898661579704 -8.738382628404604 -9.186008730894164 -12.572001146005281 -12.863266900096173 -12.703766587104123 -13.813577059509187 -14.16066665420444 -13.78037574621983 -14.493172433759185 -12.884282217604694 -15.028747761318046 -15.016870775218552 -14.662610508038389 -14.662610508038389 -14.662610508038389 -16.404913148625276 -16.659431093401782 -16.78583412536379 -16.94695774351166 -16.94695774351166 -16.94695774351166 -16.94695774351166 -16.94695774351166 -16.94695774351166 -16.94695774351166 -16.94695774351166 -17.896500651277925 -17.95118645273801 -18.039789340902395 -18.067430959505927 -18.1183315334043 -18.26549079950649 -18.17279800890383 -18.190600952233307 -18.190600952233307 -18.190600952233307 -18.190600952233307 -18.190600952233307 -18.190600952233307 -18.190600952233307 -18.190600952233307 -18.190600952233307 -18.791978122972605 -18.75225997138974 -18.683476522711363 -18.7212753871244 -18.549619279095737 -18.668534100414806 -18.653430245597246 -18.622377271767128
51
 -2.121898661579704 -8.129944565789474 -7.982699261107192 -12.29572822405033 -12.673432879417145 -12.815407606887655 -13.742093278819715 -13.886995571436962 -14.521955554495015 -13.626278689083195 -14.510038210752619 -14.563580489471088 -14.563580489471088 -14.563580489471088 -16.191875951040647 -16.25040137588726 -16.337401327042475 -16.516638879351987 -16.599856076140572 -16.516747399338644 -16.733467474565014 -16.79295213755717 -16.966819333415426 -16.89594337260524 -16.860694559323907 -16.860694559323907 -16.860694559323907 -16.860694559323907 -16.860694559323907 -16.860694559323907 -16.860694559323907 -16.860694559323907 -18.19865119680448 -18.354623771645223 -18.349126426835394 -18.39258710880121 -18.364641987988684 -18.461903619325952 -18.373561891510818 -18.401708623841184 -18.448993681172567 -18.406113448097138 -18.490257277313447 -18.51419233042185 -18.51419233042185 -18.51419233042185 -18.51419233042185 -18.51419233042185 -18.51419233042185 -18.51419233042185 -18.51419233042185
51
 -2.121898661579704 -8.536821726262062 -9.299605687135491 -8.641755450788395 -12.959618526325274 -14.356912624680193 -14.614109754517001 -14.6318760306883 -14.979967891967195 -14.429426046502902 -14.346066637330328 -14.647742494097248 -14.546969932782371 -14.828709429790404 -15.103403491517014 -14.831502175905197 -14.794201909459986 -15.747705620566876 -14.583170905548611 -14.737878183972741 -14.737878183972741 -16.875396080269677 -16.660250035856826 -16.642408050088598 -16.78268553495735 -16.63971631722445 -16.486277143371375 -16.564328365725206 -16.683020182981835 -16.634080659651246 -16.5134467647642 -16.56561380242676 -16.568034844621536 -16.568034844621536 -16.568034844621536 -16.568034844621536 -16.568034844621536 -16.568034844621536 -16.568034844621536 -16.568034844621536 -18.469052720513016 -18.25421197410384 -18.268918848027088 -18.147429094528484 -18.39540314970536 -18.382822093735914 -18.498142983588362 -18.489943355069865 -18.33936400147345 -18.44959719420785 -18.47961166322574
SGD:0.05
10
51
 -2.121898661579704 -6.134835834637327 -4.043816629153852 -4.148151912719701 -5.475741284907018 -5.241231449896689 -5.58056101575771 -5.5406597707865375 -4.51967400739969 -5.7414495726355135 -4.95733866319742 -7.474029240557939 -4.837553826798999 -5.033957340125037 -6.1304731576784555 -4.972386941939809 -3.8825434549643707 -5.651455768761165 -5.138922941892955 -5.3298962667847185 -5.034838815294207 -5.890880969253312 -1.9737217354816126 -4.149689637538979 -4.411822607753311 -3.969845691130661 -4.653484048033038 -5.728298605492207 -4.977007549227374 -5.3348275046633065 -4.42498254277529 -6.2052242758621565 -4.380890607488673 -3.694317165834842 -4.3333124223046875 -6.5195004205805445 -2.815419402393001 -5.9068286389499285 -3.775033716872896 -3.739789901094973 -4.144702961718671 -6.839932723356224 -5.160457606302796 -2.6695062509331398 -5.116250196021577 -5.41826043966644 -5.858278817075849 -4.605264805136958 -3.4957356587331003 -3.6708223458505413 -5.367510290257882
51
 -2.121898661579704 -4.68603548973567 -5.61872429080046 -6.273620573509341 -3.038939654523114 -5.727211689984677 -4.128576044006483 -5.496262083713406 -6.226252731848358 -5.439620396772837 -4.10028206974771 -4.985835344178959 -5.340718084582404 -4.130308805046908 -5.745160896696284 -4.018103931705519 -4.475057486009255 -4.620730456416706 -4.247096740150086 -4.0380476427994365 -5.021342382927549 -5.933484203628377 -5.7171538381054585 -4.695313439541268 -6.256956910065664 -2.410841202006102 -3.3088505583719074 -4.7774336120350105 -4.412430426751669 -6.418940519640863 -6.510179403075652 -6.998053889716993 -4.322699131142779 -2.5944533639274194 -4.164324908002674 -4.467483929952294 -3.843768838110686 -2.991771776148177 -5.359322839690594 -5.926311665831471 -4.2482326506114845 -6.042926007486331 -6.026007509997814 -5.8341160062516515 -5.578657697400658 -3.870692660646236 -5.2531193791388855 -4.81921592444221 -4.497008350663135 -5.821456409228427 -6.516039745929521
51
 -2.121898661579704 -5.434581157276443 -2.647243838219806 -4.767074841166809 -4.500036710182235 -3.8380240283427267 -4.503894110685769 -3.492166026007824 -3.5672423789594214 -4.764106058377348 -4.9081091426170556 -6.821414666853312 -4.797425002705957 -5.047156833486249 -5.072364400836424 -6.366278648412973 -4.701375114470279 -5.5084442854596825 -5.276989723839848 -4.701958676312996 -3.4731279568690194 -4.1929720673943915 -5.189934337509922 -7.90607252417998 -4.077200798871894 -4.545746976315843 -5.280708783992565 -4.151374401689352 -3.435567637583918 -5.64066708082064 -4.440535432211104 -4.023524482515118 -3.7949422114031415 -4.1336550925484055 -5.5888038872934755 -6.231058237011195 -4.7561322636182695 -3.673098521334845 -5.05570064875431 -4.740360982362055 -4.457366890473557 -5.952129041535475 -3.3223749474475577 -3.6120550868603583 -4.263563430701272 -5.341027921969793 -5.371537321505678 -3.9826886821972645 -5.613664462459571 -6.006402067634338 -5.209422991086215
51
 -2.121898661579704 -3.516126445931185 -4.959445847681665 -5.945066492071461 -5.283017254104447 -5.845090311985023 -6.199747525374713 -4.393286372749422 -4.941847434595529 -3.4506612218802775 -4.944897641309818 -5.351656905587279 -2.4338275081843705 -3.983959921148892 -4.056011769758059 -5.524510491573496 -6.814671791548165 -6.04660806583152 -4.68338906262848 -3.9897254224909173 -5.31881032646558 -3.3780515913112303 -4.329594098852723 -3.407655584585324 -4.8203023873509325 -4.916917295774333 -5.0297744450443425 -5.544695774654495 -3.3209256170311297 -3.598282724279292 -5.25227519168489 -6.200840178807216 -5.340045231123557 -5.039114861513776 -6.664649041198213 -5.5031828019109295 -4.326066936590181 -3.8881526708883687 -4.1738737302472035 -3.5326805787504174 -5.1244101514301965 -3.296316139355008 -5.551835319509774 -3.368121846164224 -5.279608326873537 -4.165374697309618 -6.336032001703601 -3.27861619892155 -4.605314096022387 -5.72066075834349 -5.737206230860184
51
 -2.121898661579704 -4.239889150306207 -3.6476710573940463 -7.3445689166314505 -5.229738009813722 -5.41487039122058 -4.76932461022437 -2.993453737314802 -5.495349284995524 -5.653489903713092 -7.064947060149005 -2.7699488860089008 -5.4325463936058265 -3.3567467851811252 -5.8567503873911395 -4.418994630536354 -4.732890421182685 -3.7840649607684504 -6.5074830288954555 -5.411096130149604 -4.622362383456997 -5.549470105283991 -4.35351212940055 -4.690412422620307 -3.677861028883249 -4.860814304627351 -5.866407451789962 -6.382011025463442 -4.714807580734181 -5.252981113901187 -5.791039982507037 -3.480971490261978 -5.053124344184665 -3.9438419477313116 -6.394291572437585 -5.5719504575431555 -4.546044551799289 -4.085614992402713 -3.9685023579984864 -3.8238952952158054 -4.998272419865293 -5.989617933300531 -6.223465278329129 -5.823635999409754 -5.589769944105721 -6.320311777930689 -5.539817506385376 -4.911563849961491 -4.323819180432466 -5.659724829677197 -5.847642729541451
51
 -2.121898661579704 -5.0877038668053585 -5.304146534684732 -3.9371021466965543 -5.937853954099159 -5.1227908830934705 -5.969889757581323 -5.379212348034636 -5.650125044062126 -4.598920543503202 -4.969204829149696 -6.345014963882993 -5.552772144959721 -5.543008326765872 -4.896057055162545 -5.950346766603724 -3.990134824231436 -2.783370718184758 -4.423404985552681 -4.651119573050345 -2.791567172571917 -5.294253240148556 -4.596666655275024 -4.897292784963417 -5.388998097375766 -4.730501244157128 -3.528303149676835 -4.983337627070622 -3.6395284495859785 -5.759600968946928 -5.530473424450425 -5.364674013267394 -4.473950555914265 -5.001335371341576 -5.976725869159413 -4.34203240973074 -4.0629813598544855 -5.291875096618395 -4.605534413246084 -6.506327286506927 -5.359817401022691 -3.3299276991045477 -5.345137725763696 -4.44961070368624 -4.2813453731298425 -4.390674986665275 -4.09223728510993 -5.289149645963848 -5.6162170183771645 -4.340016498913938 -5.264269229235874
51
 -2.121898661579704 -5.097560824135358 -4.161700436541839 -5.785472767181499 -5.352260298873545 -4.490688827472866 -4.59256458697523 -4.914622720331589 -5.675279375540693 -4.802612925117988 -5.104575770378454 -5.633247872350268 -6.2224258643382875 -5.1839708783148435 -3.9288519965294135 -3.4761968243252253 -4.056022794879784 -6.128424092117438 -5.6202226214860085 -3.5154175755314316 -5.7541683778127695 -4.776646455952037 -6.2001806739394665 -5.48532206487833 -5.137320884773391 -4.905360840428437 -4.697582854913073 -4.447420020852447 -4.529248878126944 -5.661892026131824 -2.6337767515490627 -4.435303456280258 -5.575501393692958 -4.845991296189411 -4.968102857941802 -3.736424233388047 -4.630130606858519 -5.8061906164808645 -5.159285859699259 -4.519325560835449 -4.695430896113324 -3.8879045168313513 -6.09590708373334 -5.334850506475681 -5.623932582733871 -3.0496745766317845 -2.548918391173676 -5.663487164394634 -3.938543063430355 -6.026752640949269 -6.086933367056766
51
 -2.121898661579704 -5.5536470954167 -4.555691228565937 -3.8758779815007496 -4.882994019922201 -6.156464647035183 -4.74632070912045 -5.535674747259045 -5.56162065348843 -5.2303160184883755 -5.337034146043975 -5.696208368406373 -4.879217878251138 -6.650502972783738 -6.547700295055078 -4.865407908021976 -4.595548460590445 -4.088147391008542 -3.7675854690617365 -4.622903578012251 -5.582631859251187 -5.039739690261483 -4.857594830401363 -6.30226662117288 -4.816222479273964 -4.764905415600477 -4.982566573067681 -3.8323136039553685 -6.401753454249765 -5.633040532060658 -5.731508067037733 -3.9273723485740333 -4.909726179249936 -4.5120294905783025 -4.421445441995837 -4.964993167682147 -4.721188825948681 -4.6342821014990685 -6.944333347652919 -5.447550486916603 -5.126085620966105 -3.6837694788589137 -5.545745924409669 -2.9191918268698256 -5.2861678734823965 -5.406532744080328 -5.531582105919061 -5.058784376397503 -5.818053145472272 -4.331048662692595 -5.567786714541622
51
 -2.121898661579704 -4.187789641453885 -3.9436036495966236 -4.384156259940715 -5.035784523233961 -4.981149285734343 -5.557661361970348 -5.125619530698631 -6.454356470867694 -4.974271228743981 -4.8517456864675195 -4.973835947569027 -3.676934776976584 -3.4160050444742676 -6.130396806755206 -6.199238527234502 -5.095230516131124 -5.413817069475269 -4.399391858310361 -6.402585147473903 -5.8690407935214415 -5.422374231913108 -5.943246661463659 -3.957956429148518 -5.60946318654557 -3.614885926796973 -4.231427820921074 -5.048698291156405 -4.741590160409081 -5.662213448613144 -3.125035194601457 -5.9304047771292225 -5.230336711237995 -5.491643429295324 -4.570074329317826 -5.234421346268759 -4.486093242189128 -5.234390732293501 -5.688315570324924 -4.847147607389875 -4.921073221207321 -5.811471690742395 -3.009862686316618 -5.497792369628185 -4.743427746261575 -5.671021182928513 -6.139371654603197 -4.607459384091965 -5.0969524329882425 -6.3423622867149625 -4.802756269539208
51
 -2.121898661579704 -4.600988848856166 -5.772564456489791 -6.490976967984803 -4.5661538171017115 -6.195800330719543 -3.2707727841045 -3.8252357491723146 -6.467151448080389 -6.275080976099545 -5.141314206479443 -4.884619844265385 -5.226256229562023 -4.186168549320579 -6.879832135359216 -3.0577486527296664 -4.389867244775932 -7.6950453490012105 -6.422488331249864 -5.938368662347104 -3.9838444078968456 -5.556541961638639 -4.729909702588871 -6.596348760668555 -3.2619711964092817 -4.465286907785416 -3.4671997919109754 -5.136357794808833 -4.267158255707237 -4.51047787433194 -5.121118306368723 -5.096033822613592 -5.076145302235706 -4.3985695866585255 -6.4358695274679 -6.394396237087079 -2.0158453811926518 -5.766200624513758 -5.474121226497754 -5.765274200056284 -6.712676145282229 -4.3327832839236535 -4.493609705408228 -4.843078807863091 -2.9604218357854366 -5.833566837157509 -5.247030144550045 -4.468028129076347 -4.041479311207443 -4.863817308036005 -8.072341421910384
SGD:0.005
10
51
 -2.121898661579704 -9.953000726567113 -7.04139974741327 -8.818524914688943 -8.50304173203102 -8.4233711319802 -7.225154148203717 -8.436893321094196 -7.659902335080904 -7.063082956644297 -9.306682431258439 -9.7697728536459 -8.383190779892574 -8.285287232577394 -8.947421381799654 -8.019762128534582 -8.672919437609968 -8.915338551144288 -8.073963123088989 -9.002713640369858 -7.034023775440479 -9.691322387468048 -7.866062188384605 -8.10507998842221 -8.72880095231585 -8.831409966149145 -7.952537113552116 -8.980893809790505 -9.788958800806085 -7.709035350738693 -10.464491133490945 -8.258392153386653 -11.285989286613848 -7.159263600916058 -8.206348069600148 -6.971973948226907 -7.417134849554197 -9.164422960991004 -10.609924537361117 -6.628045235470345 -8.869017791808435 -9.324609423198932 -9.282179069810912 -9.610928534520156 -9.254361947760334 -8.702114586768777 -9.333172832525353 -7.595541855308349 -6.856846141332966 -8.77598818234359 -6.797623679822479
51
 -2.121898661579704 -9.215250763344981 -8.789323150031567 -7.217879590036531 -9.561798998861223 -7.091342501420154 -6.867016895237863 -9.384502814578928 -8.440469344872778 -8.702884908238552 -10.52488932475176 -9.477541765682961 -10.23743148205479 -9.460684935992154 -9.226892530846115 -9.489756361544075 -8.56795685464446 -9.359171848383966 -6.732843051105297 -10.062268362892835 -6.786256208242483 -7.374491304616745 -7.397730655510765 -9.230853863656675 -8.732753994194887 -9.20463201026244 -8.167653825367038 -8.945826616196983 -7.709908145143329 -7.897942857282883 -9.979288722145322 -8.237027600237468 -7.891544907903812 -9.952327118203751 -8.863642988671097 -9.280197671762094 -9.121295292047133 -9.976272422497123 -6.600761373011378 -6.520225677843723 -6.526793047178116 -9.416069238251467 -9.111338356903149 -8.002700883109808 -9.365422089781033 -11.291214575467542 -9.564272731622676 -9.205626585709645 -8.385178835673328 -8.06802262853012 -9.720486937574519
51
 -2.121898661579704 -6.771095226599535 -8.954680138940402 -8.151946100253733 -7.208604342626633 -8.567812892367575 -8.621936521578242 -8.371483508979377 -9.845527557861226 -8.573169655639363 -10.782592022102506 -7.597928625967879 -9.38248892393511 -7.058577534250913 -10.123354227448099 -8.946990706417473 -9.929200569912714 -10.582298045632335 -8.098434858234544 -8.635620367729308 -8.497146690822007 -8.547278203550928 -7.614137821859461 -10.955049217824728 -9.026830222669767 -9.841775413987076 -7.381246409690017 -8.206600998233549 -9.56338906366833 -9.510306284091437 -5.752701860568089 -7.38214666146214 -8.828570992529302 -7.971266562543889 -8.926857003277027 -9.65686326047763 -6.630837265506455 -7.743939647329715 -6.812406764375212 -7.557526674342921 -8.300974106479822 -9.501791734393828 -6.0457546874967445 -7.892400717087572 -10.4032935868358 -8.189137426478357 -6.968922673680163 -8.662661558363942 -9.349904266183334 -5.534646208377083 -8.959899806517331
51
 -2.121898661579704 -6.407197930094535 -8.97039539709662 -8.193897224357574 -9.469854482452762 -7.356398770210077 -7.2820926231991985 -11.257155421438824 -8.266532941143799 -6.2806450006128935 -7.918980489280407 -8.029915623668176 -10.389379077963198 -8.140497341490613 -8.733183975960376 -9.032475705903309 -5.8498693569436675 -8.946299154967523 -8.756147918510539 -8.96399906736375 -10.037910788577353 -9.372590842109778 -8.078198860408023 -7.651696600175969 -7.112490085326511 -6.410729577603481 -9.208163059666557 -8.2631248122014 -7.5073443292781326 -9.760513980640125 -10.371272019291473 -7.864728229047768 -10.46072115698634 -9.882751693942723 -7.413856161638082 -9.23212661929068 -7.250108196761065 -8.707632635622346 -7.6102730672152274 -5.595423712460638 -8.668655334146154 -8.61542787246433 -9.666090997222716 -9.019130579388431 -9.668235200061691 -8.97256232289007 -7.757301047095089 -7.380239177033876 -8.344881649659389 -7.162014892110225 -9.87465922174004
51
 -2.121898661579704 -8.711418255014891 -8.758845413212704 -9.050412078126588 -6.751232519872276 -8.04202376558276 -6.283977173900061 -8.070917931666806 -8.828547716482468 -9.158640279799801 -8.799493762921907 -9.103997269890474 -9.45190484434968 -8.781273524093411 -8.490765403940072 -7.909021117086244 -8.632010615785402 -6.965717163984562 -9.82398209886489 -10.579492081694651 -9.512678115245391 -8.80568756410409 -6.676650018870409 -9.081449215336603 -9.358787750298266 -5.996630820428748 -8.521174592576273 -9.52642525570965 -8.45906361314955 -8.153310388422245 -5.683082690833669 -7.969592318062558 -9.36611985440552 -6.546613862368756 -8.54247670730813 -8.3196437497529 -9.23694176107595 -8.77987748389694 -8.326726377808214 -6.190926616685211 -10.716281751867621 -9.73314032557823 -9.290064376938544 -8.73862573964076 -9.236029683931802 -8.789128645065446 -9.006034618484597 -7.315036822874245 -8.63481657274675 -7.496735545593664 -8.426566620856114
51
 -2.121898661579704 -7.900717288532817 -8.871154964792362 -9.01743642198706 -9.006352417270397 -9.175027262833536 -11.997780903890913 -9.944617686559603 -7.689738103601654 -7.634159234340125 -8.344668628388488 -7.797525350913534 -8.150740073164664 -8.141168230879288 -8.738908854462162 -7.463345926689555 -10.540004192685467 -9.418602223195691 -6.761141960893621 -8.548711724187385 -9.864210761526724 -8.515176407694652 -7.257207737726193 -7.366763874431632 -8.780083323262025 -7.69272997134417 -8.031067337185313 -7.917261297945159 -7.7041817159682875 -7.077880821114352 -8.295228187919102 -6.019221334050824 -8.210030186961456 -9.204401466922322 -8.9351440315003 -10.744980077010139 -8.46649332739013 -7.70000429932668 -6.8250111501520845 -8.694376211120856 -8.423793644170608 -8.573270092970926 -8.890065149553878 -8.07918831087784 -6.978587696257897 -7.241996766951359 -8.219321817437319 -9.187375416735955 -8.613657232477708 -7.195781050758536 -8.89802470475099
51
 -2.121898661579704 -9.479562873414036 -8.85666119640243 -6.19060980698784 -8.079097070100861 -9.493034063755704 -7.891178074021915 -7.732018037977092 -7.3328271977552735 -9.206442575866056 -9.189246642332456 -9.763363094486749 -9.787767374262561 -8.061478022988496 -8.520941130798734 -9.491322103166253 -7.556823132242153 -9.11529236803628 -7.8166385985922116 -8.445422396737877 -7.958350133246742 -9.392734034830992 -9.704067110257956 -9.291304064049553 -10.581682059358155 -10.061579690817265 -8.849659227060554 -8.43899049442551 -7.988575593509038 -9.472061891370283 -9.517398359682232 -8.367945629394018 -9.861108400202806 -8.570276748197308 -10.46043269893421 -9.372551164785198 -6.87450751645772 -8.374308760834305 -6.605610568080226 -8.322266556814098 -7.0572705633608726 -7.987530790439879 -8.073394845188933 -8.545453809478229 -9.45953909950613 -7.951387419146564 -8.460390251842167 -9.144586034118152 -9.146820800875897 -7.622385159400735 -9.581128913745566
51
 -2.121898661579704 -9.149750930340964 -9.050076723744416 -9.504065984181832 -10.187053869356111 -7.300693763225489 -9.183760515647718 -9.384617154622186 -7.903265339702308 -7.350896154755274 -10.02201172861472 -9.069854788373936 -5.039684229241766 -10.53537852873942 -9.321148910667622 -9.224615672024385 -9.703668140478197 -7.573977310260308 -8.493498423001913 -8.877861676042938 -8.745528294587231 -8.482795308181004 -8.636532841264282 -8.865308544229052 -9.132120139757383 -9.653048668806527 -7.655605897636387 -8.930085008346397 -9.23590655488153 -8.015179946521465 -9.169955755681164 -7.11750405265859 -8.216741435088025 -9.64498507848467 -6.677148919735326 -9.402212070967115 -8.629652187694626 -8.514396276683847 -8.628486715359589 -10.214053713484775 -6.769656527912921 -9.50902097281463 -7.243995817835905 -8.500665725960282 -9.304652916850602 -7.679424774981296 -6.3382613160988415 -9.583824859312465 -8.410539243773291 -8.649322906976304 -8.160729165706305
51
 -2.121898661579704 -7.012551805981361 -8.68598377863492 -8.057569048604748 -8.791269026232019 -8.811393719347997 -10.252247022115082 -8.928392525494592 -7.894503853106115 -8.052426016538389 -9.476444932954475 -9.911212205286821 -8.056094288821837 -8.507479897749354 -8.47120179658641 -8.430978269510103 -8.415122456019471 -9.306165195332433 -8.543614310439596 -10.038889144239038 -9.52390233930822 -7.977527921643573 -9.426882067453912 -10.418238644412932 -7.731819372114717 -8.482819939897361 -9.880491940481377 -8.72037419025383 -8.166097625177281 -9.386060569573685 -9.58375925999502 -7.6005394561541655 -9.77725575590597 -6.378380926202292 -9.092001866794282 -9.337897869348385 -10.346644391017753 -8.13784824696875 -10.28882215977617 -9.904720216770382 -10.473667988186246 -9.758217334148314 -7.766776581573114 -7.9096427483371565 -9.116002678681586 -8.363540015002926 -8.313249895948735 -9.023784311579556 -8.123700041438573 -8.685756559621893 -10.19424477413047
51
 -2.121898661579704 -8.350033343888308 -9.140371652556984 -7.736102910888398 -10.009912397531604 -7.024291039503277 -6.085365277045419 -6.913796317890131 -8.169603498163177 -8.10590269123002 -8.757436645927458 -7.619804637168543 -8.104680683557108 -6.652204475210284 -8.40327199398419 -10.030897957663784 -9.966597603481034 -8.859111715819802 -6.6408051384278926 -7.328106778632876 -7.51440263805037 -7.356955167242915 -7.707200113453731 -8.452755101079536 -7.449924675729202 -7.395838146907443 -8.88673648310836 -8.799190734393349 -9.222857226417918 -7.178843484771345 -8.788393388904007 -7.700016572567003 -8.45465736704223 -8.528797122954748 -8.001576752066105 -8.974612563510176 -7.233782292941395 -8.4866978648536 -7.870782238227955 -10.830797772300006 -8.77941374366364 -8.394038730427756 -8.116189748518188 -7.062329760813421 -7.943129835143549 -5.780199627512469 -9.518795332344197 -6.78136342288421 -8.681042853326865 -9.898498037993543 -8.81730817724927
StreamingSVRG
10
51
 -2.121898661579704 -8.981643956322332 -8.386608936241922 -9.92759196240929 -10.420518252996704 -7.598888876313332 -10.067336104482122 -8.289354005459927 -9.166368937928778 -8.526963773134343 -8.12196865433111 -8.816198125835133 -8.835092011204605 -6.237842900285944 -8.367484495631022 -9.461795742591562 -7.575454255481153 -7.981657764158825 -9.497934129271128 -10.019350924413725 -9.977140802557143 -9.580600587707945 -8.34648769740292 -7.801004976017021 -9.796445351416883 -10.547550459857456 -10.090884037714549 -9.76424135319934 -10.962454483151816 -8.570350332826669 -10.221363877012218 -8.193830438529021 -8.872182162527226 -9.820865843793692 -7.9170498900318655 -9.072666094184948 -8.79420643413268 -10.038654443010152 -9.2837155053583 -7.550263839455456 -8.416112243413494 -8.005217198893254 -9.034196629882453 -11.144713971132434 -9.972421802851157 -9.952711267736987 -9.952711267736987 -9.952711267736987 -9.552343657025753 -8.570898411935104 -8.72647799264312
51
 -2.121898661579704 -8.363467076477537 -8.446174188825179 -8.502593357264702 -9.620864263903728 -8.390126049722785 -7.863105957827334 -8.83027474300569 -7.25452564840311 -8.54563366115612 -10.824633173443955 -9.610565959421148 -6.218205075166962 -9.080890638830875 -9.905049874253189 -10.20798170637982 -8.871500295706847 -9.193639311953854 -7.845124775856482 -8.986107146941045 -9.530104530267245 -9.547222212473708 -10.40887119182223 -10.046512475384796 -9.107329366956108 -8.893478008725642 -9.0618065146188 -10.362298569506624 -8.288333572619017 -8.930400654995713 -8.14369005769436 -8.114539123680155 -9.412185182253516 -9.006623721334217 -8.673370865431291 -11.38061935757487 -7.930024600337514 -8.691284183970676 -8.5518672463861 -7.437545448855075 -8.552157972762545 -9.27813920556501 -8.698929062297303 -7.65995399278458 -8.54559924300563 -9.676470106400817 -9.304595266756422 -10.22415198772785 -9.299712316667904 -9.176981082885652 -9.289325689430111
51
 -2.121898661579704 -7.604475762231556 -7.986548626284411 -9.266770693881623 -9.057775499719027 -7.949803138965351 -10.62006641807451 -8.105440267990106 -7.253312443210187 -8.795516140294668 -8.978007852039203 -11.087256321923068 -9.636405136523805 -8.68363231299047 -8.708555484556163 -7.787885419080685 -9.510276496723428 -10.105427335763235 -9.932125104528152 -7.4055631757200615 -9.565246983929333 -9.565246983929333 -9.565246983929333 -8.419404324079018 -9.841052258648732 -10.214321435545548 -9.38046481674995 -8.016618367641716 -8.812306964033366 -8.917320816421235 -8.711572319208065 -9.551466472731333 -9.275572162867713 -10.510642688821052 -9.65422013302815 -8.734535642256024 -8.65183822071588 -7.752601389433087 -7.0271964466900645 -9.009451837392819 -8.230806330395263 -9.44108631653142 -10.394842832711054 -9.02054003856508 -7.7464115289584665 -9.275823819657179 -11.093042687528952 -10.228629162239702 -9.27931901900615 -7.703335246261722 -9.583854605120367
51
 -2.121898661579704 -9.095420588945181 -9.045669750132555 -8.743863171853429 -8.68127593861077 -7.7625930975426165 -10.277698096514017 -9.365793114192511 -6.959436687329078 -9.141196336351028 -10.345387639332568 -7.299961078621198 -8.982642870212052 -10.196460502261145 -9.732801965193337 -9.781007889016067 -10.402165704829587 -8.889694578348086 -8.326393338783742 -10.270933651744159 -9.770319107931854 -10.079489154533944 -7.437943290648428 -9.178748117758863 -9.569371540143885 -9.281413393745817 -10.789274304038905 -9.751294075744802 -9.0545843061207 -7.307295166823161 -8.636363861892974 -7.736831257523573 -9.524603956406818 -10.065904891581305 -7.697621160842675 -9.904093093222146 -10.089654177919925 -9.335995105147045 -9.96066452419327 -9.50357816099918 -10.722889018964603 -7.5567808817564215 -9.292442021619689 -9.62820188926305 -9.747445696592537 -7.772961002373511 -8.042729336565948 -9.0221430374168 -7.526888883008484 -7.691626288661734 -8.756630806690872
51
 -2.121898661579704 -8.642307923816173 -8.36924486467365 -7.284487876624642 -9.47237683077932 -9.93388248559772 -11.062845964007211 -8.028519190667469 -10.946020444154316 -9.665880943943199 -8.657568200270028 -11.012468497081523 -7.17849863294305 -8.916220082989337 -9.488648335440212 -6.252309623285779 -8.939256477753842 -8.169600186908422 -9.839266192081645 -8.7405622229005 -8.575293011128554 -9.96606303985908 -9.54325345821849 -7.987179677806133 -10.387721971892894 -10.498382677235183 -10.670387495248551 -9.593853808923116 -10.475704417063538 -9.470309726843505 -7.517975059084604 -8.104049516670822 -8.717561913281237 -7.205998619677832 -10.128805412214206 -8.873841510983539 -6.809144297524124 -7.6820142270198115 -8.893926587604723 -9.833635526005551 -9.62435410641047 -8.366882014841783 -7.866952735551981 -8.837833129718494 -11.228076333673112 -8.523539215843986 -7.901826172586743 -8.489062541073828 -8.797107274614248 -9.903652218679 -9.158016807671137
51
 -2.121898661579704 -8.082689386328111 -8.052863195641129 -9.397658728672466 -9.172808768673155 -9.215826957166469 -9.273595987842173 -7.753678555396287 -9.65706654762551 -8.05733541393016 -8.098229434911644 -9.770114205250852 -7.3211712678166 -9.375543984933994 -9.415955522657672 -9.565646274091803 -7.793201919464849 -9.392736667880504 -8.393901411303538 -10.643460187640432 -10.921762038322528 -7.133991500865159 -7.315949375100437 -9.879475493437004 -8.982807511767476 -9.277815432272567 -10.462614630876818 -9.654529637461142 -9.89694942630454 -7.857968770886393 -7.759539282530004 -9.84218544897862 -10.185102611764542 -7.036200083489232 -10.432856767202983 -9.758035800786226 -7.178228439520527 -8.522280411459615 -6.507666606878463 -8.760168972538267 -8.698426704738102 -9.047111866666809 -9.370980362509506 -12.846697394194054 -9.05486661075832 -9.027370235140868 -11.28963216236834 -10.350411874704475 -10.414670675579423 -8.898510148786823 -9.170925434855674
51
 -2.121898661579704 -8.712560954707316 -9.840060208535625 -11.397713900105972 -8.972342878399624 -8.049018327930069 -9.759144567767379 -10.709969969741955 -6.912957471803291 -10.312685678813049 -7.024756154107866 -9.386093010068928 -10.262777319328302 -8.737229868743725 -8.679651359097251 -8.871192922900942 -7.634505900400779 -10.088493559206755 -7.997646714569576 -9.150425009640344 -8.008610244272292 -9.697736593684752 -8.624686595226652 -10.01828529720476 -7.544601027232731 -8.626319092543193 -7.959387934996595 -8.929325871003755 -8.803219595004677 -9.022639509272697 -8.51844312686753 -9.972891823878523 -9.797563046693577 -8.843949827873345 -8.35838511046713 -8.572735671486116 -8.906122251375901 -8.551836113285379 -9.66519640568334 -9.852868462066429 -9.660320061309129 -9.071551712497616 -9.32924921960588 -11.042301554770285 -9.486692787970624 -9.330912440054853 -9.460813074533522 -8.370354177561508 -8.41654062878917 -9.042588716247838 -8.864651967911563
51
 -2.121898661579704 -8.408857967902488 -8.817083770949308 -6.758103136230167 -8.772127753723435 -8.508942137449292 -9.118834318956925 -8.959191224002605 -10.483534811433884 -9.37872413917343 -9.63647814818121 -10.058640244162342 -9.723282837948377 -8.059792002195076 -9.77531366655097 -9.274578202611107 -8.18366603147733 -9.020339260005356 -8.641146164128783 -8.192042845764567 -8.358364986911981 -9.959846454487272 -7.748579795572247 -9.955427143195921 -9.004944898291146 -8.332173561321758 -9.65280118106805 -10.747203267461913 -8.92898638504645 -10.344518340952453 -8.828613642851614 -7.107374318860283 -8.742451859626035 -8.663215106811437 -10.08134202971927 -9.708263252793461 -9.09052363929077 -10.45141821031823 -9.604937861312248 -7.113678735249813 -7.683805417975785 -9.327198843193665 -8.800592491064473 -8.690477363562454 -9.207795321648382 -7.730013949622998 -9.844378409717963 -9.844378409717963 -9.844378409717963 -10.363081273607156 -8.525263932283655
51
 -2.121898661579704 -7.825905034942036 -8.890413390615194 -10.621292073209776 -8.095754708347393 -10.229703773143537 -9.42521905128404 -9.281423748394257 -9.221509436074575 -9.09042321143155 -8.234498034052672 -9.57919442767106 -8.064283150982488 -8.814470131997261 -7.87140072469057 -8.56667404048091 -9.197793044666884 -10.060047339077482 -8.908852244743688 -7.89440150453987 -9.51542676024959 -9.420706010815923 -10.104457961510636 -10.48183943777484 -8.631579960640437 -10.667867599127797 -9.318984523349302 -10.1565313860418 -6.104006144479995 -9.825184758302688 -9.421635435580272 -9.128776716413709 -8.37640958363536 -9.608697047889908 -8.781081461270816 -8.983542947540665 -9.260813110099592 -8.541160742589016 -8.61384622145707 -9.322875628129815 -10.372953543337895 -7.809408752205726 -9.64887885122796 -7.217110166541028 -10.087983833121047 -8.547503305912626 -10.190435831862825 -11.04075048445852 -9.23805984202624 -7.466125858142525 -11.920196406677231
51
 -2.121898661579704 -8.404974138816453 -9.160406471863139 -8.411354648096186 -8.322975484197926 -8.150713791426263 -8.809811555576351 -8.48880980514008 -10.727704571286118 -7.189856425280367 -12.134209506240808 -9.749565953293754 -8.647540911340853 -8.702698227522363 -7.830312356897601 -8.479608688871084 -10.874033558511325 -11.415431166662197 -10.086239410351933 -9.081440964554988 -10.829732984620787 -9.685616868586925 -9.564932700294467 -8.318873150423409 -7.395070548852288 -9.0090805830101 -8.737038297100781 -8.76133684064611 -9.621161553614115 -9.011064395947848 -9.494518073992925 -7.319708240767245 -9.224202079089226 -9.078536702022044 -11.050238070624141 -7.588841890785541 -9.950021640965023 -7.244240944705435 -8.972768722805615 -10.313404893949262 -8.85498140453014 -9.491536753590685 -9.674913431187479 -8.110705411884657 -8.945244069283785 -7.901769267875867 -8.546302130369467 -9.36788307375077 -8.962321034180468 -10.050586651359723 -7.929674721453946
ADAPTIID
10
51
 -2.121898661579704 -5.525600052287008 -7.769598383345451 -5.6626409173050805 -5.469897430020057 -6.512591203164988 -6.658171357956872 -7.428602429142832 -9.754682338477947 -9.064678372232578 -6.476633796235722 -8.353276822345052 -10.486096158860272 -10.456028339686393 -8.610626736320782 -10.952696384389597 -11.287595671060393 -10.730707067841367 -9.603407006477502 -10.003157060434281 -9.510152308258684 -10.473460048991505 -10.550470590075069 -12.986545906305635 -11.982899326743661 -12.007859899889878 -8.651494508108712 -10.690378037285122 -12.849579534817211 -12.342345678644849 -11.466000746728263 -12.97729751488423 -13.428773078526822 -12.437979855337524 -11.74091255993655 -12.409331492923503 -13.021317685458772 -14.453036900391183 -13.468441732555466 -11.81282768260316 -15.877129441613189 -13.18168306630148 -13.71695496532518 -14.363367141109501 -14.326674853398112 -14.836349130278693 -14.539500714595805 -16.490991842687876 -13.68126748831066 -15.932898024385816 -14.830238372247182
51
 -2.121898661579704 -5.774356699957123 -8.338405833734983 -8.457872177269891 -8.06595803111295 -8.535383578344593 -8.701773747602273 -6.984993321851998 -8.099027063910672 -10.456404262203131 -10.447796997520022 -9.684634491575425 -7.637792406842153 -9.014940099161604 -10.223999099925829 -10.10345947844743 -10.053291995782057 -10.791956291498948 -7.608121065803235 -9.48793500826763 -12.19303611887815 -9.472881548904756 -9.68905781472778 -10.177288770006868 -9.995421392380768 -11.232629991082085 -12.516173474460134 -10.091648006187045 -10.69833689912716 -11.092888475324457 -10.833995006140157 -10.64241568918028 -10.580677677134974 -13.164415799472101 -12.527703233963084 -12.353792922525239 -13.79744165115078 -14.4549389306158 -12.537087710111587 -14.926099108561969 -14.226401322206952 -14.751772254562548 -14.948984472246647 -13.544495673702768 -16.393831978527977 -15.418269248937424 -16.078647751885526 -14.79384475525343 -15.917641967787333 -14.54814046616266 -16.72273753911132
51
 -2.121898661579704 -2.4595304540998093 -7.02359202397974 -7.677881399969575 -8.355475044039922 -8.984009652952288 -8.266481145081165 -8.478918188135955 -9.19922377319599 -9.316317282576337 -11.33436752486176 -8.105708242020336 -8.383561130012254 -8.874395555726203 -10.165307099189699 -9.741934752740569 -10.162782880308486 -10.357959206312843 -11.472362227809919 -10.690741999204821 -10.221924303458295 -10.249835354626121 -10.964230243425954 -9.133906021872551 -12.108993533255777 -10.196892778722935 -10.296931815065864 -12.14389915193061 -10.207836614987313 -13.379370682265998 -12.744189602443415 -15.070007342667722 -13.090944793678174 -11.586289510436167 -13.0376632832675 -11.305198096896305 -12.98348311172606 -11.544885248127784 -13.473766613508523 -15.239681337995432 -12.791579528028826 -14.864845222862261 -13.883149151433912 -14.17146077157833 -12.871750520409547 -15.591940045393708 -13.685368624690533 -15.004107421082294 -16.22180844290334 -16.404897424515912 -15.942055292281806
51
 -2.121898661579704 -5.7127125466497795 -7.847182494658318 -6.616448608332521 -6.529812223802051 -8.246962377769416 -8.444766142501331 -8.064162026606063 -9.131049685264294 -8.702440079409472 -9.22741635080327 -9.70368290182135 -7.680910796405545 -8.836896271428682 -10.83427421449588 -10.142741690442355 -10.526780389904266 -10.208001342669027 -10.541327367033768 -7.835133879063317 -10.286718027206868 -10.498953096094827 -10.742332733929041 -10.204281825165468 -9.76270966171636 -8.163235297032884 -10.381051360400818 -12.074871498271365 -11.545529541210366 -11.741801814161333 -10.224662825381005 -11.85735978440757 -11.065651263284101 -12.885972889698433 -12.510574133562365 -12.919781207615998 -14.209581908427415 -11.83398373704332 -12.894768935722807 -14.365061113701286 -14.160508585441116 -14.263717623259728 -12.475784516587437 -13.866207873479249 -13.970184116843086 -15.099503339541112 -14.63621546644504 -15.565504089086195 -14.000396278795105 -15.994194465601126 -16.538549168555132
51
 -2.121898661579704 -4.459003427840947 -8.008396179122508 -8.156807419491878 -8.42001540643754 -8.771083320136018 -7.366622246327758 -8.058514316425855 -6.755595250531312 -9.611302848130057 -8.256004117325693 -8.319374340252129 -7.212825571431145 -9.738031188033712 -9.184359314012552 -7.374118079740002 -10.518415054663803 -11.405002723327573 -10.560011060275022 -8.919822367946688 -11.164403718507389 -10.825827188491289 -10.258890992967293 -10.054730081490867 -12.948292376807801 -9.605474011019155 -11.43453969275391 -9.647918023273393 -11.92607458096982 -12.438920191598175 -11.33533551029477 -12.284414826935794 -12.020804464636734 -13.513548409197828 -12.65849122414503 -11.181687451195426 -12.814514589947573 -12.228799779894063 -13.231548090315517 -11.667288744796263 -14.942902917316925 -11.700971254273991 -15.978418054438256 -13.710852359974798 -13.67525355861323 -11.33958804160167 -14.180027355810195 -16.051820624659484 -13.158744188996177 -16.864968817521184 -12.223048635619453
51
 -2.121898661579704 -4.691660151339016 -7.1463461369163985 -6.641205539558901 -5.862029591726478 -8.169635850261972 -7.838679958884602 -7.199501544915315 -8.067046442908588 -9.123645005694025 -9.89274711533722 -10.885478333604368 -6.71612095454451 -7.300939207543568 -8.010589325253678 -9.505800939182999 -9.553941259399046 -8.108642482523901 -10.000673501793692 -8.878342041540645 -11.646642888538723 -9.198584144353061 -10.238770665353055 -10.005520549143636 -11.62288939418485 -11.485552360988025 -9.788063910640908 -11.371597678593059 -11.85921297889545 -11.275076045196815 -11.382496913927906 -12.357068723091489 -12.693458826932082 -14.3309814137714 -11.172162085511495 -11.778478219335849 -12.708553566075508 -12.027402033195978 -13.63994798494542 -14.590209058706 -12.677413982083106 -13.667401860055838 -14.577889340009039 -15.215163488065139 -14.363083328554232 -14.474776218761532 -15.284140686072893 -13.053804465742173 -12.192061917812689 -10.876295882916725 -14.2291841869102
51
 -2.121898661579704 -4.2011094885621905 -5.60436732930215 -7.8780298056317974 -8.550041495979059 -8.972164712449562 -8.148926445694642 -7.570730224113778 -7.597316563275355 -10.298497935398709 -9.926692472075777 -8.507789592316938 -6.782373753534361 -10.43679995942251 -10.210047798120204 -9.409670516827726 -8.856906064592456 -10.404845926356565 -8.600269342084227 -6.880131697189242 -10.000787035184183 -7.36671017216631 -11.190828980792547 -10.681281192333795 -10.245790121850188 -9.023032387587222 -11.58004878519296 -10.00785514930383 -11.442856958852797 -12.287631776750322 -12.12099261439597 -10.588366094082614 -12.435314545757524 -11.550813149316319 -11.569471443850983 -11.307514887027658 -13.722183801233546 -10.437764226589529 -12.382671808736399 -12.607842551030046 -14.156999794297185 -11.474801322876957 -12.729648163089614 -13.06980936090576 -14.852909272723375 -14.192252322392235 -13.396848688235043 -15.74827008801532 -15.522264332457707 -11.26773813657568 -16.489946898848345
51
 -2.121898661579704 -6.429827097166429 -6.6478286986454975 -5.9439965201998275 -6.860845306315627 -6.951060335721794 -8.015870555767656 -9.149481737485115 -9.310551504080342 -9.588648357049616 -9.353762588496933 -10.152519816504123 -8.950033277140827 -10.313225352876891 -10.016615338219127 -10.297666764434025 -8.765275118811887 -11.005452469272988 -9.18076535578966 -10.17520771556066 -10.054730642571474 -9.15415743264903 -10.68489190355465 -9.776684791401829 -9.503173835106784 -8.62587547368138 -11.606375051461741 -10.529359368690136 -11.840520522926099 -12.484150354277826 -9.546895132704726 -11.776546932861635 -10.510006290182506 -12.919698426780334 -12.031548555715455 -11.5480635805514 -13.951358491964536 -13.230492042090344 -14.412003284315947 -14.365538979530468 -13.810186435351612 -14.650454990847209 -12.123133381202647 -13.027498248656094 -14.657894426772938 -15.764267846156779 -14.46386926856955 -14.05799193830653 -14.365127755712043 -16.50452213059163 -15.51204022398523
51
 -2.121898661579704 -6.6267654347190765 -7.1549965195651355 -6.876803575657501 -6.763252414158812 -10.12842520122922 -8.468889716551926 -8.395731187915732 -7.733312478612029 -10.773538987114135 -7.781276592306925 -11.6632466802304 -8.672018994438275 -8.080928807568018 -8.023231926909165 -9.221385647364968 -9.466151945562954 -9.707209841841664 -7.852975999883193 -10.326485341609832 -11.643192505175097 -10.739056037064767 -10.139006076448458 -10.804345200736426 -11.189673132299994 -11.145189758411357 -11.675818875157104 -9.7332108642268 -13.551808844004443 -9.877089123916523 -13.13157536858947 -12.402760559496755 -12.967416976895926 -14.580806179261078 -13.495878577410926 -13.068912673216238 -11.218245767046225 -11.829258744154389 -12.716865880710914 -11.118553766648986 -12.151665250168975 -14.129756977997136 -13.024715424858254 -13.827398217281965 -12.218254388101228 -15.098525184100351 -13.057213481243622 -12.759142960868033 -15.46373145570016 -14.26158050441561 -16.52696326807916
51
 -2.121898661579704 -3.9366163681492226 -6.79149073735546 -5.534182175019617 -8.209389234561714 -9.670823893317815 -7.676511801024285 -8.64459938580383 -9.692060648953854 -7.88647012137069 -7.265921168959145 -7.6981218779800065 -8.704469825773996 -6.6340200105212705 -7.921017128862691 -9.264979290045623 -10.062751624061615 -10.010482160124226 -11.202203840417091 -10.513355555045896 -10.284478705388798 -11.343574628573814 -11.377057584676411 -8.169582473800117 -8.575598915058047 -11.14877051369849 -9.705674725031239 -12.37163832479258 -10.07369392352026 -13.20009882622717 -12.738284993234732 -12.213662835739436 -11.533359073801277 -11.111729821161157 -11.091857313340133 -13.91164090303682 -12.907370395562554 -12.641671058138437 -11.054057804261179 -15.190326534775046 -14.292543368855547 -13.762686328958491 -14.748369291143801 -13.808843504959311 -11.502792045062865 -15.946155654867853 -14.045503691272382 -11.866188130457132 -14.385165990861243 -15.310151750389561 -14.757467479829955
steps
10
51
 0 500000 1000000 1500000 2000000 2500000 3000000 3500000 4000000 4500000 5000000 5500000 6000000 6500000 7000000 7500000 8000000 8500000 9000000 9500000 10000000 10500000 11000000 11500000 12000000 12500000 13000000 13500000 14000000 14500000 15000000 15500000 16000000 16500000 17000000 17500000 18000000 18500000 19000000 19500000 20000000 20500000 21000000 21500000 22000000 22500000 23000000 23500000 24000000 24500000 25000000
51
 0 500000 1000000 1500000 2000000 2500000 3000000 3500000 4000000 4500000 5000000 5500000 6000000 6500000 7000000 7500000 8000000 8500000 9000000 9500000 10000000 10500000 11000000 11500000 12000000 12500000 13000000 13500000 14000000 14500000 15000000 15500000 16000000 16500000 17000000 17500000 18000000 18500000 19000000 19500000 20000000 20500000 21000000 21500000 22000000 22500000 23000000 23500000 24000000 24500000 25000000
51
 0 500000 1000000 1500000 2000000 2500000 3000000 3500000 4000000 4500000 5000000 5500000 6000000 6500000 7000000 7500000 8000000 8500000 9000000 9500000 10000000 10500000 11000000 11500000 12000000 12500000 13000000 13500000 14000000 14500000 15000000 15500000 16000000 16500000 17000000 17500000 18000000 18500000 19000000 19500000 20000000 20500000 21000000 21500000 22000000 22500000 23000000 23500000 24000000 24500000 25000000
51
 0 500000 1000000 1500000 2000000 2500000 3000000 3500000 4000000 4500000 5000000 5500000 6000000 6500000 7000000 7500000 8000000 8500000 9000000 9500000 10000000 10500000 11000000 11500000 12000000 12500000 13000000 13500000 14000000 14500000 15000000 15500000 16000000 16500000 17000000 17500000 18000000 18500000 19000000 19500000 20000000 20500000 21000000 21500000 22000000 22500000 23000000 23500000 24000000 24500000 25000000
51
 0 500000 1000000 1500000 2000000 2500000 3000000 3500000 4000000 4500000 5000000 5500000 6000000 6500000 7000000 7500000 8000000 8500000 9000000 9500000 10000000 10500000 11000000 11500000 12000000 12500000 13000000 13500000 14000000 14500000 15000000 15500000 16000000 16500000 17000000 17500000 18000000 18500000 19000000 19500000 20000000 20500000 21000000 21500000 22000000 22500000 23000000 23500000 24000000 24500000 25000000
51
 0 500000 1000000 1500000 2000000 2500000 3000000 3500000 4000000 4500000 5000000 5500000 6000000 6500000 7000000 7500000 8000000 8500000 9000000 9500000 10000000 10500000 11000000 11500000 12000000 12500000 13000000 13500000 14000000 14500000 15000000 15500000 16000000 16500000 17000000 17500000 18000000 18500000 19000000 19500000 20000000 20500000 21000000 21500000 22000000 22500000 23000000 23500000 24000000 24500000 25000000
51
 0 500000 1000000 1500000 2000000 2500000 3000000 3500000 4000000 4500000 5000000 5500000 6000000 6500000 7000000 7500000 8000000 8500000 9000000 9500000 10000000 10500000 11000000 11500000 12000000 12500000 13000000 13500000 14000000 14500000 15000000 15500000 16000000 16500000 17000000 17500000 18000000 18500000 19000000 19500000 20000000 20500000 21000000 21500000 22000000 22500000 23000000 23500000 24000000 24500000 25000000
51
 0 500000 1000000 1500000 2000000 2500000 3000000 3500000 4000000 4500000 5000000 5500000 6000000 6500000 7000000 7500000 8000000 8500000 9000000 9500000 10000000 10500000 11000000 11500000 12000000 12500000 13000000 13500000 14000000 14500000 15000000 15500000 16000000 16500000 17000000 17500000 18000000 18500000 19000000 19500000 20000000 20500000 21000000 21500000 22000000 22500000 23000000 23500000 24000000 24500000 25000000
51
 0 500000 1000000 1500000 2000000 2500000 3000000 3500000 4000000 4500000 5000000 5500000 6000000 6500000 7000000 7500000 8000000 8500000 9000000 9500000 10000000 10500000 11000000 11500000 12000000 12500000 13000000 13500000 14000000 14500000 15000000 15500000 16000000 16500000 17000000 17500000 18000000 18500000 19000000 19500000 20000000 20500000 21000000 21500000 22000000 22500000 23000000 23500000 24000000 24500000 25000000
51
 0 500000 1000000 1500000 2000000 2500000 3000000 3500000 4000000 4500000 5000000 5500000 6000000 6500000 7000000 7500000 8000000 8500000 9000000 9500000 10000000 10500000 11000000 11500000 12000000 12500000 13000000 13500000 14000000 14500000 15000000 15500000 16000000 16500000 17000000 17500000 18000000 18500000 19000000 19500000 20000000 20500000 21000000 21500000 22000000 22500000 23000000 23500000 24000000 24500000 25000000
