9
DataDrivenNewton
1
22
 0.23000481168603143 0.1323855910760134 0.1022879375112466 0.09265727554773934 0.06399202202068838 0.057338848878768556 0.02801714430371438 0.013810406770073114 0.007217996189080256 0.0038103315813016736 0.001353930616861343 7.091829199805111E-4 2.473331350886787E-4 1.455738734870149E-4 7.509665830113255E-5 3.3736528231187446E-5 2.323935046266712E-5 6.307629164148398E-6 5.6792301844632576E-6 1.2597316144113968E-6 1.7308932065418503E-12 1.0E-14
steps1
1
22
 0.0 2.0E-5 4.0E-5 7.4E-5 1.2444444444444444E-4 1.9955555555555555E-4 3.497777777777778E-4 6.502222222222222E-4 0.001251111111111111 0.002452888888888889 0.0048564444444444445 0.009663555555555555 0.01927777777777778 0.03850622222222222 0.07696311111111111 0.1538768888888889 0.30770444444444445 0.6153595555555555 1.2306697777777778 2.230669777777778 3.230669777777778 4.230669777777778
time2
1
22
 0.0 0.003 0.01 0.014 0.024 0.035 0.058 0.109 0.187 0.28600000000000003 0.42400000000000004 0.6980000000000001 1.143 1.866 3.127 5.475 10.315 20.313 39.44 73.787 96.72200000000001 139.542
newton-static
1
8
 0.23000481168603143 0.10656592683732397 0.04772093431689811 0.012043799110226794 0.0012495143226440297 1.698340537137355E-5 3.52292423011491E-9 4.8905324234738146E-14
steps4
1
8
 0.0 1.0 2.0 3.0 4.0 5.0 6.0 7.0
time5
1
8
 0.0 33.443 67.304 100.575 133.465 166.376 199.467 232.377
saga
1
46
 0.23000481168603143 0.11069468700188739 0.007355666937932492 0.012077682704435821 0.002163776399763284 0.002852442406677147 0.0017873585846407969 2.450204891700225E-4 2.3982184543486218E-4 9.8731337920821E-5 1.4406952416956553E-4 3.0097788875582676E-5 3.581263375540544E-5 7.706316534572544E-6 3.829293136581313E-6 4.721891350090157E-6 2.1559696085637903E-6 8.314616749549586E-7 7.4122109139374E-7 2.274884573383318E-6 2.3200645021814736E-7 5.394675730574505E-7 8.292364794826312E-8 1.0404833927779578E-7 2.2417063538782145E-8 1.8969593951201347E-8 2.1995043564260186E-9 3.666217662789961E-9 2.5191906893873295E-9 6.14035045032324E-10 7.976448945790082E-10 2.79550216308877E-10 1.0479422885012468E-10 1.7477908009766452E-11 1.1505685293400347E-11 6.102829352983008E-11 2.3841983942674005E-11 7.178646566075031E-12 3.153977079506376E-12 1.5568102362806258E-12 5.9244276151559916E-12 2.96040969516298E-13 1.99479321949525E-12 2.9387603461827894E-13 1.836308882730009E-13 6.050715484207103E-15
steps7
1
46
 0.0 1.0 2.0 3.0 4.0 5.0 6.0 7.0 8.0 9.0 10.0 11.0 12.0 13.0 14.0 15.0 16.0 17.0 18.0 19.0 20.0 21.0 22.0 23.0 24.0 25.0 26.0 27.0 28.0 29.0 30.0 31.0 32.0 33.0 34.0 35.0 36.0 37.0 38.0 39.0 40.0 41.0 42.0 43.0 44.0 45.0
time8
1
46
 0.0 29.468000000011482 94.29100000009795 148.01200000026518 204.8740000004211 260.94300000047184 325.0919999997219 382.1699999989584 441.01499999815417 512.9999999973468 561.9339999965473 609.2989999957131 660.9469999948983 736.580999994084 780.7009999933327 823.6099999925674 870.753999991731 944.0719999909014 988.522999990101 1030.865999989298 1077.7899999884828 1121.6389999876278 1193.0379999868267 1239.0569999860722 1282.073999985308 1330.0189999845197 1376.061999983664 1445.9259999828305 1496.011999981925 1541.0789999811147 1590.392999980332 1638.9949999794815 1721.9089999785986 1763.659999977769 1808.5469999770032 1850.7079999762286 1891.719999975456 1938.8339999746738 2008.1079999738595 2052.517999973731 2095.7449999802707 2142.245999987133 2183.3609999936757 2225.840000000463 2300.5560000073338 2341.0900000137894
