2
suboptimality
4
7
 0.004861087677874298 0.0030049112413039203 0.0037321589919771525 0.0020389711040539327 0.0016081145630559845 9.512380312016733E-4 5.726277011786074E-4
7
 0.006068279600499105 0.00428572304332997 0.003429633734226001 0.002538987277833027 8.440987587634008E-4 7.026337651703796E-4 5.244746481526397E-4
7
 0.00632803890240885 0.004182402732875623 0.003378348567099343 0.0018011870500113103 0.001194373048797548 8.390235161370718E-4 5.083142843005928E-4
7
 0.006289277536503657 0.0051126527788209475 0.0027057481352397716 0.0018599176699588549 0.001394717339723961 9.736305128500433E-4 6.236031717656854E-4
steps
4
7
 2000.0 3000.0 4500.0 6750.0 10125.0 15187.0 22781.0
7
 2000.0 3000.0 4500.0 6750.0 10125.0 15187.0 22781.0
7
 2000.0 3000.0 4500.0 6750.0 10125.0 15187.0 22781.0
7
 2000.0 3000.0 4500.0 6750.0 10125.0 15187.0 22781.0
