18
newton-static
1
13
 14.768244470566364 7.097677599622276 4.884739220551732 2.8291060228527147 1.52353333547483 0.5237108094394316 0.2094762354687964 0.11547403353694646 0.021672631011770305 0.002270018911525562 4.3762182563300556E-5 1.9829107633650978E-8 -1.1668443988810395E-13
steps1
1
13
 0.0 1.0 2.0 3.0 4.0 5.0 6.0 7.0 8.0 9.0 10.0 11.0 12.0
time2
1
13
 0.0 320.562 515.149 689.816 821.2040000000001 951.654 1034.355 1110.534 1181.564 1251.987 1322.739 1393.378 1463.656
newton-dyna-reg
1
32
 14.768244470566364 8.73264302024411 4.688718064699228 3.256837598796513 1.3854490990397519 0.9667524428334944 0.5861269584836526 0.29248817341542527 0.1306330834259704 0.12354432989545178 0.12354432989542158 0.12354432989519454 0.12354432989518821 0.12354432989518765 0.0753075041691546 0.03557830747173574 0.015649524380210555 0.007062310615372769 0.0040339143642704745 0.0033019549532915526 0.001686602596178588 0.0010684770050308767 4.10376527613443E-4 1.7821608682183632E-4 7.261831483451608E-5 4.475726316532924E-5 2.416230319912671E-5 1.4345323927522635E-5 3.2397602739431264E-6 5.4276633054684E-7 3.5438318946034997E-13 8.271161533457416E-15
steps4
1
32
 0.0 1.2E-5 2.4E-5 3.6E-5 4.8E-5 6.0E-5 7.2E-5 8.4E-5 9.6E-5 1.08E-4 1.2E-4 1.32E-4 1.44E-4 1.68E-4 2.16E-4 3.12E-4 5.04E-4 8.88E-4 0.001656 0.003192 0.006264 0.012408 0.024696 0.049272 0.098424 0.196728 0.393336 0.786552 1.572984 2.572984 3.572984 4.572984
time5
1
32
 0.0 61.019 128.176 195.54999999999998 275.717 318.913 374.402 405.381 423.96 442.477 1190.855 1883.96 2677.032 3538.164 3538.1650000000004 3538.1670000000004 3538.1720000000005 3538.1800000000003 3538.197 3538.233 3538.304 3538.451 3538.736 3539.301 3540.4739999999997 3542.763 3547.487 3557.007 3575.733 3613.5170000000003 3661.5670000000005 3709.6060000000007
static-lbfgs
1
55
 14.768244470566364 12.449053147624765 9.126837269984525 2.540267675088469 1.8094436300874812 0.9293048519658138 0.817582930655185 0.34589717743144627 0.1985467639601694 0.09759554815189658 0.07618676211077463 0.06183402355363993 0.040973932047345285 0.02455396990918035 0.016339670750756152 0.012431299811497543 0.00914354690300695 0.007154660997660378 0.00641257719419569 0.005769560953070352 0.005057694590181627 0.004058850658407498 0.0032438619765189913 0.0023010834614272113 0.001518345751135075 5.302506473566226E-4 3.233322831499019E-4 2.3604932534904144E-4 2.259439429033172E-4 2.1465024528460885E-4 1.8621253590284104E-4 1.7143968130856058E-4 1.4871981569913872E-4 1.3540109100923514E-4 1.244316467359785E-4 1.1016620775350372E-4 9.698739694397052E-5 9.12220756127402E-5 8.938920047013577E-5 8.673471830700219E-5 8.094419733317704E-5 6.898207866151695E-5 5.018345617735509E-5 2.4456682155116205E-5 8.547766418398606E-6 4.167595346826758E-6 3.060210300609434E-6 2.2767863643857744E-6 9.81632200525162E-7 3.3928434173269295E-8 2.8992747092004834E-9 2.503807161602367E-10 3.1863900407103074E-11 8.864575740119562E-13 -6.600275881396556E-14
steps7
1
55
 0.0 1.0 2.0 3.0 4.0 5.0 6.0 7.0 8.0 9.0 10.0 11.0 12.0 13.0 14.0 15.0 16.0 17.0 18.0 19.0 20.0 21.0 22.0 23.0 24.0 25.0 26.0 27.0 28.0 29.0 30.0 31.0 32.0 33.0 34.0 35.0 36.0 37.0 38.0 39.0 40.0 41.0 42.0 43.0 44.0 45.0 46.0 47.0 48.0 49.0 50.0 51.0 52.0 53.0 54.0
time8
1
55
 0.0 88.864 309.006 398.048 487.214 576.499 666.154 755.499 850.837 940.168 1028.968 1118.372 1207.405 1296.834 1385.75 1475.057 1563.657 1653.068 1742.27 1831.23 1920.359 2008.9779999999998 2098.2 2187.171 2276.4449999999997 2365.4039999999995 2454.6489999999994 2543.1439999999993 2632.7209999999995 2721.6849999999995 2810.5459999999994 2899.4509999999996 2987.7609999999995 3076.9319999999993 3165.8809999999994 3254.9519999999993 3343.7219999999993 3432.5999999999995 3521.1669999999995 3610.7249999999995 3699.5749999999994 3788.7709999999993 3877.479999999999 3966.2129999999993 4055.3939999999993 4144.469999999999 4233.663 4322.4039999999995 4411.348999999999 4500.002999999999 4589.378999999999 4678.106999999999 4767.079999999999 4855.535999999999 4944.609999999999
dyna-reg-lbfgs
1
80
 14.768244470566364 12.787048240712817 10.931219403842665 3.703537713445368 1.5370471931311855 1.3144118456402023 1.088420527605873 0.19396640928842274 0.13506675064179535 0.09693401182897293 0.09693401182897315 0.10008701796961422 0.10008701796962255 0.10099197967665902 0.10095511196808898 0.10094540319997752 0.09795729992020169 0.0468094081280393 0.046809408128039076 0.046809408128038965 0.04352603622663104 0.04202758690460434 0.03770428680335819 0.02460724012006016 0.02150394158345681 0.019078208086235948 0.013800968129404068 0.011390242701207365 0.01044183299790502 0.008994570148516068 0.008529868051390277 0.007989622577254996 0.006161086410790995 0.0056814768160374785 0.005179728780084936 0.004116274982705614 0.0037393054855862085 0.003375881674571146 0.0031531571782394963 0.0031093807306840637 0.00294633605585215 0.002198172805509102 0.0013293064894963624 9.137600974202797E-4 6.070215844574123E-4 5.556181977252606E-4 4.77610397940198E-4 3.0267847511700197E-4 2.2510403048270344E-4 2.050158240067823E-4 1.9820104632495283E-4 1.9672621856114958E-4 1.918175325613114E-4 1.7373310380136564E-4 1.6763724605362018E-4 1.549377149104858E-4 1.3938066350482892E-4 1.3511070604632636E-4 1.3144011813825962E-4 1.279695273134207E-4 1.2673425233583613E-4 1.261194507753416E-4 1.2442421565111994E-4 1.2331725796693727E-4 1.2112000455472005E-4 1.1477109105739736E-4 1.0133914136389865E-4 7.764864927251036E-5 4.979467909815849E-5 2.9275356902114247E-5 2.124344482651308E-5 1.815647284059141E-5 1.356816874398259E-5 6.065431695123635E-6 5.781819074068828E-7 2.4134108378426333E-8 5.346055820254492E-10 1.0635992087060231E-11 7.745470931297405E-13 -1.9206858326015208E-14
steps10
1
80
 0.0 1.2E-5 2.4E-5 3.6E-5 4.8E-5 6.0E-5 7.2E-5 8.4E-5 9.6E-5 1.08E-4 1.2E-4 1.32E-4 1.44E-4 1.68E-4 1.92E-4 2.16E-4 2.64E-4 3.12E-4 3.6E-4 4.56E-4 5.52E-4 6.48E-4 8.4E-4 0.001032 0.001224 0.001608 0.001992 0.002376 0.003144 0.003912 0.00468 0.006216 0.007752 0.009288 0.01236 0.015432 0.018504 0.024648 0.030792 0.036936 0.049224 0.061512 0.0738 0.098376 0.122952 0.147528 0.19668 0.245832 0.294984 0.393288 0.491592 0.589896 0.786504 0.983112 1.17972 1.572936 1.966152 2.359368 3.1458 3.932232 4.718664 5.718664 6.718664 7.718664 8.718664 9.718664 10.718664 11.718664 12.718664 13.718664 14.718664 15.718664 16.718664 17.718664 18.718664 19.718664 20.718664 21.718664 22.718664 23.718664
time11
1
80
 0.0 12.468 62.247 74.695 87.03 99.455 111.898 124.326 136.736 149.089 989.671 1021.5640000000001 1821.7020000000002 1905.0010000000002 1943.544 1956.476 1969.3080000000002 1982.0300000000002 2866.781 3796.1459999999997 3821.961 3860.43 3879.631 3892.4739999999997 3905.2619999999997 3918.0899999999997 3930.9629999999997 3943.8459999999995 3956.7049999999995 3969.5539999999996 3982.4709999999995 3995.6379999999995 4008.5969999999993 4021.5749999999994 4034.468999999999 4047.5879999999993 4060.680999999999 4073.784999999999 4087.183999999999 4106.981999999999 4120.437999999999 4134.446999999999 4148.476999999999 4162.576999999999 4177.771999999999 4193.018999999999 4208.267999999999 4225.847999999999 4243.713999999999 4261.263999999999 4283.572999999999 4306.164 4328.3769999999995 4360.571999999999 4392.167999999999 4424.092999999999 4474.519999999999 4525.573999999999 4575.800999999999 4664.163999999999 4751.442999999999 4834.860999999999 4938.034999999999 5041.098999999999 5144.330999999999 5247.368999999999 5350.794999999999 5453.539999999999 5557.322999999999 5660.343999999999 5763.868999999999 5866.579999999999 5970.181999999999 6073.589999999999 6176.897999999999 6279.6669999999995 6382.602999999999 6485.883999999999 6589.308999999999 6690.405999999999
saga
1
44
 14.768244470566364 0.06632730058458564 0.03386890020332772 0.03445126348689348 0.0029259650317711716 0.003976187722844027 0.0019585763146491297 6.855012014412298E-4 1.165481056198403E-4 1.9338007115698996E-4 1.7900842625684366E-4 4.7981966863896997E-5 8.58122467513045E-5 6.036734879477645E-6 2.84445294967961E-6 9.771162428617863E-7 1.1169791038878607E-5 4.976748048113322E-7 5.715117475935116E-7 1.984685518707785E-7 1.0325125966437199E-6 3.166307432911353E-8 5.722214319048291E-8 4.7047157281099317E-8 8.900947090495492E-9 2.349455574535142E-9 3.06908598535216E-9 1.876525268507123E-9 5.56508006344103E-10 2.225482576001525E-10 2.0845536408131693E-10 8.102190585113078E-10 1.516087255737375E-11 3.0860369815144395E-11 2.033767598774716E-11 1.1179279724160551E-11 4.427069821844043E-12 1.615430011980834E-12 2.963185252724543E-12 1.2754242106893798E-12 5.663802760125236E-13 1.559863349598345E-13 5.692113447253178E-13 6.106226635438361E-16
steps13
1
44
 0.0 1.0 2.0 3.0 4.0 5.0 6.0 7.0 8.0 9.0 10.0 11.0 12.0 13.0 14.0 15.0 16.0 17.0 18.0 19.0 20.0 21.0 22.0 23.0 24.0 25.0 26.0 27.0 28.0 29.0 30.0 31.0 32.0 33.0 34.0 35.0 36.0 37.0 38.0 39.0 40.0 41.0 42.0 43.0
time14
1
44
 0.0 30.884000000013458 65.06199999995403 103.63600000010351 138.81300000025374 178.6160000004052 214.2670000005563 253.96700000070788 289.5710000000177 329.2049999992684 364.82199999852014 404.4969999977705 440.21999999702064 479.9629999962711 515.7279999955211 555.5759999947704 591.3489999940207 631.2539999932707 667.052999992521 707.0479999917703 742.8479999910213 782.91199999027 818.7139999895217 858.8109999887708 894.6429999880223 934.8309999872703 970.636999986523 1006.5999999857721 1046.7249999850235 1082.7299999842726 1122.9249999835235 1158.9419999827737 1199.6729999820168 1236.0669999812594 1276.9979999804987 1313.4829999797398 1350.0729999789783 1390.9959999782188 1427.5819999774583 1468.6009999766975 1505.2059999759365 1546.2679999751756 1582.8629999744157 1624.055999973653
nesterov
1
122
 0.23000481170796055 0.21382015740333565 0.2578861904075486 0.43615460906461095 0.11073421831782154 0.16329398928894395 0.10463582114804354 0.09664614176229441 0.04547698492896207 0.042875476703232496 0.03828590512739655 0.041860232421811305 0.04880153385686575 0.056956967797907765 0.06519785672057249 0.07301487368145115 0.080142850917091 0.08645496646459566 0.09191376760363618 0.09652909347343558 0.10032759762906135 0.10333507546776916 0.105569856473467 0.10704386853964892 0.10776761200568391 0.10775589036313776 0.10703228687178118 0.10563155822030151 0.10360007414731914 0.10099499331294431 0.09788297648054783 0.09433907583881934 0.09044615462396005 0.0862947485328846 0.08198278645905083 0.0776146085282085 0.073298982752878 0.06914567034835511 0.06526079866964601 0.06174177032821909 0.05867247808227111 0.056119397306222785 0.054128837830988374 0.052725365605776175 0.051911175741122306 0.051666030368976046 0.05194738497534207 0.05269058519533637 0.053809407728831304 0.05519747730816066 0.05673106551054402 0.05827357571714503 0.059681729858706956 0.06081319335215024 0.061535127131491396 0.061732931796940005 0.061318329670877525 0.060235930801931514 0.05846751873452544 0.0560334855760814 0.05299115422132511 0.04943011345986853 0.04546508561812895 0.04122716642851004 0.036854456506285105 0.032483088193803744 0.028239453496816447 0.02423416952346169 0.02055802701084769 0.017279874149276286 0.014446210876542076 0.012082197881857937 0.010193700589617105 0.008769934906431631 0.0077863872599618356 0.0072078079231309156 0.006991092909739038 0.007087906108618536 0.00744700582979918 0.00801625885027496 0.008744330289582991 0.009582069334733379 0.010483618233201819 0.01140727765292171 0.012316165292632575 0.013178702771988626 0.013968960449349255 0.014666882468946096 0.015258405119770113 0.015735472373717307 0.016095944605832635 0.016343384131186134 0.016486685830328363 0.016539516600654502 0.01651953331405792 0.016447357019161224 0.016345292035532533 0.01623579992615848 0.0161397731122635 0.01607469663764538 0.016052834713403463 0.01607962479810493 0.016152494603767276 0.01626032292528584 0.01638372946446992 0.016496294460310812 0.016566684945191645 0.016561520296089982 0.016448671553592142 0.016200590918820645 0.01579724058938764 0.015228245817797248 0.01449402350238399 0.013605802736038841 0.012584617747933402 0.011459482639171514 0.01026503229007436 0.009038932596836191 0.007819336148492784 0.0066426027822601985 0.005541434500896725 0.00454350388289676
steps16
1
122
 0.0 1.0 2.0 3.0 4.0 5.0 6.0 7.0 8.0 9.0 10.0 11.0 12.0 13.0 14.0 15.0 16.0 17.0 18.0 19.0 20.0 21.0 22.0 23.0 24.0 25.0 26.0 27.0 28.0 29.0 30.0 31.0 32.0 33.0 34.0 35.0 36.0 37.0 38.0 39.0 40.0 41.0 42.0 43.0 44.0 45.0 46.0 47.0 48.0 49.0 50.0 51.0 52.0 53.0 54.0 55.0 56.0 57.0 58.0 59.0 60.0 61.0 62.0 63.0 64.0 65.0 66.0 67.0 68.0 69.0 70.0 71.0 72.0 73.0 74.0 75.0 76.0 77.0 78.0 79.0 80.0 81.0 82.0 83.0 84.0 85.0 86.0 87.0 88.0 89.0 90.0 91.0 92.0 93.0 94.0 95.0 96.0 97.0 98.0 99.0 100.0 101.0 102.0 103.0 104.0 105.0 106.0 107.0 108.0 109.0 110.0 111.0 112.0 113.0 114.0 115.0 116.0 117.0 118.0 119.0 120.0 121.0
time17
1
122
 0.0 15.294 33.553 50.036 65.368 81.61099999999999 97.86599999999999 113.20699999999998 129.41599999999997 145.65799999999996 161.00499999999997 177.18999999999997 193.45099999999996 208.82099999999997 224.99099999999999 241.243 256.61199999999997 272.76099999999997 289.04699999999997 304.43399999999997 320.57599999999996 336.837 352.238 368.378 384.505 399.891 416.04400000000004 432.321 447.694 463.869 480.185 495.54200000000003 511.744 528.033 543.344 559.5920000000001 575.0320000000002 591.1510000000002 607.4410000000001 622.8580000000002 639.0110000000002 655.3080000000002 670.6720000000003 686.9080000000002 703.2000000000003 718.5170000000003 734.7880000000002 750.2130000000002 766.3690000000001 782.6700000000002 798.0520000000001 814.2600000000001 829.743 845.8570000000001 862.1410000000001 877.5790000000001 893.7450000000001 910.0520000000001 925.4050000000001 941.6450000000001 957.0920000000001 973.2230000000001 989.5450000000001 1004.941 1021.1360000000001 1036.631 1052.757 1069.059 1084.499 1100.676 1116.995 1132.322 1148.5829999999999 1163.9989999999998 1180.187 1196.5049999999999 1211.8639999999998 1228.0979999999997 1243.5499999999997 1259.6899999999998 1276.0309999999997 1291.3949999999998 1307.6109999999996 1323.0849999999996 1339.2189999999996 1355.5309999999995 1370.9379999999994 1387.1349999999993 1402.6319999999994 1418.7409999999993 1435.0469999999993 1450.4609999999993 1466.6429999999993 1483.0019999999993 1498.3089999999993 1514.6009999999992 1530.0119999999993 1546.1929999999993 1562.5109999999993 1577.8629999999994 1594.1439999999993 1609.5539999999994 1625.7289999999994 1642.0499999999993 1657.3999999999992 1673.663999999999 1689.088999999999 1705.261999999999 1721.585999999999 1736.952999999999 1753.200999999999 1768.637999999999 1784.8159999999991 1801.1479999999992 1816.5169999999991 1832.7639999999992 1848.2149999999992 1865.4189999999992 1882.7429999999993 1899.1259999999993 1916.3809999999994 1932.8319999999994
