15
c:4
1
26
 14.768244470630702 11.132133611861576 6.323574356992889 5.184450165371162 1.839528560415557 0.923057943738697 0.9073228154241726 0.29945683809195406 0.3461996537074444 0.15470929432586372 0.1710447630581285 0.07320492222022085 0.036016144367351344 0.009492272854244699 0.0019223711572743385 5.126730868084128E-4 1.4665181289968965E-4 2.7697791144420947E-5 6.785438485090722E-6 6.113598516321872E-11 4.3076653355456074E-14 1.0E-14 1.0E-14 1.0E-14 1.0E-14 1.0E-14
steps1
1
26
 0.0 4.0E-6 8.0E-6 1.2E-5 1.6E-5 2.0E-5 2.4E-5 2.8E-5 3.2E-5 3.6E-5 5.2E-5 1.16E-4 3.72E-4 0.001396 0.005492 0.021876 0.087412 0.349556 1.349556 2.349556 3.349556 4.349556 5.349556 6.349556 7.349556 8.349556
time2
1
26
 0.0 0.001 0.001 0.002 0.003 0.012 0.013000000000000001 0.014000000000000002 0.014000000000000002 0.020000000000000004 0.020000000000000004 0.021000000000000005 0.023000000000000007 0.03200000000000001 0.07300000000000001 0.233 0.871 3.426 14.102 54.019999999999996 93.484 132.923 172.345 211.799 251.232 290.655
c:8
1
17
 14.768244470630702 10.974440773296491 6.766681479294915 3.8347136904095542 2.061031322821682 0.9291018542270493 0.7370733045714633 0.26102387516841924 0.25097411668086506 0.26591371081338205 0.06957405513009823 0.021149596780505875 0.0034858037222912364 2.6095958384869666E-4 7.688132936167769E-6 7.083067465885051E-11 1.5543122344752192E-15
steps4
1
17
 0.0 4.0E-6 8.0E-6 1.2E-5 1.6E-5 2.0E-5 2.4E-5 2.8E-5 3.2E-5 6.4E-5 3.2E-4 0.002368 0.018752 0.149824 1.149824 2.149824 3.149824
time5
1
17
 0.0 0.001 0.002 0.003 0.004 0.004 0.004 0.004 0.005 0.006 0.007 0.016 0.096 0.734 6.066 45.321000000000005 84.75
c:12
1
21
 14.768244470630702 9.343979285856399 4.75341743131754 2.1859640752375813 3.0887274487754213 1.3100793226619702 0.9230467469492949 0.29027130246563354 0.32240216536297955 0.27201818976245334 0.0946370693268978 0.017692604620197505 0.0022167625349842623 5.7578553639858754E-5 2.9600555395692396E-8 3.730349362740526E-14 1.0E-14 1.0E-14 1.0E-14 1.0E-14 1.0E-14
steps7
1
21
 0.0 4.0E-6 8.0E-6 1.2E-5 1.6E-5 2.0E-5 2.4E-5 2.8E-5 3.2E-5 8.0E-5 6.56E-4 0.007568 0.090512 1.08584 2.08584 3.08584 4.08584 5.08584 6.08584 7.08584 8.08584
time8
1
21
 0.0 0.001 0.002 0.002 0.002 0.003 0.004 0.005 0.005 0.005 0.007 0.028999999999999998 0.29800000000000004 3.533 42.585 82.06 121.49000000000001 160.699 200.175 239.609 278.826
c:16
1
21
 14.768244470630702 10.856679731691345 7.580108220771893 5.8024799921403964 3.813857341486634 1.2461196477477168 0.9130359272058184 0.3979775816267423 0.41668223642899443 0.1930136963647427 0.17999437382654931 0.17344741308691386 0.06973497056349703 0.008890421076418797 5.876092516692855E-4 4.990683627692505E-6 9.633005504383618E-11 1.0E-14 1.0E-14 1.0E-14 0.0
steps10
1
21
 0.0 4.0E-6 8.0E-6 1.2E-5 1.6E-5 2.0E-5 2.4E-5 2.8E-5 3.2E-5 3.6E-5 4.0E-5 1.04E-4 0.001128 0.017512 0.279656 1.279656 2.279656 3.279656 4.279656 5.279656 6.279656
time11
1
21
 0.0 0.0 0.0 0.001 0.001 0.002 0.008 0.008 0.008 0.008 0.008 0.008 0.011 0.08199999999999999 0.721 11.161 50.388 89.827 129.275 168.49200000000002 207.93
c:20
1
22
 14.768244470630702 6.594493206853044 4.770868943178819 2.519876308604197 2.337305675309579 1.6244516537362343 1.26078978718036 0.45385759432756473 0.4621289001331607 0.46768439712690596 0.4776241587391952 0.22404384913089853 0.21285064355226196 0.35835488336632 0.14896606327215317 0.10282916353766908 0.0730250478636934 0.04170296652896105 0.011197519273494272 4.921669559838082E-4 6.946058200285599E-7 2.8992364065061338E-12
steps13
1
22
 0.0 4.0E-6 8.0E-6 1.2E-5 1.6E-5 2.0E-5 2.4E-5 2.8E-5 3.2E-5 3.6E-5 1.16E-4 0.001716 0.033716 0.673716 1.673716 2.673716 3.673716 4.673716 5.673716 6.673716 7.673716 8.673716
time14
1
22
 0.0 0.0 0.001 0.001 0.001 0.002 0.003 0.004 0.004 0.004 0.005 0.01 0.073 1.319 57.167 96.393 135.852 175.088 214.34 253.799 293.068 332.57099999999997
