6
dyna-reg-lbfgs
1
65
 0.23000481168603143 0.22385523040278005 0.21586853027627667 0.14201559386912127 0.05612593157507467 0.03612883241851761 0.034719621644328846 0.02836173866643188 0.02762901092394232 0.026317717197973822 0.02423028263838084 0.020894788225534033 0.016719704430194993 0.009482965967726076 0.00728757859805873 0.007377508032238966 0.006879168750334397 0.006280761367324528 0.005241637360442253 0.005085530043457187 0.004822755404595813 0.0046344607156042494 0.004298746485133842 0.004007371958228256 0.003370003167915192 0.002955826202779288 0.0024246256665406696 0.0021701619270171335 0.001678829489632938 0.001366666821171314 0.00108055222273723 8.629473988995828E-4 6.227244749372751E-4 5.022756473390677E-4 4.001447410344472E-4 3.0148872226398726E-4 2.0786573942682685E-4 1.8372555370399501E-4 1.7448205978581877E-4 1.717410977220557E-4 1.6851933153200216E-4 1.627244090766089E-4 1.5511506955534493E-4 1.4504054501973673E-4 1.377162868408388E-4 1.353487675413434E-4 1.3413666119554968E-4 1.3220988672629774E-4 1.2697523196186777E-4 1.1479727773688886E-4 8.984708313269918E-5 5.5026806447866505E-5 4.5510501683942994E-5 2.153371707935836E-5 1.3242580037986507E-5 9.403842230970572E-6 5.044760789496561E-6 2.8714311829936E-6 3.0850379095781477E-7 2.4557563094163015E-8 6.094916793486505E-10 3.3275771027518886E-11 1.6263657087733918E-12 1.0341727474383333E-13 1.0E-14
steps1
1
65
 0.0 1.1111111111111112E-4 2.2222222222222223E-4 3.333333333333333E-4 4.4444444444444447E-4 5.555555555555556E-4 6.666666666666666E-4 7.777777777777777E-4 8.888888888888889E-4 0.001 0.0011111111111111111 0.0013333333333333333 0.0015555555555555555 0.002 0.0024444444444444444 0.0033333333333333335 0.004222222222222222 0.006 0.0077777777777777776 0.011333333333333334 0.014888888888888889 0.022 0.029111111111111112 0.043333333333333335 0.057555555555555554 0.086 0.11444444444444445 0.17133333333333334 0.22822222222222222 0.342 0.4557777777777778 0.6833333333333333 0.9108888888888889 1.366 1.8211111111111111 2.731333333333333 3.6415555555555557 4.641555555555556 5.641555555555556 6.641555555555556 7.641555555555556 8.641555555555556 9.641555555555556 10.641555555555556 11.641555555555556 12.641555555555556 13.641555555555556 14.641555555555556 15.641555555555556 16.641555555555556 17.641555555555556 18.641555555555556 19.641555555555556 20.641555555555556 21.641555555555556 22.641555555555556 23.641555555555556 24.641555555555556 25.641555555555556 26.641555555555556 27.641555555555556 28.641555555555556 29.641555555555556 30.641555555555556 31.641555555555556
time2
1
65
 0.0 0.017 0.028 0.037 0.052 0.063 0.076 0.095 0.157 0.169 0.18100000000000002 0.269 0.35200000000000004 0.37500000000000006 0.5 0.611 0.761 0.9 1.053 1.2029999999999998 1.4939999999999998 1.7859999999999998 2.368 2.953 4.2829999999999995 5.446999999999999 7.771999999999999 10.093 14.902000000000001 19.68 29.157 38.659 57.623999999999995 76.74499999999999 115.29799999999999 158.91799999999998 235.13699999999997 312.04099999999994 395.89099999999996 513.7049999999999 644.809 731.3879999999999 851.1579999999999 949.1259999999999 1038.9329999999998 1128.9489999999998 1216.5059999999999 1304.33 1392.677 1480.002 1566.3999999999999 1653.4979999999998 1747.5659999999998 1834.5609999999997 1922.0819999999997 2007.8109999999997 2094.863 2180.564 2267.024 2354.923 2441.2999999999997 2529.214 2614.749 2702.207 2789.337
static-lbfgs
1
55
 0.23000481168603143 0.2171468943706925 0.19607252359982735 0.15249368766620136 0.11764086787059597 0.06871782203088067 0.03512095908509344 0.024117851343213204 0.019766835133784078 0.01476579771361708 0.011460699521119055 0.006771802533308224 0.005613780466032781 0.004931414544493917 0.004816447849093852 0.004468737490602781 0.0040699164421028056 0.003582918213890618 0.0029223929198867182 0.0016874693233343008 0.0014237358243149312 7.70515184950693E-4 6.376695758343875E-4 5.386502993269815E-4 4.648149057239759E-4 4.0335947667929917E-4 3.4551414597944197E-4 3.1167422046302073E-4 2.196399801738247E-4 2.0349529751861883E-4 1.7752960148614827E-4 1.7455352682699266E-4 1.693767384121636E-4 1.6070685180347155E-4 1.4425165135206752E-4 1.405386970536604E-4 1.3385271065469162E-4 1.3232790368533642E-4 1.3142239707825132E-4 1.2756483239090288E-4 1.1594833020889261E-4 9.806893416697271E-5 7.938016541547688E-5 6.640979057237484E-5 6.066183758629551E-5 5.749118965525657E-5 3.705764982148141E-5 1.6909341072679496E-5 1.0402551301469387E-6 4.628784278093434E-8 1.0310387543732702E-9 1.3262113629508576E-11 1.6895373988745632E-12 4.514721929638199E-13 6.350475700855895E-14
steps4
1
55
 0.0 1.0 2.0 3.0 4.0 5.0 6.0 7.0 8.0 9.0 10.0 11.0 12.0 13.0 14.0 15.0 16.0 17.0 18.0 19.0 20.0 21.0 22.0 23.0 24.0 25.0 26.0 27.0 28.0 29.0 30.0 31.0 32.0 33.0 34.0 35.0 36.0 37.0 38.0 39.0 40.0 41.0 42.0 43.0 44.0 45.0 46.0 47.0 48.0 49.0 50.0 51.0 52.0 53.0 54.0
time5
1
55
 0.0 71.489 143.001 214.799 289.112 360.72700000000003 432.17900000000003 503.684 578.275 650.3009999999999 719.2359999999999 791.5769999999999 864.7569999999998 936.4409999999998 1012.2239999999998 1085.6459999999997 1155.9819999999997 1228.2479999999998 1302.6599999999999 1376.9429999999998 1452.1689999999999 1522.7489999999998 1601.2749999999999 1671.513 1744.079 1816.32 1888.473 1959.166 2035.558 2108.567 2180.117 2253.1400000000003 2327.1780000000003 2399.3510000000006 2469.8090000000007 2550.8000000000006 2621.879000000001 2691.5790000000006 2764.1540000000005 2836.5980000000004 2909.4150000000004 2982.2070000000003 3055.2900000000004 3125.3730000000005 3198.3000000000006 3267.5760000000005 3341.5750000000003 3412.7290000000003 3483.773 3556.938 3629.399 3705.636 3779.623 3851.847 3926.574
