12
c:5
1
15
 NaN NaN NaN NaN NaN NaN NaN NaN NaN NaN NaN NaN NaN NaN NaN
steps1
1
15
 0.0 0.006700317148345022 0.013400634296690044 0.020100951445035067 0.026801268593380088 0.0603028543351052 0.22781078304373073 1.0653504265868585 2.0653504265868583 3.0653504265868583 4.065350426586859 5.065350426586859 6.065350426586859 7.065350426586859 8.065350426586859
time2
1
15
 0.0 0.614 1.2189999999999999 1.819 2.416 3.009 5.862 20.037 91.19200000000001 176.56 261.927 347.321 432.74800000000005 520.4440000000001 615.4860000000001
c:10
1
16
 NaN NaN NaN NaN NaN NaN NaN NaN NaN NaN NaN NaN NaN NaN NaN NaN
steps4
1
16
 0.0 0.006700317148345022 0.013400634296690044 0.020100951445035067 0.026801268593380088 0.033501585741725105 0.10050475722517532 0.7705364720596775 1.7705364720596775 2.7705364720596775 3.7705364720596775 4.7705364720596775 5.7705364720596775 6.7705364720596775 7.7705364720596775 8.770536472059678
time5
1
16
 0.0 0.682 1.363 2.047 2.728 3.4030000000000005 4.077000000000001 10.477 74.216 169.23899999999998 264.316 359.404 454.404 549.543 644.688 739.7719999999999
c:15
1
15
 NaN NaN NaN NaN NaN NaN NaN NaN NaN NaN NaN NaN NaN NaN NaN
steps7
1
15
 0.0 0.006700317148345022 0.013400634296690044 0.020100951445035067 0.026801268593380088 0.033501585741725105 0.13400634296690042 1.1340063429669005 2.1340063429669005 3.1340063429669005 4.1340063429669005 5.1340063429669005 6.1340063429669005 7.1340063429669005 8.1340063429669
time8
1
15
 0.0 0.681 1.3570000000000002 2.0380000000000003 2.7180000000000004 3.3910000000000005 4.063000000000001 13.665000000000001 108.68700000000001 203.71800000000002 298.837 393.966 489.058 584.114 679.105
c:20
1
15
 NaN NaN NaN NaN NaN NaN NaN NaN NaN NaN NaN NaN NaN NaN NaN
steps10
1
15
 0.0 0.006700317148345022 0.013400634296690044 0.020100951445035067 0.026801268593380088 0.033501585741725105 0.16750792870862555 1.1675079287086256 2.1675079287086256 3.1675079287086256 4.167507928708625 5.167507928708625 6.167507928708625 7.167507928708625 8.167507928708625
time11
1
15
 0.0 0.679 1.362 2.045 2.723 3.401 4.076 16.796 109.138 202.157 297.025 391.945 486.917 581.838 676.809
