10
SGD
10
51
 -1.1270254797099521 -7.015626061473151 -7.36828497308834 -7.569788684367123 -7.71254919472046 -7.8090523931945235 -7.891643102779194 -7.96301600819839 -8.032005748200445 -8.088868267471309 -8.152199670702942 -8.196802511439042 -8.231938224103029 -8.266847425007725 -8.303856300691734 -8.33186232780937 -8.363107004516884 -8.392726562084464 -8.422909638346386 -8.447983089787183 -8.468357682020082 -8.48897127989389 -8.514319761072432 -8.53680264421341 -8.552139781992667 -8.571962397275769 -8.58863477834449 -8.60917908176052 -8.622086076613686 -8.635115765243805 -8.649759908688623 -8.663211115413091 -8.67796276600073 -8.692105862213223 -8.70827863324602 -8.72324465481126 -8.733169975958896 -8.744241780986025 -8.756566876991085 -8.767349081245271 -8.778967754072749 -8.791286437371626 -8.799861752806864 -8.809665738481433 -8.82060059687564 -8.82931628474556 -8.836714202856523 -8.845291790018656 -8.85494098894043 -8.863146083147178 -8.87158406347668
51
 -1.1270254797099521 -6.695766510173639 -6.968500271824457 -7.1680083330124775 -7.279029878943751 -7.389780305537565 -7.476253075887287 -7.535471722881966 -7.582814460697764 -7.628529800447902 -7.666135733152517 -7.707910114906428 -7.7371949116850605 -7.773185980991472 -7.804558804812075 -7.833487508042014 -7.860728126543025 -7.888195084269704 -7.914732828126867 -7.935384153118362 -7.957139315206311 -7.976632615667048 -7.992838742433648 -8.013732052761286 -8.026204048338037 -8.042677579331052 -8.058525245154014 -8.073379671517706 -8.087311378509039 -8.103684151838655 -8.113356609448168 -8.126727207487443 -8.140086052535253 -8.154838971520851 -8.168463107529712 -8.179274163387811 -8.189838279292802 -8.20074641504717 -8.212646999495734 -8.22232836127616 -8.232151796381007 -8.239914095841756 -8.25137282323172 -8.26306826423088 -8.271920464617331 -8.280549640549403 -8.289805543777607 -8.29826316281668 -8.306371671410028 -8.31401762368072 -8.3211588207862
51
 -1.1270254797099521 -6.736239610067907 -7.049955271353885 -7.261569948864359 -7.378864680924188 -7.471902431165028 -7.562164201849202 -7.636570006261347 -7.693534106016754 -7.747284245752736 -7.791305693738423 -7.840113647096669 -7.874586225111537 -7.909484533812295 -7.937466710156182 -7.971499669466386 -7.998368880683296 -8.02256582292197 -8.051452100085458 -8.076268642599134 -8.09980181314675 -8.120152450444794 -8.137398886519865 -8.15592404979232 -8.172981543981477 -8.192229032471477 -8.208559553091646 -8.225834850068836 -8.242343382730422 -8.259512593483432 -8.274981601928623 -8.29197103085557 -8.304928659758449 -8.319214996349958 -8.332656870353711 -8.34673438138892 -8.357801053580687 -8.369388949850768 -8.38194699616484 -8.392992700843362 -8.403801529657148 -8.414684261290125 -8.423576044660779 -8.430767950590184 -8.440833449204298 -8.450696072461927 -8.458826928972114 -8.46685614221668 -8.477692753447279 -8.487489166986494 -8.498492402261306
51
 -1.1270254797099521 -6.2243003145419635 -6.600142544046494 -6.7671212885596175 -6.8961698404780885 -6.9930143149038235 -7.067018797644732 -7.141872623031888 -7.207125401396153 -7.260670442053797 -7.306831067140095 -7.343600573737009 -7.382300858285256 -7.419210610697482 -7.4491690148744825 -7.480558585467534 -7.5051964476425574 -7.532820044240597 -7.557148116501106 -7.5812273641479635 -7.6013387412625555 -7.618118143067569 -7.639348196465864 -7.658297405894555 -7.677371462545742 -7.694461278033363 -7.710672353796781 -7.730041000916759 -7.742612182221907 -7.756467992345662 -7.770628176562115 -7.785775740690733 -7.799868573601918 -7.814342934354104 -7.826551005020543 -7.838257965658162 -7.8493400315170145 -7.862081829577892 -7.872875775976461 -7.8830255479066205 -7.892712116643216 -7.903771306580147 -7.914893006656896 -7.923930162929839 -7.932372142425043 -7.943020038311705 -7.95317270404295 -7.96246019723979 -7.972682915194468 -7.981642429430434 -7.990927886268725
51
 -1.1270254797099521 -6.792933232722531 -7.103625341395179 -7.260425872676012 -7.388575356548936 -7.4725444469757 -7.545097518859077 -7.608144337235778 -7.668068500776095 -7.718685928828397 -7.765552118249578 -7.805600206261778 -7.845723185040206 -7.888257931633221 -7.925010333621396 -7.958861025020159 -7.988115972316632 -8.012925628468066 -8.038211486767652 -8.055413642091773 -8.081789826275672 -8.105248576292297 -8.120324259636396 -8.14084854932311 -8.157135517924493 -8.17248542863187 -8.190022497533246 -8.205728255183786 -8.222907811599617 -8.237978773775186 -8.250763484431797 -8.268594517353325 -8.283272102641716 -8.29566809939099 -8.305852262939913 -8.318409096487956 -8.330956571071512 -8.338288956133749 -8.352727393812232 -8.363458203769058 -8.376018198621948 -8.387619110547039 -8.396873956847621 -8.408216194170897 -8.41585399058274 -8.424181355820213 -8.432343366280062 -8.440576112591334 -8.447584000949112 -8.454768687133308 -8.463110873594227
51
 -1.1270254797099521 -6.656772708211663 -6.993944099812538 -7.159944792226113 -7.301514561534216 -7.413938405672613 -7.497510411418606 -7.558708297359452 -7.631083863734864 -7.682418646610325 -7.729301657108212 -7.773619997887011 -7.816055077131157 -7.84878119262768 -7.88365163091965 -7.91054672007904 -7.93626212262262 -7.966508681108749 -7.994270047631196 -8.013977317269115 -8.037329836361772 -8.06654719412172 -8.086634594286487 -8.105896507127325 -8.12920497131005 -8.147983695042115 -8.165684043611877 -8.183872940636565 -8.202745558878043 -8.220248270998542 -8.231839324762987 -8.246244538638866 -8.256032618237633 -8.270653024612878 -8.283644580252624 -8.297384621658782 -8.30676546214774 -8.31776185346106 -8.330136520601862 -8.341182029279427 -8.351473787752212 -8.363885261610232 -8.373899559557673 -8.383964232567145 -8.393038235815563 -8.404237831591436 -8.413993631024775 -8.423899330261065 -8.433771269163662 -8.442703861730163 -8.451218914510983
51
 -1.1270254797099521 -6.29674712084344 -6.562466966669449 -6.709994719367678 -6.826294996410026 -6.913585025923502 -6.979748088688092 -7.039922994872567 -7.095431019496687 -7.145062006208337 -7.186160912949468 -7.217813629063524 -7.249846136713655 -7.2798680465451335 -7.3079336235745425 -7.337104776812714 -7.362969145696422 -7.384163075974987 -7.404750676496727 -7.424124953445946 -7.444085260829673 -7.461768975759456 -7.480352960875207 -7.49769633068502 -7.512763377232229 -7.529611255335749 -7.544131392989823 -7.558545042808556 -7.57169473272162 -7.584655483775046 -7.596836257361406 -7.611440132378225 -7.623256279885107 -7.6334697028799114 -7.642919264357339 -7.654524065892925 -7.665106170890266 -7.674591135603175 -7.685371213193731 -7.696018775922314 -7.705590245034769 -7.713733216524164 -7.720499242496578 -7.729697325888178 -7.739325828439715 -7.748662229675273 -7.7580407052247775 -7.767322134772143 -7.775146676574582 -7.782738732494773 -7.789748028823684
51
 -1.1270254797099521 -6.5158191728989525 -6.7814625511019555 -6.9663696716466195 -7.111484047289081 -7.206088124997933 -7.296455565785725 -7.374840352753078 -7.441898026080379 -7.4986518741059 -7.551744938015302 -7.591209257834595 -7.622599562881146 -7.661197099066967 -7.689643855889214 -7.723824892901759 -7.748272753986495 -7.770511851166969 -7.791249059494334 -7.814680388997301 -7.832652384773174 -7.850691422899318 -7.870303640608405 -7.891523357881661 -7.913474420850081 -7.93130445057332 -7.944366572437355 -7.957067179803838 -7.975742331808535 -7.989690723142486 -8.002863603597447 -8.016030327957113 -8.030801717695926 -8.0411600212671 -8.052028884653918 -8.062788976828193 -8.076944061127856 -8.08786087150341 -8.099216178523857 -8.112149213407072 -8.122411752189969 -8.132332769708858 -8.143986806021308 -8.155126847103855 -8.16442912306677 -8.173709373708267 -8.181947046084506 -8.189258392514008 -8.199027798536154 -8.208197194641269 -8.216057442240194
51
 -1.1270254797099521 -6.84462943310815 -7.180068884444313 -7.378374747224108 -7.504107195939028 -7.592799198213339 -7.674141387689063 -7.747857955830782 -7.814923027641552 -7.869408145273396 -7.908251826695129 -7.9548781954790915 -7.993678151578748 -8.030113761468076 -8.070110135829106 -8.099930767454255 -8.125632432643645 -8.15305866267021 -8.17617966528709 -8.200259343094288 -8.222997239233411 -8.249024601996767 -8.269205365032516 -8.285066023210009 -8.302687554116673 -8.31853548262656 -8.334798839978662 -8.348480711125479 -8.36714568466814 -8.382827237416059 -8.395269186889019 -8.410018986868618 -8.423417068413316 -8.437805773244266 -8.449181109479452 -8.460860084030829 -8.473560366241209 -8.486197443965784 -8.496768590463434 -8.505647750616824 -8.517123925373165 -8.52805825609881 -8.536183111823021 -8.54665952263399 -8.553692132215756 -8.562559658458458 -8.570195199762724 -8.577164544620727 -8.58507266282398 -8.593969535613551 -8.600818350716823
51
 -1.1270254797099521 -6.891013708483882 -7.175018010268515 -7.3596193588338705 -7.5269708025718645 -7.623512715361383 -7.696500104437561 -7.76321310309187 -7.807838306055865 -7.861972477744339 -7.914542484179178 -7.950074288574813 -7.986775686361444 -8.026567931036743 -8.05500814133987 -8.086704465598428 -8.118549782372915 -8.14018498797339 -8.158430412982433 -8.180619856026308 -8.19853001503132 -8.22427699633965 -8.247375624793383 -8.270082570009762 -8.287523869577917 -8.301345573593693 -8.324241748907703 -8.339927070252672 -8.355102579840583 -8.369441885308568 -8.38216476321237 -8.393407665628994 -8.409687487951407 -8.420989938571942 -8.43201319249888 -8.444436374309332 -8.457822217892643 -8.46978262322769 -8.481235590980807 -8.49434100598361 -8.50510198441842 -8.515400589133076 -8.526112504564225 -8.536028369954373 -8.5457094091976 -8.55360902808574 -8.56317480883287 -8.57304252690567 -8.581955083232456 -8.589418833134603 -8.600648987634486
SAGA
10
51
 -1.1270254797099521 -3.5326852228132224 -4.44254329438891 -5.024465938101794 -5.480826998932188 -5.861274041549454 -6.187738813903037 -6.482203498988737 -6.737562128329253 -6.983319822793175 -7.19907391435456 -7.4256180525897975 -7.626990627336292 -7.83287910015664 -8.02709030853646 -8.23604168530855 -8.420331507366193 -8.620742156913973 -8.806068987341405 -8.976735373776489 -9.152128955734177 -9.34367428563904 -9.518904905457703 -9.680578378259009 -9.815036745948026 -9.966325077595274 -10.119407937470735 -10.272843400735523 -10.419657148484733 -10.568280285610435 -10.723262033045465 -10.872017696403788 -11.01384519916149 -11.162734804137013 -11.312947723335496 -11.452226137102075 -11.61052594738257 -11.765565851358957 -11.914881744594823 -12.045776921294527 -12.172442344665985 -12.313198984816127 -12.448949022296627 -12.583013137899865 -12.705354965592138 -12.840407131659951 -12.96361355691725 -13.089676586449448 -13.229578208170038 -13.362892711932732 -13.489841091641363
51
 -1.1270254797099521 -3.5028345965639636 -4.392244913711942 -4.984971898947473 -5.450162838583297 -5.839700560583028 -6.196084033492897 -6.517725922595758 -6.778809324895137 -7.0335976415641985 -7.280140037778676 -7.517303543632184 -7.731623672783966 -7.929265759590674 -8.132771266731464 -8.310788105480498 -8.49806076295515 -8.676374101372554 -8.866206984351763 -9.032159775531216 -9.219338723850194 -9.377524732758765 -9.561362570377202 -9.725266323808912 -9.890969035772304 -10.046412407786132 -10.206275684364027 -10.351952163010754 -10.506098899859072 -10.659579727562177 -10.810440698798548 -10.947388332489751 -11.08718469797987 -11.248202781824416 -11.405955857474275 -11.544021956845343 -11.690477062554228 -11.838816908349553 -11.97472683752547 -12.109437680717106 -12.239333331674747 -12.369673929489007 -12.494081626647075 -12.619211636191878 -12.732418970423307 -12.8661997597343 -12.995079734738136 -13.12699323375147 -13.2506086541746 -13.373712717236266 -13.506323125751125
51
 -1.1270254797099521 -3.543237341530196 -4.428788887548012 -5.020736039421124 -5.480203340328917 -5.865102763260729 -6.212504620048338 -6.508512104953499 -6.787283436683243 -7.044845314520229 -7.290814382951054 -7.520261821164819 -7.718123775743323 -7.911280169492206 -8.113090571756395 -8.305376630683554 -8.494070517912013 -8.678172345144848 -8.851336837805862 -9.03973525718392 -9.19276235213234 -9.376899068977078 -9.557781660773502 -9.723413528360238 -9.87637257195808 -10.039802530025542 -10.1936017476395 -10.351525188190905 -10.514408354534627 -10.685558155345431 -10.851641684111938 -11.005027229624183 -11.149911917063822 -11.302580032321313 -11.437870412363738 -11.582024233880379 -11.722778710339602 -11.872962363630949 -12.009529507447851 -12.153624902872137 -12.299036421591167 -12.434714077964895 -12.564091147851341 -12.693590176772721 -12.829468302269591 -12.956688145772276 -13.085701185891173 -13.211709130211517 -13.33241432280855 -13.489600405766028 -13.616731773472619
51
 -1.1270254797099521 -3.5277872575336855 -4.4365681867872215 -5.054071155321838 -5.499352660660116 -5.85324628349092 -6.186510780136645 -6.47852863807582 -6.727158130371069 -6.969614869354575 -7.209195797329809 -7.430563821518449 -7.622171743848405 -7.828987679997707 -8.015258420446541 -8.2122353029299 -8.391866101523199 -8.583393834748028 -8.756112696653569 -8.92515921901612 -9.098887696825853 -9.266719093577636 -9.447706374218699 -9.611980628584597 -9.758982730378897 -9.925021308175891 -10.09081235703863 -10.235095337138105 -10.387468614326083 -10.542481724888976 -10.696260032874317 -10.837876734075659 -10.983004094529889 -11.13210619879733 -11.28637651796254 -11.412761521592879 -11.564534332691657 -11.713604948752105 -11.875471720645145 -12.007863515708236 -12.137481789711671 -12.273789297112794 -12.411283758948107 -12.538300295392933 -12.667931248093952 -12.813842854201898 -12.931839986922745 -13.060988123715372 -13.180735094871933 -13.310413685047168 -13.433730333065508
51
 -1.1270254797099521 -3.526402380819339 -4.420237293148706 -5.045180010721076 -5.512715240751571 -5.904179863851294 -6.219875827039647 -6.506006463609985 -6.755803436489319 -7.003284672296356 -7.235191876513114 -7.4539496745439004 -7.672847907464259 -7.855425417947531 -8.06017419247887 -8.23192779263428 -8.417689589936892 -8.597942067350635 -8.769721565980909 -8.92781938549581 -9.06958511862322 -9.251399248986848 -9.417222872515135 -9.581619623790893 -9.733531748681814 -9.893042377131726 -10.067224462513812 -10.212302548011364 -10.348488391991987 -10.49931716859207 -10.64872277243989 -10.781545081224603 -10.938373433596452 -11.082109504581831 -11.240875363707387 -11.374850595265588 -11.533438795752483 -11.675473550188205 -11.79674869377419 -11.94175207162348 -12.073213162984157 -12.199707541445536 -12.327749957789585 -12.459959638451304 -12.618981613936633 -12.75211236505574 -12.884657411878125 -13.019867353119018 -13.141845181558772 -13.28446480280844 -13.40641264119768
51
 -1.1270254797099521 -3.518000359461035 -4.446795894418039 -5.017098807644235 -5.495535229639331 -5.888199275584014 -6.199493343084574 -6.475375064443625 -6.735968158148723 -6.9999425098418735 -7.235362901640337 -7.453713310209233 -7.682572389316945 -7.9110112882242065 -8.106239516405287 -8.30242596713611 -8.482166638226934 -8.67917525192301 -8.873471223199012 -9.032041717371097 -9.205600540082067 -9.353561259227126 -9.538405044853786 -9.704613261409873 -9.879537878012576 -10.042093269067175 -10.200451333880018 -10.341934471223226 -10.497693811042039 -10.640001365922513 -10.803257742293804 -10.952857719911332 -11.104205486794369 -11.247721282980011 -11.39950589895442 -11.55310591401327 -11.702021773117067 -11.850070805016689 -11.990169554720513 -12.130390914958983 -12.272112481159224 -12.39736245178897 -12.50904689245768 -12.642109732697147 -12.766930423730843 -12.883685402122454 -13.006550314199586 -13.142231712300724 -13.26716085292076 -13.394564134966831 -13.52069212025951
51
 -1.1270254797099521 -3.5385001509184426 -4.450119122971144 -5.081554974117432 -5.5282635326003575 -5.938585608946771 -6.249024246029701 -6.523194177465772 -6.808633492625022 -7.067739614131475 -7.279148175149963 -7.4949253698663885 -7.705411054524906 -7.897653655666361 -8.104387699572866 -8.295008419972651 -8.486335437201552 -8.660128730612898 -8.841001237986257 -9.008696878223315 -9.195884325792651 -9.360434411165297 -9.531922745601145 -9.69435236734323 -9.870932764701402 -10.026804225934768 -10.199525950545164 -10.346589477085603 -10.501117700683626 -10.64584189858882 -10.792141911635682 -10.935155852133894 -11.084776617161229 -11.233485188760373 -11.385576024096334 -11.52457818107661 -11.67468915276897 -11.81661654365893 -11.953797531344492 -12.10083687698075 -12.24402989022509 -12.377158448418706 -12.518875166004127 -12.648425424109291 -12.783341251421419 -12.910594980972297 -13.03359015930755 -13.165167661688187 -13.290752453332507 -13.419837726187586 -13.542389306446509
51
 -1.1270254797099521 -3.5490264411323413 -4.449975663904182 -5.071816689124176 -5.522043244975679 -5.886868061720034 -6.205123573368947 -6.483413362882483 -6.721746956045085 -6.965537203679822 -7.201277182888149 -7.4265192373084385 -7.649633316890784 -7.84530869417803 -8.037283179337269 -8.219277798118867 -8.395140796589237 -8.593354725400921 -8.774478607344648 -8.965322646043816 -9.150791546441548 -9.307115110674882 -9.461324111104009 -9.63747871617338 -9.809055984423956 -9.96593513396909 -10.117068867886047 -10.286635657218309 -10.434978852714407 -10.580700378679671 -10.73869608728314 -10.90044031834793 -11.05043643951898 -11.174183786413016 -11.33102515433662 -11.466669910761375 -11.60334913105581 -11.736841210783654 -11.875213653473285 -12.024886715348904 -12.156278819673934 -12.284247005098461 -12.427189678052681 -12.579805219886865 -12.709144037034141 -12.839524533489909 -12.972540513178538 -13.103826564307363 -13.231796773132915 -13.356789914216026 -13.491873156500922
51
 -1.1270254797099521 -3.512362741736592 -4.440201283925021 -5.045746941548785 -5.508949079103646 -5.8755318972644535 -6.206107587514377 -6.4949575503624315 -6.756254361368087 -6.9879225459667085 -7.209978539731074 -7.433754571817796 -7.653742323683027 -7.849563678010812 -8.067428798593715 -8.262089245212303 -8.466963823748424 -8.635851805292504 -8.828002284976609 -9.001871076589532 -9.168418420815094 -9.351808612805808 -9.512754964284195 -9.679428835810226 -9.835584611795948 -9.99759712778439 -10.148380347082629 -10.325194562900272 -10.47094631442412 -10.638486478391377 -10.8075436297797 -10.957846277936504 -11.086079631546514 -11.25097813025601 -11.395341032473782 -11.541868004822044 -11.688404706618117 -11.85443721706472 -12.001666831889658 -12.141289361488054 -12.282533614308456 -12.415745491109314 -12.542825517689135 -12.671985463891362 -12.806056045844503 -12.942305803788784 -13.077794711379918 -13.207929273096289 -13.337206913058479 -13.468661694605712 -13.604789097617845
51
 -1.1270254797099521 -3.545132923855534 -4.424350425557425 -5.019805570216614 -5.518411466003461 -5.8741814767114064 -6.187431952305228 -6.463997246789975 -6.748863248560789 -6.977765802989443 -7.195996960600425 -7.405618386445 -7.591855494903173 -7.792976153255114 -7.994508139893911 -8.19619699964173 -8.401627775623016 -8.594337838357834 -8.770513527312172 -8.957428490790134 -9.12216078580756 -9.29309476424377 -9.474345068362371 -9.63201070416392 -9.820018415633136 -9.966027802430874 -10.142727142138275 -10.292079082979308 -10.439422262513656 -10.612280673484914 -10.757846705919695 -10.903041858445047 -11.042087351423225 -11.202850300916015 -11.351566455350957 -11.49974038446915 -11.635230303283038 -11.776906714372695 -11.914629266464791 -12.051345986195797 -12.191683240813955 -12.33938426202429 -12.472073354432347 -12.601340030388705 -12.732040819149033 -12.867137631594186 -13.003024688877677 -13.129927657180067 -13.267128249110193 -13.395976414223071 -13.529428768957107
ADAPTSAGA
10
51
 -1.1270254797099521 -7.845976330680407 -8.521669330206654 -9.132574100143088 -9.35479103474932 -9.975018737245481 -10.27859895851905 -10.550025497551896 -10.856018612302538 -10.880292181701746 -11.105927083856807 -11.382496153061062 -11.6640514593327 -11.842436063226058 -12.07709764409246 -12.23838599829769 -12.505470624531476 -12.759588097966432 -12.939568125955363 -13.076548090351826 -13.210479627030038 -13.342536405456528 -13.471897601093133 -13.59969631749303 -13.721187321103057 -13.846455841483001 -13.970495836143629 -14.094282094184987 -14.211471286575486 -14.333498316451761 -14.454635109685952 -14.577221470204417 -14.701432622014277 -14.8222474427247 -14.940152393445285 -15.060801290172115 -15.184600493786798 -15.303805904965476 -15.42006137696238 -15.539470018706536 -15.660298844133264 -15.772569820621763 -15.888073665774762 -16.005287361877738 -16.124809640770508 -16.24052010062744 -16.357058146988194 -16.479450411937858 -16.595193894719085 -16.706800938849934 -16.827202083673154
51
 -1.1270254797099521 -7.766922166862878 -8.48228091870689 -9.079834312247241 -9.315881927274704 -9.945309201962852 -10.238627311107646 -10.519317631966572 -10.819461733170385 -10.857137436612149 -11.088865504016228 -11.355388906350166 -11.633778462451392 -11.822661242135876 -12.048619631547002 -12.210339474123534 -12.477350319156264 -12.718895928391072 -12.896899258470235 -13.035208447699583 -13.167525808078686 -13.296592839237299 -13.42480091641856 -13.553201805243653 -13.67639929296207 -13.802806544314645 -13.92776417260782 -14.049683550505897 -14.173425270159697 -14.294277851031845 -14.416485868326784 -14.540617899591824 -14.66248712149329 -14.787589678112319 -14.90780524537299 -15.024983239702815 -15.14550219912268 -15.264965904600952 -15.382023159478674 -15.498086939726255 -15.615064039261298 -15.732250174113565 -15.850514556533039 -15.968596534739564 -16.084006222122387 -16.20061105191436 -16.319482983487962 -16.437191843295082 -16.55633127963703 -16.67413370138095 -16.791363376486665
51
 -1.1270254797099521 -7.7984118436554875 -8.499743955812573 -9.107801131262521 -9.32300164500161 -9.968287611253556 -10.259483598018898 -10.536399689929917 -10.836894832977473 -10.866402379490316 -11.095557678213137 -11.363465138762221 -11.644264176677577 -11.83215462250791 -12.062763305608819 -12.217505007741767 -12.485316076048495 -12.734649681166722 -12.91331281139717 -13.053707278565417 -13.185651578404498 -13.31721898596415 -13.442214642392209 -13.565042782915496 -13.692046386893484 -13.813590959223237 -13.938970864459389 -14.063359932667082 -14.187040604182119 -14.310689063397705 -14.429050724251121 -14.549227969480913 -14.671110758423211 -14.791628257684316 -14.912246310485145 -15.031530232564794 -15.149306090916452 -15.265359681293942 -15.38468362157229 -15.50462450873669 -15.623841732383534 -15.741487201693829 -15.854195456554951 -15.9725257600534 -16.090553272762076 -16.211211056448274 -16.32791626738204 -16.44367198738864 -16.5603307027408 -16.675881234864143 -16.787018841226107
51
 -1.1270254797099521 -7.779372336417424 -8.500701957789152 -9.128927645570318 -9.360970233218291 -9.988470598876106 -10.287623741182411 -10.546188325976251 -10.850336760615445 -10.878264066233708 -11.098178415898907 -11.368881551789622 -11.650818044871235 -11.83459401000353 -12.063674057431147 -12.225143272914016 -12.493942840237096 -12.740195816657694 -12.922807215208895 -13.060040494392727 -13.194635966634376 -13.320258547562638 -13.44777841337684 -13.568432942968663 -13.689229833751849 -13.812417945569244 -13.935659420765443 -14.05868639026592 -14.174762360990982 -14.293908146504268 -14.415624506159487 -14.536380648435953 -14.65656453579954 -14.775052473877523 -14.890045949199257 -15.010278202991145 -15.131085507581572 -15.248088104006625 -15.366950208375561 -15.485925764622912 -15.602280877306413 -15.719167472645994 -15.839087077390753 -15.956857015572488 -16.07330205656279 -16.192602357543393 -16.311603800201368 -16.426362866808716 -16.544821918924143 -16.662459331432665 -16.779349068569125
51
 -1.1270254797099521 -7.775569789962985 -8.466866368663 -9.087728200178796 -9.341239603855652 -9.970621337767572 -10.270467726064943 -10.540095446571042 -10.84298981154617 -10.875710100265165 -11.096821560294513 -11.366861400045678 -11.646900493340256 -11.826339460648466 -12.053622664699112 -12.212603937504612 -12.482155350255496 -12.72634411690607 -12.907740428162894 -13.043528346697299 -13.177105254202134 -13.312094658549215 -13.438147685535967 -13.564954438287945 -13.691946167161007 -13.81491121017328 -13.937600433240611 -14.059680183732178 -14.178787911135338 -14.298225066683527 -14.42108058789704 -14.54298477960666 -14.65962409615304 -14.783305505554491 -14.903138684156323 -15.024634090846163 -15.145388122816577 -15.263114663857307 -15.379043848308767 -15.497568841000167 -15.617512684956166 -15.73480792559105 -15.853752478284438 -15.965313002101562 -16.084776481556396 -16.205259234050445 -16.320977603208128 -16.434552544145305 -16.553615748875227 -16.670577488353473 -16.7881098999681
51
 -1.1270254797099521 -7.7281850282165845 -8.456552974869041 -9.060886220162873 -9.311567622447377 -9.92000353824706 -10.221805839281302 -10.500572679471711 -10.811429881266607 -10.845843566040875 -11.06930559390722 -11.339562970433253 -11.60645985265651 -11.780173800674753 -12.025047031080128 -12.179051979630298 -12.434673040429406 -12.679397492085888 -12.865339044729424 -13.00274918199467 -13.130358832946525 -13.260053536477121 -13.38907140580806 -13.516463442190332 -13.641337637818648 -13.76318101608634 -13.886676915049312 -14.00669253243834 -14.127943285915652 -14.250112648857808 -14.368082928820293 -14.488514463830194 -14.608714232130858 -14.72890242154716 -14.850717329145763 -14.96928885147085 -15.088519815566649 -15.205776119022259 -15.325015045030531 -15.443689277468813 -15.561493879388602 -15.682264406530038 -15.805051448181569 -15.92164455660487 -16.040080228914995 -16.155980990705885 -16.274528851217525 -16.395371183892333 -16.510528197194514 -16.629380546872603 -16.742091865041935
51
 -1.1270254797099521 -7.802359174805962 -8.543345416885208 -9.166900857144922 -9.39018889506048 -9.990965683394844 -10.285060276329512 -10.564583947151608 -10.864979812532097 -10.90343120611382 -11.142718975972386 -11.406890957640982 -11.685968356319286 -11.862604073792548 -12.10446827134549 -12.265822221798487 -12.518989457816918 -12.768796673138642 -12.949436059998611 -13.084906365265494 -13.217482442478435 -13.348297628262939 -13.475613184434268 -13.591773140055496 -13.718470201025157 -13.841963495404714 -13.961373313768718 -14.08073198423462 -14.203291387531054 -14.324377647776402 -14.445902216819107 -14.567066726044699 -14.687562066124343 -14.811891094890075 -14.930592791652147 -15.050983417186172 -15.166801308741745 -15.288252433030204 -15.409255104729574 -15.52713513530641 -15.645607376688584 -15.765392317417993 -15.885641415312252 -16.004620145853185 -16.125373673255734 -16.24735330293239 -16.36520323699607 -16.482670330295345 -16.597499391918202 -16.714091927255406 -16.827027070063306
51
 -1.1270254797099521 -7.805953397231356 -8.485231260185882 -9.103132506258197 -9.328335155607254 -9.976152239662483 -10.27771699522531 -10.548434755665552 -10.853287200728156 -10.894812159460322 -11.109767165373663 -11.370704939941767 -11.651142684137806 -11.829171225486501 -12.065322111100832 -12.222950524912807 -12.480537100080388 -12.730013698262818 -12.913679172153335 -13.051949378496891 -13.184908832847416 -13.318516572224315 -13.448364867383768 -13.574947560274929 -13.698015753738302 -13.824180214168985 -13.947471412896089 -14.067414809501429 -14.19039388901018 -14.315535534558599 -14.435879868035112 -14.558945268532042 -14.678380780428792 -14.795671628937606 -14.918738116156645 -15.03905563114337 -15.161352103233984 -15.276900615696224 -15.399225300322316 -15.523125663136817 -15.637167498685484 -15.75354204678729 -15.870583077495317 -15.989756984505913 -16.10269916431589 -16.21697184219363 -16.333397183875526 -16.453402727874373 -16.56907768433744 -16.684195085506964 -16.799754085749928
51
 -1.1270254797099521 -7.857298420537188 -8.529877473172142 -9.13046762146556 -9.352717188533955 -10.002678356305484 -10.29581911772938 -10.554611947809741 -10.855105671550778 -10.874567533192819 -11.092668100774393 -11.368394797079327 -11.65423906171576 -11.833197181474487 -12.06183650269508 -12.224484802891704 -12.491321697969394 -12.738121034925861 -12.919858082530112 -13.058275312932498 -13.190845050525976 -13.319139489559003 -13.445859709362875 -13.572598493272755 -13.697310533603197 -13.82073229869969 -13.94335084695861 -14.067364542734035 -14.18586730391548 -14.30569191882907 -14.427436224063076 -14.548039334116417 -14.66819110407888 -14.789843754994948 -14.909608679463522 -15.031241372929756 -15.151113795921077 -15.270508027855785 -15.390118375847305 -15.51075318236459 -15.629893288383165 -15.746451743014218 -15.864501701030578 -15.977249982829566 -16.095124732166123 -16.21437822552638 -16.331053217424433 -16.44909220646775 -16.564573380619432 -16.68317757545842 -16.797965696733336
51
 -1.1270254797099521 -7.804905689326768 -8.517220406383316 -9.142719699863415 -9.390506198972066 -10.030280475388231 -10.336309916513393 -10.606238509830385 -10.908384219981688 -10.941089225197702 -11.161275071380519 -11.424715804079447 -11.713416529367793 -11.898324734212803 -12.125200082512507 -12.278190052453928 -12.548980423777646 -12.800939831392103 -12.977796342989116 -13.11207097774357 -13.248004025064416 -13.378969097306413 -13.506796054496933 -13.635741720570302 -13.76031532452731 -13.88178303119314 -14.00194082862367 -14.123962667345884 -14.248088292699721 -14.36624810234464 -14.490266944686642 -14.608974536741972 -14.728402541880328 -14.850201655366602 -14.972221764011563 -15.089963430920921 -15.204503367782822 -15.3223451196802 -15.442356010374894 -15.561788683730104 -15.68155732970518 -15.796209764485537 -15.914350598461716 -16.032079287486376 -16.148760404340752 -16.266685702552167 -16.384012908320223 -16.50207668182839 -16.622158509179034 -16.737298608133827 -16.851007281877195
ADAPTDoubling
10
51
 -1.1270254797099521 -7.45210184102544 -8.176583254834686 -8.479138301800905 -8.70683147334679 -8.954161533852085 -9.239758833597344 -9.571322569572729 -9.714621372010065 -9.90411428683292 -10.034835501440856 -10.099167541260414 -10.297504717284363 -10.490320230867773 -10.605328929713108 -10.752466636919335 -10.856066291189645 -10.979805225951411 -11.124843545762388 -11.26054717835417 -11.383063041457826 -11.547264021803471 -11.656128038324216 -11.806780101506948 -11.941632785068874 -12.03932180005444 -12.156060504363017 -12.25636660255982 -12.406649003383937 -12.527472728021184 -12.636797570910723 -12.765653949987211 -12.891959757466925 -13.023773090861972 -13.134850300604615 -13.239910036507046 -13.332936763672814 -13.444924251287517 -13.592824697063739 -13.69462300700556 -13.808772299548956 -13.951206155951846 -14.063394600237878 -14.218324229559748 -14.33566662510807 -14.465425334742667 -14.56403164520688 -14.688857020595538 -14.803172613912492 -14.908935912897121 -15.033007067024108
51
 -1.1270254797099521 -6.995314580849044 -7.840409047229332 -8.25000351376949 -8.473385813434511 -8.794622359257287 -9.086187579725813 -9.478210628551494 -9.763307720592877 -9.929830874046988 -10.119671946107058 -10.305575730263115 -10.451509136841272 -10.557328217882791 -10.657479990318715 -10.775687000340975 -10.900263765422284 -11.01313961987572 -11.19084448066027 -11.310474347225837 -11.415227014316606 -11.561745398275933 -11.676506003136755 -11.796509108625717 -11.908253939346576 -12.02896343553012 -12.140610637543409 -12.242722078636266 -12.340685148510877 -12.484975894070239 -12.597283642431725 -12.710229097231284 -12.851433218040365 -12.959469034149853 -13.109976825041425 -13.228961810101163 -13.37535817233453 -13.482997190301026 -13.59354925193729 -13.699860435052855 -13.810088786553239 -13.96053913819315 -14.078960001694705 -14.224232123080276 -14.336327776464962 -14.456984905731765 -14.597056191857321 -14.720472680759272 -14.847769394330422 -14.969389003296385 -15.080490367676193
51
 -1.1270254797099521 -7.22071910544905 -7.870436207363941 -8.274701048566635 -8.666819635548693 -9.031343252129162 -9.218404937865564 -9.453179628535212 -9.613357411236986 -9.688514508946069 -9.84478440680325 -10.004311628866501 -10.168936781835995 -10.373050363673704 -10.504522589349214 -10.643851608774302 -10.772099137253493 -10.880614551225868 -10.952478804369704 -11.143052316184686 -11.300193665039911 -11.414567599727432 -11.568221649091047 -11.687494891877773 -11.798233589885148 -11.915001539051755 -12.026013522005385 -12.149195602220056 -12.296030342674808 -12.40886028760952 -12.530727702147772 -12.64971177580709 -12.764998447625922 -12.874857844113658 -12.995365743057762 -13.14419863248542 -13.270367115166142 -13.38943230222291 -13.510723386525846 -13.625544748653462 -13.724505314890186 -13.855784269330762 -13.969597466307064 -14.089477501995509 -14.191942519103907 -14.308476629086357 -14.448457602594836 -14.569596068928579 -14.67116245750586 -14.779925053551516 -14.88943424534332
51
 -1.1270254797099521 -7.359099888432024 -8.15799721822337 -8.637833674116246 -8.835705307416791 -9.096411672100555 -9.379837402149024 -9.59687856819262 -9.849702961576707 -9.967022033378008 -10.090012603741641 -10.321337806380631 -10.452226145715862 -10.581239423335624 -10.74415495416014 -10.8255777450727 -10.969084617512994 -11.114558067157217 -11.238680556373989 -11.362286445235368 -11.481675364905703 -11.639208364780558 -11.779831318516504 -11.87962129857491 -12.014037581845946 -12.123280270805326 -12.217459174828631 -12.357466484087078 -12.471620153272692 -12.57899359217458 -12.674073128834733 -12.781881183108222 -12.872347818094635 -12.960518168313925 -13.101308296135004 -13.267994441179153 -13.378985884880187 -13.49254506181532 -13.594657649842736 -13.662890266274513 -13.798075751836844 -13.901322155080011 -14.041746846306793 -14.133627779927966 -14.323707996639655 -14.483977159833715 -14.601890045785556 -14.71421548599754 -14.834329568931459 -14.943140495985356 -15.044088721975783
51
 -1.1270254797099521 -7.253014829721931 -7.870259092801381 -8.308378475015525 -8.54134752420715 -8.91675919418407 -9.179659776746094 -9.422108807515748 -9.69346436680699 -9.871366147957096 -10.010399957647742 -10.133564137495569 -10.287433348423495 -10.449908610805045 -10.622118009557111 -10.754358855435111 -10.882649577993535 -11.030222963294605 -11.138257060493213 -11.239370822851509 -11.329119679176607 -11.424927876169296 -11.506869942003396 -11.673675924285043 -11.80477448165163 -11.952489355467124 -12.064338345922552 -12.199090734550001 -12.318916513675124 -12.517396041687695 -12.624347528382112 -12.722784642136316 -12.837655397068122 -12.949368075785518 -13.043028477850411 -13.144431433141259 -13.298889114405695 -13.394020650935532 -13.509429014993497 -13.627336561645112 -13.745479736553603 -13.874815705453315 -13.980055422710608 -14.079499650965381 -14.179283535017325 -14.356363463739497 -14.474838570126902 -14.580219627853328 -14.702608601845906 -14.805252043868506 -14.977260556024474
51
 -1.1270254797099521 -7.149959600160962 -7.7844201162333695 -8.301004865170809 -8.580152567989174 -8.918861204474464 -9.23888354363453 -9.511759466512263 -9.697942195228295 -9.839333819928093 -10.00049651239194 -10.19935118236088 -10.324691532997317 -10.430228158138966 -10.602298974781625 -10.75480108811832 -10.88333851571765 -11.011042511497273 -11.135934860438056 -11.277257917705773 -11.40640502786145 -11.544497192140982 -11.68791939512867 -11.81790478960695 -11.972787803970807 -12.101163620602772 -12.195002021409616 -12.313376169436706 -12.431065876472362 -12.551295571110453 -12.672818058918791 -12.803726956866186 -12.933586248889375 -13.037072277342505 -13.140025442100484 -13.280851802469716 -13.386239984147203 -13.489940580666056 -13.609300824660652 -13.752200401056733 -13.882672679029016 -14.017132976715072 -14.129468420505862 -14.256648557257991 -14.39118884424229 -14.515929618042914 -14.65200387561087 -14.78015763461049 -14.901631068284965 -15.02010413006808 -15.150065765170652
51
 -1.1270254797099521 -7.288041692077272 -8.046867284628323 -8.465879053341432 -8.756023800671132 -9.06394896522563 -9.282277315581679 -9.380703315469646 -9.623302917624805 -9.73545822966756 -9.983218212842951 -10.141457976498243 -10.296804796844894 -10.425453945972176 -10.54121587921538 -10.664454531350055 -10.83740763407124 -10.950061617047998 -11.07002519055286 -11.180237882295303 -11.313791753084754 -11.43203661630771 -11.611864013494726 -11.705964065012338 -11.815899795935778 -11.965195948436543 -12.10870637382955 -12.196607244689474 -12.309225708994699 -12.428262345073195 -12.528766523371559 -12.647980569674484 -12.73672290324016 -12.852569619338642 -13.025545413192242 -13.101723317941568 -13.188911291549669 -13.306798303789828 -13.441978383080777 -13.539741700562116 -13.638285527465134 -13.802784135239946 -13.923536928107596 -14.02133214008595 -14.114273273372158 -14.225278578212952 -14.414441261251437 -14.527460967887796 -14.651820347400017 -14.762620261455904 -14.90187155659386
51
 -1.1270254797099521 -7.5069300589070265 -8.261488202183417 -8.532534009072702 -8.775073265628022 -9.20302303886945 -9.484578266532921 -9.698165499217358 -9.918869604661863 -10.058650223522749 -10.20535985159496 -10.327337075118908 -10.466097323091944 -10.643376321687397 -10.751758181613575 -10.877941046555378 -10.994323742412858 -11.124889822126987 -11.219701600386404 -11.373402034637843 -11.491429997632638 -11.629394323363268 -11.757982224451123 -11.891886477900098 -12.015266946594823 -12.133940880029506 -12.232293192509998 -12.340886044289864 -12.458923482189375 -12.591528912175331 -12.723197738941572 -12.827908338643866 -12.951583277361685 -13.098162892150702 -13.222920476787175 -13.335444337455252 -13.441586376407525 -13.597074513961378 -13.703757646411612 -13.84850019388812 -13.968754511828434 -14.07653566086701 -14.197840209478551 -14.309513008965633 -14.419370009205123 -14.529272784146604 -14.651845322756447 -14.770170495684592 -14.892606414698479 -15.014010303299779 -15.123269825708785
51
 -1.1270254797099521 -7.218527520103884 -8.078770274317915 -8.458110153007487 -8.82256544932395 -9.105236507995645 -9.373373916343118 -9.615908391249242 -9.829532233443008 -9.91482151680656 -10.084921253609439 -10.190093582790618 -10.282066071167625 -10.46496840148447 -10.617911446523609 -10.755298298867967 -10.887232204921292 -11.054937293605358 -11.170027401981267 -11.267611939960371 -11.387107165246794 -11.501487020465072 -11.643667671017925 -11.773686524677105 -11.903671599831085 -12.012744989312313 -12.114920670460076 -12.227223465918641 -12.346082075663702 -12.43555345649174 -12.552115280154254 -12.666108404831716 -12.762005391550273 -12.897681516205727 -13.00659155039817 -13.121395085689242 -13.240752416902444 -13.340991337531642 -13.454365256492869 -13.585514139662504 -13.674757327818703 -13.78778737427332 -13.91679776174249 -14.039107963735589 -14.158930826365335 -14.299961717335368 -14.44376340770162 -14.572423361462084 -14.69044551729373 -14.806753762021694 -14.922131842496736
51
 -1.1270254797099521 -7.052730500266692 -7.785813557304584 -8.315179202249398 -8.61413680729105 -8.937733705712574 -9.294804086286732 -9.662596385037181 -9.886229024487683 -9.967345908157352 -10.08374070304539 -10.191963848788289 -10.336484084711962 -10.47766574649185 -10.634361952666042 -10.773801867884316 -10.898357016240263 -11.020174947273581 -11.18739326997426 -11.321514387843697 -11.431123823644697 -11.561996223698848 -11.70017040070633 -11.826935319514824 -11.964702428272027 -12.08737154322809 -12.214683497295766 -12.342596345676869 -12.494402567700053 -12.61714921404999 -12.73780627984182 -12.850115407121105 -12.951932084092602 -13.075526659025554 -13.189155641652548 -13.345655937150177 -13.44996346423506 -13.54822596298566 -13.65045054785297 -13.741726432800586 -13.854221815407755 -13.977883080763435 -14.114505106244257 -14.213604136644673 -14.317588086641097 -14.460143445574673 -14.558044116306265 -14.717532292090802 -14.823209391613876 -14.955749966106207 -15.079448409254578
MainSSVRG
10
51
 -1.1270254797099521 -4.260089406315534 -5.8549074519477555 -5.8549074519477555 -6.547886797907194 -6.618641874792624 -6.618641874792624 -6.618641874792624 -6.618641874792624 -6.618641874792624 -7.516129340810398 -8.30311521266962 -8.30311521266962 -8.30311521266962 -8.30311521266962 -8.30311521266962 -8.30311521266962 -8.30311521266962 -8.30311521266962 -8.30311521266962 -8.489675073651808 -8.546096881543225 -8.546096881543225 -8.546096881543225 -8.546096881543225 -8.546096881543225 -8.546096881543225 -8.546096881543225 -8.546096881543225 -8.546096881543225 -8.905689954549898 -8.905689954549898 -8.905689954549898 -8.905689954549898 -8.905689954549898 -8.905689954549898 -8.905689954549898 -8.905689954549898 -8.905689954549898 -9.486973785082098 -10.0148159657032 -10.0148159657032 -10.0148159657032 -10.0148159657032 -10.0148159657032 -10.0148159657032 -10.0148159657032 -10.0148159657032 -10.0148159657032 -10.376071371561276 -10.9751804968897
51
 -1.1270254797099521 -4.599212105812743 -3.7207891181863624 -4.492655559867014 -4.8216346525735165 -4.8216346525735165 -5.107492285813635 -5.107492285813635 -5.107492285813635 -5.107492285813635 -5.107492285813635 -5.107492285813635 -5.486336802872095 -5.486336802872095 -5.486336802872095 -5.486336802872095 -5.486336802872095 -5.486336802872095 -5.486336802872095 -5.486336802872095 -5.486336802872095 -5.516154109164101 -5.516154109164101 -5.516154109164101 -5.516154109164101 -5.516154109164101 -5.516154109164101 -5.516154109164101 -5.516154109164101 -5.516154109164101 -5.8884719021846585 -6.153344134591334 -6.153344134591334 -6.153344134591334 -6.153344134591334 -6.153344134591334 -6.153344134591334 -6.153344134591334 -6.153344134591334 -6.153344134591334 -6.655749847680725 -6.7179925425800215 -6.7179925425800215 -6.7179925425800215 -6.7179925425800215 -6.7179925425800215 -6.7179925425800215 -6.7179925425800215 -6.7179925425800215 -6.7179925425800215 -7.089572643956004
51
 -1.1270254797099521 -5.057756917347888 -5.6862092864006675 -6.091388351111903 -6.6075644933338635 -6.979613154590503 -6.979613154590503 -7.598178250479409 -8.083351709095698 -8.083351709095698 -8.083351709095698 -8.083351709095698 -8.083351709095698 -8.145990805733842 -8.606454447712542 -8.606454447712542 -8.606454447712542 -8.606454447712542 -8.606454447712542 -8.606454447712542 -8.606454447712542 -8.606454447712542 -8.606454447712542 -8.884002298025594 -9.125626986459425 -9.125626986459425 -9.125626986459425 -9.125626986459425 -9.125626986459425 -9.125626986459425 -9.125626986459425 -9.125626986459425 -9.125626986459425 -9.219920608728254 -9.219920608728254 -9.219920608728254 -9.219920608728254 -9.219920608728254 -9.219920608728254 -9.219920608728254 -9.219920608728254 -9.219920608728254 -9.562017338212387 -9.562017338212387 -9.562017338212387 -9.562017338212387 -9.562017338212387 -9.562017338212387 -9.562017338212387 -9.562017338212387 -9.562017338212387
51
 -1.1270254797099521 -4.296142973851549 -5.601476798107951 -6.013241441770291 -6.90163517613054 -7.026986702740332 -7.109073485955734 -7.874377534828142 -7.901386188229571 -7.901386188229571 -7.901386188229571 -7.901386188229571 -7.901386188229571 -8.50391394430266 -8.690738161159459 -8.690738161159459 -8.690738161159459 -8.690738161159459 -8.690738161159459 -8.690738161159459 -8.690738161159459 -8.690738161159459 -8.690738161159459 -9.258176923207765 -9.74353202883578 -9.74353202883578 -9.74353202883578 -9.74353202883578 -9.74353202883578 -9.74353202883578 -9.74353202883578 -9.74353202883578 -9.74353202883578 -9.928034160076644 -9.928034160076644 -9.928034160076644 -9.928034160076644 -9.928034160076644 -9.928034160076644 -9.928034160076644 -9.928034160076644 -9.928034160076644 -9.988762484394714 -10.61986335185969 -10.891137108370339 -10.891137108370339 -10.891137108370339 -10.891137108370339 -10.891137108370339 -10.891137108370339 -10.891137108370339
51
 -1.1270254797099521 -5.30406166441031 -6.116895707876617 -6.841828681398961 -7.386245392308215 -7.386245392308215 -7.856369449450227 -8.326965794871025 -8.326965794871025 -8.326965794871025 -8.326965794871025 -8.326965794871025 -8.629717361440331 -9.142833731975017 -9.142833731975017 -9.142833731975017 -9.142833731975017 -9.142833731975017 -9.142833731975017 -9.142833731975017 -9.142833731975017 -9.142833731975017 -9.234263374108476 -9.234263374108476 -9.234263374108476 -9.234263374108476 -9.234263374108476 -9.234263374108476 -9.234263374108476 -9.234263374108476 -9.234263374108476 -9.517692921959533 -10.22318692411694 -10.22318692411694 -10.22318692411694 -10.22318692411694 -10.22318692411694 -10.22318692411694 -10.22318692411694 -10.22318692411694 -10.22318692411694 -10.272233082241302 -10.965396748105682 -11.214026829534975 -11.214026829534975 -11.214026829534975 -11.214026829534975 -11.214026829534975 -11.214026829534975 -11.214026829534975 -11.214026829534975
51
 -1.1270254797099521 -5.032398371464136 -5.6059619418700475 -6.635267065558045 -6.848198582148304 -6.879714470109344 -7.447936971717546 -7.447936971717546 -7.447936971717546 -7.447936971717546 -7.447936971717546 -7.626685951416201 -8.395393384507486 -8.646223366086206 -8.646223366086206 -8.646223366086206 -8.646223366086206 -8.646223366086206 -8.646223366086206 -8.646223366086206 -8.646223366086206 -8.646223366086206 -9.126571732281208 -9.688078265497337 -9.688078265497337 -9.688078265497337 -9.688078265497337 -9.688078265497337 -9.688078265497337 -9.688078265497337 -9.688078265497337 -9.688078265497337 -9.821710962471792 -10.216023491110894 -10.216023491110894 -10.216023491110894 -10.216023491110894 -10.216023491110894 -10.216023491110894 -10.216023491110894 -10.216023491110894 -10.216023491110894 -10.494187032520196 -10.866362293872546 -10.866362293872546 -10.866362293872546 -10.866362293872546 -10.866362293872546 -10.866362293872546 -10.866362293872546 -10.866362293872546
51
 -1.1270254797099521 -4.738615685439167 -4.324846632750829 -4.67465614826983 -5.125626147936361 -5.125626147936361 -5.591008921932888 -5.591008921932888 -5.591008921932888 -5.591008921932888 -5.591008921932888 -5.591008921932888 -5.639273463984827 -5.639273463984827 -5.639273463984827 -5.639273463984827 -5.639273463984827 -5.639273463984827 -5.639273463984827 -5.639273463984827 -5.639273463984827 -6.362456701793507 -6.891300882904726 -6.891300882904726 -6.891300882904726 -6.891300882904726 -6.891300882904726 -6.891300882904726 -6.891300882904726 -6.891300882904726 -6.891300882904726 -7.106132668936395 -7.548235732617089 -7.548235732617089 -7.548235732617089 -7.548235732617089 -7.548235732617089 -7.548235732617089 -7.548235732617089 -7.548235732617089 -7.548235732617089 -7.696503239120264 -7.696503239120264 -7.696503239120264 -7.696503239120264 -7.696503239120264 -7.696503239120264 -7.696503239120264 -7.696503239120264 -7.696503239120264 -7.839186838667949
51
 -1.1270254797099521 -4.181553696753181 -4.952271244356159 -5.456302953921068 -5.482173603261485 -5.724359963931026 -6.4874209354532 -6.4874209354532 -6.4874209354532 -6.4874209354532 -6.4874209354532 -6.4874209354532 -6.549481562630889 -6.549481562630889 -6.549481562630889 -6.549481562630889 -6.549481562630889 -6.549481562630889 -6.549481562630889 -6.549481562630889 -6.549481562630889 -7.203085811941489 -7.529198311835311 -7.529198311835311 -7.529198311835311 -7.529198311835311 -7.529198311835311 -7.529198311835311 -7.529198311835311 -7.529198311835311 -7.529198311835311 -7.545719308411025 -7.545719308411025 -7.545719308411025 -7.545719308411025 -7.545719308411025 -7.545719308411025 -7.545719308411025 -7.545719308411025 -7.545719308411025 -7.943097025154469 -8.19325390270632 -8.19325390270632 -8.19325390270632 -8.19325390270632 -8.19325390270632 -8.19325390270632 -8.19325390270632 -8.19325390270632 -8.19325390270632 -8.606261200882988
51
 -1.1270254797099521 -4.283281391142207 -5.933382020840011 -6.243336756311517 -6.8404782307643535 -7.036415105815854 -7.036415105815854 -7.682384671161164 -7.775483009422014 -7.775483009422014 -7.775483009422014 -7.775483009422014 -7.775483009422014 -8.317976663066474 -8.342250067128218 -8.342250067128218 -8.342250067128218 -8.342250067128218 -8.342250067128218 -8.342250067128218 -8.342250067128218 -8.342250067128218 -8.351892991308956 -9.048117273382859 -9.273129774693906 -9.273129774693906 -9.273129774693906 -9.273129774693906 -9.273129774693906 -9.273129774693906 -9.273129774693906 -9.273129774693906 -9.273129774693906 -9.761446124002788 -9.808946758287622 -9.808946758287622 -9.808946758287622 -9.808946758287622 -9.808946758287622 -9.808946758287622 -9.808946758287622 -9.808946758287622 -9.808946758287622 -10.418344057709506 -10.467271055171562 -10.467271055171562 -10.467271055171562 -10.467271055171562 -10.467271055171562 -10.467271055171562 -10.467271055171562
51
 -1.1270254797099521 -5.5072344810465035 -6.139026308624004 -6.729853524178042 -6.729853524178042 -7.5902243331115535 -8.292162290945544 -8.292162290945544 -8.292162290945544 -8.292162290945544 -8.292162290945544 -8.292162290945544 -9.010400560945692 -9.255491432230473 -9.255491432230473 -9.255491432230473 -9.255491432230473 -9.255491432230473 -9.255491432230473 -9.255491432230473 -9.255491432230473 -9.255491432230473 -9.790413165821805 -9.829624436683664 -9.829624436683664 -9.829624436683664 -9.829624436683664 -9.829624436683664 -9.829624436683664 -9.829624436683664 -9.829624436683664 -9.829624436683664 -10.689318657354017 -11.011446367480403 -11.011446367480403 -11.011446367480403 -11.011446367480403 -11.011446367480403 -11.011446367480403 -11.011446367480403 -11.011446367480403 -11.011446367480403 -11.195802738791972 -11.195802738791972 -11.195802738791972 -11.195802738791972 -11.195802738791972 -11.195802738791972 -11.195802738791972 -11.195802738791972 -11.195802738791972
SGD:0.05
10
51
 -1.1270254797099521 -8.212236437064366 -8.174558557021873 -8.120741165699853 -8.351404861825591 -8.340018002812796 -8.37686443350232 -8.695201616353804 -8.871867092441239 -8.833089636210639 -8.227908527623141 -8.650681729402722 -7.976832619603748 -8.696531056898792 -8.050672592759442 -9.041065451968905 -8.326503380031484 -8.330954794915682 -8.322377066554308 -8.557102383667564 -8.445594222639897 -8.387381193135967 -8.436434832638843 -8.835426792513866 -8.322389757602219 -7.943842546235745 -8.543606248931097 -8.230593572813921 -8.786459234255146 -8.68203316798358 -7.822149730514361 -8.625610635923971 -8.636529399651124 -8.630919449780775 -7.701799351016029 -8.508762195806757 -8.175912564180962 -8.721169992719057 -8.432663304633879 -8.740759580800145 -8.017380277689766 -8.682327259047698 -8.556451128127737 -8.732492004127609 -8.731637449051112 -8.808299920932791 -8.781413966795084 -7.363405948984892 -8.401820889217326 -8.318856806570162 -8.577605753968768
51
 -1.1270254797099521 -8.371239285756968 -8.608843489677309 -8.354543632555306 -7.481166937301721 -8.369671537038345 -8.296269976093782 -8.775727437919048 -8.527783141995897 -8.18155067433326 -8.371582385904105 -8.776475499732449 -8.543329991311195 -8.560937107453116 -8.131101258256349 -8.471827467277505 -8.556644227642765 -8.06893378817266 -8.593869199711927 -8.46026045396415 -8.433488164029784 -8.229992737532315 -8.31576134889187 -8.808019163534274 -9.020653802467011 -8.393566508064364 -8.558487875135802 -8.71240894011478 -8.370971220418733 -8.28897287483052 -8.547384687208 -8.605100551041312 -8.611288926045882 -8.129300839742289 -7.76146128563784 -7.630786321050517 -8.597984549523467 -8.743281602337632 -7.493804727769966 -8.431974756913322 -8.716036088083877 -8.031836634873919 -8.641730038453666 -8.142287450228798 -8.775263740649352 -8.003509794124623 -8.289243051173854 -8.304229410637191 -8.762119247005906 -8.340061715252835 -8.28828009563775
51
 -1.1270254797099521 -8.650580016460278 -8.609789678354174 -8.558551766204475 -8.561801085016695 -8.156938800414501 -8.471598021860949 -8.80310541957011 -8.77198795284368 -8.600576200592032 -8.712398419075628 -7.521373541326404 -8.234996725961981 -8.862431848117035 -8.213718494017646 -8.588076539319092 -8.461228177358796 -8.571438201092716 -8.92220379610917 -8.146429329486281 -8.406463635787928 -7.694037455316405 -8.757012033632565 -9.064450485345168 -8.721578549079608 -8.598463265852075 -8.41437070117571 -7.678158387084098 -8.410508215549514 -8.28381138668354 -8.666027762420923 -8.438548116369033 -8.597334585962315 -8.764427134708724 -8.55450110540004 -8.105161277776086 -8.712142134593037 -8.566778864753573 -9.205243699900759 -8.314429300096554 -7.977315887772501 -8.270602631890391 -8.701218069348835 -8.652666856900787 -7.409227030077791 -8.044636576015643 -8.19012570036291 -8.575161779193529 -8.413473293198775 -8.374023353346523 -8.29013011960619
51
 -1.1270254797099521 -7.668495854755973 -8.19291021516816 -8.74656415627045 -8.734454743140958 -8.847424553376284 -8.152022086634107 -8.814779223633359 -8.374748150426154 -8.557310768556016 -8.543758216345463 -9.017270716094474 -8.157673296191046 -9.170410149044432 -8.14068221619828 -9.26725562569177 -8.8394350197193 -8.47233214603813 -8.193743655908387 -8.210178462831129 -8.142509742032768 -8.363840715309196 -8.502692686609464 -8.499869426916494 -8.197311213176341 -8.672765521906497 -8.356857706816305 -8.181583200976931 -8.439213175040642 -8.629529829694697 -8.644056489920354 -8.257124953514966 -7.480817282448432 -8.524753155842221 -7.321877449913318 -8.100836965158734 -8.66839190162174 -7.731516538419715 -8.81658735359164 -8.734811135156805 -8.767717091002423 -8.131313120307647 -8.744936592799734 -8.493476470234251 -8.538842778175885 -8.430622197419101 -8.591833967526119 -8.118316287503793 -8.49244204954179 -7.6104701041443485 -8.883193897158327
51
 -1.1270254797099521 -8.576739238247779 -8.757834844903819 -8.841319540219688 -8.304094301600731 -8.66899191550484 -8.517030095424387 -8.477988312413856 -8.388857489143684 -8.003628176789476 -8.058868413056397 -8.023768540375801 -7.991203738347727 -8.638887411908254 -8.349401488425753 -8.423007218460752 -8.634356564957807 -8.483809367220044 -8.450410469576546 -8.278913720514522 -7.80596736411091 -8.000394811621977 -8.455630807993014 -8.504868178455999 -8.401351011275159 -7.656412527947376 -9.095271042751508 -8.841957955905704 -8.162360305083375 -8.155099890465365 -7.622989227696444 -8.756161227462279 -8.64602313568522 -8.414787104528752 -8.945905620748825 -8.181978340789994 -8.159262445211713 -8.546863723566625 -8.360967064506479 -7.104953321291207 -8.487906988343351 -8.186269410009018 -8.034613611462987 -8.197058565505895 -8.659206624341271 -8.630682450291324 -8.668622668304883 -8.663677169346478 -7.654476923688813 -7.273922710158747 -8.40342482845194
51
 -1.1270254797099521 -8.241990762985079 -8.263976016592157 -8.75213593423599 -8.147971414554357 -8.549493395803587 -8.44707647084521 -8.474140902208717 -8.873407063005626 -7.8838701336524295 -8.35721539455315 -8.843406712467248 -8.515198908267779 -8.600303138528835 -8.527263710938959 -8.757585854326134 -8.769733687116657 -8.672306419705135 -8.528208257175061 -8.401980634628153 -8.558331865879502 -8.77121970301113 -8.901209785747396 -7.680069352873982 -8.513719199306422 -8.537631141749952 -7.621138176655265 -8.683632661981232 -8.662077545167223 -8.3262381027339 -8.739428417634066 -8.63096899832196 -8.85438022301227 -7.889615885014002 -8.510872875926959 -8.42145251408687 -8.89586775107873 -8.765237795056422 -8.814410612613079 -8.56918568864009 -8.112815142142264 -8.381571243729246 -8.66321374135056 -7.936395564097689 -8.280556883294942 -8.74730733622524 -8.962557676196392 -8.73239603908871 -8.971950382179228 -7.709094657197518 -7.626347027274893
51
 -1.1270254797099521 -8.105501582039244 -8.689147934843952 -8.55968725940414 -8.230653967438895 -8.777229285852872 -8.076567588169038 -8.515673407611466 -8.182907595382895 -8.923961127096515 -8.49564803644295 -8.936661817366971 -8.71866913055758 -7.929314446026414 -8.431988722379169 -8.701438967351312 -8.490334543087823 -8.759212565026527 -8.7418924378366 -8.811451078416374 -7.6887617621837405 -7.652073077378345 -8.458296679210713 -8.631893516863487 -8.296366327551643 -7.641841294996389 -8.272194796660896 -8.667706524415346 -8.443490105047719 -8.62445340200109 -8.046771157286317 -8.70826205316072 -8.77934954504194 -8.397478708223366 -8.628392936384989 -8.552453498629012 -8.26273431895703 -8.420991264926915 -7.986707881341109 -8.319703615254086 -8.966740541405224 -8.24705331177674 -8.736636679686711 -8.998973161433106 -7.00890158351838 -8.79990491595273 -8.432049469251247 -7.957553293142259 -8.40976459015927 -8.70874606385569 -8.751083507299272
51
 -1.1270254797099521 -8.536492737726599 -8.502761950333507 -7.546001971284353 -8.329013262735293 -8.41704894565157 -8.651508512526794 -8.945380574873043 -8.14129869931955 -8.667625043609636 -8.806948247896575 -8.22982215262514 -8.70462541641273 -8.332775023572706 -7.610262607239006 -8.661704187616968 -8.120953731466372 -8.436219615973565 -8.449727805577771 -8.616834758517205 -9.085094418909687 -9.106990135624448 -8.781053113349737 -8.011739902064726 -8.440788587361538 -8.661146097294962 -8.116830827243975 -8.847882893279543 -8.653544856051052 -8.769416745324653 -8.586673967490178 -8.51004107861036 -8.643961724173 -8.420922876915505 -8.392487918541873 -8.579744502257668 -8.399583307848129 -8.42078190300391 -8.39658945380613 -8.049312928567259 -8.52315476332382 -8.683751289643228 -8.12921131258514 -8.709711467275385 -8.236402868487842 -8.847684306772354 -8.836504275514157 -8.215918231213115 -8.480760497553339 -8.191905748687235 -8.630171265136127
51
 -1.1270254797099521 -8.039161167318667 -8.69262211294691 -8.621146162733211 -8.948950340021003 -8.158795577422442 -9.022906295506736 -7.837604354359223 -8.409680200062436 -8.507757525376153 -8.396073444598185 -8.213734689033702 -8.09823802285249 -8.499356269843517 -8.316602279526656 -8.135626071685905 -8.319458869314225 -8.919001280491463 -8.344843892908047 -7.714898024754075 -7.916259957901704 -8.173583789898315 -8.210137405315859 -7.932306157127189 -8.722500715877397 -8.61363760177558 -8.214212180129682 -8.266981849711657 -8.303885315761363 -8.676041620437712 -8.569008301862977 -8.053956519758882 -8.661817182737686 -8.553025942944407 -8.454071935753854 -8.838380770536489 -8.442610470974842 -8.833701961139514 -8.704518374469941 -8.456769019163792 -8.309089343538087 -8.338527888079208 -7.617016269457588 -8.859501178515714 -9.10259864411958 -7.792800561168636 -8.670188970334763 -8.398499354885528 -8.809913690465239 -8.566644494112081 -8.631068316173542
51
 -1.1270254797099521 -7.792080574489447 -8.463554098726755 -8.427053482956604 -8.177118366223473 -8.211254875978165 -8.424251579720831 -8.092238485537965 -8.375598269457042 -8.144739105240191 -8.100805057960807 -8.975625435418044 -8.770352646377477 -8.43060386432105 -8.970032726168613 -8.676820129930274 -8.678076681188154 -8.763356349912163 -8.740561266500308 -8.670239196879832 -8.625886770655764 -8.508174556002158 -8.719586558037772 -8.858699590006406 -8.469640626341716 -8.372912374130566 -8.711353487324375 -8.63693858219954 -8.31576208195315 -8.332363321852307 -8.452379702939758 -8.592904909580268 -8.717655274851571 -8.594359663773206 -8.596990224950748 -8.832817546509807 -7.929365695358 -8.350717608418632 -8.193645023537881 -8.530422669280677 -8.472534527731877 -8.865827559192484 -8.574766570913322 -8.957822362633316 -8.436150392728136 -8.625117617840626 -8.157840456101079 -9.090420000807358 -7.923934658894254 -8.303474137364018 -8.134741298386496
SGD:0.005
10
51
 -1.1270254797099521 -5.2653848598153745 -6.577292828443007 -7.401193772576808 -7.936178107427644 -8.658539950761622 -9.319823608126432 -9.761299124147538 -10.041462602449522 -10.248585461202104 -10.36650926586959 -10.62942353443754 -10.602211963652666 -10.838922375740093 -11.306531519706875 -11.366617862501016 -11.433310079663254 -11.802337500159997 -11.963476161043214 -12.064167389915296 -11.48929138739833 -11.863660016986358 -11.842536553261166 -12.032509616762509 -11.777460456719245 -12.255063004765061 -12.188515383564196 -12.00744240949628 -11.455649382846351 -11.219276990236754 -11.320433866208067 -11.302325825940581 -10.965767326579051 -11.672034360921888 -11.397692251479429 -11.602405707070021 -11.798589962034896 -12.09195552052004 -12.031222610516311 -12.069102550889374 -12.063277049252314 -12.058423133790155 -12.061775107449645 -11.96536353204117 -11.990243415307614 -11.86334561124873 -11.963214412749135 -12.119414550893678 -11.762262244110874 -12.075286932678704 -11.766202085792806
51
 -1.1270254797099521 -5.32422107927785 -6.533338695093865 -7.482455462125319 -8.19823166167607 -8.834313159960686 -9.204256202615062 -9.758363757990452 -10.048091346973314 -10.430419178296429 -10.723940576236863 -11.064179998230792 -11.476846421731718 -11.347067038769872 -11.470241832378855 -11.799079454087773 -11.81571052579361 -12.132736510107883 -12.110542304322859 -12.160227181797685 -11.967708614202623 -11.889118255938316 -11.509412012477918 -11.414716169390006 -11.891401477467605 -11.894517027061875 -11.099933086869294 -11.29394257748997 -12.04262985928494 -11.753994883126904 -11.737324907483378 -11.664623851001698 -11.923032537753878 -11.943474273980366 -12.02188901492417 -11.878841058101045 -11.86735031234172 -12.059280150297248 -11.786557189739064 -11.508401996961094 -11.695373317517792 -11.404139784547546 -11.4710192931015 -11.273741933199434 -11.598357088341338 -11.532782423795435 -12.244701519694633 -12.07975408871686 -11.869092653103667 -12.24969323615202 -12.086395226909165
51
 -1.1270254797099521 -5.314943696805113 -6.593233690563528 -7.432553288261004 -8.065393044815385 -8.787668090600063 -9.281332375910823 -9.952033537691738 -10.39169098448377 -10.829575683125148 -11.057189912756295 -11.060602488354803 -11.194334015190531 -11.387784771528972 -11.629197933799935 -11.460172356803264 -11.275858964786657 -11.372420090599727 -11.58930303429449 -11.650345987336356 -11.711102578324313 -11.92984708863023 -12.070817657076827 -12.265203258485464 -12.247794841543202 -11.873731656613309 -11.829385816054309 -11.777996375731684 -11.758788552108532 -11.637508670000754 -11.751351706228787 -11.692570459622853 -11.894026046725953 -11.826456679232717 -11.17232995912439 -12.134288351435508 -12.303738274418025 -12.159978308606842 -11.97234950948527 -12.448561260524832 -12.183756050508565 -12.306661101650416 -12.458037150321731 -12.19902435567696 -12.039749423736124 -12.122461612638615 -11.872374664949639 -11.940812548799792 -11.825032565873855 -11.74385575989137 -11.504255414222298
51
 -1.1270254797099521 -5.304606478803696 -6.563443365572971 -7.338079840316353 -7.98900403079971 -8.458553048252089 -9.201572840139034 -9.71603585883884 -9.9756379374393 -10.105926027300832 -10.539482014503216 -10.862779616364383 -11.148395904928925 -11.719398403316433 -11.29296153921696 -11.946783639181653 -11.797710516814849 -10.88888933844687 -11.794811806115229 -11.901835579803599 -11.008919030825657 -11.800391162466148 -11.869781729994063 -12.188352944281794 -11.915262282368424 -12.066875964579827 -12.087718440122433 -12.062510631764308 -12.022539658436278 -11.718913885715976 -11.83579389074795 -11.904615632258471 -11.65553690603545 -11.355095812654305 -11.802424999716132 -11.797945295467587 -11.798690887139703 -11.469615349999604 -12.080530458641217 -11.822230368749157 -11.741294049738771 -11.94762318732026 -11.921123291376402 -11.34244764044432 -10.78858968882571 -11.241947872580804 -11.05128942153118 -11.844060285509826 -11.983948650641398 -11.809182972076599 -11.873495804914619
51
 -1.1270254797099521 -5.248838001019987 -6.503454250580861 -7.327004195162995 -8.066792978041805 -8.791567801681328 -9.328317024048493 -9.501681278329704 -10.163086598105854 -10.55350552644964 -10.911890337843634 -11.21349899160146 -11.44272589390936 -11.804979272569783 -12.138208115025593 -12.13193343296952 -11.994390009608834 -12.047417772425687 -11.900402579828372 -11.913437029277645 -11.415749958890917 -11.642229221362483 -11.322072775438656 -10.703549700667072 -11.676435228946453 -11.88787263166114 -11.587145155673209 -12.225424107780691 -12.189572347356188 -12.161841311595529 -11.78100758307554 -11.885713850028177 -11.733783599148001 -11.795796784833254 -11.566811991395726 -11.592359950568184 -12.342064350816141 -12.410793711356803 -12.002469337708396 -12.090997650665685 -12.065088291513439 -11.70897996739459 -11.762800164513763 -12.044988432659217 -11.93449408211125 -12.04035118781704 -11.663152680389194 -11.617402271070773 -11.546820994547518 -12.202752819883058 -12.264232591068929
51
 -1.1270254797099521 -5.32346457673005 -6.498044812897555 -7.305530485108946 -7.9634059316899135 -8.546429365988729 -9.202858590171276 -9.716620210443493 -10.142248724985496 -10.669670079167185 -10.865467138731566 -10.959312184465503 -11.21979493186489 -11.25142437546039 -11.437694112740994 -11.461713511315684 -11.776149130474524 -11.40711392303373 -11.695877909574435 -11.511287784241762 -11.763722651799906 -11.438484108926128 -11.312267233666573 -11.179749186647284 -11.559545083794129 -11.649037466056258 -11.74696320884915 -12.055241674177369 -11.765899577573819 -11.715238972265704 -11.705403582365667 -11.504193059573481 -12.107538349322358 -12.299080933787124 -12.381681485601248 -11.756129173503682 -12.09681254717812 -12.129817772495437 -12.178175831980642 -12.187608824273902 -11.97515503417703 -11.646494993447538 -12.221765447577027 -12.115492525091362 -12.255165680870933 -11.512649553497809 -12.005791391143553 -11.791873648385907 -11.64024487143835 -11.666544307890646 -11.072927607068877
51
 -1.1270254797099521 -5.371267257477638 -6.585668048617763 -7.429549296789427 -8.036448973066738 -8.656143505621856 -9.258342522990919 -9.745765056634296 -10.243309023446084 -10.434055869595161 -10.771053706951438 -11.186569379021874 -11.618591638674088 -11.568459309750507 -12.06113939858033 -12.110102769916672 -12.000350272357117 -11.929740086133462 -11.83188314090166 -11.991868683187784 -11.45298575139331 -11.489353644147211 -11.675535257347445 -12.05271836293103 -11.728779318709499 -12.097210725969612 -11.471334935015708 -11.545683727813765 -11.83664347977541 -10.663768167711167 -11.099509262367366 -11.785157954176102 -11.854296145986801 -11.845027130333866 -11.774395980728523 -11.94350363682191 -12.11161967885645 -12.241088502061588 -12.276748455254149 -12.18170922840801 -11.552236224302675 -11.46490015703018 -11.965172113248528 -12.148204718567596 -12.057210472302595 -12.204885075566269 -12.079232560747878 -12.137412812529703 -12.175212662789594 -11.997878911964778 -11.846566528571719
51
 -1.1270254797099521 -5.323204443437875 -6.490526542886356 -7.36561483898451 -8.09923221738819 -8.63102454884256 -9.239510532247444 -9.489038444742832 -9.870030834057163 -10.202671471525518 -10.39562657112237 -10.581411589421911 -10.701970218365513 -11.06304266175462 -11.131093682728773 -11.524616085988844 -11.882725284447469 -11.981054922749767 -11.408617348891505 -11.269837779332248 -11.011155083395055 -11.123072003075555 -11.783631823837178 -11.65880441837821 -11.308405168881945 -11.556209662596514 -11.859595402599126 -12.008679492670097 -11.7601209470573 -11.408513041250115 -10.90236988160801 -11.852038691918894 -12.010572793389612 -12.149144306092904 -11.885603833101932 -11.80699818307305 -11.443406264425649 -11.632079434479259 -11.476040838831947 -11.44888231255799 -11.548211706056547 -11.497746843651425 -11.373368425453393 -11.115394937555848 -10.861271162487188 -11.818554444272284 -11.594875866772535 -11.714760752795632 -11.767243819871545 -11.86545565608458 -11.73662891725154
51
 -1.1270254797099521 -5.3260918103622625 -6.555414805644955 -7.403595184705037 -8.010019663272102 -8.60768161914283 -9.00478880635941 -9.320515243777345 -9.867203865739432 -10.530766755270047 -10.748110288335393 -10.674146700797701 -10.812862316882654 -10.801595056972852 -10.957098079100605 -11.22031854844538 -11.637318139400556 -11.583506765564179 -11.683076676787218 -11.698353071245414 -11.619780009908592 -11.914263206511148 -12.019725901418006 -11.58645543683503 -11.736057273838805 -11.911254921562183 -11.662735021880145 -11.905290779792484 -11.80103400261087 -12.26009185088471 -11.855600569217088 -12.098148574280382 -11.217546491329548 -11.589404964667606 -12.014644514350096 -11.651820201441433 -11.588182278866212 -11.532873330418012 -11.841769415159172 -11.767714701558747 -12.052830265252704 -11.804707704028468 -11.566916300976827 -11.11471653775772 -10.903481585637303 -11.247589705032537 -11.727238898130548 -11.683361335968424 -11.832199850557501 -12.205913718900371 -11.561899141420698
51
 -1.1270254797099521 -5.233713660328971 -6.569051941786122 -7.432477707522856 -8.044181778506918 -8.651043115272953 -9.359682340922832 -9.785490177040872 -10.024186277913772 -9.968287796071406 -10.300814496086828 -10.706235226663166 -11.25252854362686 -11.337570252474325 -11.821207946340303 -11.856349389266738 -11.640581133691848 -11.60804306005593 -11.831292524621047 -11.075142379115439 -11.78460442332135 -11.919165900295859 -11.995054085046963 -11.41929643001094 -11.454923610608978 -11.704352803870167 -11.558377293951905 -11.25912150939783 -11.464383181761495 -11.748105976967079 -11.80562921108945 -11.798112340135944 -11.55141492433883 -12.339582588359935 -12.585118975416464 -11.681437746895199 -11.441294813430611 -11.359330658923833 -11.594600299675491 -11.762957650256274 -11.494288101651597 -12.027908817118416 -11.736569891339881 -11.554720827305003 -11.80319949870714 -11.939508681758648 -12.166993869820756 -12.235625338977133 -12.053685377391176 -11.775623619977472 -12.18216712231762
StreamingSVRG
10
51
 -1.1270254797099521 -5.504641307909972 -6.919014622476309 -7.977257446194701 -8.40071298438851 -9.020267480401113 -9.790106611856944 -9.848795901236805 -10.01835854133693 -10.397250190407235 -10.700335382801285 -11.07250540248602 -11.233555884132176 -11.097782662443992 -11.109399206630577 -11.229692028510685 -10.856040184436386 -10.856040184436386 -10.856040184436386 -10.856040184436386 -10.856040184436386 -10.856040184436386 -11.5962096453995 -11.77578387373783 -12.065569097989757 -12.000765285785889 -11.74348861327936 -12.01610582579183 -11.853350101257945 -11.853350101257945 -11.853350101257945 -11.853350101257945 -11.853350101257945 -11.853350101257945 -11.853350101257945 -11.853350101257945 -11.853350101257945 -12.075345757334073 -12.075345757334073 -12.075345757334073 -12.075345757334073 -12.075345757334073 -12.075345757334073 -12.075345757334073 -12.075345757334073 -12.075345757334073 -12.14470832767034 -12.666328436901587 -12.666467508280425 -12.632906735576904 -12.632906735576904
51
 -1.1270254797099521 -5.772858106043623 -7.084588788685597 -7.483527036196187 -8.436546684501732 -9.208696013898996 -9.783131886459861 -10.223016217991955 -10.944366859684603 -11.33109985066556 -11.33109985066556 -11.285642619887874 -11.35470936429887 -11.35470936429887 -11.35470936429887 -11.35470936429887 -11.35470936429887 -11.19416022531129 -11.966012577452435 -11.509284671055987 -12.245755826983281 -11.920280236296872 -11.920280236296872 -11.920280236296872 -11.920280236296872 -11.920280236296872 -11.920280236296872 -11.920280236296872 -11.920280236296872 -11.920280236296872 -11.974357888584157 -11.842364706680858 -12.022020779747269 -12.431762100759975 -12.318888219169029 -12.360061710579362 -12.360061710579362 -12.360061710579362 -12.360061710579362 -12.360061710579362 -12.360061710579362 -12.360061710579362 -12.360061710579362 -12.360061710579362 -12.425527052710697 -12.505923425381745 -12.231401498355783 -12.231401498355783 -12.231401498355783 -12.231401498355783 -12.231401498355783
51
 -1.1270254797099521 -5.928876483867221 -7.17012528630053 -8.178341090390598 -8.829021186926454 -9.438998533281922 -10.367719144298858 -10.588221842209515 -11.039174115300167 -11.199531957367617 -11.081754453751499 -10.798939545872132 -11.422319785124804 -11.437759450702819 -11.719455531297099 -11.748933095306594 -11.985781066046442 -11.985781066046442 -11.593167029511642 -11.840299397557242 -11.744571674649178 -11.551975925352863 -11.121767678840115 -11.55281823231186 -11.355016400810598 -11.658262250631243 -11.98564552097966 -11.98564552097966 -11.98564552097966 -11.98564552097966 -11.98564552097966 -11.442674288809366 -11.944555161841333 -11.996062231028832 -11.738826288083466 -12.215627181507127 -11.890278440536266 -11.890278440536266 -11.890278440536266 -11.890278440536266 -11.890278440536266 -11.890278440536266 -11.890278440536266 -11.890278440536266 -11.890278440536266 -12.066823271205086 -12.379973838790992 -12.669476144877775 -12.91654542213589 -12.360212333283876 -12.303076806064812
51
 -1.1270254797099521 -5.397290737053533 -7.055036864112848 -8.115488928026737 -9.043129905032872 -9.516168447423333 -10.027132907291078 -10.358895865802754 -10.334519477400764 -10.708523160694506 -10.708523160694506 -10.91449911630523 -10.251342436565016 -10.848061774667446 -10.899248641922844 -10.358359009050425 -10.931437486368013 -11.414137274569788 -11.36468582987042 -11.36468582987042 -11.36468582987042 -11.36468582987042 -11.36468582987042 -11.510349693737131 -11.648730902222372 -11.820481451959546 -11.82746368739507 -11.82746368739507 -11.82746368739507 -11.82746368739507 -11.82746368739507 -11.82746368739507 -11.82746368739507 -11.82746368739507 -11.886268157152413 -12.039589110121817 -12.154498509799678 -12.32672413536311 -11.81118522215351 -12.46317711048536 -12.563484904074814 -12.509619864227577 -12.509619864227577 -12.509619864227577 -12.509619864227577 -12.509619864227577 -12.509619864227577 -12.509619864227577 -12.509619864227577 -12.514732081719808 -12.852898663031333
51
 -1.1270254797099521 -5.767828734684023 -7.294450864781081 -8.166027971904466 -8.625806175086204 -9.323143103330375 -9.905464295987562 -10.259084632652469 -10.27419679292221 -11.23037584869949 -11.140854982899176 -11.173151290806217 -11.058842625274886 -11.47637863023902 -11.715798275357614 -11.23727252557608 -11.393283998751196 -11.437257902748199 -11.875008739571014 -11.875008739571014 -11.458067928691639 -11.430811115356423 -11.647391447885013 -11.391897786494434 -11.29051159555462 -11.231866575798579 -11.461245497754902 -11.502678312019627 -11.502678312019627 -11.502678312019627 -11.502678312019627 -11.502678312019627 -11.713277354657468 -11.954734323581203 -11.626267330056782 -11.86918072334794 -11.281358433753638 -11.929574198325428 -11.839996500145194 -11.839996500145194 -11.839996500145194 -11.839996500145194 -11.839996500145194 -11.839996500145194 -11.839996500145194 -11.839996500145194 -11.839996500145194 -12.345524296477212 -12.429155849376514 -12.667011470001725 -12.667011470001725
51
 -1.1270254797099521 -5.80941027858154 -7.182866743845043 -8.335068164189966 -9.27168409796345 -9.862540417825521 -10.111521433262842 -10.528552883303785 -10.525273405752461 -10.644633700342098 -10.421714028349003 -10.58654160673443 -11.441791736634167 -11.459902200245981 -11.235346266565676 -11.391790916013594 -11.274188758827062 -10.942725017484598 -11.332122581686365 -11.348755919630722 -11.348755919630722 -11.266692266801181 -11.763197553258234 -11.771923463563278 -11.21291597248393 -11.156713118163571 -11.47754028414259 -11.683844388601676 -11.370437849675762 -10.497082308918545 -10.497082308918545 -10.497082308918545 -10.497082308918545 -10.497082308918545 -10.497082308918545 -10.88349598196168 -11.326131709079217 -11.377913708657394 -11.416408046478296 -10.95971637642291 -12.335674696628384 -12.082274546007511 -11.78782980508841 -12.082908547370137 -12.082908547370137 -12.082908547370137 -12.082908547370137 -12.082908547370137 -12.082908547370137 -12.082908547370137 -12.082908547370137
51
 -1.1270254797099521 -5.543488962549131 -6.865283798260256 -7.718970134831782 -8.481070506027189 -8.781558258052065 -9.603861877594209 -10.202700695715944 -10.643598284957521 -10.86853299015178 -11.065864958894268 -10.9062280104934 -11.204295896191915 -11.204295896191915 -11.21569045778275 -11.447609814634982 -10.946303903012256 -11.192678727018691 -11.349003089935202 -11.200925654536164 -11.200925654536164 -11.200925654536164 -11.200925654536164 -11.200925654536164 -11.373613898076831 -11.377831871659408 -11.377831871659408 -11.377831871659408 -11.377831871659408 -11.377831871659408 -11.377831871659408 -11.377831871659408 -11.377831871659408 -11.377831871659408 -11.866429624620938 -11.912198535179403 -12.458004700530816 -12.458004700530816 -12.458004700530816 -12.458004700530816 -12.458004700530816 -12.458004700530816 -12.458004700530816 -12.458004700530816 -12.458004700530816 -12.499921856978967 -12.571491248502676 -12.571491248502676 -12.571491248502676 -12.571491248502676 -12.571491248502676
51
 -1.1270254797099521 -5.449491172820242 -6.831355217835523 -7.334675859681232 -8.267506375544487 -9.015644528501111 -9.765295037619175 -9.82990929729035 -9.913680106226328 -9.941438956844777 -9.941438956844777 -9.941438956844777 -9.941438956844777 -9.941438956844777 -10.425233405802175 -10.783841863414503 -10.999539600021777 -11.282013535023482 -11.282013535023482 -11.282013535023482 -11.282013535023482 -11.282013535023482 -11.282013535023482 -11.282013535023482 -11.282013535023482 -11.282013535023482 -11.271463075500714 -11.825909509424612 -11.728269248367244 -12.064353982492182 -12.064353982492182 -12.064353982492182 -12.064353982492182 -12.064353982492182 -12.064353982492182 -12.064353982492182 -12.064353982492182 -12.064353982492182 -12.093028972782736 -12.093028972782736 -12.093028972782736 -12.093028972782736 -12.093028972782736 -12.093028972782736 -12.093028972782736 -12.093028972782736 -12.093028972782736 -11.799280944452457 -11.560531350631086 -10.918706946127275 -10.918706946127275
51
 -1.1270254797099521 -5.4814770059534865 -7.049866394118428 -8.096995019012164 -8.964642040606426 -9.585095217358418 -10.075717074438321 -10.297411361097746 -10.500947202555691 -10.836110962905744 -10.988562205059859 -10.997367947569904 -11.247461896722166 -10.9563287448381 -11.901758447829607 -11.92447059440075 -11.98603278676397 -11.98603278676397 -11.98603278676397 -11.98603278676397 -11.98603278676397 -11.98603278676397 -11.824949689325086 -12.085772981725734 -11.849260247624544 -11.796100018354592 -11.847920551211597 -11.847920551211597 -11.847920551211597 -11.847920551211597 -11.847920551211597 -11.847920551211597 -11.847920551211597 -11.847920551211597 -11.847920551211597 -11.827074144660969 -12.007296731618723 -11.440998891199603 -12.259271875897351 -12.463871748390893 -12.057520043166598 -12.61227683071195 -12.403717111041745 -12.32349825205611 -12.32349825205611 -12.32349825205611 -12.32349825205611 -12.32349825205611 -12.32349825205611 -12.32349825205611 -12.32349825205611
51
 -1.1270254797099521 -5.903449599088076 -7.318425961238721 -8.283918333014359 -8.816745069149233 -9.540266273445093 -9.875987311000316 -10.23364114127362 -10.554358979791811 -10.891056713422739 -10.392360222269602 -10.992826761914635 -11.280583570853793 -11.00928419637318 -11.383433798145196 -11.453400960330104 -11.31646535510089 -11.39005737085105 -11.439027129983433 -11.262871180821039 -11.261021345683204 -11.085351254271002 -11.085351254271002 -11.085351254271002 -11.085351254271002 -11.085351254271002 -11.329961450558905 -11.150418055314368 -11.226513786146585 -11.583923847377953 -11.775995288530623 -11.792186320233638 -11.650106999427397 -11.650106999427397 -11.650106999427397 -11.650106999427397 -11.650106999427397 -11.650106999427397 -11.650106999427397 -11.650106999427397 -11.650106999427397 -11.595227835394702 -12.046822982119437 -12.367980263072784 -12.331962501422074 -11.966127383283876 -12.447697565969435 -12.345230511738272 -12.349982668086902 -12.349982668086902 -12.349982668086902
ADAPTIID
10
51
 -1.1270254797099521 -6.90877034100998 -7.498672660653129 -8.207961456883488 -8.544179328415266 -8.79849168984672 -9.027431818548992 -9.299249096382162 -9.523639741242985 -9.690620787175234 -9.89774405518434 -10.046956566589357 -10.238854535420609 -10.379949712679153 -10.49765901688125 -10.689931524581997 -10.827394407162217 -10.925277464886813 -11.03413429673043 -11.184825829429958 -11.300951628254943 -11.412394575840986 -11.522049744977394 -11.640165219602839 -11.73954356884658 -11.868705030391189 -11.979030625908209 -12.072798641013621 -12.176959168366077 -12.326680284435772 -12.474189833607332 -12.602029242430559 -12.72190424042238 -12.833520478616908 -12.948779275963798 -13.077942236758746 -13.207577394091 -13.311743528400406 -13.42699840801125 -13.551340611043193 -13.66322494913253 -13.767390931954672 -13.907002302858567 -14.006235508423261 -14.108527095456967 -14.216759681091801 -14.316493869519544 -14.436849412995835 -14.572706574511987 -14.685365194539703 -14.796200372356628
51
 -1.1270254797099521 -6.997281208659196 -7.653034157148308 -8.16676735048407 -8.544972308435174 -8.834642537657937 -9.086356601517496 -9.359291802402604 -9.561132385742987 -9.795990614726268 -10.01219579311305 -10.182612187788505 -10.319258773857236 -10.438871287166318 -10.57135425469334 -10.71525053109452 -10.86242252463227 -10.991419447008845 -11.13384031995676 -11.26707771695632 -11.376882540036672 -11.475924246085105 -11.583588591040087 -11.71223026988357 -11.825113287712103 -11.953432526398375 -12.073433808191037 -12.200335217228414 -12.306806433958204 -12.390357786148046 -12.517279596565048 -12.626167785422846 -12.737803953683219 -12.858364598795319 -12.960848687273577 -13.100287681680687 -13.214428608961699 -13.321577813720069 -13.432826134834343 -13.546554127095806 -13.644061839364321 -13.776129812765504 -13.908096247430962 -14.015007319412154 -14.116769379468078 -14.237787880643468 -14.35362462949425 -14.457882033827376 -14.582226605943527 -14.689682592597093 -14.816931413816993
51
 -1.1270254797099521 -7.226477256980894 -7.886464417913978 -8.338153474880583 -8.687290492415524 -8.991818341071413 -9.246596354900209 -9.443596660374341 -9.644585457545313 -9.881783196666495 -10.018055255268921 -10.1733839171911 -10.275081980720634 -10.406105783706128 -10.536132989236574 -10.650966309381182 -10.75659004588595 -10.91221127793149 -11.028718548383418 -11.156183171896904 -11.248071949346985 -11.368130724484551 -11.488703345561966 -11.607113055741008 -11.742861227731488 -11.864245547008942 -11.995291899829615 -12.119321333115167 -12.226935312919839 -12.361515586203964 -12.51135304919394 -12.627868827412785 -12.739828086564003 -12.889799485251515 -12.98938604785883 -13.086207929425061 -13.200653739992783 -13.336120602843703 -13.452884012260625 -13.554674989906324 -13.67949341683004 -13.813332888246801 -13.917091683770838 -14.037652343531382 -14.146651716340095 -14.244168877163233 -14.337360141533985 -14.443640774012383 -14.531081929619775 -14.672019941228422 -14.785156260345591
51
 -1.1270254797099521 -7.286124377905499 -7.942218986677791 -8.465097164143407 -8.719927163873127 -8.883143397038248 -9.104138320246461 -9.354825624577126 -9.626035289707923 -9.810568454221835 -9.968610523680299 -10.09570783821368 -10.36385422303943 -10.567273639569722 -10.717336917515173 -10.843442396145248 -10.944938382543242 -11.099326148382453 -11.209945281335917 -11.345447778020727 -11.481172075579751 -11.610089099028839 -11.713089607655997 -11.860735313940033 -11.992700662295416 -12.119490927648023 -12.235918152798233 -12.337574429691838 -12.474401321701297 -12.606624060044394 -12.70852989973902 -12.836511400988257 -12.941270929721753 -13.066278734706877 -13.174004953746095 -13.305916255530725 -13.41825822480452 -13.534606028521155 -13.650616007572385 -13.756067710429141 -13.879098517875049 -13.983244422512902 -14.08326277566677 -14.1874376535434 -14.302185720678366 -14.402427409027537 -14.5430253437016 -14.662330074812315 -14.770569923625766 -14.881763348022364 -15.001695531111396
51
 -1.1270254797099521 -7.126976047985014 -7.810359815010193 -8.275584588603587 -8.612166289737994 -8.875294312683025 -9.1077656704084 -9.356111693610696 -9.615960076582 -9.797672385893492 -9.99416064356512 -10.169232933538005 -10.32956861585456 -10.50111553874548 -10.676339442785094 -10.837174051584366 -10.952575142261649 -11.06795436534095 -11.204619985875343 -11.347623985948118 -11.45068117057661 -11.579740123902553 -11.697970137708868 -11.814107495489823 -11.92783077763806 -12.02564997053142 -12.14201234261714 -12.248310094196842 -12.393803662673438 -12.477480697083402 -12.563374604823908 -12.684789752559986 -12.784613053254189 -12.91573846000833 -13.006519935330738 -13.123100506201908 -13.228525307822165 -13.313363601592707 -13.392713930199564 -13.513303719196431 -13.659372235608418 -13.775239748395531 -13.915003126580201 -14.019684313019326 -14.144097065466084 -14.23888624766484 -14.355252361045888 -14.46191965825177 -14.569816081021868 -14.688329649926871 -14.810192698529098
51
 -1.1270254797099521 -7.261680724497905 -7.9072714058523355 -8.273444648624533 -8.668400779336244 -8.949362473545536 -9.19832650484452 -9.392604474609447 -9.551384365464834 -9.747088673360397 -9.95775339286285 -10.092164840588952 -10.240158505483702 -10.384570208316802 -10.491667360726371 -10.650085151650984 -10.776385228542583 -10.906038402255154 -11.060037214594411 -11.187866519063556 -11.283610394268173 -11.404611793003665 -11.516095648937954 -11.631258196756482 -11.767229984950985 -11.87474771540737 -11.955391454177942 -12.049803277129357 -12.178163200009124 -12.286654250433475 -12.385177525206576 -12.472942673412021 -12.607513017729705 -12.731410444435799 -12.862709734196342 -12.996720114772039 -13.083632778070527 -13.2090033071831 -13.320296655779254 -13.474508430292364 -13.587819493639703 -13.690410220553217 -13.833321088229477 -13.95153583188396 -14.08705810296261 -14.187334530718383 -14.287674887439707 -14.393062833994037 -14.508769525104944 -14.620062210481063 -14.729044388889243
51
 -1.1270254797099521 -7.0743541097262685 -7.751291142688249 -8.316624634877229 -8.692912639806814 -8.940697819945443 -9.245086949867348 -9.438342727790339 -9.591481583194712 -9.777768608251032 -9.969551069692661 -10.119903306484922 -10.261000696606894 -10.39436613375971 -10.557681054058744 -10.661074049908294 -10.798550257581473 -10.903772637321914 -11.009580633780198 -11.14670126658739 -11.234679549279505 -11.377067179676095 -11.497991385775295 -11.623754630245157 -11.754206306971826 -11.823281958152794 -11.911300483318543 -12.0489601194108 -12.20791173651314 -12.316859851207271 -12.43098800467395 -12.530045105059083 -12.647011388319827 -12.757786599326705 -12.873610936056275 -13.010089094393022 -13.129376692906229 -13.263508528919791 -13.383450333263808 -13.510955094643867 -13.620773305775892 -13.736429907816028 -13.84264458927793 -13.985218438950184 -14.105973900155742 -14.232627382272431 -14.346063571361146 -14.467733761544032 -14.589142901192583 -14.702845185163172 -14.827518276079026
51
 -1.1270254797099521 -7.0728121996720485 -7.7434332517504 -8.144529385863988 -8.495324779049541 -8.83752136929191 -9.163372784992422 -9.35967248383883 -9.529883001363373 -9.713308542081979 -9.931014439447527 -10.076109419860327 -10.26436937366155 -10.398028356440799 -10.495366456240522 -10.621084293166902 -10.767483676559241 -10.918770016708647 -11.055515764887565 -11.184453032618942 -11.30447494729769 -11.408784820602294 -11.519086921124579 -11.624770458954133 -11.762326776903077 -11.896251326895653 -11.99313114966555 -12.118567152714498 -12.21729338670864 -12.351012541977948 -12.461713075131371 -12.571176110607215 -12.706131988673878 -12.83958599560969 -12.962380608947726 -13.073017492939865 -13.185761273266147 -13.289725041150152 -13.394229149450416 -13.50993933950915 -13.642841236220402 -13.7793042246479 -13.88427852252725 -13.993529636471646 -14.094638565766441 -14.195063362448233 -14.295654267134513 -14.438539114928071 -14.556617850623454 -14.648427914281442 -14.772486639348296
51
 -1.1270254797099521 -7.123337466994468 -7.759214933922513 -8.173873812481231 -8.549184549086274 -8.844637597093262 -9.054699690401902 -9.288516813173738 -9.521571771773793 -9.752076638755405 -9.932874144701378 -10.105222051888163 -10.22559082155043 -10.385003694543892 -10.526914566222295 -10.714724265952654 -10.849707925986207 -10.972872602120075 -11.091351787840148 -11.20682546252954 -11.324149857403603 -11.42362197775593 -11.507877010322968 -11.643316585148272 -11.769770192172782 -11.90382662939576 -11.997802562679517 -12.138810483897522 -12.268248873205168 -12.388689096754266 -12.495488834771827 -12.616457246303021 -12.721319404857786 -12.83716926930305 -12.985684884271508 -13.091381819883619 -13.194453497620596 -13.310229118860567 -13.410891427926192 -13.515397940938362 -13.62284448460996 -13.742200605737281 -13.868198349222784 -13.975957314708394 -14.087734939560438 -14.232081463231086 -14.349220308037696 -14.465259388164958 -14.593814569505277 -14.722575868340495 -14.844860761069638
51
 -1.1270254797099521 -7.06780537903973 -7.803644952418648 -8.283069781084855 -8.669869241486488 -8.925474863014946 -9.157431329947801 -9.464824610456407 -9.678544311626505 -9.836517428660143 -10.004249783214542 -10.171969241438992 -10.351931013126674 -10.477342704752214 -10.650945422918731 -10.769608061541653 -10.88516875130858 -10.97755751619572 -11.094241557259261 -11.215290770727627 -11.387988859345667 -11.501664667873122 -11.62444681649648 -11.731634339141316 -11.85797266329321 -11.99486243315096 -12.157837604237997 -12.278452582755294 -12.36737914761162 -12.497543040716788 -12.607138228889308 -12.742269571326823 -12.859872025641312 -12.974690273094076 -13.105784072233682 -13.213659548663637 -13.326656009999867 -13.43462974858575 -13.540365009903065 -13.652088196717054 -13.75380888214351 -13.898762582347258 -14.007632066404504 -14.111862052645526 -14.247823057816156 -14.370362724695266 -14.498097104603032 -14.619323355590906 -14.73893803320552 -14.865618314929492 -14.975712300910475
steps
10
51
 0 5000 10000 15000 20000 25000 30000 35000 40000 45000 50000 55000 60000 65000 70000 75000 80000 85000 90000 95000 100000 105000 110000 115000 120000 125000 130000 135000 140000 145000 150000 155000 160000 165000 170000 175000 180000 185000 190000 195000 200000 205000 210000 215000 220000 225000 230000 235000 240000 245000 250000
51
 0 5000 10000 15000 20000 25000 30000 35000 40000 45000 50000 55000 60000 65000 70000 75000 80000 85000 90000 95000 100000 105000 110000 115000 120000 125000 130000 135000 140000 145000 150000 155000 160000 165000 170000 175000 180000 185000 190000 195000 200000 205000 210000 215000 220000 225000 230000 235000 240000 245000 250000
51
 0 5000 10000 15000 20000 25000 30000 35000 40000 45000 50000 55000 60000 65000 70000 75000 80000 85000 90000 95000 100000 105000 110000 115000 120000 125000 130000 135000 140000 145000 150000 155000 160000 165000 170000 175000 180000 185000 190000 195000 200000 205000 210000 215000 220000 225000 230000 235000 240000 245000 250000
51
 0 5000 10000 15000 20000 25000 30000 35000 40000 45000 50000 55000 60000 65000 70000 75000 80000 85000 90000 95000 100000 105000 110000 115000 120000 125000 130000 135000 140000 145000 150000 155000 160000 165000 170000 175000 180000 185000 190000 195000 200000 205000 210000 215000 220000 225000 230000 235000 240000 245000 250000
51
 0 5000 10000 15000 20000 25000 30000 35000 40000 45000 50000 55000 60000 65000 70000 75000 80000 85000 90000 95000 100000 105000 110000 115000 120000 125000 130000 135000 140000 145000 150000 155000 160000 165000 170000 175000 180000 185000 190000 195000 200000 205000 210000 215000 220000 225000 230000 235000 240000 245000 250000
51
 0 5000 10000 15000 20000 25000 30000 35000 40000 45000 50000 55000 60000 65000 70000 75000 80000 85000 90000 95000 100000 105000 110000 115000 120000 125000 130000 135000 140000 145000 150000 155000 160000 165000 170000 175000 180000 185000 190000 195000 200000 205000 210000 215000 220000 225000 230000 235000 240000 245000 250000
51
 0 5000 10000 15000 20000 25000 30000 35000 40000 45000 50000 55000 60000 65000 70000 75000 80000 85000 90000 95000 100000 105000 110000 115000 120000 125000 130000 135000 140000 145000 150000 155000 160000 165000 170000 175000 180000 185000 190000 195000 200000 205000 210000 215000 220000 225000 230000 235000 240000 245000 250000
51
 0 5000 10000 15000 20000 25000 30000 35000 40000 45000 50000 55000 60000 65000 70000 75000 80000 85000 90000 95000 100000 105000 110000 115000 120000 125000 130000 135000 140000 145000 150000 155000 160000 165000 170000 175000 180000 185000 190000 195000 200000 205000 210000 215000 220000 225000 230000 235000 240000 245000 250000
51
 0 5000 10000 15000 20000 25000 30000 35000 40000 45000 50000 55000 60000 65000 70000 75000 80000 85000 90000 95000 100000 105000 110000 115000 120000 125000 130000 135000 140000 145000 150000 155000 160000 165000 170000 175000 180000 185000 190000 195000 200000 205000 210000 215000 220000 225000 230000 235000 240000 245000 250000
51
 0 5000 10000 15000 20000 25000 30000 35000 40000 45000 50000 55000 60000 65000 70000 75000 80000 85000 90000 95000 100000 105000 110000 115000 120000 125000 130000 135000 140000 145000 150000 155000 160000 165000 170000 175000 180000 185000 190000 195000 200000 205000 210000 215000 220000 225000 230000 235000 240000 245000 250000
