9
newton:0
1
13
 0.5627855189062623 0.2984134854695655 0.1745592382079309 0.10084312948046212 0.054819768377128236 0.022681320845503894 0.007351884459542546 0.0015976233158483122 1.8849395445577621E-4 7.657501473051775E-6 2.6511104589399537E-8 4.691802502065912E-13 3.247402347028583E-15
steps1
1
13
 0.0 1.0 2.0 3.0 4.0 5.0 6.0 7.0 8.0 9.0 10.0 11.0 12.0
time2
1
13
 0.0 17.166 34.591 52.086 69.514 86.717 104.233 121.69200000000001 139.14600000000002 156.329 173.81 191.236 208.653
newton:1
1
32
 33.92305603935813 1.7493558213995608 26.78127078575642 3.0989310653640922 22.521088763653076 3.932246103158909 21.23189365779728 4.4212689793937825 20.589161847517058 5.060845104168091 19.857774151396264 5.763499387293491 20.438211658932143 6.27103717502387 20.354829620919087 6.750340760644487 18.858542606706973 7.419142842948327 19.283874750134213 7.871945398154881 19.43299861029131 8.308552568844156 19.203278486540107 8.648445608877982 19.13621803346816 9.08324547117139 18.81166995722982 9.461523202055972 18.354249862567187 9.959653921312032 17.858079529792757 10.214817853926613
steps4
1
32
 0.0 1.0 2.0 3.0 4.0 5.0 6.0 7.0 8.0 9.0 10.0 11.0 12.0 13.0 14.0 15.0 16.0 17.0 18.0 19.0 20.0 21.0 22.0 23.0 24.0 25.0 26.0 27.0 28.0 29.0 30.0 31.0
time5
1
32
 0.0 17.204 34.643 52.071 69.49199999999999 86.72899999999998 104.13899999999998 121.64099999999998 139.26099999999997 156.55799999999996 173.79299999999995 191.34799999999996 208.81099999999995 226.25099999999995 243.44599999999994 260.92499999999995 278.36699999999996 295.78499999999997 313.123 330.587 348.03499999999997 365.48299999999995 382.7049999999999 400.17599999999993 417.61599999999993 435.07399999999996 452.28 469.686 487.123 504.597 521.784 539.254
newton:2
1
32
 Infinity NaN NaN NaN NaN NaN NaN NaN NaN NaN NaN NaN NaN NaN NaN NaN NaN NaN NaN NaN NaN NaN NaN NaN NaN NaN NaN NaN NaN NaN NaN NaN
steps7
1
32
 0.0 1.0 2.0 3.0 4.0 5.0 6.0 7.0 8.0 9.0 10.0 11.0 12.0 13.0 14.0 15.0 16.0 17.0 18.0 19.0 20.0 21.0 22.0 23.0 24.0 25.0 26.0 27.0 28.0 29.0 30.0 31.0
time8
1
32
 0.0 17.464 34.986 52.28999999999999 69.863 87.376 104.958 122.309 140.007 157.55200000000002 175.103 192.53300000000002 210.08900000000003 227.63800000000003 245.25500000000002 262.858 280.174 297.712 315.224 332.722 349.988 367.497 385.05600000000004 402.547 419.836 437.411 454.933 472.456 489.699 507.208 524.746 542.284
