21
c:1.25
1
26
 0.56278551890626 0.3092371145237517 0.19822332752362823 0.13323284624861162 0.0924296226514345 0.06537148931545392 0.051159410191819465 0.047391037451956775 0.04045166877375048 0.030780295355054138 0.030301554989334595 0.02658020245007156 0.023961902430540527 0.01842681368976276 0.016720661861861358 0.013677566144229047 0.011248840397490328 0.008832205645199959 0.006346678028141345 0.004471042034610712 0.003489417309460424 0.0019301262720857748 4.569404140322142E-4 4.200735217063656E-6 1.0304205544375833E-9 1.0E-14
steps1
1
26
 0.0 0.020100951445035067 0.04020190289007013 0.0603028543351052 0.08040380578014027 0.1055299950864341 0.13693214812167775 0.1761736722204851 0.22521999374637067 0.2865278956537276 0.3631571894403002 0.45892705588064503 0.578639388931076 0.7282798052441148 0.9153303256354134 1.1491267253316657 1.4413722249519811 1.8066735158797516 2.263300129539465 2.8340778130164828 3.547549917362755 4.439384464197972 5.439384464197972 6.439384464197972 7.439384464197972 8.439384464197971
time2
1
26
 0.0 0.39 0.771 1.1520000000000001 1.5340000000000003 2.0120000000000005 2.4950000000000006 3.0820000000000007 3.814000000000001 4.712000000000001 5.836 7.224 9.023 11.181 13.86 17.286 21.546 26.750999999999998 33.364 41.702999999999996 51.943999999999996 64.911 81.19800000000001 102.64000000000001 120.49900000000002 138.67400000000004
c:1.5
1
18
 0.56278551890626 0.3161696975783044 0.20701248336513997 0.14343986950330798 0.10198122795531636 0.07150236060235543 0.052922490732568495 0.04103341867702409 0.03392767269089389 0.02467440206287838 0.017581760484031123 0.011167961062002768 0.006838002013552724 0.0033939282151562444 0.0010079881908648114 1.4934363580798582E-5 1.4713650936526435E-8 4.6074255521943996E-14
steps4
1
18
 0.0 0.020100951445035067 0.04020190289007013 0.0603028543351052 0.08040380578014027 0.11055523294769286 0.15578237369902176 0.22361191763076785 0.32534506633313975 0.4779336221914504 0.7068164559789163 1.0501407066601152 1.5651270826819137 2.3376066467146113 3.3376066467146113 4.337606646714611 5.337606646714611 6.337606646714611
time5
1
18
 0.0 0.38 0.759 1.1400000000000001 1.5220000000000002 1.9260000000000002 2.494 3.329 4.655 6.518000000000001 9.283000000000001 13.501000000000001 19.961000000000002 29.404000000000003 43.943000000000005 61.412000000000006 79.31800000000001 97.42600000000002
c:2.0
1
15
 0.56278551890626 0.30221849878600004 0.18950399125698733 0.12465427615241761 0.08538465634250225 0.06000839557955964 0.04555918062646752 0.02856367125035525 0.019573375309551222 0.008485464791077285 0.0024334049344864606 9.148911162845663E-5 3.403014628700074E-7 1.690447781754756E-11 1.887379141862766E-15
steps7
1
15
 0.0 0.020100951445035067 0.04020190289007013 0.0603028543351052 0.08040380578014027 0.1206057086702104 0.20100951445035065 0.36181712601063115 0.6834323491311922 1.3266627953723142 2.3266627953723145 3.3266627953723145 4.3266627953723145 5.3266627953723145 6.3266627953723145
time8
1
15
 0.0 0.417 0.869 1.311 1.7429999999999999 2.199 3.0359999999999996 4.643 7.885999999999999 13.831999999999999 25.796999999999997 43.17399999999999 61.45599999999999 80.06299999999999 98.11499999999998
c:3.0
1
15
 0.56278551890626 0.31069007224968925 0.19947430567711263 0.13442722632968315 0.09492993478170592 0.06972235016280331 0.04602257901396009 0.04162718996618994 0.020882750937699618 0.00646613287848094 5.069624950439777E-4 1.216351639682367E-5 2.603050086591452E-8 5.306588501952092E-13 1.0269562977782698E-15
steps10
1
15
 0.0 0.020100951445035067 0.04020190289007013 0.0603028543351052 0.08040380578014027 0.1286460892482244 0.17688837271630858 0.32161522312056107 0.7557957743333185 1.7557957743333183 2.7557957743333183 3.7557957743333183 4.755795774333318 5.755795774333318 6.755795774333318
time11
1
15
 0.0 0.435 0.875 1.4569999999999999 1.882 2.3659999999999997 3.3129999999999997 4.39 7.327 15.559 32.958999999999996 51.553999999999995 69.779 88.485 107.06
c:5.0
1
20
 0.56278551890626 0.30824324061183295 0.19503490022340278 0.12957076564318235 0.0906660751314863 0.0666535253959695 0.042629338465836525 0.023197491059180786 0.01700072943846906 0.5420720404127313 0.199070089961397 0.26152518971675454 0.32986280976477034 0.1052564371231364 0.4219832499366555 0.011153977366099938 0.03456896887107819 0.4967749863088974 0.2166909985972881 0.23949450994104013
steps13
1
20
 0.0 0.020100951445035067 0.04020190289007013 0.0603028543351052 0.08040380578014027 0.12806539509536785 0.36637334167150576 0.9316344306963863 1.9316344306963864 2.9316344306963864 3.9316344306963864 4.931634430696386 5.931634430696386 6.931634430696386 7.931634430696386 8.931634430696386 9.931634430696386 10.931634430696386 11.931634430696386 12.931634430696386
time14
1
20
 0.0 0.449 0.875 1.292 1.808 2.395 3.4370000000000003 9.413 19.772 37.931 56.17 74.554 92.751 111.147 132.43800000000002 150.49200000000002 168.574 186.541 205.071 222.98
c:9.0
1
13
 0.56278551890626 0.3103385068089457 0.19934279153232762 0.13478191586618524 0.09454253125313564 0.06872752517547318 0.0364647243258546 0.009308579755394758 0.0015260489825508206 1.1413362621651157E-4 2.3978601081664497E-6 2.73669722994363E-9 6.439293542825908E-15
steps16
1
13
 0.0 0.020100951445035067 0.04020190289007013 0.0603028543351052 0.08040380578014027 0.15564836735605486 0.8328494215392862 1.832849421539286 2.832849421539286 3.832849421539286 4.8328494215392865 5.8328494215392865 6.8328494215392865
time17
1
13
 0.0 0.428 0.9530000000000001 1.3490000000000002 1.7310000000000003 2.4430000000000005 4.226000000000001 16.738 33.91 51.803999999999995 70.191 88.409 106.35400000000001
c:17.0
1
14
 0.56278551890626 0.30471031222261646 0.19147642944285628 0.12600258706102155 0.08638431949026576 0.06172805577032883 0.0329530318881871 0.025799094960279045 0.004109520735890354 4.86601625909161E-4 1.9817965103474666E-5 1.1468501515121687E-7 1.372416069678195E-11 1.0547118733938987E-15
steps19
1
14
 0.0 0.020100951445035067 0.04020190289007013 0.0603028543351052 0.08040380578014027 0.17771474516460445 0.27502568454906867 1.2750256845490686 2.275025684549069 3.275025684549069 4.275025684549068 5.275025684549068 6.275025684549068 7.275025684549068
time20
1
14
 0.0 0.404 0.8 1.185 1.577 2.698 4.422 6.984999999999999 24.334 42.86 62.751999999999995 80.774 98.693 116.657
