10
SGD
10
51
 -0.9702077952525279 -5.980156543665476 -6.48531120883664 -6.69449904967497 -6.864500633588783 -6.957271519878715 -7.010317943233538 -7.142205616208108 -7.193548913375224 -7.265939523539586 -7.346162592795257 -7.3980567633204 -7.4433306282173906 -7.477592891090093 -7.531457568711101 -7.560401422250525 -7.59009396089026 -7.619637573694865 -7.65427235363582 -7.676510760857497 -7.709035097783311 -7.735025580845421 -7.7562121473622145 -7.785154746963453 -7.8123411229669415 -7.830733791516563 -7.85124531824641 -7.873440887121673 -7.891704435327987 -7.911146105630006 -7.930534052378787 -7.943838005569517 -7.962192551404009 -7.979299402377266 -7.993389533396943 -8.010242552760285 -8.027228388308206 -8.036147825604717 -8.053059759944128 -8.068016913768904 -8.080063291533728 -8.09246536227304 -8.104775229491896 -8.118473609648907 -8.128909808838896 -8.14216708050048 -8.151897192268137 -8.165704155439258 -8.174454169469804 -8.184253696636551 -8.197983428119883
51
 -0.9702077952525279 -6.440351319538185 -6.897714576199718 -7.203804705509048 -7.352429258400425 -7.5302529680598616 -7.632837101724328 -7.721701716472004 -7.793164058365457 -7.873774678385119 -7.915341021723057 -7.979543400947671 -8.036833165377269 -8.085400119315473 -8.140716193744781 -8.179360917183038 -8.221477969344194 -8.258455916247337 -8.289671529131176 -8.30864180527465 -8.340344152970612 -8.36682770960537 -8.388394050304962 -8.409818492867272 -8.429548945626854 -8.456638619759248 -8.478215166153502 -8.49503278580384 -8.516897504250537 -8.539059235693673 -8.555461786981125 -8.57047545558703 -8.590579108459623 -8.606417886380033 -8.619469115939706 -8.636048591915804 -8.648360528500364 -8.664563554354718 -8.67907246514569 -8.697193589369636 -8.709900299316898 -8.725953811045642 -8.739347031787 -8.751623725654133 -8.761874684243873 -8.774407194656174 -8.787507442986701 -8.797114773200398 -8.807726554119123 -8.815513703015895 -8.825127051712926
51
 -0.9702077952525279 -6.61779446043155 -6.947014892665305 -7.207604986418314 -7.451662971021085 -7.530354782933315 -7.579166660620883 -7.735922221772244 -7.825377757881662 -7.897954353063436 -7.959445773378806 -8.007475716527047 -8.049116278834546 -8.085020188681533 -8.12535165007685 -8.162784719484183 -8.194122907530776 -8.226296120207568 -8.261153936347903 -8.297285622063539 -8.3329092166263 -8.369375280600352 -8.398002595537628 -8.422026594132609 -8.442618084730496 -8.467950849484945 -8.483750798318258 -8.504750312863417 -8.52018952019603 -8.533811657745739 -8.552542364853188 -8.573824249606698 -8.594496079012947 -8.609194424295785 -8.629409129120488 -8.641308033163796 -8.654334034688553 -8.666657958139034 -8.679023225553081 -8.6910923775193 -8.716169412748151 -8.733143708741217 -8.74516632098541 -8.762090345586738 -8.769370531874246 -8.780116781519553 -8.78528113160659 -8.804092699686935 -8.817434056422536 -8.825096944712557 -8.836509563697987
51
 -0.9702077952525279 -6.126557962851564 -6.566970903111149 -6.884494413261646 -7.04648354198064 -7.234259938500449 -7.344032568730285 -7.445940514784437 -7.545753515825616 -7.629713615354156 -7.6904479673313535 -7.759802872195685 -7.824956819338764 -7.8682156002374555 -7.906541357824771 -7.940479761583494 -7.978218400750941 -8.012167606937346 -8.040579409418823 -8.077688473082299 -8.109520671702608 -8.13856377989539 -8.170386384474899 -8.186926832981761 -8.210576228741054 -8.231195053848426 -8.26115606658191 -8.286113387575568 -8.305720337005754 -8.32568047777603 -8.342435932035537 -8.359970437260015 -8.381168411307081 -8.394559122224463 -8.411984591249325 -8.430857226429397 -8.445131261496156 -8.466091053699621 -8.486510318445882 -8.501065347507735 -8.51837893879351 -8.53236640672514 -8.549065272747105 -8.561230446610761 -8.570978304937418 -8.576050394965117 -8.594267904396329 -8.609500302696183 -8.619460938806679 -8.62649253656282 -8.639698347251278
51
 -0.9702077952525279 -6.649323963287976 -7.014626988812158 -7.367073631562609 -7.525845151855795 -7.6848632349641655 -7.781293976380391 -7.824452261962883 -7.9308023450479785 -8.049153172567097 -8.123412602827196 -8.155194362779358 -8.227914581100752 -8.290323444464601 -8.318153159000893 -8.365803614756805 -8.391856795018848 -8.437670240068998 -8.465374449013343 -8.496339479454106 -8.526778551981764 -8.557294747821468 -8.590540745247226 -8.612600455453984 -8.642227862271808 -8.654782066453189 -8.682511598528718 -8.702649437417234 -8.729008571494443 -8.751899510540426 -8.767660853510264 -8.780579739805178 -8.798182455552588 -8.81806713038017 -8.839546128419062 -8.851198636298337 -8.856546925881544 -8.859971121352752 -8.880842591140752 -8.89932809541191 -8.916456496809229 -8.929835904622548 -8.942941577451291 -8.949285774504176 -8.96293346850477 -8.979674125511037 -8.992963100187865 -9.007807032379528 -9.018427355249667 -9.026786344608288 -9.038001093557078
51
 -0.9702077952525279 -6.314271019941456 -6.773282422055691 -7.0311770497239365 -7.2067479904182905 -7.338747873379678 -7.460130741273421 -7.5495663390039764 -7.629165628582196 -7.719944516608111 -7.7718577433120055 -7.82290444437079 -7.875055862049321 -7.929569596790929 -7.970419208490335 -8.003692832313044 -8.037651822646852 -8.07401903665898 -8.098526897464804 -8.131268219496903 -8.157375032057486 -8.175970362486082 -8.20087817774541 -8.225922472645674 -8.24986230910751 -8.273825237039802 -8.292100721375713 -8.312131707034322 -8.333479821288229 -8.349476659130994 -8.365917848483535 -8.384302804602122 -8.395767242075909 -8.416402983328457 -8.434919236197006 -8.447755279848717 -8.464094509201708 -8.479307632772208 -8.491848713534711 -8.505363481787887 -8.521592149888633 -8.534276896023117 -8.545745245121044 -8.554924471778838 -8.567059490089116 -8.578488577783736 -8.58913443034737 -8.603908983457456 -8.612461766033846 -8.622798350589362 -8.633412833494845
51
 -0.9702077952525279 -6.276114609172889 -6.754367421526642 -6.990260561456718 -7.19548616298715 -7.318393025531272 -7.431123587543435 -7.514096208286091 -7.593653885531329 -7.661754554260381 -7.71582087702799 -7.761321627971541 -7.801966756196341 -7.849598147931044 -7.886365085000165 -7.934473671094261 -7.966306840901067 -7.995675268519465 -8.025104874652035 -8.057117539295573 -8.078327746991153 -8.098332596292694 -8.123024212474023 -8.147564220689164 -8.167318790415575 -8.188371898171557 -8.211844030280245 -8.233577425140474 -8.254115814984011 -8.269226743950192 -8.295916938489311 -8.320626471712874 -8.338227964333617 -8.351820505524232 -8.362380527899072 -8.376208180567811 -8.392112688002062 -8.406591669775727 -8.41869854221529 -8.433099957122863 -8.44477675084232 -8.456647305255453 -8.468945069224608 -8.481538272703395 -8.492850683639425 -8.504770709638091 -8.514727375233127 -8.527336106417101 -8.539077925283946 -8.551528107620635 -8.561696343313727
51
 -0.9702077952525279 -6.599888577025066 -7.068450183227873 -7.258637330044341 -7.403688562534882 -7.55988823114695 -7.67111682299564 -7.728557487789714 -7.821251336290563 -7.886203061611894 -7.94547465234739 -7.992433894057173 -8.03808333229606 -8.065172908010783 -8.125357527719673 -8.157135588757598 -8.193046180500433 -8.227802876019894 -8.257944922090905 -8.285502915453266 -8.309170569243516 -8.330751916577936 -8.356208391071759 -8.378734339839834 -8.405328920570893 -8.42855014754689 -8.444286872967089 -8.452026443182305 -8.470223260700642 -8.483376503482942 -8.497871724601218 -8.513656826579274 -8.531789893637736 -8.546514965851454 -8.561266102723106 -8.575171176017253 -8.592839696966507 -8.604843632795983 -8.618235276175332 -8.632368699119354 -8.642832898753044 -8.660625223195007 -8.673226144863103 -8.68446917921521 -8.693081909539648 -8.702595196597835 -8.71056902298469 -8.721410634329558 -8.735670767214797 -8.745451356011813 -8.756788419811262
51
 -0.9702077952525279 -6.214747796214774 -6.855536757987128 -7.1451446413953255 -7.271663517044482 -7.498801721860515 -7.577119223140387 -7.647642649756125 -7.732344984958813 -7.789811052554581 -7.841209673607675 -7.8783005743995105 -7.928056869521006 -7.963126710327524 -8.001300947479876 -8.049373327051484 -8.087443890942497 -8.119277637923583 -8.13232812868461 -8.165698620281951 -8.190528191004143 -8.213760219446325 -8.243743859518778 -8.255396185613193 -8.272770978126957 -8.296804395685026 -8.327557388126715 -8.349170265226771 -8.371077724470629 -8.384467661643768 -8.404520177787806 -8.42129416742562 -8.436070793129657 -8.451230997123615 -8.465498092816679 -8.483894720571893 -8.500364465390266 -8.51123557925665 -8.532736307282736 -8.546080077095038 -8.560257876934864 -8.572391170445728 -8.58121816035754 -8.598238878876536 -8.606218501504308 -8.614143052602767 -8.629756685168397 -8.63555956667566 -8.642825501613391 -8.65023777658077 -8.651627900316536
51
 -0.9702077952525279 -6.8105867694542725 -7.182917055685421 -7.420995616703416 -7.612266222960782 -7.749388202116616 -7.842494745214104 -7.920380707010366 -7.997047572349216 -8.06677620264051 -8.107401057143434 -8.152857750231785 -8.197944266211431 -8.236096277750825 -8.277390859718066 -8.308713444199075 -8.347596953952308 -8.369341308591302 -8.398020103954808 -8.426839256975708 -8.454799414865752 -8.487909446160804 -8.506171651185996 -8.530587699194568 -8.551341692134768 -8.571454972378865 -8.59542302951332 -8.615355768384457 -8.63926891079199 -8.659986301354914 -8.686723069950586 -8.703071396004724 -8.714447695543052 -8.730913434012573 -8.746244468168918 -8.764921643089798 -8.777051770490779 -8.791785703443793 -8.805855686527618 -8.817616356436993 -8.829259609367218 -8.835957423280094 -8.847710574067873 -8.859380387189205 -8.869059297499605 -8.880483124856294 -8.892038283917085 -8.904332760262612 -8.912100451932478 -8.922397310124046 -8.933063538237889
SAGA
10
51
 -0.9702077952525279 -4.397048173629172 -5.103992433764208 -5.577112273003407 -5.948319387454182 -6.284741073851085 -6.611616385764059 -6.894223278217285 -7.143926366628245 -7.374318061175793 -7.568175244050568 -7.801377222024518 -7.987552790387022 -8.154146401386576 -8.335241616853812 -8.514226225831209 -8.662716898066517 -8.848364325726902 -9.019024779897522 -9.183603411896733 -9.337589736470347 -9.498805926486623 -9.667282070655132 -9.826324533993068 -9.966117024130261 -10.128593558354709 -10.269065417948266 -10.415400789393916 -10.564196482591528 -10.712587014759876 -10.859141940161724 -10.986507793879177 -11.141491026562601 -11.258941562024242 -11.403576625282112 -11.565691268492763 -11.686125886445533 -11.833708849407357 -11.944589496526527 -12.086614886903467 -12.217973311530303 -12.349593697284242 -12.475866223786078 -12.5910534247161 -12.739130675857217 -12.864895380439195 -12.97387757220865 -13.11769896624952 -13.239658926224463 -13.365908607349201 -13.486716347502666
51
 -0.9702077952525279 -4.465142657574386 -5.118787350923828 -5.6020722699985255 -6.018679587902783 -6.347805807602784 -6.630228992830876 -6.896934912845995 -7.129100552378461 -7.330082837635646 -7.544957577274301 -7.756955754004506 -7.977940569583515 -8.181999539454758 -8.37480152053254 -8.560284055419785 -8.75232848046984 -8.893426335434135 -9.074055365068466 -9.249643060951705 -9.417806713006456 -9.599811821276917 -9.75080004093154 -9.90707377326564 -10.074644278680415 -10.221181290257887 -10.375655918612225 -10.5501725965267 -10.686014663203174 -10.850168771609109 -10.984201255677204 -11.124853980093851 -11.274198119243561 -11.416655844846202 -11.566332524714662 -11.673029755358185 -11.82183674941108 -11.955561493344048 -12.091277096535002 -12.23079801427111 -12.360048925044557 -12.49203434182531 -12.608655403958682 -12.733464238795923 -12.84683919363991 -12.986553765347148 -13.11147512002923 -13.234145802271321 -13.354132281357199 -13.474778995245076 -13.605516605162478
51
 -0.9702077952525279 -4.467991514028351 -5.157051097890174 -5.608121481956823 -5.986683324776117 -6.275151834542466 -6.555963792551737 -6.809899582146181 -7.062241084858125 -7.335838305907028 -7.5373644221202705 -7.748606323473785 -7.938917568685588 -8.127159261263401 -8.315352692404831 -8.518554851077258 -8.689638740668274 -8.885933492220854 -9.043695263808356 -9.195408001426815 -9.356711886051263 -9.507022911366699 -9.658278066268728 -9.818799302183535 -9.984085886165486 -10.11470055462641 -10.242682820837778 -10.3964433237869 -10.572289200621544 -10.722069063936193 -10.89655571723788 -11.026267632120799 -11.186371028062823 -11.292529760126312 -11.43749144459719 -11.593676764612733 -11.731623684413693 -11.87137319643768 -12.015516647515094 -12.139675352847412 -12.283235199643437 -12.412214375948421 -12.543497907085234 -12.667501304063636 -12.809302357596229 -12.946770274056979 -13.068069424756244 -13.204982914577712 -13.330989445794078 -13.461811674781647 -13.587892332048698
51
 -0.9702077952525279 -4.427406215153184 -5.103204536269313 -5.542457893488316 -5.9468873271876594 -6.306615827871396 -6.589564570875297 -6.838867150215965 -7.1059055619777265 -7.300905784084995 -7.548459115849007 -7.797165132153885 -7.980911658703145 -8.156322147163811 -8.31794304526279 -8.493853588236531 -8.691558516857498 -8.847698408648098 -9.042848237402476 -9.206184685097249 -9.376099771027436 -9.540481247866106 -9.6946391638257 -9.847463637220002 -9.979696658800975 -10.146970378571892 -10.286678311932791 -10.445547285074726 -10.611384687071327 -10.762547015020823 -10.891597707679004 -11.04867097246027 -11.185117034785351 -11.33316487769048 -11.462912325012491 -11.584081549603859 -11.71660340705787 -11.826747242746489 -11.97461144610043 -12.128195987158378 -12.270083929118513 -12.421735984255276 -12.56092071845229 -12.71459958215528 -12.850428973399827 -12.980207923337241 -13.116554266234527 -13.227956422387605 -13.368538501854463 -13.482756609826867 -13.603905432132533
51
 -0.9702077952525279 -4.426698955048944 -5.13646442385731 -5.600894395062122 -5.9714794117632835 -6.3073349169337245 -6.575418087393416 -6.869412973647094 -7.137817959840158 -7.365213197086198 -7.566465058791815 -7.790822147172688 -7.9726449912116335 -8.168378934004284 -8.357926170398475 -8.525492855762323 -8.712922096340787 -8.882154782829348 -9.082747189086236 -9.257083528488705 -9.416141876335049 -9.58925315247214 -9.750220020037904 -9.882359975518476 -10.05573814967871 -10.224195268587037 -10.35502583113881 -10.512609403388792 -10.64048943752141 -10.770254792276567 -10.926643962428482 -11.075686655828425 -11.218974564784942 -11.364427680924532 -11.502901444008547 -11.621141581037287 -11.754447468453638 -11.875459277873302 -12.020127820071618 -12.14759871620757 -12.270560670642409 -12.396713780609478 -12.518183027509949 -12.65894737586494 -12.80754570983529 -12.941680456616364 -13.07247779574787 -13.217462823694767 -13.344065548379955 -13.469489265272891 -13.597126074019094
51
 -0.9702077952525279 -4.4349643917448045 -5.096769048654674 -5.515239035470404 -5.901928168179294 -6.259180583148119 -6.565338036686301 -6.861197800068001 -7.095017397227974 -7.307380032252612 -7.542166458352252 -7.783980596403706 -7.991837679635765 -8.150208003662733 -8.322948298253701 -8.533135423222586 -8.706153633215315 -8.874270185816515 -9.056863797702816 -9.175161629583904 -9.344158301126138 -9.471385276319543 -9.601803184671553 -9.776420668522672 -9.895789268268503 -9.994978781072652 -10.19237146273206 -10.289785472166981 -10.43515330289965 -10.61101898158479 -10.774793044699146 -10.92130374827237 -11.056306230466145 -11.19444219988399 -11.328664384606343 -11.458950008410792 -11.59257041398307 -11.763498129325962 -11.887079145356797 -12.06912657582762 -12.232963315234384 -12.383867109133652 -12.533406382118832 -12.672108028129031 -12.794481163704734 -12.919253194127347 -13.055741125755581 -13.195499863932081 -13.325223225610621 -13.45878019698142 -13.579653251338188
51
 -0.9702077952525279 -4.4668508145578 -5.1606200582522375 -5.670427549318303 -6.0538567865563255 -6.3841532374791745 -6.70527099490345 -6.955894349997471 -7.226195887265131 -7.439592868210214 -7.6581371473771185 -7.863787075301673 -8.057048920474719 -8.257126655326847 -8.48035518316991 -8.632291636625771 -8.8406672713627 -9.006035557852647 -9.178708982300362 -9.319663213886104 -9.472298800640901 -9.70175334717328 -9.85082078115136 -10.023363138095979 -10.17429248774535 -10.339322748690073 -10.49066066623681 -10.66372366911429 -10.7986250447558 -10.92904771545958 -11.071757077773288 -11.208617672429757 -11.305636880100579 -11.432855420189894 -11.593244597660478 -11.740980453025049 -11.863883558883792 -11.991398238816883 -12.129170243131385 -12.265779964916065 -12.392174241389842 -12.521323936427931 -12.655649096776372 -12.817131528257695 -12.94665758291715 -13.089027595427664 -13.217905244595643 -13.35598786735128 -13.479842567438626 -13.608279722664362 -13.729065469337415
51
 -0.9702077952525279 -4.395882657654957 -5.109919592659106 -5.553359953683561 -5.920052827639489 -6.264756775783069 -6.567939375103389 -6.811855052520752 -7.053298937550277 -7.2890682011733 -7.52184690239757 -7.761269278943276 -7.978007172037147 -8.203403108106974 -8.40684630309958 -8.597155500464869 -8.790044650852678 -8.945356505270798 -9.09554254087456 -9.27469957092843 -9.42337887389564 -9.610888862835992 -9.768734193565686 -9.926944144028116 -10.080038478314835 -10.201853299256394 -10.37393363935394 -10.500466363810396 -10.646261107019418 -10.82297044668367 -10.966033871595721 -11.095890901497098 -11.240100927887369 -11.35311785172147 -11.484958074562273 -11.606098511161871 -11.747071752098245 -11.87988128103133 -12.029143892985106 -12.170087878883724 -12.324081817698024 -12.437039632943387 -12.576196270873947 -12.69112791462888 -12.822900800355967 -13.00635007029592 -13.135974340939512 -13.270591505506538 -13.403080428378045 -13.521430629709403 -13.655896449005834
51
 -0.9702077952525279 -4.440699566164751 -5.107015678666719 -5.553214165024084 -5.935245670165414 -6.256944244200696 -6.5991694803272045 -6.846601098326715 -7.118184476105896 -7.353351531868601 -7.57034170362068 -7.783251860538082 -8.000311501646486 -8.194892672041316 -8.369905681334167 -8.5470760982877 -8.706395129846252 -8.879680044987428 -9.061592136732695 -9.20651670843378 -9.330088770165323 -9.465498298653413 -9.622081424495056 -9.77488753511509 -9.913492174564484 -10.053487441518536 -10.217842038665689 -10.355717251107766 -10.542333716879952 -10.668070293275349 -10.823817543260832 -10.987110679647596 -11.16742514187909 -11.300017738155054 -11.420009977616447 -11.57045169562484 -11.729840087550707 -11.858998392775332 -11.984150779689795 -12.121435869507465 -12.245946540646255 -12.367574918790194 -12.492086108759992 -12.632073040958566 -12.78123512904677 -12.913253036508454 -13.043423480624396 -13.175861293457993 -13.321892757120034 -13.457516601491179 -13.60708087161097
51
 -0.9702077952525279 -4.399246340921258 -5.080832324874668 -5.505662632668212 -5.875770084686339 -6.258877592434149 -6.607739172483692 -6.888064733771222 -7.179384572829043 -7.405778148630438 -7.5982388756650705 -7.771825198422128 -7.9943735605564115 -8.192262135725395 -8.37048167730205 -8.547359607791975 -8.718767984474455 -8.911047226136837 -9.06581396600126 -9.248491783036783 -9.433623549025718 -9.572461345902871 -9.692962173038492 -9.87327845709247 -10.034368016690173 -10.172545653639242 -10.329338529707226 -10.494273852756375 -10.630424503361933 -10.807835062843772 -10.967791968785033 -11.122286225556305 -11.26078034898153 -11.400831039955753 -11.546770176875615 -11.669417643099273 -11.808193516697647 -11.952318582090903 -12.080532650739848 -12.212374622167728 -12.326120323257117 -12.455892598431127 -12.577331644300504 -12.679027638100289 -12.800994620204948 -12.972088749677416 -13.088652287905294 -13.249689171719561 -13.37789796190345 -13.500445722620873 -13.662007112223034
ADAPTSAGA
10
51
 -0.9702077952525279 -6.529667821257994 -7.462675206951586 -8.016254026638018 -8.04595394802089 -8.812813248943037 -9.171374906864154 -9.454150117326316 -9.894556943758346 -10.167812181640969 -10.262296999994767 -10.542587121405415 -10.932610395371825 -11.113780553407343 -11.39226398381009 -11.598875980661896 -11.853137350536413 -12.185093694921179 -12.529448096364359 -12.688640584477204 -12.829830180185999 -12.963810324691929 -13.087088857205615 -13.210351329237087 -13.347928994323995 -13.474062403175365 -13.583305467877754 -13.717373312175553 -13.841063280414746 -13.96336797922458 -14.085169804662241 -14.205397588983589 -14.332186660172974 -14.461443134180172 -14.584983841841073 -14.72017672205518 -14.842102956788638 -14.968441251001245 -15.072357489722378 -15.20531798662225 -15.33828172468905 -15.457034066562194 -15.57307420816339 -15.691249239059292 -15.80617466665119 -15.925566697758033 -16.04984068007351 -16.164226780024674 -16.28340033812125 -16.390662158530606 -16.515855945514662
51
 -0.9702077952525279 -6.555555520194587 -7.410807710903365 -7.926876505756673 -8.069331458636603 -8.75077994686516 -9.171069399710806 -9.397836936359653 -9.788171296574639 -10.09905254667395 -10.218848131488187 -10.510765273024877 -10.885707847212204 -11.106606825749706 -11.392615176762188 -11.5421005483595 -11.80061965934737 -12.208825106698567 -12.468926317751595 -12.658498992821002 -12.807177598381186 -12.942750918498854 -13.070824827333965 -13.205525827384582 -13.339608288989616 -13.471644711459685 -13.599833909573032 -13.719423743758137 -13.841166565828587 -13.970826439492017 -14.097474777493828 -14.22016329664103 -14.342978336034914 -14.462435542619405 -14.588259313261169 -14.71748744770679 -14.846043269368902 -14.96898322626412 -15.093734527688245 -15.218630324752112 -15.344493226228694 -15.465816355470391 -15.586380079990308 -15.711379037001118 -15.826781348703413 -15.950899654604072 -16.065697746380284 -16.182756377147253 -16.309847577718163 -16.432176879120373 -16.552073107842748
51
 -0.9702077952525279 -6.534415306882637 -7.465857050625555 -7.96616935261998 -8.189145788400847 -8.887828146990058 -9.193991030590553 -9.364413592659542 -9.863711987050568 -10.134012778930936 -10.261646198364994 -10.55341369988432 -10.968662359006823 -11.15540541444685 -11.465420074010893 -11.661790077824316 -11.862586800538686 -12.290670192839912 -12.52835017610224 -12.733566294712492 -12.896631347132532 -13.028356909151716 -13.152786218057932 -13.28850741364462 -13.415556620268987 -13.538398208769982 -13.661303126838735 -13.789385150050215 -13.90606352372525 -14.032677073567108 -14.154567857219586 -14.274795996085876 -14.408330235537958 -14.507409434651606 -14.65306968747801 -14.788063228802613 -14.909805467998986 -15.030747445001571 -15.152709718977949 -15.273509030537443 -15.392585050337782 -15.513273566054625 -15.622847015008473 -15.746811221236163 -15.867004329680128 -15.98459964718609 -16.104042210915644 -16.22480572021848 -16.34822400656936 -16.463340278915794 -16.584381515677457
51
 -0.9702077952525279 -6.466133277152047 -7.398267184288431 -7.932659034336107 -8.146116487935645 -8.840190436759526 -9.188361821438985 -9.457446849962707 -9.832506964233243 -10.135784604608807 -10.233103411216652 -10.48749020269178 -10.884727114149367 -11.123558600053512 -11.415716199624894 -11.599825013592824 -11.863921660218876 -12.188313084153988 -12.504857766341871 -12.680337121669018 -12.822066710233937 -12.952175081019707 -13.088141012363065 -13.223373735997345 -13.353314445350632 -13.477643787122979 -13.600622809602573 -13.720525664870594 -13.841945326989382 -13.978157183968621 -14.094883603585194 -14.224524272077591 -14.345232892490667 -14.47018843397978 -14.57728359259669 -14.712728016238412 -14.833523910366374 -14.943875413954277 -15.053382248745418 -15.177806831042226 -15.307942402348115 -15.419176905858606 -15.539310994286954 -15.657762209929597 -15.783281366865525 -15.891315815475842 -16.022437473895373 -16.14653004907976 -16.254806193591172 -16.36849018286378 -16.47991123439231
51
 -0.9702077952525279 -6.567398777831269 -7.471766980853924 -7.9964856083743525 -8.13725618460624 -8.942556047149715 -9.264583725455587 -9.504602964488246 -9.981891839329275 -10.23109848937674 -10.284617585203058 -10.571609939863455 -10.969360795996396 -11.192251188636412 -11.505283934168409 -11.68618817898661 -11.881932670757429 -12.293842556037154 -12.566391847966482 -12.773394047603745 -12.917786545349827 -13.068072597426623 -13.20723480072375 -13.333173227220119 -13.450208226027994 -13.570843309990371 -13.69992859662736 -13.821316017926193 -13.950873464925978 -14.066249983331065 -14.196348454577576 -14.322433420857081 -14.45322159437405 -14.563771063267229 -14.692004799095507 -14.821010291566536 -14.944184457792632 -15.070852480095024 -15.188780665692606 -15.31145040334451 -15.426263736499136 -15.540862256029381 -15.659871289124391 -15.780525315010655 -15.899581687445929 -16.008073889650046 -16.128814793337032 -16.245649426414765 -16.362883388309502 -16.481473046585958 -16.59129202012208
51
 -0.9702077952525279 -6.438172904803519 -7.469097449549836 -7.942471886151628 -8.119992996233107 -8.784953972406957 -9.213409046309183 -9.332665241483992 -9.74956374513627 -10.078789145881618 -10.242951481759071 -10.555495963512177 -10.924345074517227 -11.105960178628163 -11.396182759196735 -11.503276317477233 -11.77521599889519 -12.142942661335972 -12.45006824715616 -12.639356301722191 -12.783688672396403 -12.92598660899267 -13.059682602100574 -13.183346270596328 -13.328965354625959 -13.458460389574086 -13.580006020997363 -13.697332566316586 -13.841634974571367 -13.94856997818187 -14.069939421150467 -14.198695567172429 -14.328416044449643 -14.446774116753772 -14.5643457087237 -14.686306182377454 -14.80684438749262 -14.919532588561111 -15.04870206048146 -15.16951227973218 -15.287982323959989 -15.390914191967573 -15.51944355965283 -15.64240271454631 -15.767424874875429 -15.88260646415306 -16.002694622819234 -16.11947966869445 -16.238001181167878 -16.35789165511955 -16.474125805054168
51
 -0.9702077952525279 -6.488800748715753 -7.3893507587328555 -8.015137969605128 -8.117634637872083 -8.836990970356108 -9.244066343882972 -9.481892256904176 -9.91147294307402 -10.17889940419917 -10.27757555061278 -10.536946865582427 -10.962466820162817 -11.13728683730169 -11.471229016509875 -11.598699367499368 -11.873050898988684 -12.285487962172787 -12.596702200031917 -12.757255497398967 -12.907582943593154 -13.04472274474604 -13.188962776654003 -13.304308080541887 -13.443880005829845 -13.569709124774707 -13.717128638380649 -13.824737801174663 -13.94463048649687 -14.078912295253138 -14.214692482499617 -14.336453363295245 -14.46225119753444 -14.586845382754653 -14.712121690134316 -14.839428919963693 -14.954022908901495 -15.066183981225587 -15.198812453519082 -15.321478982608529 -15.437980854903758 -15.558186956286585 -15.674516435432805 -15.797710304690572 -15.906331511719172 -16.0268247439519 -16.151528466388964 -16.273946738292743 -16.399081680650962 -16.51449030289796 -16.634175561638095
51
 -0.9702077952525279 -6.459531749506009 -7.374980707394087 -7.912895354119164 -8.09242424704762 -8.795177165817554 -9.175495168577099 -9.406974106195765 -9.913993872868627 -10.171238571357618 -10.281211980676744 -10.51203288524571 -10.914575746894183 -11.13575995094601 -11.43776982666799 -11.556705411109375 -11.819168622160873 -12.250460147976064 -12.562830581626992 -12.72978599096476 -12.866989910939589 -12.999762088260695 -13.1276844080511 -13.258884191386274 -13.391762874319346 -13.511432052267812 -13.646220256554654 -13.77252419523948 -13.904920009595179 -14.028492498938343 -14.158573561523763 -14.28128559407709 -14.406284210071064 -14.531438989822659 -14.646029113463186 -14.7876778430402 -14.926375408573191 -15.048940489617351 -15.186849079702137 -15.302321578080658 -15.41944295123975 -15.545891598622923 -15.66981021036465 -15.792372885133567 -15.901655105813363 -16.017982339266464 -16.141234146250614 -16.260119116775442 -16.38549240477028 -16.508819241449633 -16.623148530020938
51
 -0.9702077952525279 -6.368338201989247 -7.258327524541549 -7.944710672136732 -8.054522043459707 -8.881112495707418 -9.197949437279217 -9.395603919777622 -9.799388362839473 -10.139401866021867 -10.243286144082552 -10.507294612332165 -10.922386504707772 -11.105660278923075 -11.425217370307085 -11.580995997734327 -11.800529251011655 -12.244903501710576 -12.49163243538715 -12.700891588935422 -12.837235846166585 -12.973511481203726 -13.103102199364157 -13.236716022822744 -13.3663877830771 -13.482253651114922 -13.605803070070605 -13.719976177674022 -13.843757526577535 -13.976045215087787 -14.104373199446893 -14.222976092719776 -14.344429465899786 -14.466138643125223 -14.5872462196343 -14.710802457915195 -14.828846323849671 -14.95465379963131 -15.074376592111884 -15.196714183737665 -15.313465968560084 -15.43294277754002 -15.545409572264841 -15.666252636466332 -15.791915087733878 -15.914905622287751 -16.037561058208514 -16.151099622614094 -16.268904238990913 -16.392686611437266 -16.506082442233705
51
 -0.9702077952525279 -6.522372063181317 -7.466769288201843 -8.025551749211594 -8.108810468643837 -8.900328752323494 -9.294848595066291 -9.515331399629172 -9.939772951579394 -10.210052330856689 -10.335931811522936 -10.5934762738258 -11.019021165262316 -11.198329686733453 -11.51926163485981 -11.66430882214127 -11.859308176590313 -12.253675653062103 -12.545344684219549 -12.755736815366928 -12.90307761871478 -13.050437254241459 -13.195628329126116 -13.3074531213886 -13.436381384991408 -13.567282505733747 -13.682901201459295 -13.833119936933794 -13.960855787039275 -14.083305753427862 -14.203736840233445 -14.329947149046209 -14.456006862678906 -14.568288911940662 -14.69177389629323 -14.8134789039019 -14.928254825435417 -15.05545951180249 -15.162832420976141 -15.275511670682455 -15.408359495307355 -15.528577348196539 -15.647123714534311 -15.76746695808228 -15.884132684366502 -16.00636022050574 -16.126075238810696 -16.244296357163027 -16.360900637117737 -16.480724047094135 -16.593918171981052
ADAPTDoubling
10
51
 -0.9702077952525279 -6.060260597849936 -7.117286953230131 -7.580467057519605 -7.95350297711163 -8.279396840198158 -8.531792082904685 -8.759187021146868 -8.947295214493671 -9.222629696622603 -9.253528675254282 -9.428022267962623 -9.684753855786058 -9.887348275219964 -9.999528900517278 -10.095445738320914 -10.322076882832096 -10.485483603620255 -10.625032160845652 -10.722169004579438 -10.891059668784642 -10.973411549183158 -11.138167693796202 -11.322234509541977 -11.53939636153468 -11.695978648383608 -11.802915107808571 -11.96756704570104 -12.115791790878898 -12.26630642076538 -12.47446535493274 -12.588440333223986 -12.733987596443443 -12.858276756317567 -13.001215407932742 -13.129224551142052 -13.274028774439085 -13.420743531943943 -13.531436660358018 -13.749207024223415 -13.855763198370374 -14.014158303570584 -14.168926025869558 -14.305193052705881 -14.416046942545542 -14.564579682625414 -14.688133314905523 -14.8513022047537 -14.96413439093865 -15.090467318135026 -15.229805016078318
51
 -0.9702077952525279 -6.299496877867158 -6.9583725902337195 -7.3581027410461015 -7.943759904050371 -8.303126692982598 -8.636245737104948 -8.680134274018688 -8.939138541917744 -9.074150458418798 -9.284474740451344 -9.527280112740291 -9.59806439680076 -9.857913539745333 -10.047655031457642 -10.175349228380924 -10.379676774965882 -10.512476104115787 -10.645833418255235 -10.777212581908497 -10.94458419910322 -11.02086047936681 -11.188655521038658 -11.302631037567831 -11.436206758095599 -11.52414264063501 -11.711644529401799 -11.853683965163803 -12.031319498463876 -12.242229827527035 -12.327250743039615 -12.526642729088783 -12.584100579240305 -12.722749113234643 -12.876022109063715 -12.942451739472226 -13.190572375560594 -13.292146817457954 -13.469793359950591 -13.464046886839645 -13.557432556176503 -13.827455174234236 -13.976079406496538 -14.056810084056744 -14.279012607380848 -14.352973080082966 -14.572894554673123 -14.72086648085837 -14.84429062450185 -14.855545735207142 -14.985592321423653
51
 -0.9702077952525279 -6.432632249600725 -7.0563566444355095 -7.619500997922385 -7.986236530825129 -8.26629833316181 -8.551899204240447 -8.610209985337573 -8.973161870026786 -9.255181636307155 -9.496342615579126 -9.623397974950041 -9.74772882469073 -9.6922754574848 -10.045986717412479 -10.119736500190724 -10.297053562275636 -10.512843205445847 -10.610379770323014 -10.804240411830987 -10.958386843673502 -11.12646516222887 -11.243320234904683 -11.401956335104325 -11.593988486815672 -11.736243706764762 -11.899677380237359 -12.034389264287759 -12.126008651587885 -12.253583538057324 -12.401162186058288 -12.474906170655402 -12.649780567240898 -12.775737592864918 -12.919660905534917 -13.055493710341635 -13.247411302885661 -13.390613170159035 -13.551906985260404 -13.680088491614638 -13.714080458853596 -13.892193816856025 -14.013204030197254 -14.140745573567033 -14.264004456458467 -14.414297862720423 -14.553876027015866 -14.70586000314375 -14.803405578998671 -14.911479263252795 -15.015675874912633
51
 -0.9702077952525279 -6.489515812242995 -7.222738837784716 -7.69287458393846 -8.086945112640253 -8.325240495264275 -8.589295145832653 -8.914742117636107 -9.068920544472322 -9.321489141986664 -9.497313558204896 -9.410442997911732 -9.678214098703597 -9.995314971707721 -10.159529845582016 -10.292164216304666 -10.468028697619904 -10.601154977272099 -10.692683574894083 -10.949353263429972 -11.007057409481162 -11.155008111875022 -11.251388407728692 -11.435146603804274 -11.625711090400273 -11.774219137263115 -11.855375100560044 -11.955693212392294 -12.212725146513668 -12.381699345863831 -12.406644207579568 -12.463997263965323 -12.49875314526559 -12.68405025751725 -12.766022879656118 -12.821415994338084 -13.10747339577804 -13.200921811138016 -13.259425748445597 -13.382508546394117 -13.417152028501546 -13.666612651005671 -13.749965116736007 -13.892366485431854 -13.981956144053544 -14.030065891904 -14.102833438935352 -14.209993658613215 -14.486812632173537 -14.630556648817826 -14.800610854886529
51
 -0.9702077952525279 -6.374933847834835 -7.011863164051606 -7.374689620736516 -7.795201646212021 -8.069278914415074 -8.423847997109393 -8.649223195393324 -8.866697220429597 -9.06437921898682 -9.234047250649276 -9.34751132770839 -9.50572432856648 -9.634721373475207 -9.785736006729786 -9.911642395184876 -10.07836990406985 -10.244963492873 -10.435628981629192 -10.614982015292417 -10.790072844618777 -10.895076011409863 -11.07175500490889 -11.218442249640377 -11.279521974255008 -11.590828124995912 -11.780752845331838 -11.882773686477568 -12.007512645295268 -12.164388176665012 -12.254919717654888 -12.316538257862831 -12.474204723619556 -12.573762157474981 -12.773163662489468 -12.96109662250785 -13.084116781447811 -13.187231784242453 -13.299121585258435 -13.454835269493818 -13.615806414623373 -13.490205560548446 -13.765949872640553 -14.034831360455806 -14.169875326614337 -14.276186616419434 -14.425609130490958 -14.538690390180687 -14.640133207445052 -14.749489320838446 -14.851436153182432
51
 -0.9702077952525279 -6.494417157886675 -6.999623347490477 -7.617181624039661 -7.971770974559114 -8.198023705867895 -8.447255074347774 -8.691372786427094 -8.920541919622227 -9.102336357282491 -9.302433258890861 -9.391763222458867 -9.562217394274478 -9.84105248935819 -9.983506930373839 -10.033372126868679 -10.250791428149695 -10.465992042452962 -10.651285847845756 -10.753479844081618 -10.88462363871456 -11.07117282346051 -11.182625332570103 -11.326615275510775 -11.456836182787466 -11.558776755165082 -11.696131605571047 -11.823762093623687 -11.99642827089935 -12.071715193389615 -12.220320742260432 -12.353921854581026 -12.455268193731332 -12.591450503317398 -12.69705394045542 -12.758153018450331 -12.977760883456337 -13.140228238097398 -13.340430574747842 -13.480186385430091 -13.581546549691895 -13.686220113573583 -13.682593671567755 -13.801038769393879 -13.97769430145344 -13.994985145059674 -14.199534296875552 -14.392372173879782 -14.594244480938805 -14.781415297948408 -14.93759867672394
51
 -0.9702077952525279 -6.448134706387537 -7.105763140156944 -7.462063163200347 -7.812483877354192 -8.125744514687808 -8.477292507690972 -8.642903308512754 -8.862748454132154 -9.083667948778857 -9.387545256322788 -9.468927515007787 -9.655843585499028 -9.771639796794416 -9.962099503961642 -10.059533489854354 -10.209989233341897 -10.445672134252662 -10.58607610365005 -10.612621121144102 -10.97397276402813 -11.080716388425719 -11.245817150859148 -11.370221321354995 -11.528392917121336 -11.582059194155796 -11.678325337767705 -11.891096355239752 -12.069296627953811 -12.20731492382768 -12.287937227407737 -12.509962939217957 -12.643194366508562 -12.829288561289326 -12.999730057070373 -13.146609004232548 -13.281592063239954 -13.442141961311975 -13.465298097664569 -13.781485845454904 -13.93463420907695 -14.050041214160217 -14.130396390013525 -14.217947414008636 -14.388904387963384 -14.541210992806842 -14.6599733310568 -14.747904229701426 -14.834224595208974 -14.939735398603005 -15.144313016412703
51
 -0.9702077952525279 -6.513136462055716 -7.069931273344186 -7.678731881216176 -7.978262599104678 -8.207426814356172 -8.632509888721312 -8.84333251550455 -8.938749442288177 -9.275359345853154 -9.42071639888938 -9.538720753429661 -9.576736495287157 -9.717743315129743 -9.843241977486514 -9.984550000984353 -10.164463256006933 -10.382112036211344 -10.473117942934847 -10.644017344083943 -10.779547844059726 -10.90059261982553 -11.025932953212896 -11.181557146875697 -11.310932765753245 -11.456110582148533 -11.570405456860634 -11.658592959501537 -11.842883142116031 -11.9744619009195 -12.02798899042109 -12.25520361216724 -12.303138201712287 -12.524074142328965 -12.597968498694806 -12.803294461661913 -12.982737175678093 -13.127481666327201 -13.233126232884139 -13.28025301105966 -13.459629720138759 -13.474945477204392 -13.527615494301592 -13.741852750197895 -13.882323572931508 -13.967682716889643 -14.09923169055468 -14.312481442262047 -14.392289611917883 -14.52212073828411 -14.578714688979339
51
 -0.9702077952525279 -6.411821224434388 -7.163035895446441 -7.560873979736239 -7.92392510474234 -8.215943636002912 -8.485498918351997 -8.728449339424532 -8.900864930735828 -9.141914584260029 -9.329122408285082 -9.481603241122997 -9.608535355854944 -9.752591927398733 -9.94853108943012 -10.073710667521715 -10.21469279653333 -10.325645417885319 -10.584525709219138 -10.739492025182548 -10.804634435181097 -11.07258768224928 -11.2669389188216 -11.303004023461092 -11.516932063104758 -11.6604424711583 -11.860215521809806 -11.902268678496084 -12.071864126274814 -12.264289644700227 -12.43471051800007 -12.553612082735409 -12.721565894923632 -12.853501887360634 -12.885076169813251 -13.104703203464032 -13.199659135687964 -13.490979465804614 -13.61422126597927 -13.723643857663296 -13.900702225290882 -13.986948960865968 -14.140949046213013 -14.279438538418221 -14.428306751137782 -14.571070552717394 -14.684643800056449 -14.856429863335405 -15.003378179547045 -15.135834062624092 -15.26509565831278
51
 -0.9702077952525279 -6.571502428318416 -7.095843059659306 -7.6204681037393245 -7.875779682839539 -8.144598790353912 -8.444046844256842 -8.691955672872515 -8.80863241564946 -9.012815376285602 -9.198581614792817 -9.424666373934071 -9.567714931783513 -9.752914695690329 -9.902195866404558 -10.075195663144559 -10.176958987791274 -10.276692949355061 -10.521519901382266 -10.703429417695569 -10.92848257992104 -11.105835016073097 -11.152414047505333 -11.265373090714526 -11.344502684198954 -11.581649833984464 -11.695435172005983 -11.82841052864522 -11.896745880280545 -12.09697592519224 -12.228935613808178 -12.352248811006486 -12.453479448678571 -12.487661961442477 -12.69266801083456 -12.876690568548325 -12.99351812393396 -13.13917860728478 -13.24622367150066 -13.350374843719628 -13.47226285849376 -13.578779326396862 -13.75500662642162 -13.873423719916653 -14.039511124889643 -14.172657594668738 -14.252459817371097 -14.394977905822817 -14.495151485698477 -14.587280261926805 -14.715454597833443
MainSSVRG
10
51
 -0.9702077952525279 -3.828747530000564 -3.828747530000564 -4.669868244836478 -5.1577464743676416 -5.379192179253347 -5.379192179253347 -5.379192179253347 -5.379192179253347 -5.764573881961786 -6.087521819367357 -6.37278209832187 -6.611760581953892 -6.838099495902805 -7.052758505029043 -7.237723672468769 -7.416953026304118 -7.531602444521256 -7.531602444521256 -7.531602444521256 -7.531602444521256 -7.531602444521256 -7.531602444521256 -7.531602444521256 -7.531602444521256 -7.531602444521256 -7.619367306062118 -7.840738118944644 -8.026684940943941 -8.202827675687946 -8.370630480337367 -8.525328789889642 -8.671986117504616 -8.682318071847583 -8.682318071847583 -8.682318071847583 -8.682318071847583 -8.682318071847583 -8.682318071847583 -8.682318071847583 -8.682318071847583 -8.682318071847583 -8.854390969028518 -9.018573735719977 -9.172620783980973 -9.317349256862496 -9.4521227157778 -9.57987228534842 -9.715932967565244 -9.841803401483398 -9.932395320563424
51
 -0.9702077952525279 -3.9162400112035125 -4.391031640695798 -4.640616874167812 -5.162203769801793 -5.561560653190324 -5.88079777411651 -6.1476140293073565 -6.387494901911877 -6.616143702295675 -6.616143702295675 -6.616143702295675 -6.616143702295675 -6.791889722027466 -7.0488809599056585 -7.274641724291938 -7.477083693285598 -7.665225558665584 -7.828240666395807 -7.980555516634134 -8.098891132275332 -8.111899113877085 -8.111899113877085 -8.111899113877085 -8.111899113877085 -8.111899113877085 -8.111899113877085 -8.111899113877085 -8.111899113877085 -8.111899113877085 -8.282556906093355 -8.45560336504002 -8.619114367371042 -8.770741783484564 -8.917040539813955 -9.051966584801805 -9.17547910792877 -9.2978659984842 -9.365266699982207 -9.365266699982207 -9.365266699982207 -9.365266699982207 -9.365266699982207 -9.365266699982207 -9.365266699982207 -9.365266699982207 -9.365266699982207 -9.428605352072958 -9.558780178945339 -9.675768633657924 -9.783228006301002
51
 -0.9702077952525279 -3.8930692395925597 -4.492959510204694 -4.90606475209989 -5.007541776214131 -4.939346145933187 -4.897917282166369 -4.929863349936896 -5.26444395034701 -5.548897599240828 -5.792684021518368 -5.9943281183099595 -6.161056744700522 -6.316190956635408 -6.456052872842843 -6.483879160965089 -6.483879160965089 -6.483879160965089 -6.5629744410439095 -6.808479013449169 -7.001372261231158 -7.174375528992729 -7.205478172109004 -7.205478172109004 -7.205478172109004 -7.205478172109004 -7.205478172109004 -7.205478172109004 -7.205478172109004 -7.205478172109004 -7.205478172109004 -7.3490842503925515 -7.511964540765605 -7.669899035240419 -7.822896675715086 -7.970638808851644 -8.110616446213317 -8.24778818924012 -8.378371060307632 -8.51130819308583 -8.63744376737982 -8.647599843572028 -8.647599843572028 -8.647599843572028 -8.647599843572028 -8.647599843572028 -8.647599843572028 -8.647599843572028 -8.647599843572028 -8.647599843572028 -8.777109242875559
51
 -0.9702077952525279 -3.41998350818227 -3.793745132094913 -4.739966264684903 -5.265169089497445 -5.622379020267733 -5.634114972700816 -5.634114972700816 -5.634114972700816 -5.839948709528032 -6.174496576861056 -6.4618575531981834 -6.730345637071756 -6.976782462262643 -7.185433171757182 -7.389036389752258 -7.5540910078161865 -7.5540910078161865 -7.5540910078161865 -7.5540910078161865 -7.5540910078161865 -7.5540910078161865 -7.5540910078161865 -7.5540910078161865 -7.5540910078161865 -7.597008091661184 -7.81373925170746 -8.010333501489898 -8.192790112770322 -8.361526551324516 -8.518982356843903 -8.668558965288916 -8.805580339562981 -8.935016345329743 -9.006259819771959 -9.006259819771959 -9.006259819771959 -9.006259819771959 -9.006259819771959 -9.006259819771959 -9.006259819771959 -9.006259819771959 -9.006259819771959 -9.070006905318245 -9.202200195385698 -9.287435142240014 -9.287435142240014 -9.287435142240014 -9.287435142240014 -9.287435142240014 -9.287435142240014
51
 -0.9702077952525279 -3.975546529225579 -4.5054428472854555 -4.663313364743531 -4.880869715423295 -4.798538177103972 -4.62770182807619 -4.534626469557518 -4.343514463829528 -4.035605244858822 -4.065710260628898 -3.968885448692226 -4.0797099005441355 -4.3135843078556215 -4.519575294269461 -4.710126101905122 -4.824225278562158 -4.824225278562158 -4.824225278562158 -4.824225278562158 -5.020756374381696 -5.073722099541756 -5.073722099541756 -5.073722099541756 -5.073722099541756 -5.073722099541756 -5.073722099541756 -5.073722099541756 -5.073722099541756 -5.073722099541756 -5.240313216067014 -5.449895115439045 -5.651033995922937 -5.841576115546588 -6.02815140448118 -6.205182160336107 -6.371279150795425 -6.522168476231637 -6.555544429600002 -6.555544429600002 -6.555544429600002 -6.555544429600002 -6.555544429600002 -6.555544429600002 -6.555544429600002 -6.555544429600002 -6.555544429600002 -6.640175814165499 -6.640175814165499 -6.640175814165499 -6.640175814165499
51
 -0.9702077952525279 -3.9832496163481292 -4.605158080104506 -4.654672923187136 -4.554775717988559 -4.715999205394798 -5.116189193334871 -5.454115704875687 -5.7348465739550525 -5.9473856040277475 -5.9473856040277475 -5.9473856040277475 -5.9473856040277475 -6.111727821938989 -6.333291927482419 -6.537918580746778 -6.583312156237183 -6.583312156237183 -6.583312156237183 -6.583312156237183 -6.583312156237183 -6.583312156237183 -6.583312156237183 -6.583312156237183 -6.583312156237183 -6.7369224060836 -6.9158899873363024 -7.086237418906058 -7.181656435772102 -7.181656435772102 -7.181656435772102 -7.181656435772102 -7.181656435772102 -7.181656435772102 -7.181656435772102 -7.181656435772102 -7.181656435772102 -7.26505307174663 -7.437632385672532 -7.601749766674461 -7.761294401188539 -7.912860588693593 -8.057700402283889 -8.197246800992914 -8.331698745132188 -8.456721298427711 -8.458721394413041 -8.458721394413041 -8.458721394413041 -8.458721394413041 -8.458721394413041
51
 -0.9702077952525279 -4.207722680941471 -4.792551290228735 -4.924993395662414 -4.722672130587647 -4.430460781980942 -4.20058933792035 -4.076533283107602 -3.804199984336628 -3.6063678549471705 -3.4287975718575967 -3.3722715280401863 -3.5120870254925385 -3.7110181783250975 -3.896841145402188 -4.080645151131606 -4.25474987533463 -4.422958886902718 -4.579364050546111 -4.6775239095373955 -4.6775239095373955 -4.6775239095373955 -4.6775239095373955 -4.84330823269114 -5.004927846153261 -5.159665798432084 -5.308981961786574 -5.456675553804574 -5.600534470039396 -5.738865659069573 -5.87538420957624 -6.009363091715744 -6.087430908428336 -6.087430908428336 -6.087430908428336 -6.087430908428336 -6.087430908428336 -6.087430908428336 -6.087430908428336 -6.087430908428336 -6.087430908428336 -6.1606241174763126 -6.31839424894333 -6.40611104227627 -6.40611104227627 -6.40611104227627 -6.40611104227627 -6.40611104227627 -6.40611104227627 -6.40611104227627 -6.40611104227627
51
 -0.9702077952525279 -3.4998976593932802 -3.823160056974454 -4.765185794754404 -5.265817577621616 -5.621062958652579 -5.885882324348129 -5.885882324348129 -5.885882324348129 -5.885882324348129 -6.106766354647002 -6.3887550469794085 -6.63017304333744 -6.832946743510383 -7.017173969261302 -7.199478486883989 -7.358310858864917 -7.496423962609471 -7.50593147578831 -7.50593147578831 -7.50593147578831 -7.50593147578831 -7.50593147578831 -7.50593147578831 -7.50593147578831 -7.50593147578831 -7.50593147578831 -7.696776657686804 -7.88356755772804 -8.059321499836482 -8.219148708270588 -8.378382984906388 -8.518930242434761 -8.65520491778929 -8.78263603328204 -8.820753728320256 -8.820753728320256 -8.820753728320256 -8.820753728320256 -8.820753728320256 -8.820753728320256 -8.820753728320256 -8.820753728320256 -8.820753728320256 -8.82797288686284 -8.82797288686284 -8.82797288686284 -8.82797288686284 -8.82797288686284 -8.82797288686284 -8.82797288686284
51
 -0.9702077952525279 -4.042661053140405 -4.8782057869721855 -4.943663544506398 -4.725512417008436 -4.666931399339995 -4.615245289034313 -4.803172052065767 -5.071616473898792 -5.312530997926881 -5.53522200868597 -5.731869576531732 -5.911450697974904 -6.066644470919554 -6.219699213201007 -6.372966770416073 -6.488176941585354 -6.488176941585354 -6.488176941585354 -6.488176941585354 -6.650527981897626 -6.846238563063206 -7.01995441334774 -7.183482632467475 -7.334235299501349 -7.480071480300165 -7.554227448849054 -7.554227448849054 -7.554227448849054 -7.554227448849054 -7.554227448849054 -7.554227448849054 -7.554227448849054 -7.554227448849054 -7.554227448849054 -7.6358027572830585 -7.786066918691593 -7.930592850591011 -8.070402815946261 -8.205311314674995 -8.335583776545498 -8.45648899626006 -8.563125521741096 -8.563125521741096 -8.563125521741096 -8.563125521741096 -8.563125521741096 -8.563125521741096 -8.563125521741096 -8.563125521741096 -8.563125521741096
51
 -0.9702077952525279 -3.927970079182343 -4.830970527453769 -4.956567584436622 -4.85266524214463 -4.730907145213874 -4.744010585290887 -5.032422724150817 -5.304950579164184 -5.544887658102209 -5.749809365157774 -5.92608423088272 -6.096096008180601 -6.204893868055545 -6.204893868055545 -6.204893868055545 -6.204893868055545 -6.3957892259453315 -6.594556603252195 -6.780337599275538 -6.957817162509004 -7.127694834605012 -7.286746129095211 -7.4324323310420075 -7.434706897026814 -7.434706897026814 -7.434706897026814 -7.434706897026814 -7.434706897026814 -7.434706897026814 -7.434706897026814 -7.434706897026814 -7.440359143241799 -7.625828650396934 -7.804413698540058 -7.9762004511488325 -8.139029528659199 -8.299037948687822 -8.44896090946539 -8.51957107558443 -8.51957107558443 -8.51957107558443 -8.51957107558443 -8.51957107558443 -8.51957107558443 -8.51957107558443 -8.51957107558443 -8.51957107558443 -8.609490727686385 -8.761086196950794 -8.906128414854788
SGD:0.05
10
51
 -0.9702077952525279 -6.3868577862159785 -7.5201914216574695 -7.594201156299642 -8.194428626166388 -8.669256337434785 -8.657694429771732 -8.373905508888592 -9.02397831943135 -9.196282544829694 -9.280938370844805 -8.684839473584997 -8.892535770905988 -8.613162781895966 -9.069786431751275 -8.956818989967095 -9.226211325521183 -8.659674409173656 -8.689039808836972 -8.767756259837277 -9.24436829726798 -9.297052058652053 -9.168788280159731 -9.24133966651619 -9.257977493173277 -9.02370100950045 -8.758066969554081 -9.267159745668708 -8.905320372501093 -8.873804444248758 -8.998014970380101 -9.53696018159987 -8.489311902514483 -9.101347488174584 -8.793671077479404 -9.098953772136799 -8.863867624302594 -7.87975387280849 -8.920112484266767 -9.21393082315572 -8.659352987355152 -8.537816260795939 -7.635954716948318 -8.958103356046559 -8.88911762264525 -8.429619428680287 -7.597854672167751 -8.84900365557329 -9.014230417341077 -8.873524528862678 -8.923438453250078
51
 -0.9702077952525279 -6.349485947593664 -7.161471587578702 -7.880101684605429 -8.347939106131767 -8.567558338210183 -7.797765616607222 -8.835109096118387 -9.145345329923769 -8.032740805239706 -8.1343710897916 -8.242382683531346 -8.571228247495238 -8.7784373261578 -9.085636992186602 -8.944740614042043 -8.638920829704755 -8.974740655388363 -9.237127005979449 -9.127018957185287 -8.76540133052545 -9.189446066028822 -8.843162169179752 -9.129569331067076 -8.6763927939702 -8.910431054605413 -8.972529715345566 -9.280829747797496 -8.750950991495095 -8.900540417565661 -8.837793378532908 -8.609827417563908 -8.911241074554546 -8.248532325234407 -8.794618916331048 -8.423875340258835 -9.223327726166703 -8.980862450060037 -8.997684388523382 -8.650520745986869 -8.316248930787937 -9.001062327149555 -9.022155761571364 -8.73139067450031 -8.918613303175462 -8.892645449814472 -8.769141913135206 -8.450073887771543 -8.445731353032873 -8.640585292252414 -8.314721929762314
51
 -0.9702077952525279 -6.596328877936918 -7.442083620672948 -8.341367693633574 -8.52059204954845 -8.864797379898878 -8.90486335998705 -8.531484438060273 -8.282845464617045 -8.85651001997004 -8.774364685175417 -9.06585055481367 -9.20487826766846 -8.690262239188002 -8.563691394025964 -8.764464550579957 -9.152674526242862 -8.816263459687148 -8.818702447480373 -8.865086436344825 -9.145896378723766 -8.509987517485854 -9.13890939745645 -9.097967280073842 -9.149760012211125 -8.398905014573153 -8.641177944438404 -8.614577936092491 -8.553319673824227 -9.114654277981634 -9.10260206307816 -8.329492369965124 -8.859938856904506 -8.117403969370704 -8.800420971126714 -8.7897387682973 -8.46014431803261 -8.756638350371823 -7.991689718272702 -8.290997339984902 -8.849751764966335 -8.715001801090375 -8.853557130276773 -8.390244769540018 -8.571394842407484 -8.058353174418754 -8.743150321743808 -8.934231987610978 -9.194438048546974 -8.021176109538422 -8.783950349906258
51
 -0.9702077952525279 -6.3820181994606475 -7.303729959761284 -8.344397176250572 -8.495234517155868 -8.207844392105065 -8.824611917788124 -8.852331923136944 -8.481561957795302 -8.709623784772676 -8.818895753048674 -8.801772866469193 -9.258704640886396 -8.965843240800924 -9.038457643514427 -8.704630142251261 -8.689491001067172 -8.639743392572855 -9.028876520446751 -9.280053107617542 -9.226767189658858 -9.263718718179188 -8.702444029088722 -9.219292835967618 -8.185162905770872 -9.002985934553262 -8.889766556781728 -9.17761539128938 -8.598284575646325 -9.071888668336298 -8.97006396635575 -8.583321589182873 -8.924410659720277 -8.998079544336653 -9.299369569146323 -8.780772270329132 -8.839630554780067 -9.030880572696445 -8.598787929252397 -8.627224391785356 -9.555945857098468 -9.246086932617448 -9.230867458813416 -8.287178148084996 -8.620990819502543 -9.11329646316166 -9.056838214399916 -8.66543676856244 -8.547031693058704 -8.730363502578443 -8.978185596033716
51
 -0.9702077952525279 -6.379962463740388 -7.304579661586446 -8.04984998277655 -8.1376987442876 -8.043553866035822 -8.48709168358713 -8.344518980799808 -8.598550664504355 -8.612800345644466 -8.847607505604785 -8.672812097374536 -8.406501726862393 -9.162407257640007 -8.927867130681566 -8.075353645053832 -8.780594204172127 -8.755093703433563 -8.466044192028198 -8.921432905056918 -8.55734734315833 -8.64786906481847 -8.795733029759296 -8.091134516493856 -8.513902750962966 -8.957942251321752 -8.66225212466731 -7.837425039271373 -9.47343768141121 -8.958386833290774 -7.447752967741913 -8.849356265796022 -8.6687281777043 -8.650377556245422 -8.54548710650356 -8.094069591862612 -8.961074332021887 -8.848047640255958 -8.577065145215233 -9.379933553471572 -8.89748645832993 -8.630016145315842 -8.069226553411978 -9.054532449432518 -9.027612510459853 -8.874730884428002 -9.169735535315038 -9.425524117776718 -7.963470701808001 -8.390552079799612 -8.554778210208115
51
 -0.9702077952525279 -6.441449277208088 -7.501913171802697 -7.852433289792333 -8.595496652214063 -8.619649868186878 -8.645904348557549 -8.867484028854108 -6.688960145744571 -8.885445103552895 -8.686557380251685 -8.52360227445876 -8.527661976642094 -8.865159093355608 -9.187571344441912 -8.762359807568101 -8.736866676946928 -8.56475442394733 -8.943459691740719 -8.634969098194162 -9.272182717539447 -8.353561143828554 -8.783038845587196 -8.849939265443625 -8.825941289989283 -9.255393671719872 -8.724151632036085 -9.115794036497533 -9.033230363818967 -9.147161667789868 -8.539817065537106 -9.266904959760954 -8.939045814922473 -8.651252444611927 -8.530159583379206 -9.046806151410108 -9.389496127221124 -8.739167114545713 -8.667690176958802 -8.850841391206732 -8.73532133024542 -8.759309896893612 -8.840870279034602 -8.721703610600109 -8.996070659199088 -8.298655353340473 -8.843667364350376 -8.723828514885215 -9.122748402034924 -8.848117618283373 -8.920121942836353
51
 -0.9702077952525279 -6.297075062358781 -7.329465301008174 -7.788150216648559 -8.46438616328091 -8.486733707118349 -8.804728594535169 -8.646148980017744 -8.574422168336147 -8.216961488188593 -8.570373567081177 -8.598334242334154 -9.01132547203248 -9.176279506836822 -9.210289379208852 -9.062385511498897 -9.299015786242007 -9.248747447989599 -8.720905541197663 -8.985721203034126 -8.539650410215348 -8.815361260244925 -9.115574796843362 -8.63078881042225 -8.884131372013412 -8.635833748116038 -9.208735391425394 -9.555323189335747 -8.019061289663997 -8.67128042522591 -8.799548533452175 -8.829845348533542 -8.909436474901545 -9.148538150692517 -8.787904044303204 -8.962089536789787 -9.251945326220254 -7.527408101360575 -8.589172480815932 -8.817207159282976 -8.789306080379479 -8.425188660879392 -8.79790471476551 -9.086558912088057 -9.193328023082636 -8.892872476859017 -8.408282856085785 -7.44098221558016 -8.353465529092174 -9.09583695511942 -8.651223879785864
51
 -0.9702077952525279 -6.283683255631711 -7.431772638144285 -7.8464269913425 -8.189597001451396 -7.5555424135297145 -8.483950656250922 -8.667979994775383 -8.558231668197692 -8.911465612617398 -9.042003733575134 -8.521645461801702 -8.541444478135585 -8.139603041332121 -8.919689935755825 -9.132995915852979 -8.723458252931286 -8.584977267829423 -8.601348178051163 -9.284423798808264 -8.130307513194818 -8.855892939617608 -8.31350049687496 -8.972573709960985 -8.829006896028812 -9.131970279717091 -8.645005250941413 -8.620293320755012 -8.931491186330387 -9.132709135665348 -7.677002608414173 -8.378288226256188 -9.293306234836708 -9.282995232040493 -9.309792677641925 -8.726913544041544 -9.144802407450122 -7.898863071216884 -9.638354640207423 -8.841049274058165 -8.345438046814978 -8.951017788271335 -8.590416941708591 -8.949617759355862 -8.922446079767004 -8.267663465126585 -9.094191534274128 -8.872622486137276 -8.366558199187576 -8.922037611294458 -9.177237580198284
51
 -0.9702077952525279 -6.510205193255767 -7.368983329988997 -8.058226917188883 -7.116729501277149 -9.055542176312413 -8.925759873097066 -8.171140081479765 -8.649089789629361 -8.266006037089578 -8.786438787013589 -8.887011651505246 -8.189752525588256 -8.476024433904428 -8.340495688415755 -9.043358577598006 -8.268055648417617 -8.352240992690657 -8.945194332903553 -9.195454224637649 -8.792899350363495 -8.549513766822459 -9.155894327284942 -8.74933792676215 -8.94467981399071 -8.188447764576193 -8.72665119953426 -8.640171858740914 -8.570509448987902 -8.91198654098071 -9.10911118915479 -8.791965716255342 -9.11655576650544 -9.208210759107189 -8.799195671650518 -8.63855428453436 -8.64119821196601 -8.119488646974386 -8.745428564741266 -8.523519303461047 -8.58810393907847 -8.803459947001885 -9.040812212047967 -8.50443414890321 -9.282207608648614 -8.812176345848963 -9.137004936639821 -9.411309486402113 -8.94262847360707 -8.926519946346309 -8.378620722019729
51
 -0.9702077952525279 -6.546503705643869 -7.576237627322589 -8.078417089498517 -8.238222139351832 -8.946582577293894 -9.069655953292726 -8.790941889662722 -8.325849408237547 -9.168825555162973 -8.831575644961601 -8.28675780982095 -8.451868335152744 -8.96454017387256 -9.136832650723356 -8.817093593522761 -7.268536615356278 -9.111889773494465 -8.879556818049753 -8.515781075345279 -8.97730789526591 -8.59908762524311 -8.603790435482223 -8.468672566800333 -8.964410481168596 -8.89125784110141 -8.964577538599531 -9.075793808998252 -8.773631898185839 -9.213378136808796 -9.180363005157371 -9.336229492224438 -8.476737668257348 -8.780732828136967 -8.706633941996268 -8.8831582716068 -8.550748259341269 -8.94591922268421 -8.406678943579253 -8.787894113506292 -8.809822025969156 -8.296481738789275 -8.89380196261446 -8.464733172300875 -8.696997913489687 -7.935428306246489 -9.271508056161416 -8.810835218008346 -8.337740383017676 -8.693800087558246 -8.29366381972077
SGD:0.005
10
51
 -0.9702077952525279 -3.96138585231955 -4.633733063718509 -5.005663327930964 -5.33661939600982 -5.601620459838608 -5.840722162544694 -6.067888406537538 -6.288845229812241 -6.465503270919526 -6.649948954961993 -6.829996664919912 -6.961944474175728 -7.136384511578042 -7.300673379417046 -7.442972719023481 -7.542250676194457 -7.661736614518005 -7.800097157472387 -7.9190027320451835 -8.033739364891408 -8.11768772346522 -8.255790420718272 -8.350560253726327 -8.462774691937835 -8.578754987897044 -8.655086093596053 -8.706047193936158 -8.743476457480076 -8.917007200517274 -8.969662732678785 -8.98541820810137 -9.037248160945213 -9.16304323024772 -9.262738977645759 -9.383895674900161 -9.49746978864732 -9.56716716147603 -9.669979464968181 -9.655437049209917 -9.885852438532686 -9.907738828100577 -10.004282535927691 -10.102591398104835 -10.177135561925617 -10.243375281289081 -10.333338078573341 -10.278622539443138 -10.366516220003353 -10.505565117337582 -10.43160424694165
51
 -0.9702077952525279 -3.96959536812652 -4.618007576583951 -5.024999564885081 -5.357212091122951 -5.6486806782672145 -5.8889040390439495 -6.100761560465714 -6.303313888458577 -6.4601022997995585 -6.597114257182484 -6.768791979745059 -6.960193621461296 -7.099084034715375 -7.239447142051679 -7.364555370271638 -7.5063548023880555 -7.605025369982676 -7.7187667812684735 -7.86372276294406 -7.969878081036316 -8.066524220553454 -8.18906190884103 -8.29255984978816 -8.397012122865917 -8.541673272788298 -8.677890518462457 -8.743163261895731 -8.88687433804501 -8.949469657850033 -9.124686150199889 -9.198271130310395 -9.313691672503703 -9.384717849041515 -9.475839301849934 -9.443196604133497 -9.554512910204991 -9.629221376534762 -9.773013797710032 -9.713685315770022 -9.82810748459451 -9.965291229051713 -10.014720478995518 -10.074300807990037 -10.185733112854189 -10.105971884596043 -10.231903345956637 -10.162598766772005 -10.218291987711904 -10.514724937507394 -10.520149147638449
51
 -0.9702077952525279 -4.016682568144361 -4.640268554600156 -5.054804153768414 -5.339202323090332 -5.57782072980827 -5.811409541810887 -6.022835887047824 -6.220897212285948 -6.404554895280724 -6.559702996729633 -6.757041451537601 -6.928067732707106 -7.067529884239256 -7.232702992324913 -7.377193012340186 -7.5015805694801765 -7.643194148496062 -7.738250367033086 -7.81920902450514 -7.915063101987617 -8.017603830597496 -8.129485590537454 -8.16304163499114 -8.333771649045802 -8.414125203273889 -8.542469437793736 -8.697487228018392 -8.83895135326078 -8.885522958327888 -8.968239482292287 -9.05273612078553 -9.20279349699937 -9.352901689729347 -9.454928672313374 -9.530685079521328 -9.562189980233901 -9.623355591384462 -9.76940887834562 -9.858492778852481 -9.969271701311056 -10.08892751451144 -10.02358719271648 -10.072679955696946 -10.099813167718382 -10.178590351611437 -10.303076778251745 -10.267634861196074 -10.329482621571119 -10.433462346953378 -10.581422753896621
51
 -0.9702077952525279 -4.014047613077001 -4.6510395748044315 -5.041568555427578 -5.360686732712703 -5.633102045819877 -5.893563720865003 -6.11586771332448 -6.316831013341321 -6.470911441304906 -6.695404803122421 -6.872497730244242 -7.018595313076167 -7.132595512346741 -7.265499527713754 -7.394146649810058 -7.535110405871299 -7.6501006707644015 -7.780261352698252 -7.934112183188656 -8.052990136445695 -8.162065493787491 -8.29668784363992 -8.388685513833732 -8.520505668813446 -8.62822386746263 -8.71367104691499 -8.80642101657241 -8.914366144897585 -8.948927282747901 -9.012242608400188 -9.092096086289539 -9.166776306792025 -9.180770507007292 -9.315602782860216 -9.299000277605924 -9.385525954195874 -9.53263463577642 -9.473650925544161 -9.499037469994473 -9.635316752987723 -9.793824665319757 -9.90330344151235 -10.027713016891106 -10.183650792320261 -10.19816671908817 -10.263880119418985 -10.344929920510644 -10.35423559750782 -10.394163517719191 -10.558905134985178
51
 -0.9702077952525279 -4.034345532977248 -4.6285572255451415 -5.012746310211546 -5.302735849475861 -5.546331782478233 -5.800615114689703 -6.01112433371212 -6.214181802555108 -6.404961174759691 -6.582046262375267 -6.757444809114429 -6.920771090987865 -7.0491139539690195 -7.247552180021078 -7.376366938030701 -7.527968743320714 -7.624439561640667 -7.776934671910895 -7.891876851249517 -8.02494651307862 -8.10945653712868 -8.26569652600096 -8.340261976873647 -8.405896498855999 -8.500009480308982 -8.600590333663757 -8.750801008658609 -8.84278116455024 -8.93711937246837 -8.986434009585755 -9.072616010458665 -9.161861157730442 -9.327319418930687 -9.46426517295671 -9.475378088013057 -9.653075382663129 -9.702051571453673 -9.798720910330989 -9.849187985208683 -9.894243859664982 -10.023902278899936 -10.119922363891918 -10.051019342059911 -10.115316279628994 -10.15646469522457 -10.23576892875709 -10.326157264098363 -10.442694916534903 -10.52255226245175 -10.49824653436484
51
 -0.9702077952525279 -4.012734435904579 -4.630741026634641 -5.01404480173037 -5.318283056944364 -5.559813463838501 -5.8062995870853475 -6.016947690539666 -6.223622995380184 -6.441625929176989 -6.610889506087407 -6.754365710648464 -6.931948369375249 -7.10184760611677 -7.222611763321374 -7.420528288201207 -7.5258037296356886 -7.671310428642961 -7.815428140491277 -7.926271505650622 -8.065712220651688 -8.173591918046537 -8.302849826275127 -8.41144389946466 -8.491678162343716 -8.620868225598443 -8.699268146262302 -8.844358055788138 -8.950972412202775 -9.033481481892219 -9.150336429009961 -9.228917804234502 -9.329601567135418 -9.395198179726954 -9.431824896015582 -9.537619462306528 -9.418722233846387 -9.411366351736698 -9.766151882730464 -9.789335319839159 -9.942743643565437 -9.853640857017986 -10.091224207531479 -10.2535439819336 -10.275056501675754 -10.396959707818313 -10.057039430455845 -10.380808717822537 -10.525566380928534 -10.45057885300973 -10.60266850980748
51
 -0.9702077952525279 -4.012094629820357 -4.627671348267481 -5.029947528135981 -5.352885262466851 -5.600201195594238 -5.843644897424199 -6.073435111404456 -6.277788380291961 -6.4656517929340405 -6.64668779682257 -6.823870566041809 -6.975795762294219 -7.104436182847022 -7.264876473031763 -7.426593379750959 -7.5278445596926575 -7.701999158444296 -7.799894192627671 -7.9450950892928685 -8.054127877044596 -8.135758625633652 -8.239155010812548 -8.332001989897769 -8.447378432066605 -8.559907937142635 -8.643548406878448 -8.745762811544973 -8.853883330559178 -8.994392084335466 -9.10289288656007 -9.141698833733813 -9.186495653043075 -9.273753211402216 -9.460594882973203 -9.588280539196635 -9.631182902453784 -9.731819528480088 -9.826533074889841 -9.898629551120809 -9.861112308461946 -10.056808199551801 -10.014636428564053 -10.230169639261746 -10.318600108903375 -10.140627963421885 -10.193635407792037 -10.192254635152217 -10.049799230224524 -10.089982547824713 -10.398838766310673
51
 -0.9702077952525279 -4.017288453457591 -4.65309541417227 -5.036467058266563 -5.34638768286266 -5.615936702325075 -5.819666264168466 -6.047396853667024 -6.225715684638522 -6.453721572804871 -6.631849304212736 -6.782025950753719 -6.931762021259411 -7.141008271922631 -7.278332959976193 -7.401666257427343 -7.561888456880933 -7.676941240312784 -7.776626874244118 -7.904857612882513 -8.04622129809563 -8.133231269370194 -8.237926403355784 -8.351790099930454 -8.36965743618 -8.503303514921702 -8.593805124775576 -8.729701766140609 -8.82224241092173 -8.95040499036404 -9.01870797363814 -9.0850980332383 -9.15782264008928 -9.242748320887447 -9.313169613606851 -9.433871492657904 -9.552159760406129 -9.595099730130938 -9.731970448628955 -9.881670829201086 -9.91694845553166 -10.022664651014667 -10.220309774562223 -10.21710080799845 -10.292523148832725 -10.335439894591422 -10.327798728045803 -10.389097977616078 -10.489698475859331 -10.470838811715861 -10.522519666594873
51
 -0.9702077952525279 -3.9390433942832153 -4.62726146395464 -5.076625998271206 -5.410670159337738 -5.6819897464207 -5.908604508583884 -6.137633078320915 -6.343853039357 -6.527414454561325 -6.692407290881778 -6.842154086888023 -6.976723655383112 -7.14588057464784 -7.2702424514834485 -7.427444485675614 -7.580760667369309 -7.6642402832320755 -7.77811775850022 -7.910593471155936 -8.035944003516498 -8.128190595431567 -8.200798493584472 -8.297582024285651 -8.402353531728737 -8.501296609471403 -8.593641615135505 -8.740776851019177 -8.81218615185062 -8.874340511117362 -8.94160154835594 -8.945513765032803 -9.080432963573399 -9.31289724199333 -9.425496581280294 -9.476370366913969 -9.558830436824898 -9.63429913311858 -9.795337923885246 -9.791705612586806 -9.86749049158701 -9.977976242263253 -10.085064575232014 -10.167476433084753 -10.135265212726168 -9.940531574624895 -10.095012265392723 -10.13549828696821 -10.377133106501896 -10.386996518061254 -10.408053791669463
51
 -0.9702077952525279 -4.00557072401898 -4.610320973475212 -5.019926659743278 -5.325410666632473 -5.595269614480955 -5.817805548377346 -6.027275992567934 -6.220342246989008 -6.442026897027749 -6.6309830824495615 -6.813308650467639 -6.964212628795679 -7.125444180256383 -7.277468409963626 -7.411900584851759 -7.545405066019762 -7.660773631848609 -7.768716191210744 -7.895964246097929 -8.054371740233266 -8.176585924789777 -8.308139466784155 -8.429457608700323 -8.523864051389381 -8.665268007873937 -8.762347384562231 -8.837924098045708 -8.941846633743662 -8.961609227976252 -9.13645625454668 -9.243744168083186 -9.326231071304843 -9.355216272993722 -9.404072236895544 -9.50901482083836 -9.540524575341971 -9.769053945323082 -9.815457396797317 -9.89047563468676 -9.975866601474337 -10.021371808829526 -9.980410414681517 -9.941500004855085 -9.830828176466264 -10.041635019441534 -10.089579473666213 -10.31148507654199 -10.342531718527214 -10.417631336457442 -10.507546284147397
StreamingSVRG
10
51
 -0.9702077952525279 -3.8910463546531164 -4.808732142404353 -5.296030061627358 -5.65267513901062 -5.970544953602686 -6.217859106949729 -6.489678437749531 -6.787947489743749 -6.9654678425164835 -7.256489351816426 -7.457501043960334 -7.574241497337707 -7.846559368502568 -8.066921168750122 -8.168741125236977 -8.316294375354568 -8.483730935011998 -8.57045640501628 -8.70563482234957 -8.805585458163808 -9.02424184743208 -9.140471521242823 -9.20333025982752 -9.269996900101987 -9.426234326609668 -9.499711459819146 -9.507849542362676 -9.686816817576613 -9.5915620213565 -9.74921383599318 -9.803598384389202 -9.570637020460687 -9.984974398418954 -10.091969470364413 -10.145903162092925 -10.061642184060299 -10.115189727736515 -10.134147129527959 -10.360999304579883 -10.501008037772415 -10.410416765705651 -10.11254772349696 -10.142206199243036 -10.434908984604972 -10.672198892564186 -10.683629070467786 -10.714320707691268 -10.890689675502989 -10.826627966196543 -10.806061186146708
51
 -0.9702077952525279 -3.920534824415389 -4.781306879004193 -5.2890966222649975 -5.691834108475674 -6.013399190559252 -6.312663189465306 -6.585628850444827 -6.815552356779892 -7.054936326513618 -7.264587212692902 -7.346440266793478 -7.509229952325552 -7.738890515264685 -7.936791578227821 -8.199649559715068 -8.312090850115892 -8.493825533010774 -8.556419016350372 -8.591005254488238 -8.736001397141468 -8.727139837312356 -8.94102490554834 -9.161947829276075 -9.269726665496067 -9.30149265031652 -9.434211493104643 -9.657138252601492 -9.757043240867976 -9.883285239431068 -9.977237499323381 -10.154230995307799 -10.207609355435077 -10.207609355435077 -10.207609355435077 -10.207609355435077 -10.318916925570283 -10.411096860818425 -10.416605030512304 -10.519509772134818 -10.53973602398306 -10.662687520933178 -10.776661729889096 -10.920656864389361 -11.035186826065868 -11.019710472270068 -11.161129263030098 -11.226760299107122 -11.353704471093716 -11.28969614516586 -11.446631833349375
51
 -0.9702077952525279 -3.928232412983139 -4.797580926553559 -5.256165898649409 -5.674065300973452 -5.9870786812276755 -6.286839420303655 -6.566944857164043 -6.762855704695571 -6.997264875837685 -7.209524075992095 -7.395898843442428 -7.543344656424279 -7.744524171455618 -7.938400524713547 -8.138412524588544 -8.253589518498204 -8.473577220842813 -8.52838158606076 -8.637359330834762 -8.896053286577292 -9.01670629247338 -9.111289705635354 -9.227266454519519 -9.125759589964694 -9.242443036873393 -9.453735358965448 -9.594501662890808 -9.568195646717514 -9.710796003381981 -9.824953624916624 -9.677183254978162 -9.957114738964744 -10.013070912125556 -10.080082044395686 -10.080082044395686 -10.082825939549346 -10.23355892040988 -10.348337435875528 -10.227775429783994 -10.672298967038815 -10.58209605318113 -10.704361043808342 -10.846232403391808 -10.901551966450128 -11.015822151886775 -11.13411471604069 -11.151070173485573 -11.272071272239552 -11.253299343656451 -11.198414866009356
51
 -0.9702077952525279 -3.941057567424995 -4.798981874762607 -5.256670603281023 -5.657127796916246 -5.981686922840711 -6.271426611447378 -6.537507365578261 -6.76120334504278 -7.018187255659867 -7.232886619413014 -7.403220921070864 -7.644654521176722 -7.805193145870278 -7.9630896787758445 -8.046119522992749 -8.208716335319842 -8.433070295570438 -8.445259681160517 -8.582966163952245 -8.776035408356465 -8.85749678597646 -8.821023152952668 -9.014336474132348 -9.008173375469088 -9.330300582778166 -9.351907375368226 -9.376541861481165 -9.54405055054808 -9.713363083594976 -9.839769594346745 -9.959700374829943 -10.046933068638891 -10.195256313895856 -10.260367571405205 -10.38628327338867 -10.622787772971305 -10.354167353323595 -10.563545938344058 -10.491474696654707 -10.860663970899953 -10.7134621972831 -10.884454917367245 -11.009295460202585 -10.981613334782525 -11.215678837739254 -10.982216175185528 -11.370248236783437 -11.45370136900319 -11.431820012944563 -11.212650555799577
51
 -0.9702077952525279 -3.950691048129287 -4.765582836845833 -5.263445786163804 -5.630939147144432 -6.026768369551039 -6.403091493711311 -6.586040212410357 -6.736494047804067 -7.041413099950259 -7.256807774609958 -7.487837567949642 -7.6533461450760765 -7.843865992814478 -8.045215666939793 -8.240090983890566 -8.358504759204886 -8.305983399221288 -8.585966678260482 -8.851760724921094 -8.8926102179673 -8.928515662664406 -9.004958693728417 -9.10864800030151 -9.25364080693369 -9.39860692895916 -9.498113336697267 -9.556283128788914 -9.650576179053319 -9.487686293490007 -9.669239234829936 -9.87443838366366 -9.92656792943061 -10.023352354485304 -10.028290188982876 -10.173489091026942 -10.258987818783375 -10.246695172379102 -10.4174436796224 -10.525105870375945 -10.657220857222786 -10.701975590420485 -10.72225569307573 -10.632124985311938 -10.783062462724573 -10.86888377730296 -10.97994158440679 -11.076520134438677 -11.13286712505496 -10.972828836143387 -10.972044259436245
51
 -0.9702077952525279 -3.8936167236742043 -4.829428924961517 -5.338826828660271 -5.6687176809114215 -5.967539849941133 -6.262727596737734 -6.558685230380055 -6.758077188386167 -6.970238349597591 -7.127116592125315 -7.333723289037354 -7.588463098019036 -7.735205914488801 -7.9117602671827125 -8.056087157456014 -8.341647379969935 -8.412329833372901 -8.622640653939968 -8.679766224578929 -8.848716887816021 -9.026892265309517 -9.188204287160486 -9.299506881706863 -9.34176188617179 -9.411634476235093 -9.440639690769732 -9.551237698573024 -9.693495853734655 -9.820305515047318 -9.857005805911538 -10.015275716754829 -10.169262544889877 -9.762900180594782 -10.019506768799653 -10.149832300695987 -10.173048071023352 -10.17630971264778 -10.292195231407819 -10.299781735756742 -10.507150858564527 -10.448387067877748 -10.576009924952237 -10.695940699962918 -10.634257645737287 -10.66674765056546 -10.47181115321709 -10.6895523714742 -10.817399854820996 -10.943826376006804 -11.040610572857124
51
 -0.9702077952525279 -3.936849738392386 -4.783415688677621 -5.308983751034744 -5.6624479277331385 -6.022781819704125 -6.336378655706971 -6.59463745977445 -6.8261389245338 -7.117400974629339 -7.227295269511967 -7.432785930939183 -7.659635898355886 -7.827636050925523 -7.964789914229276 -8.280022713600344 -8.459550962015191 -8.58296123806118 -8.383495675785527 -8.688730393619576 -8.84509358809106 -8.92797529925487 -9.010129875303397 -9.149076624536901 -9.164801011588704 -9.327232058017653 -9.415200318723857 -9.612609790917569 -9.707225560637037 -9.465781538752383 -9.794019564278623 -9.850159194025283 -9.757302914422354 -9.94843995441929 -10.143770792207672 -10.173337517287083 -10.172700330881465 -10.104944869005713 -10.146792539660186 -10.276231355578565 -10.301519164587033 -10.397179748829803 -10.533486485763971 -10.474294332797614 -10.740791312440827 -10.407968954692157 -10.800663713096279 -10.815173658354576 -10.815173658354576 -10.815173658354576 -10.77267674482276
51
 -0.9702077952525279 -3.9298663041924002 -4.767617526305396 -5.270015458833796 -5.633684494222929 -5.933664460379103 -6.196779565531207 -6.48325700990315 -6.677201001083646 -6.901033924381047 -7.059635367596189 -7.252631792169743 -7.50550494260397 -7.6752414237315065 -7.871632869832091 -7.9838076082327225 -8.176516067884087 -8.25677725769703 -8.311374977397865 -8.493565841982925 -8.684868781888076 -8.837752363815408 -8.870346197308214 -9.09647234472917 -8.957886155146749 -9.124461494285805 -9.241306164366254 -9.310573010537686 -9.351166294477128 -9.498895579174864 -9.494021722518735 -9.682164200122248 -9.714329326415362 -9.739838509285319 -9.872232493459949 -9.98142893791324 -10.040571336852807 -10.34422957911205 -10.502921616037828 -10.459287317790773 -10.714247733659697 -10.776897620990438 -10.541042799176081 -10.391935012542962 -10.658948130287255 -10.809586741496974 -10.6727459039311 -10.706877090595697 -10.622522653827586 -10.650478047126226 -10.64401457986196
51
 -0.9702077952525279 -3.905951681287973 -4.863031445539445 -5.372554357195382 -5.763061472815492 -6.11950566230852 -6.380093906819189 -6.6624535901608954 -6.852724123957945 -7.076080381381981 -7.284683330385098 -7.532138871489149 -7.646800368135583 -7.854058234315114 -8.024998995945042 -8.193657161387872 -8.331092097380017 -8.495419761464746 -8.630649622007157 -8.758837792185192 -8.87486046165103 -9.019628656477343 -9.164372584433806 -9.17633748648601 -8.969150639227843 -9.245173647410091 -9.489553904334777 -9.54059057877821 -9.628163589624055 -9.770308548794379 -9.838544453392435 -9.935825097424313 -10.10695278917989 -10.055393048350075 -10.203004522716645 -10.303736388272602 -10.39436927457401 -10.254973077791144 -10.48784106939388 -10.508218960815368 -10.224274853177926 -10.65275544483976 -10.60074191364175 -10.49619703020477 -10.516749625129695 -10.493004447845957 -10.578974699666052 -10.879601506781862 -10.653737328384258 -11.011976450049303 -11.005720693520546
51
 -0.9702077952525279 -3.8951311641317656 -4.742536316599545 -5.327922308005098 -5.676709336745014 -6.034931177472041 -6.348557896526829 -6.619551247167206 -6.8721033488722005 -7.104416868212904 -7.291051378034399 -7.3174071221245285 -7.568038642707601 -7.799871226222381 -8.008410655251572 -8.146393173224988 -8.28381531145166 -8.406630845426132 -8.571230215214657 -8.762252470395543 -8.81320806631911 -8.917905821309754 -9.074512277882285 -9.1587552909332 -9.180165220513468 -9.284549798392868 -9.351794800536014 -9.576901391379216 -9.589628502480217 -9.632097043534145 -9.790655347471148 -9.852628501422855 -9.939553672399335 -10.029103885725561 -9.9954661405093 -10.111660944617364 -10.337541430809864 -10.288543701366777 -10.54516436378118 -10.548947490114822 -10.38756835639395 -10.538553271657777 -10.647230714487538 -10.369322312124522 -9.988366357821194 -9.99704980015273 -9.917327525928268 -10.005559874029323 -10.49712356110347 -10.675886438096148 -10.479983743117359
ADAPTIID
10
51
 -0.9702077952525279 -6.2699377785069395 -6.878979535578198 -7.398545299062358 -7.640090248865088 -7.883880776641116 -8.116522812165933 -8.308892489591143 -8.616073070282946 -8.77035020610697 -9.018694133711355 -9.119698638254501 -9.228052715365337 -9.360135243633547 -9.54709238361316 -9.613480346735189 -9.871952424007603 -9.994766278941642 -10.186809477532993 -10.269059278125148 -10.51196325346424 -10.716705240905688 -10.903769880689552 -11.042549483787257 -11.159766811788154 -11.32421494505637 -11.429191105872095 -11.553993632399958 -11.70428879391491 -11.828861782966428 -11.899741361971484 -12.07699148551267 -12.130971527061599 -12.433751973870086 -12.561934448511392 -12.712649352758962 -12.818325254173617 -12.984631163730318 -13.057092473127973 -13.14644833491246 -13.376586800728033 -13.555474435876064 -13.69525224374725 -13.809448445559473 -13.95100222906267 -14.061389862355805 -14.196531997480305 -14.302004841558809 -14.417220185348956 -14.55482563397153 -14.675775219549548
51
 -0.9702077952525279 -6.4271112120367455 -6.868038573150903 -7.39702569632459 -7.536378991635498 -7.783068921693939 -8.182795323705143 -8.290107582300212 -8.566917670351552 -8.780989303630419 -8.95924596318566 -9.134678400292056 -9.26214595640749 -9.400527063380958 -9.467072447936902 -9.48396338804123 -9.609686170618083 -9.817224219636403 -10.070563341261758 -10.211880570654783 -10.359696455101123 -10.332301490848867 -10.671120214453156 -10.603340556247952 -10.85587084481178 -11.092149639976608 -11.13259532259053 -11.287675003687534 -11.501738541303537 -11.68549878782701 -11.782542318857207 -11.705805198050857 -11.914456098818198 -11.985720304748217 -12.156987439485391 -12.273131247204612 -12.439828831032072 -12.688534351604817 -12.590376350661309 -12.877203763834759 -13.019845046861212 -13.183626432013527 -13.375967921190234 -13.49100911234276 -13.618444742759465 -13.807898992031285 -13.925772715131583 -14.021863540564343 -14.209638559309855 -14.365565021227685 -14.480710801105362
51
 -0.9702077952525279 -6.416974403724839 -6.903315916046268 -7.427234894343467 -7.560943696797536 -7.788355816413426 -8.074583101533133 -8.205379946844321 -8.414455768595476 -8.68298788349808 -8.929019847598562 -9.043675324935757 -9.226451079804603 -9.392648456330924 -9.44322411776957 -9.739454184853628 -9.909279486914334 -10.077928528094914 -10.227213669484478 -10.360671302623123 -10.55728058980593 -10.682231645861847 -10.837156393165975 -11.004283853394265 -11.164855943555054 -11.322024301134434 -11.462025338183317 -11.619166124595333 -11.78167226372127 -11.91174832709358 -12.033630420660558 -12.084112617162083 -12.262823265349313 -12.365580898615592 -12.550878526151482 -12.710592613907714 -12.807096203208149 -12.956068399265451 -13.182105373936173 -13.322164094570317 -13.407682005524567 -13.535796059148979 -13.67569431257511 -13.773898220485734 -13.930734085317244 -14.02262747005926 -14.097933847355025 -14.240296218745236 -14.370965059901883 -14.48219639761001 -14.629297520066663
51
 -0.9702077952525279 -6.465755672286238 -6.999396117699396 -7.485117151861461 -7.691641351625909 -7.927583654772559 -8.16420211863853 -8.430948654687702 -8.724670741450318 -8.992499184159756 -9.0548721868958 -9.33740338853831 -9.465472469655644 -9.545621213269031 -9.670131140675583 -9.967175171940948 -10.08704753877317 -10.26667677276503 -10.414011765280344 -10.592650079655387 -10.70255760578966 -10.648244989069106 -10.899116842925949 -11.175216307816912 -11.299815253958588 -11.435502093448083 -11.581862728619612 -11.687547239896269 -11.852708166075523 -11.973036641822556 -12.099939225686489 -12.19914568099882 -12.382992055626564 -12.456505065368807 -12.70154202624335 -12.835303089891385 -12.904185376561166 -13.13168968661554 -13.28437302316512 -13.424566169168722 -13.515147583663406 -13.69838180999806 -13.884679615109881 -14.048058741051529 -14.159551680454383 -14.296070041198732 -14.44517535636664 -14.540096956201179 -14.707591424477863 -14.728342793609567 -14.896828527737535
51
 -0.9702077952525279 -6.177790207256335 -6.817446532938222 -7.117371283797338 -7.572579416700739 -7.967746680468576 -8.131376043279996 -8.340271838444659 -8.626867304900616 -8.770014487570489 -9.147086255066698 -9.107041186459739 -9.206086459411098 -9.422025988894589 -9.614439984462152 -9.713573798301187 -9.936103993107396 -10.172804943602793 -10.2232908349608 -10.371085420079885 -10.474561052226823 -10.559607925387331 -10.556758419553907 -10.86039258844241 -10.977515109734924 -11.002429014496599 -11.158710690790226 -11.27266670079351 -11.377273861708334 -11.447941226405543 -11.717842955757098 -11.826269623958446 -11.937077449871763 -12.063575092605191 -12.19619646297932 -12.306010075327201 -12.3326372088811 -12.568354652751161 -12.744964268625122 -12.848832813208833 -13.020679720704347 -13.185043664390612 -13.368052004877223 -13.509092569906302 -13.682903448390988 -13.785772749153223 -13.933635742629571 -14.01460831273541 -14.167507850231084 -14.310693568270784 -14.438430176215435
51
 -0.9702077952525279 -6.3599896530039866 -6.769869502170836 -7.357357775911386 -7.487822127739879 -7.884763024509828 -8.092269934428922 -8.252415075862338 -8.57294151527208 -8.728524417454363 -9.053908291107987 -9.162263420805823 -9.361216626833544 -9.489285970160404 -9.715594873512103 -9.838876339413225 -10.01950905118762 -10.05667324615952 -10.194162788571154 -10.424959856475077 -10.50701249843562 -10.469951345937247 -10.779261352408955 -10.916803050013108 -11.07268384318048 -11.160758290440539 -11.23442066681568 -11.400252804530194 -11.542450063390069 -11.680468944539431 -11.825840012212122 -11.928353885198943 -12.021699322742016 -12.130117272717198 -12.320846361211693 -12.499212990494243 -12.660692875049078 -12.797775239279629 -12.886644713228273 -13.036502294505052 -13.229655577469138 -13.343353870628361 -13.430473305237287 -13.522713396409442 -13.696482913112847 -13.82718636025872 -13.920845023397511 -14.011201488005787 -14.147854939987392 -14.352227294283587 -14.479925528014878
51
 -0.9702077952525279 -6.333638383182202 -6.5201676389788945 -7.005641007316376 -7.520715089464907 -7.946171586507341 -8.151751711405629 -8.239556459980681 -8.621469786858203 -8.806913311677889 -9.13440051136665 -9.215006165388376 -9.325041138880172 -9.493205034004406 -9.677307983781146 -9.800599900212543 -9.8927097259057 -10.052654845706993 -10.101626999167124 -10.3250966062737 -10.27759229209662 -10.441134664142353 -10.539537466935771 -10.683922889774713 -10.982218783116162 -11.09270529939934 -11.28599147091321 -11.471836178040586 -11.589695188817391 -11.706478240136272 -11.76686751107394 -11.942078074876425 -12.051606731669388 -12.184557871256503 -12.253400312385216 -12.468958610189341 -12.593925038153477 -12.77000689281044 -12.909829545082596 -13.096131844449816 -13.240277498460129 -13.363424535574262 -13.536973839948034 -13.674178489320273 -13.879225087387674 -14.01777768159222 -14.167886701378357 -14.216690985629224 -14.366111619119216 -14.533553846691037 -14.663554023735728
51
 -0.9702077952525279 -6.465648749435066 -6.81706609885709 -7.296119232071356 -7.718028813738154 -7.950585360725733 -8.223689587436366 -8.477926894182525 -8.661130891975057 -8.74196499071675 -8.895109083762163 -9.160640345873981 -9.336103020552072 -9.4530490471354 -9.57215600927738 -9.810204098381806 -9.993177298472554 -10.249666098478931 -10.334835332566525 -10.428121780690779 -10.68511283414997 -10.692541909438246 -10.862620233801783 -10.959435979724676 -11.242485158249385 -11.430122635839806 -11.586917925035575 -11.626070834232138 -11.708624448238513 -11.752862706557114 -11.92154172349429 -12.096740127737196 -12.265803965893914 -12.374455505125509 -12.475124759684538 -12.626742620446066 -12.795886994422714 -12.886949964166382 -13.016636228705098 -13.178247762056419 -13.290886358065459 -13.428165216839886 -13.612306706662427 -13.761018617359332 -13.88807951813464 -14.00903348046456 -14.114826923426785 -14.215452300973576 -14.29984630568098 -14.423899276506429 -14.52209463161448
51
 -0.9702077952525279 -6.451071663975232 -6.610422786970803 -7.09787813148626 -7.5522450895590305 -7.651625370844011 -7.979397509164164 -8.281587516563194 -8.529331459067228 -8.817355433545544 -9.07899456917256 -9.2171480907182 -9.411127182043169 -9.574835903034666 -9.731041682537981 -9.944278093241179 -10.182854336031854 -10.323843112870671 -10.386322845851206 -10.522232731486685 -10.734155459068969 -10.869781542739545 -11.000031585256218 -11.137985083004125 -11.324915111663506 -11.279171334801172 -11.60629140935054 -11.761700714038172 -11.815873933903454 -11.87343929990462 -12.065368103748582 -12.146209892556998 -12.360865206489775 -12.562008060314781 -12.637075986124522 -12.695640982778903 -12.71247713638694 -12.899194088084476 -12.996989974223647 -13.237906097651358 -13.448956552985251 -13.523629324232841 -13.563793203610329 -13.709475748751466 -13.896385025810668 -14.046949228465955 -14.168575590844389 -14.25568605255712 -14.342173526360307 -14.517472530327163 -14.663078610522332
51
 -0.9702077952525279 -6.4590003183727545 -7.007922108777942 -7.341084047965949 -7.466725295435568 -7.842945413649266 -8.010443241179237 -8.405958754702189 -8.551176091536131 -8.845165490003764 -9.24429374642634 -9.390787739646019 -9.52051795378361 -9.690334115929907 -9.830359347116792 -9.915115126249404 -9.887443567725834 -10.132076582620618 -10.216239496940892 -10.472812004284668 -10.644087819993826 -10.732002741939908 -10.85418515961624 -10.988637622969316 -11.163062648944026 -11.26326848049088 -11.338536174731054 -11.501440054743068 -11.652766058741953 -11.782435528045529 -11.908296477765711 -12.047372261940357 -12.198410023803207 -12.323900092363443 -12.359856681197938 -12.562423096804402 -12.704667044988614 -12.685592810751503 -12.966909140283883 -13.201366828853612 -13.354344706616084 -13.45938688169889 -13.553613393952535 -13.668213523629502 -13.824792610685757 -13.933755340329506 -14.034598223600598 -14.135356408900874 -14.229626578767338 -14.31800486924153 -14.502459094820553
steps
10
51
 0 5000 10000 15000 20000 25000 30000 35000 40000 45000 50000 55000 60000 65000 70000 75000 80000 85000 90000 95000 100000 105000 110000 115000 120000 125000 130000 135000 140000 145000 150000 155000 160000 165000 170000 175000 180000 185000 190000 195000 200000 205000 210000 215000 220000 225000 230000 235000 240000 245000 250000
51
 0 5000 10000 15000 20000 25000 30000 35000 40000 45000 50000 55000 60000 65000 70000 75000 80000 85000 90000 95000 100000 105000 110000 115000 120000 125000 130000 135000 140000 145000 150000 155000 160000 165000 170000 175000 180000 185000 190000 195000 200000 205000 210000 215000 220000 225000 230000 235000 240000 245000 250000
51
 0 5000 10000 15000 20000 25000 30000 35000 40000 45000 50000 55000 60000 65000 70000 75000 80000 85000 90000 95000 100000 105000 110000 115000 120000 125000 130000 135000 140000 145000 150000 155000 160000 165000 170000 175000 180000 185000 190000 195000 200000 205000 210000 215000 220000 225000 230000 235000 240000 245000 250000
51
 0 5000 10000 15000 20000 25000 30000 35000 40000 45000 50000 55000 60000 65000 70000 75000 80000 85000 90000 95000 100000 105000 110000 115000 120000 125000 130000 135000 140000 145000 150000 155000 160000 165000 170000 175000 180000 185000 190000 195000 200000 205000 210000 215000 220000 225000 230000 235000 240000 245000 250000
51
 0 5000 10000 15000 20000 25000 30000 35000 40000 45000 50000 55000 60000 65000 70000 75000 80000 85000 90000 95000 100000 105000 110000 115000 120000 125000 130000 135000 140000 145000 150000 155000 160000 165000 170000 175000 180000 185000 190000 195000 200000 205000 210000 215000 220000 225000 230000 235000 240000 245000 250000
51
 0 5000 10000 15000 20000 25000 30000 35000 40000 45000 50000 55000 60000 65000 70000 75000 80000 85000 90000 95000 100000 105000 110000 115000 120000 125000 130000 135000 140000 145000 150000 155000 160000 165000 170000 175000 180000 185000 190000 195000 200000 205000 210000 215000 220000 225000 230000 235000 240000 245000 250000
51
 0 5000 10000 15000 20000 25000 30000 35000 40000 45000 50000 55000 60000 65000 70000 75000 80000 85000 90000 95000 100000 105000 110000 115000 120000 125000 130000 135000 140000 145000 150000 155000 160000 165000 170000 175000 180000 185000 190000 195000 200000 205000 210000 215000 220000 225000 230000 235000 240000 245000 250000
51
 0 5000 10000 15000 20000 25000 30000 35000 40000 45000 50000 55000 60000 65000 70000 75000 80000 85000 90000 95000 100000 105000 110000 115000 120000 125000 130000 135000 140000 145000 150000 155000 160000 165000 170000 175000 180000 185000 190000 195000 200000 205000 210000 215000 220000 225000 230000 235000 240000 245000 250000
51
 0 5000 10000 15000 20000 25000 30000 35000 40000 45000 50000 55000 60000 65000 70000 75000 80000 85000 90000 95000 100000 105000 110000 115000 120000 125000 130000 135000 140000 145000 150000 155000 160000 165000 170000 175000 180000 185000 190000 195000 200000 205000 210000 215000 220000 225000 230000 235000 240000 245000 250000
51
 0 5000 10000 15000 20000 25000 30000 35000 40000 45000 50000 55000 60000 65000 70000 75000 80000 85000 90000 95000 100000 105000 110000 115000 120000 125000 130000 135000 140000 145000 150000 155000 160000 165000 170000 175000 180000 185000 190000 195000 200000 205000 210000 215000 220000 225000 230000 235000 240000 245000 250000
