18
newton-dyna-reg
1
16
 33.92305603935813 1.7714179132460295 0.19909159216883782 0.4414155233370581 0.1726226661228219 0.09771374038762651 0.07148106765674692 0.04864519875538831 0.03352485849851533 0.017357002992764603 0.00788373360792477 0.002211843969831262 7.22765893468591E-5 2.3759929712596772E-7 6.437961275196358E-12 -4.718447854656915E-16
steps1
1
16
 0.0 0.020100951445035067 0.04020190289007013 0.0603028543351052 0.08040380578014027 0.10050475722517532 0.14070666011524546 0.22111046589538572 0.38191807745566625 0.7035333005762273 1.3467637468173494 2.3467637468173494 3.3467637468173494 4.3467637468173494 5.3467637468173494 6.3467637468173494
time2
1
16
 0.0 0.558 1.112 1.6470000000000002 2.18 2.709 3.234 4.158 6.357 10.122 17.859 33.329 57.391000000000005 81.369 105.398 129.381
newton-static
1
18
 33.92305603935813 1.654229869211965 0.752725719819828 0.08804072270671084 0.07598056820544286 0.06151001584446214 0.04313690690988714 0.03257779481088202 0.024935570786877054 0.01568994567804219 0.01044768533430393 0.006639016458956315 0.003373868020455778 4.494287183912371E-4 2.0941878331237618E-5 4.749735738052152E-8 4.314049117937202E-13 -2.7478019859472624E-15
steps4
1
18
 0.0 1.0 2.0 3.0 4.0 5.0 6.0 7.0 8.0 9.0 10.0 11.0 12.0 13.0 14.0 15.0 16.0 17.0
time5
1
18
 0.0 26.109 51.705 77.12899999999999 102.374 127.616 152.86599999999999 177.79399999999998 203.10799999999998 228.51199999999997 253.97399999999996 279.05299999999994 304.26699999999994 329.30199999999996 354.35799999999995 379.5079999999999 404.63999999999993 429.6049999999999
static-lbfgs
1
82
 33.92305603935813 32.65340198687457 1.7752147589717242 1.694306586117452 1.5165931379998747 0.7452850910646467 0.5144541551741861 0.39053536278371653 0.23276354594469068 0.16379428641231714 0.12947812496760402 0.10055023562938356 0.07870895263232427 0.06422168945667955 0.052105282777125145 0.03629222376904764 0.028724865877322814 0.02179054911178352 0.01737260824123496 0.0115921664423842 0.007561398672236153 0.0049466818636413334 0.004286676820508817 0.0028497867259283105 0.0024745294068402313 0.0019028870987448099 0.001167844972186305 7.704791377235454E-4 5.132844991226071E-4 3.7372215032119294E-4 2.488341126893334E-4 1.6011212286018428E-4 1.1882079179456606E-4 9.168430673944794E-5 5.834644272059708E-5 4.04134147414803E-5 2.5410444454837533E-5 1.4883608065591192E-5 7.84911657969456E-6 4.52638391737481E-6 3.125540211590394E-6 1.7391117616005758E-6 1.0839237606086183E-6 7.134976799105797E-7 5.457108787076947E-7 3.9302189955292555E-7 2.5160550504166324E-7 1.5840595302130112E-7 1.0767235203434922E-7 7.636082538509115E-8 4.227579425419847E-8 2.792822248465221E-8 1.1887159923062995E-8 9.423285957099736E-9 5.433373667651509E-9 4.508106804523848E-9 2.3216071565190788E-9 1.7291749421222136E-9 1.0991497156886965E-9 4.437796241596459E-10 2.900753526269284E-10 1.4057915942444765E-10 1.0474460188092394E-10 6.066899760348576E-11 4.224470773195321E-11 2.0489471230789036E-11 1.585809261683835E-11 9.688333468815813E-12 4.3959835771545386E-12 3.5323410862986293E-12 1.5633605521259142E-12 1.2793932580024148E-12 6.744882430353982E-13 2.9468094631113217E-13 2.486344463648038E-13 1.208477762304483E-13 9.534040223968532E-14 5.0431880893597736E-14 2.5202062658991053E-14 1.5681900222830336E-14 1.099120794378905E-14 8.298917109073045E-15
steps7
1
82
 0.0 1.0 2.0 3.0 4.0 5.0 6.0 7.0 8.0 9.0 10.0 11.0 12.0 13.0 14.0 15.0 16.0 17.0 18.0 19.0 20.0 21.0 22.0 23.0 24.0 25.0 26.0 27.0 28.0 29.0 30.0 31.0 32.0 33.0 34.0 35.0 36.0 37.0 38.0 39.0 40.0 41.0 42.0 43.0 44.0 45.0 46.0 47.0 48.0 49.0 50.0 51.0 52.0 53.0 54.0 55.0 56.0 57.0 58.0 59.0 60.0 61.0 62.0 63.0 64.0 65.0 66.0 67.0 68.0 69.0 70.0 71.0 72.0 73.0 74.0 75.0 76.0 77.0 78.0 79.0 80.0 81.0
time8
1
82
 0.0 4.098 9.417 13.456 17.72 22.160999999999998 26.180999999999997 30.583999999999996 34.614 39.004999999999995 43.05199999999999 47.42799999999999 51.49699999999999 55.898999999999994 59.99799999999999 64.36999999999999 68.45799999999998 72.47199999999998 76.89099999999998 80.90499999999997 85.31299999999997 89.35699999999997 93.75899999999997 97.79599999999998 102.18299999999998 106.24099999999999 110.61299999999999 114.67499999999998 119.08499999999998 123.14699999999998 127.53399999999998 131.57299999999998 135.60199999999998 140.01699999999997 144.08299999999997 148.49899999999997 152.54199999999997 156.94399999999996 161.00499999999997 165.39999999999998 169.47299999999998 173.85899999999998 177.94099999999997 182.32699999999997 186.39899999999997 190.42499999999998 194.856 198.887 203.324 207.383 211.792 215.846 220.245 224.314 228.676 232.77499999999998 237.15599999999998 241.21699999999998 245.22299999999998 249.65599999999998 253.70999999999998 258.125 262.147 266.546 270.574 274.97 279.072 283.473 287.529 291.917 295.989 300.371 304.436 308.47499999999997 312.984 317.003 321.438 325.48199999999997 329.892 333.952 338.342 342.43199999999996
dyna-reg-lbfgs
1
96
 33.92305603935813 32.57679539305501 1.325359014497089 1.1436089469883954 0.3933067176237141 0.38416189267622 0.23821752495263315 0.07999219368207261 0.06295475304661685 0.049260577064316385 0.045984797985667875 0.04598479798566804 0.04614722580423558 0.04614722580423561 0.04614722580423533 0.03897920029501373 0.038979200295013755 0.038979200295013755 0.0382003483151665 0.03257945109817775 0.025680192364020277 0.025680192364020277 0.02568019236401975 0.01703268925383855 0.013247475514328477 0.010531483262572638 0.007390543590886006 0.0050565571508664475 0.004396489922614294 0.00292313803386543 0.0023209925299632894 0.0016815151942439488 0.0012059764519842808 7.648340187206559E-4 5.477232722840841E-4 4.2392027577536906E-4 3.221699083018337E-4 2.410828775870344E-4 1.4599392908373754E-4 1.1685220186757883E-4 9.293034578389259E-5 8.170444950009181E-5 6.574452505514472E-5 4.886450697469402E-5 4.681836703035458E-5 3.7911117106048664E-5 3.526815686524798E-5 3.061397648196351E-5 2.515385431692274E-5 2.129922255209027E-5 1.5847805746538324E-5 1.3353379829189604E-5 1.0339988262081379E-5 6.691385329604671E-6 5.410654287829608E-6 3.0174246714587127E-6 2.528839497056845E-6 1.7279349664167665E-6 1.1893888902658745E-6 6.684042358484632E-7 4.931700123000926E-7 3.603229658255547E-7 1.5223880814319024E-7 1.1954162959515457E-7 5.421054213861076E-8 4.0597037842537986E-8 2.5898628241982635E-8 1.720904219126851E-8 9.39835867463934E-9 6.3508043268711845E-9 4.57063448200401E-9 1.9388980976309256E-9 1.0031031560941983E-9 5.543279724129491E-10 3.82224613071358E-10 2.6648461215472707E-10 1.5614978754463493E-10 1.3630133133268885E-10 5.3567178470714794E-11 4.0807468515424716E-11 2.4893975769657573E-11 1.2935347237785777E-11 1.071739919034087E-11 5.0235926529751396E-12 3.960998196106402E-12 2.3800128534645637E-12 1.0928757898653885E-12 8.704426068817384E-13 4.003186671042158E-13 3.298195050405184E-13 1.9204082768453645E-13 7.271960811294775E-14 6.089573290068984E-14 2.5729418595688003E-14 2.0122792321330962E-14 9.547918011776346E-15
steps10
1
96
 0.0 0.020100951445035067 0.04020190289007013 0.0603028543351052 0.08040380578014027 0.10050475722517532 0.1206057086702104 0.14070666011524546 0.16080761156028053 0.18090856300531558 0.20100951445035065 0.22111046589538572 0.2412114173404208 0.2814133202304909 0.32161522312056107 0.36181712601063115 0.44222093179077143 0.5226247375709117 0.6030285433510519 0.7638361549113325 0.924643766471613 1.0854513780318935 1.4070666011524546 1.7286818242730155 2.0502970473935767 2.693527493634699 3.3367579398758207 3.979988386116943 4.9799883861169425 5.9799883861169425 6.9799883861169425 7.9799883861169425 8.979988386116943 9.979988386116943 10.979988386116943 11.979988386116943 12.979988386116943 13.979988386116943 14.979988386116943 15.979988386116943 16.979988386116943 17.979988386116943 18.979988386116943 19.979988386116943 20.979988386116943 21.979988386116943 22.979988386116943 23.979988386116943 24.979988386116943 25.979988386116943 26.979988386116943 27.979988386116943 28.979988386116943 29.979988386116943 30.979988386116943 31.979988386116943 32.97998838611694 33.97998838611694 34.97998838611694 35.97998838611694 36.97998838611694 37.97998838611694 38.97998838611694 39.97998838611694 40.97998838611694 41.97998838611694 42.97998838611694 43.97998838611694 44.97998838611694 45.97998838611694 46.97998838611694 47.97998838611694 48.97998838611694 49.97998838611694 50.97998838611694 51.97998838611694 52.97998838611694 53.97998838611694 54.97998838611694 55.97998838611694 56.97998838611694 57.97998838611694 58.97998838611694 59.97998838611694 60.97998838611694 61.97998838611694 62.97998838611694 63.97998838611694 64.97998838611694 65.97998838611694 66.97998838611694 67.97998838611694 68.97998838611694 69.97998838611694 70.97998838611694 71.97998838611694
time11
1
96
 0.0 0.082 0.16799999999999998 0.247 0.332 0.41700000000000004 0.502 0.587 0.6659999999999999 0.7469999999999999 0.8589999999999999 1.1509999999999998 1.2389999999999999 1.416 1.722 1.887 2.211 3.016 3.395 4.104 4.752 6.354 7.865 9.203 10.54 11.84 14.841999999999999 17.476 20.118 24.572 28.695 33.17 37.277 41.394 45.875 49.97 54.441 58.542 63.019000000000005 67.146 71.598 75.764 80.21199999999999 84.35 88.87299999999999 93.014 97.10799999999999 101.58699999999999 105.67199999999998 110.14899999999999 114.24799999999999 118.71499999999999 122.829 127.29899999999999 131.435 135.88400000000001 140.019 144.475 148.618 153.079 157.197 161.354 165.848 170.06300000000002 174.54700000000003 178.65300000000002 183.14600000000002 187.269 191.739 195.885 200.356 204.493 208.93699999999998 213.063 217.18699999999998 221.67299999999997 225.77399999999997 230.24899999999997 234.34299999999996 238.81199999999995 242.91499999999996 247.36899999999997 251.56899999999996 256.03799999999995 260.15799999999996 264.61899999999997 268.748 273.241 277.356 281.438 285.949 290.074 294.568 298.671 303.131 307.25699999999995
saga
1
92
 33.92305603935813 0.01734755752436204 0.006665268808670605 0.003296846890224303 0.002126158443774062 0.001299796237834966 8.711680083886009E-4 8.421411588920846E-4 4.3229068479086474E-4 3.7159619953730516E-4 2.329004470685292E-4 1.6298523912430807E-4 1.1485008212752668E-4 9.328207542083633E-5 5.9189596816888734E-5 4.283844451544172E-5 2.9094228348486295E-5 1.890344618887818E-5 1.7190242741743633E-5 6.974654461727736E-6 3.7867323386397977E-6 2.3862926121775985E-6 1.768894906828411E-6 8.383749428853005E-7 5.34183206474248E-7 3.463972527151249E-7 2.495741720509592E-7 2.612363493026404E-7 5.162416064352637E-7 3.4928950648493995E-7 7.149664887906582E-8 4.619200666411416E-8 5.2432098468502275E-8 4.919473528541829E-8 2.4507377599514157E-8 1.9743437551511533E-8 1.0472356870572241E-8 2.203671128908624E-8 5.493847377024963E-9 4.104340098343151E-8 7.12128884194918E-8 8.31699478731629E-9 1.6755513365662722E-8 1.4285538862957026E-9 1.330240889663159E-9 3.8618710451743254E-9 6.102222338544294E-10 1.5149956289484123E-9 2.999516496293708E-9 6.45502873375392E-10 7.549783020976975E-10 1.528394355521101E-10 5.678853498558567E-10 7.788017453158602E-11 1.9974236153963432E-10 2.2726459603106264E-10 2.107815866292384E-10 1.9783333304879136E-10 4.0529163358726805E-11 3.923961156004907E-11 2.0190543681408712E-11 2.6235541517038996E-11 9.852868521065261E-12 5.171363337552748E-12 1.118233283747827E-11 6.12801476229663E-12 3.12391779111465E-12 2.012751076918562E-12 8.028550047001204E-12 7.482597874641783E-12 1.6519841050666173E-12 6.162292898181931E-13 6.379619055252306E-13 1.2596035325884714E-12 9.530987110650813E-13 9.971190539914687E-13 2.2598589666245061E-13 9.87820936160233E-13 1.434130592059546E-13 6.447620215510597E-13 1.634803403760543E-13 2.217004357873975E-12 6.444844657949034E-14 3.228473044458724E-12 7.119305145408816E-14 3.574918139293004E-14 3.0225821845419887E-14 2.5174307083375425E-14 3.26405569239796E-14 6.505906924303417E-14 4.671263376110346E-14 8.548717289613705E-15
steps13
1
92
 0.0 1.0 2.0 3.0 4.0 5.0 6.0 7.0 8.0 9.0 10.0 11.0 12.0 13.0 14.0 15.0 16.0 17.0 18.0 19.0 20.0 21.0 22.0 23.0 24.0 25.0 26.0 27.0 28.0 29.0 30.0 31.0 32.0 33.0 34.0 35.0 36.0 37.0 38.0 39.0 40.0 41.0 42.0 43.0 44.0 45.0 46.0 47.0 48.0 49.0 50.0 51.0 52.0 53.0 54.0 55.0 56.0 57.0 58.0 59.0 60.0 61.0 62.0 63.0 64.0 65.0 66.0 67.0 68.0 69.0 70.0 71.0 72.0 73.0 74.0 75.0 76.0 77.0 78.0 79.0 80.0 81.0 82.0 83.0 84.0 85.0 86.0 87.0 88.0 89.0 90.0 91.0
time14
1
92
 0.0 1.859999999999906 4.7580000000000275 6.889000000000739 9.06500000000052 11.199999999999337 14.43399999999815 16.585999999998 18.790000000000692 20.921000000003296 24.133000000005932 26.285000000008562 28.489000000011256 30.62800000001387 33.75100000001372 35.91200000000868 38.12200000000353 40.27699999999851 43.400999999993495 45.630999999988504 47.82799999998338 49.985999999978354 53.10099999997333 55.25299999996832 57.471999999963145 59.63199999995811 62.75099999995306 64.88399999995437 67.09399999996492 69.25499999997524 72.37299999998557 74.51999999999582 76.72900000000637 78.89700000001672 82.01700000002704 84.16900000003731 86.39100000004792 88.54700000005822 91.65000000006847 93.80800000007878 96.0320000000894 98.17900000009965 101.25200000010979 103.4120000001201 105.61300000013061 107.75700000014085 110.84800000015105 113.01100000016137 115.22000000017192 117.36000000018214 120.45000000019235 122.62300000020272 124.84100000021331 126.9750000002235 130.07500000023376 132.2440000002441 134.44700000025463 136.58300000026483 139.68100000027508 141.8440000002854 144.04800000029593 146.17300000030608 149.27200000031632 151.4430000003267 153.6440000003372 155.79000000034745 158.96200000035776 161.20700000036848 163.42100000037905 165.5700000003893 168.6700000003995 170.86700000041 173.0420000004204 175.19400000043066 178.27600000044083 180.4690000004513 182.68100000046172 184.8560000004721 187.95000000048228 190.14700000049277 192.32400000050316 194.47600000051344 197.56800000052363 199.76500000053412 201.9380000005445 204.09300000055478 207.189000000565 209.38500000057547 211.56400000058588 213.7260000005962 216.8280000006064 219.01900000061687
nesterov
1
252
 0.5627855189062603 0.3743536453436103 0.2499406600070666 0.18088832096169133 0.14173092630187106 0.1186337601477973 0.10454640224789416 0.09570940705165254 0.09001632971346102 0.08623610158670753 0.0836237526992982 0.08171569176323251 0.0802172709714371 0.07893859989369079 0.07775661320675939 0.07659194947093231 0.07539446212143233 0.07413391074409062 0.07279384419681659 0.07136749886750662 0.069854998882314 0.06826141563882249 0.06659540359597685 0.06486822313753082 0.06309301658149355 0.0612842377523293 0.0594571612162057 0.057627422123603195 0.05581056457472092 0.05402160304239953 0.05227462084933171 0.05058243516114874 0.04895634839764429 0.04740598863380999 0.04593922744918416 0.044562158833433174 0.04327912386966845 0.04209276594761413 0.04100409903191651 0.040012572563914606 0.039116124545988895 0.03831122598601153 0.03759292912341028 0.03695493559212684 0.03638970007894718 0.035888583254318374 0.03544206587488388 0.03504003078290538 0.03467210756719838 0.0343280587874662 0.0339981749938128 0.033673643225981875 0.03334685845084001 0.03301165518760915 0.0326634449130678 0.032299253396102734 0.031917661057526414 0.03151865836231124 0.03110343595913989 0.03067413430637217 0.030233578736602013 0.029785023116149584 0.02933191938082766 0.028877723001499156 0.02842573769295509 0.02797899772253301 0.027540183445104366 0.027111564885415662 0.02669496860685 0.026291764016546232 0.025902866130685848 0.02552875240479785 0.025169491489546142 0.024824781799831386 0.024493997716767107 0.02417624119127393 0.023870396550011913 0.023575186440205537 0.023289227076798397 0.02301108124437154 0.02273930782428149 0.02247250693322425 0.022209360051033022 0.02194866476609969 0.02168936396762189 0.021430569459907706 0.02117158006411729 0.020911894308754286 0.020651217795491755 0.02038946526931515 0.020126757333548684 0.0198634116507721 0.019599928388045446 0.019336969638007767 0.019075332618487956 0.018815916666527238 0.018559684424836242 0.018307618168285328 0.018060672889144286 0.017819728455472444 0.017585543741127085 0.017358715946540454 0.017139648262072343 0.016928528513075386 0.016725320506810082 0.01652976861041877 0.016341414827608203 0.01615962652473979 0.015983632158209082 0.015812561966033672 0.01564549060308265 0.015481479039817087 0.015319613580783348 0.015159040461824647 0.014998995049553626 0.014838825129247252 0.01467800810665798 0.014516162173555613 0.014353051623522767 0.014188586586831586 0.014022817514247748 0.013855924803002823 0.013688204043331903 0.013520047475824665 0.013351922387554171 0.013184347325158025 0.013017867146497636 0.012853028042208142 0.012690353708647434 0.012530323820869299 0.012373355827041133 0.012219790865292068 0.012069884310068724 0.011923801118138927 0.011781615805195433 0.011643316582414936 0.011508812950412756 0.011377945906108189 0.011250499869981223 0.011126215477876539 0.011004802483114445 0.010885952157055762 0.010769348734818024 0.010654679607474377 0.01054164409829686 0.010429960770159785 0.010319373292159484 0.010209654946738256 0.010100611888633565 0.009992085279263013 0.009883952418970082 0.009776126990868939 0.00966855851644971 0.009561231108800361 0.009454161595096072 0.009347397068623142 0.009241011922422937 0.009135104411856915 0.009029792793900482 0.00892521109463923 0.008821504565552502 0.008718824901030237 0.008617325305280338 0.008517155513616204 0.008418456890467607 0.008321357741832097 0.008225968991071975 0.008132380371900727 0.008040657288800102 0.007950838481733419 0.007862934608083627 0.007776927820806384 0.007692772379657986 0.007610396284412679 0.007529703869130044 0.0074505792485310696 0.007372890465225518 0.007296494153332667 0.007221240512014948 0.0071469783732378556 0.007073560150915759 0.0070008464734779285 0.006928710325616955 0.006857040556159155 0.006785744644689701 0.006714750657091595 0.006644008357720582 0.0065734894816485145 0.006503187202837352 0.006433114862521655 0.006363304046084178 0.006293802115346109 0.006224669317314052 0.006155975599033164 0.006087797261941613 0.00602021358790969 0.0059533035630676134 0.0058871428150847616 0.005821800865100063 0.005757338777568677 0.005693807270940682 0.005631245329844298 0.005569679337146 0.005509122721832821 0.005449576098544073 0.005391027856525343 0.0053334551412854425 0.005276825161448312 0.005221096746510723 0.005166222078389238 0.0051121485204188855 0.0050588204714461515 0.0050061811791486666 0.0049541744551141464 0.004902746243536038 0.004851846005747451 0.004801427892668492 0.0047514516869971435 0.00470188350590775 0.004652696262901851 0.004603869894521467 0.004555391363352618 0.004507254453543441 0.004459459378992753 0.004412012227217071 0.004364924264126824 0.004318211126470489 0.004271891929740507 0.004225988319649321 0.0041805234953931625 0.004135521232443429 0.00409100493166889 0.00404699672031314 0.004003516628425047 0.0039605818621883115 0.003918206192516066 0.0038763994741258245 0.0038351673064208613 0.003794510843216109 0.0037544267538906495 0.0037149073337082728 0.003675940756402568 0.0036375114573467537 0.003599600631556843 0.0035621868267966816 0.0035252466092540458 0.0034887552768642083 0.0034526875941660595 0.0034170185224063343 0.00338172391920602 0.003346781184067421 0.0033121698283755108
steps16
1
252
 0.0 1.0 2.0 3.0 4.0 5.0 6.0 7.0 8.0 9.0 10.0 11.0 12.0 13.0 14.0 15.0 16.0 17.0 18.0 19.0 20.0 21.0 22.0 23.0 24.0 25.0 26.0 27.0 28.0 29.0 30.0 31.0 32.0 33.0 34.0 35.0 36.0 37.0 38.0 39.0 40.0 41.0 42.0 43.0 44.0 45.0 46.0 47.0 48.0 49.0 50.0 51.0 52.0 53.0 54.0 55.0 56.0 57.0 58.0 59.0 60.0 61.0 62.0 63.0 64.0 65.0 66.0 67.0 68.0 69.0 70.0 71.0 72.0 73.0 74.0 75.0 76.0 77.0 78.0 79.0 80.0 81.0 82.0 83.0 84.0 85.0 86.0 87.0 88.0 89.0 90.0 91.0 92.0 93.0 94.0 95.0 96.0 97.0 98.0 99.0 100.0 101.0 102.0 103.0 104.0 105.0 106.0 107.0 108.0 109.0 110.0 111.0 112.0 113.0 114.0 115.0 116.0 117.0 118.0 119.0 120.0 121.0 122.0 123.0 124.0 125.0 126.0 127.0 128.0 129.0 130.0 131.0 132.0 133.0 134.0 135.0 136.0 137.0 138.0 139.0 140.0 141.0 142.0 143.0 144.0 145.0 146.0 147.0 148.0 149.0 150.0 151.0 152.0 153.0 154.0 155.0 156.0 157.0 158.0 159.0 160.0 161.0 162.0 163.0 164.0 165.0 166.0 167.0 168.0 169.0 170.0 171.0 172.0 173.0 174.0 175.0 176.0 177.0 178.0 179.0 180.0 181.0 182.0 183.0 184.0 185.0 186.0 187.0 188.0 189.0 190.0 191.0 192.0 193.0 194.0 195.0 196.0 197.0 198.0 199.0 200.0 201.0 202.0 203.0 204.0 205.0 206.0 207.0 208.0 209.0 210.0 211.0 212.0 213.0 214.0 215.0 216.0 217.0 218.0 219.0 220.0 221.0 222.0 223.0 224.0 225.0 226.0 227.0 228.0 229.0 230.0 231.0 232.0 233.0 234.0 235.0 236.0 237.0 238.0 239.0 240.0 241.0 242.0 243.0 244.0 245.0 246.0 247.0 248.0 249.0 250.0 251.0
time17
1
252
 0.0 0.578 1.153 1.697 2.222 2.778 3.314 3.85 4.3950000000000005 4.936000000000001 6.4430000000000005 6.962000000000001 7.4990000000000006 8.028 8.58 9.129 9.682 10.24 10.791 11.344000000000001 11.894000000000002 12.431000000000003 12.962000000000003 13.501000000000003 14.042000000000003 14.567000000000004 15.109000000000004 15.647000000000004 17.104000000000003 17.630000000000003 18.160000000000004 18.697000000000003 19.244000000000003 19.792 20.349 20.9 21.451999999999998 22.006999999999998 22.56 23.098 23.634999999999998 24.174999999999997 24.72 25.253999999999998 25.802 26.341 27.8 28.332 28.866 29.413 29.964 30.517 31.067999999999998 31.618 32.172 32.721 33.272999999999996 33.802 34.338 34.870000000000005 35.410000000000004 35.948 36.486 37.022999999999996 38.471 39.003 39.533 40.076 40.623 41.172999999999995 41.72299999999999 42.27499999999999 42.82699999999999 43.37899999999999 43.93099999999999 44.45399999999999 44.99499999999999 45.523999999999994 46.06099999999999 46.60199999999999 47.14099999999999 47.67899999999999 49.11699999999999 49.64999999999999 50.172999999999995 50.721 51.270999999999994 51.82099999999999 52.37099999999999 52.92299999999999 53.472999999999985 54.02599999999998 54.57899999999998 55.10199999999998 55.646999999999984 56.176999999999985 56.716999999999985 57.262999999999984 57.80599999999998 58.34599999999998 59.792999999999985 60.33399999999998 60.85199999999998 61.399999999999984 61.94699999999998 62.49699999999998 63.049999999999976 63.60299999999997 64.15499999999997 64.70599999999997 65.25599999999997 65.77799999999998 66.32199999999997 66.85299999999998 67.39099999999998 67.93399999999998 68.47199999999998 69.00699999999998 70.44099999999997 70.98099999999998 71.50399999999998 72.05299999999998 72.59699999999998 73.14999999999998 73.69999999999997 74.25099999999998 74.80499999999998 75.35699999999999 75.90899999999999 76.42899999999999 76.97399999999999 77.50399999999999 78.03699999999999 78.583 79.122 79.658 81.103 81.63799999999999 82.15899999999999 82.708 83.254 83.80600000000001 84.36100000000002 84.91900000000003 85.47400000000003 86.03000000000003 86.58200000000004 87.10400000000004 87.65100000000004 88.18200000000004 88.71500000000005 89.25900000000004 89.79400000000004 90.33200000000004 91.86000000000004 92.39700000000005 92.91800000000005 93.46400000000006 94.01300000000006 94.56200000000007 95.11400000000008 95.66900000000008 96.24100000000008 96.79300000000009 97.3420000000001 97.8630000000001 98.4070000000001 98.9350000000001 99.4730000000001 100.0130000000001 100.5490000000001 101.0870000000001 102.5310000000001 103.06800000000011 103.59200000000011 104.13700000000011 104.68200000000012 105.23500000000011 105.78500000000011 106.33700000000012 106.89100000000012 107.44300000000013 107.99600000000012 108.51600000000012 109.06000000000012 109.58900000000011 110.12300000000012 110.66800000000012 111.20300000000012 111.74100000000011 113.19300000000011 113.73000000000012 114.26000000000012 114.80400000000012 115.35100000000011 115.90000000000012 116.45300000000012 117.00400000000012 117.55400000000012 118.10600000000012 118.65600000000012 119.18100000000013 119.72600000000013 120.25400000000013 120.79400000000014 121.33200000000014 121.86900000000014 122.40700000000014 123.94900000000014 124.48000000000015 125.00700000000015 125.54800000000014 126.09600000000015 126.64400000000015 127.20000000000014 127.75200000000015 128.30200000000016 128.85600000000017 129.40400000000017 129.93300000000016 130.47100000000017 131.00500000000017 131.54800000000017 132.08100000000016 132.62000000000015 133.15700000000015 134.59900000000016 135.12800000000016 135.66000000000017 136.19900000000015 136.74400000000014 137.29400000000015 137.84600000000015 138.39700000000013 138.95100000000014 139.50200000000012 140.05200000000013 140.58900000000014 141.12500000000014 141.66500000000013 142.20700000000014 142.73900000000015 143.28100000000015 143.81600000000014 145.27800000000013 145.79800000000014 146.33400000000015 146.86800000000014 147.41600000000014 147.97100000000015 148.52100000000016 149.07200000000014
