2
suboptimality
4
7
 0.033997162147348936 0.028323482285634194 0.023744949127711495 0.015577428339358934 0.01210012749257916 0.006390504947992648 0.0034798716290532217
7
 0.03632073504346381 0.026721853127862488 0.018762399109393035 0.013542498301686162 0.010264622513951382 0.0066895531218365 0.0037077939446047703
7
 0.03517773617977174 0.027658049729500894 0.021949922578036324 0.015795551622419357 0.01112750046252095 0.006604066351002608 0.0030745187201302038
7
 0.03387760482561036 0.028439803467801006 0.022377042663499574 0.017468238807413328 0.011156762812422616 0.006917625828822632 0.0031555484352124297
steps
4
7
 2000.0 3000.0 4500.0 6750.0 10125.0 15187.0 22781.0
7
 2000.0 3000.0 4500.0 6750.0 10125.0 15187.0 22781.0
7
 2000.0 3000.0 4500.0 6750.0 10125.0 15187.0 22781.0
7
 2000.0 3000.0 4500.0 6750.0 10125.0 15187.0 22781.0
