15
c:2.0
1
32
 33.92305603935813 2.2026101524452204 0.1404717498105966 0.28029612681488136 0.20817294021658125 0.16070075008633797 0.1735252842468731 0.15658060180925779 0.20004841823032996 0.18370962891846235 0.226514482202926 0.21882020652099374 0.27665656904564073 0.2911913921690851 0.17792377134445744 0.16576611321734133 0.22789824002443324 0.2080408853804718 0.31248312057275374 0.11930643842371227 0.07895946199232448 0.06661033914377187 0.045912985073120804 0.03276589110692832 0.024000478332381114 0.013883583616224077 0.006015917511829283 9.343768577372291E-4 1.5108496397964188E-5 5.60989263931333E-8 7.229286613785746E-11 2.3314683517128287E-15
steps1
1
32
 0.0 0.013400634296690044 0.026801268593380088 0.04020190289007013 0.053602537186760175 0.06700317148345021 0.08040380578014027 0.09380444007683031 0.10720507437352035 0.1206057086702104 0.13400634296690042 0.14740697726359048 0.16080761156028053 0.17420824585697056 0.18760888015366062 0.20100951445035065 0.2144101487470407 0.22781078304373073 0.2412114173404208 0.2546120516371108 0.26801268593380084 0.29481395452718095 0.3484164917139411 0.45562156608746146 0.6700317148345022 1.0988520123285836 1.9564926073167463 2.956492607316746 3.956492607316746 4.956492607316746 5.956492607316746 6.956492607316746
time2
1
32
 0.0 0.299 0.602 1.201 1.485 1.7690000000000001 2.053 2.34 2.625 2.911 3.2 3.483 3.766 4.066 4.37 4.659 4.943 5.226 5.532 5.826 6.108 6.391 6.926 7.968 10.334 14.405999999999999 23.159999999999997 39.998999999999995 59.864999999999995 79.756 99.29599999999999 119.18299999999999
c:4.0
1
16
 33.92305603935813 Infinity 0.16636158354568822 0.09757516043952538 0.08094783730958749 0.06049928317218142 0.05785957668190622 0.046467868468271833 0.049856290609063963 0.8654020659828741 Infinity NaN NaN NaN NaN NaN
steps4
1
16
 0.0 0.013400634296690044 0.026801268593380088 0.04020190289007013 0.053602537186760175 0.06700317148345021 0.1206057086702104 0.3350158574172511 1.192656452405414 2.192656452405414 3.192656452405414 4.192656452405414 5.192656452405414 6.192656452405414 7.192656452405414 8.192656452405414
time5
1
16
 0.0 0.294 0.591 0.8899999999999999 1.172 1.4549999999999998 1.7399999999999998 3.1109999999999998 7.186 24.4 43.959999999999994 63.86899999999999 83.838 103.82 123.446 143.417
c:8.0
1
14
 33.92305603935813 Infinity 0.20891095835738635 0.07646788110820071 0.07488117059943913 0.0735176588732172 0.03936216043966989 0.009656262564740586 0.0015712295863050674 1.1486487413653323E-4 2.5002297882326108E-6 6.284272185963502E-9 1.295907825493714E-13 8.604228440844963E-16
steps7
1
14
 0.0 0.013400634296690044 0.026801268593380088 0.04020190289007013 0.053602537186760175 0.16080761156028053 1.0184482065484433 2.0184482065484435 3.0184482065484435 4.0184482065484435 5.0184482065484435 6.0184482065484435 7.0184482065484435 8.018448206548443
time8
1
14
 0.0 0.294 0.589 0.8819999999999999 1.164 1.446 3.8360000000000003 20.716 40.612 60.488 80.021 99.923 119.821 139.718
c:16.0
1
15
 33.92305603935813 Infinity 0.2158911547784045 1.907332239268437 0.23678494144780607 0.1275741765609343 0.08275594449216542 0.06264424108557992 0.02341166223541094 0.004904771250157286 6.666598737304352E-4 3.7646937143392956E-5 3.640472626686986E-7 1.0562709040762286E-10 1.2490009027033011E-15
steps10
1
15
 0.0 0.013400634296690044 0.026801268593380088 0.04020190289007013 0.053602537186760175 0.06700317148345021 0.08040380578014027 0.29481395452718095 1.2948139545271808 2.294813954527181 3.294813954527181 4.294813954527181 5.294813954527181 6.294813954527181 7.294813954527181
time11
1
15
 0.0 0.295 0.595 0.887 1.182 1.463 1.745 2.027 6.0920000000000005 25.966 45.843 65.738 85.30799999999999 105.208 125.106
data-driven
1
136
 33.92305603935813 2.254059187934782 0.17980932749145936 3.054173338993523 0.24919227704061928 0.13061207544013306 0.10808549688779803 0.10776992393140508 0.14657511873107618 0.13048886550325148 0.08342720651223748 0.14486160417346763 0.08415331021656294 0.18297347977932024 0.09055128654808783 0.18902632063359706 0.0950286707594793 0.21298316040581036 0.10509154126430587 0.22590595603479022 0.11284920418863503 0.23241253891716748 0.11970511724737651 0.2402085813924932 0.12790945825116787 0.25712261154508287 0.15597975014295032 0.2819772382602803 0.1790667989173316 0.3085198306918485 0.198839750661873 0.3424268334314321 0.23338745916592293 0.40812961019744487 0.3097460907502749 0.49886546188302316 0.3819877671690187 0.6590429016495202 0.5734939445607519 1.3694895170151578 1.483558689460887 2.564256289719074 3.3976914021192353 5.085910433245304 6.6799137910408435 6.275084159197653 7.712084010943856 11.242418262932365 11.129371172692823 5.124962550003057 3.3881215900394372 8.581006888362902 17.456699695157155 7.608437072040238 3.3295637741932578 4.875959970660906 12.092581080167022 17.166541312155015 7.464223210718389 2.2258527899308884 4.631194533954197 15.11218729408249 11.340218086361379 4.68025477005985 5.2847734289237875 12.46903900794194 11.410464392578819 4.594192272184069 4.320700361949467 10.247530925210604 13.80736990180725 8.525761638544274 2.9122371205178164 4.479455822567779 10.681484149669602 15.183967980828946 8.616703849768907 3.6725184787828953 3.6582307738664843 13.946950547066432 19.306657445724717 Infinity 5.655836550014885 26.88070220940044 9.933486964108237 3.4777501117583327 5.603334188417097 16.249716145764406 16.73950950504637 11.945074674993053 6.420438690056868 3.8597772760351887 7.859024309901665 19.576674770389953 10.196184541416894 4.977274867028629 5.353587763742518 9.90276241494015 13.48917909543485 18.04491481914789 6.033568823895798 4.6977743385537165 11.828515042763712 12.57528168034141 6.500174473640957 6.0312087964147265 7.734406959270278 8.786269808850708 8.81076366244895 12.458855530175814 14.792898227855973 9.188400418042194 6.861638362028851 9.173179734944542 7.483886324731965 9.048802559852215 14.591388908998866 16.910948730732063 7.000565175448264 5.103574345531658 8.141501529034509 13.102638757978927 11.174614716715249 Infinity 8.611867167655852 28.961488124221656 7.475710781459682 3.4918215437226467 9.743688851150822 22.99694978525479 7.284098623791295 3.0056700167401487 12.140345546774231 Infinity NaN NaN
steps13
1
136
 0.0 0.013400634296690044 0.026801268593380088 0.04020190289007013 0.053602537186760175 0.06700317148345021 0.08040380578014027 0.11850627596372895 0.15660874614731765 0.19471121633090632 0.23661053289855719 0.27850984946620805 0.32040916603385894 0.36230848260150983 0.40420779916916066 0.44610711573681155 0.4880064323044624 0.5299057488721133 0.5718050654397642 0.6137043820074151 0.6556036985750658 0.6975030151427167 0.7394023317103676 0.7813016482780185 0.8232009648456694 0.8651002814133202 0.9069995979809711 0.948898914548622 0.9907982311162729 1.0326975476839237 1.0745968642515746 1.1164961808192255 1.1583954973868764 1.200294813954527 1.242194130522178 1.2840934470898289 1.3259927636574798 1.3678920802251306 1.4097913967927815 1.4516907133604324 1.4935900299280833 1.5354893464957342 1.577388663063385 1.6192879796310358 1.6611872961986867 1.7030866127663375 1.7449859293339884 1.7868852459016393 1.8287845624692902 1.870683879036941 1.912583195604592 1.954482512172243 1.9963818287398938 2.0382811453075447 2.0801804618751953 2.1220797784428465 2.163979095010497 2.2058784115781482 2.247777728145799 2.2896770447134496 2.3315763612811007 2.3734756778487514 2.4153749944164025 2.457274310984053 2.4991736275517042 2.541072944119355 2.582972260687006 2.6248715772546567 2.666770893822308 2.7086702103899585 2.750569526957609 2.7924688435252603 2.834368160092911 2.876267476660562 2.9181667932282127 2.960066109795864 3.0019654263635145 3.0438647429311656 3.0857640594988163 3.127663376066467 3.169562692634118 3.2114620092017687 3.25336132576942 3.2952606423370705 3.3371599589047216 3.3790592754723723 3.4209585920400234 3.462857908607674 3.504757225175325 3.546656541742976 3.5885558583106265 3.6304551748782776 3.6723544914459283 3.7142538080135794 3.75615312458123 3.798052441148881 3.839951757716532 3.881851074284183 3.9237503908518336 3.9656497074194843 4.007549023987135 4.049448340554786 4.091347657122437 4.133246973690088 4.1751462902577385 4.21704560682539 4.258944923393041 4.300844239960692 4.342743556528342 4.384642873095993 4.426542189663644 4.4684415062312945 4.510340822798946 4.552240139366597 4.594139455934248 4.636038772501898 4.677938089069549 4.7198374056372 4.7617367222048514 4.803636038772502 4.845535355340153 4.887434671907804 4.929333988475454 4.971233305043105 5.013132621610756 5.0550319381784075 5.096931254746058 5.138830571313709 5.18072988788136 5.222629204449011 5.264528521016661 5.306427837584312 5.3483271541519635 6.3483271541519635 7.3483271541519635 8.348327154151963
time14
1
136
 0.0 0.296 0.594 0.887 1.183 1.477 1.7590000000000001 2.103 2.853 3.648 4.76 5.7669999999999995 6.624 7.473 8.334 9.183 10.039 10.888 12.082 12.931000000000001 13.791 14.64 15.496 16.345 17.195 18.044 19.233 20.082 20.931 21.781000000000002 22.631000000000004 23.482000000000003 24.332000000000004 25.182000000000006 26.035000000000007 27.218000000000007 28.06800000000001 28.919000000000008 29.768000000000008 30.61800000000001 31.46800000000001 32.31800000000001 33.16900000000001 34.35700000000001 35.207000000000015 36.06000000000002 36.91000000000002 37.76300000000002 38.61600000000002 39.46900000000002 40.319000000000024 41.50600000000002 42.35700000000002 43.20900000000002 44.05900000000002 44.90900000000002 45.76000000000002 46.61000000000002 47.46000000000002 48.31500000000002 49.496000000000016 50.347000000000016 51.19700000000002 52.05000000000002 52.90000000000002 53.74900000000002 54.59900000000002 55.45000000000002 56.63900000000002 57.490000000000016 58.34000000000002 59.19000000000002 60.04100000000002 60.89100000000002 61.74100000000002 62.59100000000002 63.77700000000002 64.62800000000003 65.47900000000003 66.32900000000002 67.17900000000002 68.03000000000002 68.88100000000001 69.73100000000001 70.58500000000001 71.769 72.62 73.47 74.319 75.17 76.021 76.871 77.722 78.90899999999999 79.75999999999999 80.612 81.463 82.31299999999999 83.16299999999998 84.01599999999998 84.86999999999998 86.06099999999998 86.91099999999997 87.76099999999997 88.61699999999996 89.46699999999996 90.31699999999995 91.16699999999994 92.01799999999994 92.87099999999994 94.05399999999995 94.90499999999994 95.75599999999994 96.60599999999994 97.47599999999994 98.32799999999995 99.17799999999994 100.02799999999993 101.21699999999993 102.06899999999993 102.91899999999993 103.76999999999992 104.61999999999992 105.47099999999992 106.32299999999992 107.17399999999992 108.36099999999992 109.21199999999992 110.06199999999991 110.9119999999999 111.7649999999999 112.6159999999999 113.4689999999999 114.9699999999999 134.21399999999988 154.21999999999989
