15
newton-static
1
11
 0.5627855189062605 0.18693394694618634 0.08997044640027471 0.04107254433003027 0.015956341336348767 0.0045974686725216984 8.280843780431868E-4 7.064946852111675E-5 1.4298465818851636E-6 1.0609864375954459E-9 2.4147350785597155E-15
steps1
1
11
 0.0 1.0 2.0 3.0 4.0 5.0 6.0 7.0 8.0 9.0 10.0
time2
1
11
 0.0 19.487 39.068 58.391999999999996 77.953 96.763 115.738 134.743 153.413 172.216 191.157
static-lbfgs
1
76
 0.5627855189062605 0.3419717438104992 0.22423141181810738 0.15087096391263002 0.10802008565104165 0.0790433814708183 0.055770147550750604 0.03724917752806267 0.023238029483695466 0.016912089539944858 0.010461572303036154 0.008397484211720901 0.007284731408084527 0.0051334648161728835 0.004047179140749674 0.0024366585136281205 0.0016492533139330356 0.0012079141577255592 8.621721636375146E-4 6.313685246225054E-4 4.478347815573547E-4 2.9322203087236987E-4 1.9533402368110409E-4 1.495704978171919E-4 1.0946213236914804E-4 7.447386580558546E-5 6.202438625776963E-5 3.604725844502665E-5 2.9973506293301533E-5 2.2366233362908217E-5 1.429146946227422E-5 8.599659604785481E-6 5.146482219303694E-6 4.285211331805927E-6 2.2011952274247903E-6 1.2302493468674403E-6 7.928942047652487E-7 5.198431664577008E-7 3.993677592240008E-7 2.322403951371399E-7 1.9118251118332985E-7 9.837033837500897E-8 6.977625230386586E-8 4.525547073197522E-8 2.0690238272669248E-8 1.7695859305666417E-8 6.860848555945154E-9 5.1731507133556676E-9 2.3872790411161304E-9 2.003633731151311E-9 8.845252308375962E-10 6.412858577498071E-10 4.4182837943829156E-10 2.133937748727277E-10 1.737443799942895E-10 9.134221157225397E-11 7.476821939356171E-11 4.754516225169425E-11 2.3440166474486546E-11 1.1393858079244978E-11 7.496031573239748E-12 4.300948486246625E-12 3.580830076899133E-12 2.1385671011842078E-12 1.3840595336489514E-12 6.927514117904821E-13 5.114242362935784E-13 3.321509733922312E-13 2.0930479571745764E-13 1.0441647546599597E-13 6.858402734621905E-14 4.6102011097559625E-14 2.856048730848215E-14 1.7569279364693102E-14 1.174060848541103E-14 8.326672684688674E-15
steps4
1
76
 0.0 1.0 2.0 3.0 4.0 5.0 6.0 7.0 8.0 9.0 10.0 11.0 12.0 13.0 14.0 15.0 16.0 17.0 18.0 19.0 20.0 21.0 22.0 23.0 24.0 25.0 26.0 27.0 28.0 29.0 30.0 31.0 32.0 33.0 34.0 35.0 36.0 37.0 38.0 39.0 40.0 41.0 42.0 43.0 44.0 45.0 46.0 47.0 48.0 49.0 50.0 51.0 52.0 53.0 54.0 55.0 56.0 57.0 58.0 59.0 60.0 61.0 62.0 63.0 64.0 65.0 66.0 67.0 68.0 69.0 70.0 71.0 72.0 73.0 74.0 75.0
time5
1
76
 0.0 2.638 5.539 8.096 10.777000000000001 13.642000000000001 16.196 18.847 21.707 24.259 26.909 29.772 32.353 35.007000000000005 37.874 40.46 43.114000000000004 45.978 48.532000000000004 51.196000000000005 54.043000000000006 56.620000000000005 59.31400000000001 62.153000000000006 64.709 67.452 70.263 72.822 75.552 78.37400000000001 80.96300000000001 83.69500000000001 86.48400000000001 89.042 92.002 94.56099999999999 97.12299999999999 100.08899999999998 102.64199999999998 105.19699999999999 108.21999999999998 110.77499999999999 113.333 116.346 118.91 121.494 124.434 127.0 129.59 132.544 135.109 137.716 140.618 143.173 145.875 148.761 151.315 153.957 156.834 159.409 162.075 164.95299999999997 167.50799999999998 170.15999999999997 173.02499999999998 175.60099999999997 178.26399999999998 181.15599999999998 183.70999999999998 186.373 189.237 191.79 194.45399999999998 197.32 199.875 202.531
dyna-reg-lbfgs
1
96
 0.5627855189062605 0.3431975356031025 0.2220994176895886 0.1809860861288465 0.17853217789873402 0.15350318953969708 0.1307265952128148 0.09861280055235602 0.0760384243088903 0.06690486460547221 0.06690486460547196 0.06690486460547193 0.06690486460547196 0.062471355901541264 0.05118855588916679 0.041785087948636196 0.04178508794863617 0.04178508794863617 0.031673913425115025 0.029456479265257768 0.022387770812980295 0.019162337803833723 0.019162337803833335 0.019162337803828505 0.01916233780382834 0.01883146884984213 0.01247110731647269 0.010293493822720462 0.007861648351964123 0.005533171723034053 0.0034979970452009568 0.0024239983181212066 0.0017072299088913 0.0010024559293432267 7.973218773417445E-4 5.399559835976564E-4 3.4260780927139467E-4 2.6451467167062925E-4 1.766978155438026E-4 1.5192095101659864E-4 1.0956185680624508E-4 6.534875719838018E-5 5.775690316039972E-5 3.324370653279285E-5 2.8038045741446416E-5 2.0080343755196628E-5 1.2201961819030549E-5 1.10414779521395E-5 7.0306868845126935E-6 6.062611324630929E-6 4.476128650288125E-6 3.5344845547014003E-6 2.6028404470634925E-6 2.2319218981603495E-6 1.713900237482191E-6 1.2343619538446315E-6 1.0445700278083336E-6 7.877504752396014E-7 6.887543881617386E-7 5.203672572839935E-7 3.502951475276017E-7 2.1241255146464688E-7 1.5780164186462997E-7 1.022524550586823E-7 7.168560833825666E-8 4.237585410349354E-8 2.732841328234592E-8 1.8814989288795658E-8 8.84593659433719E-9 6.729752921597054E-9 3.1595129013073375E-9 2.418541755755399E-9 1.3938550313952192E-9 5.854963180951245E-10 4.226745620172778E-10 2.5532084779733566E-10 2.1677110106921305E-10 1.3605294668650458E-10 6.160433274615684E-11 2.9066610229833145E-11 1.5216855553390474E-11 1.2412765260094716E-11 9.136330580972185E-12 5.294459315408062E-12 2.9796720646402264E-12 2.0050905380486483E-12 1.1665945987004989E-12 6.827871601444713E-13 3.5552116806059075E-13 2.3775426072347727E-13 1.3511414209688155E-13 9.384160115644136E-14 4.8183679268731794E-14 3.094746681142624E-14 2.2287727219350018E-14 8.631984016460592E-15
steps7
1
96
 0.0 0.020100951445035067 0.04020190289007013 0.0603028543351052 0.08040380578014027 0.10050475722517532 0.1206057086702104 0.14070666011524546 0.16080761156028053 0.18090856300531558 0.20100951445035065 0.22111046589538572 0.2412114173404208 0.2814133202304909 0.32161522312056107 0.36181712601063115 0.44222093179077143 0.5226247375709117 0.6030285433510519 0.7638361549113325 0.924643766471613 1.0854513780318935 1.4070666011524546 1.7286818242730155 2.0502970473935767 2.693527493634699 3.3367579398758207 3.979988386116943 4.9799883861169425 5.9799883861169425 6.9799883861169425 7.9799883861169425 8.979988386116943 9.979988386116943 10.979988386116943 11.979988386116943 12.979988386116943 13.979988386116943 14.979988386116943 15.979988386116943 16.979988386116943 17.979988386116943 18.979988386116943 19.979988386116943 20.979988386116943 21.979988386116943 22.979988386116943 23.979988386116943 24.979988386116943 25.979988386116943 26.979988386116943 27.979988386116943 28.979988386116943 29.979988386116943 30.979988386116943 31.979988386116943 32.97998838611694 33.97998838611694 34.97998838611694 35.97998838611694 36.97998838611694 37.97998838611694 38.97998838611694 39.97998838611694 40.97998838611694 41.97998838611694 42.97998838611694 43.97998838611694 44.97998838611694 45.97998838611694 46.97998838611694 47.97998838611694 48.97998838611694 49.97998838611694 50.97998838611694 51.97998838611694 52.97998838611694 53.97998838611694 54.97998838611694 55.97998838611694 56.97998838611694 57.97998838611694 58.97998838611694 59.97998838611694 60.97998838611694 61.97998838611694 62.97998838611694 63.97998838611694 64.97998838611694 65.97998838611694 66.97998838611694 67.97998838611694 68.97998838611694 69.97998838611694 70.97998838611694 71.97998838611694
time8
1
96
 0.0 0.054 0.108 0.166 0.23600000000000002 0.29200000000000004 0.35500000000000004 0.41600000000000004 0.47600000000000003 0.538 0.68 0.8140000000000001 0.9540000000000001 1.0190000000000001 1.1420000000000001 1.463 1.701 2.192 2.406 2.617 3.038 3.461 4.4319999999999995 6.313 8.325 9.296 11.088 13.097 14.802999999999999 17.436 20.483 23.109 25.736 28.76 31.383000000000003 34.036 37.044000000000004 39.699000000000005 42.36000000000001 45.349000000000004 47.974000000000004 50.651 53.691 56.447 59.139 62.098000000000006 64.72200000000001 67.49900000000001 70.436 73.132 75.851 78.78399999999999 81.41 84.139 87.069 89.694 92.413 95.345 97.969 100.687 103.618 106.24199999999999 108.975 111.911 114.547 117.26899999999999 120.201 122.827 125.606 128.548 131.209 133.92600000000002 136.86100000000002 139.483 142.247 145.168 147.839 150.609 153.537 156.16 158.922 161.815 164.44 167.221 170.118 172.74599999999998 175.54 178.393 181.02 183.83200000000002 186.45800000000003 189.098 192.12300000000002 194.746 197.375 200.413
saga
1
88
 0.5627855189062605 0.008685117167329615 0.003479831792514737 0.0017321919882662684 0.0011079536941862589 5.626504157848211E-4 3.6680801196509183E-4 2.3841377829925126E-4 1.8314971731997476E-4 1.064683561928792E-4 6.190457094612523E-5 5.616447089853982E-5 2.8955107189587714E-5 2.855178205982134E-5 1.6136650623665982E-5 1.128557097768157E-5 1.945242130002578E-5 4.500681102859172E-6 5.33675889508034E-6 2.2836697026740183E-6 1.6661603274847891E-6 2.6708911888828624E-6 8.564282268919143E-7 5.939537942867279E-7 5.738007836375569E-7 4.083102033425323E-7 3.442397418784715E-7 1.6275840461488222E-7 1.205902118439628E-7 1.351266366300674E-7 7.822167361060117E-8 1.5285785626151238E-7 3.720549379693239E-8 1.1222661852605675E-7 2.342886706863112E-8 1.2988250439049942E-7 2.4199451525985793E-8 7.439531934938515E-9 6.5456132181118676E-9 5.596584140565852E-9 3.2588780563003183E-9 6.26703297590403E-9 9.951005824904158E-9 8.268801893196454E-9 1.2553410255744524E-9 1.4952938609535948E-9 4.929090746674802E-10 4.307165651917799E-9 3.0101737769072656E-10 3.2499017366127703E-10 5.53162071703639E-10 4.422125721159631E-10 8.714015620192583E-11 1.2464407284085155E-10 4.541811371439053E-11 5.886743870142652E-11 7.721978612096336E-11 5.759312471376177E-11 4.2100739561234946E-11 5.94777838092142E-11 3.137748394443918E-11 9.650724663856636E-12 1.720634745794314E-11 5.926287238722239E-12 1.3723827629874563E-11 2.0019264024284666E-12 1.8182400030042345E-12 1.1632972363173621E-11 8.656686478758502E-13 9.992007221626409E-13 6.225853166341722E-13 9.484274476889709E-12 2.9439783943985276E-12 1.0249578963339445E-12 1.3186118863472984E-12 2.1908586056440527E-12 1.1299294833122531E-13 2.3878121702125554E-13 1.4740986209460516E-13 7.377431998634165E-14 2.47496467764563E-13 2.4721891200840673E-13 6.397660179402465E-14 8.368306048112117E-14 2.1621593404574924E-14 1.0630385460785874E-14 1.5054624213917123E-13 6.966649479522857E-15
steps10
1
88
 0.0 1.0 2.0 3.0 4.0 5.0 6.0 7.0 8.0 9.0 10.0 11.0 12.0 13.0 14.0 15.0 16.0 17.0 18.0 19.0 20.0 21.0 22.0 23.0 24.0 25.0 26.0 27.0 28.0 29.0 30.0 31.0 32.0 33.0 34.0 35.0 36.0 37.0 38.0 39.0 40.0 41.0 42.0 43.0 44.0 45.0 46.0 47.0 48.0 49.0 50.0 51.0 52.0 53.0 54.0 55.0 56.0 57.0 58.0 59.0 60.0 61.0 62.0 63.0 64.0 65.0 66.0 67.0 68.0 69.0 70.0 71.0 72.0 73.0 74.0 75.0 76.0 77.0 78.0 79.0 80.0 81.0 82.0 83.0 84.0 85.0 86.0 87.0
time11
1
88
 0.0 1.6069999999999338 3.224999999999756 4.940999999999985 6.799000000000605 9.588000000000306 11.373999999999317 13.15299999999833 15.038999999997285 17.73899999999788 19.5570000000001 21.334000000002273 23.217000000004575 25.918000000006874 27.713000000009067 29.49800000001125 31.35700000001352 33.94300000001143 35.73600000000725 37.52100000000309 39.363999999998796 41.97799999999438 43.782999999990174 45.56599999998602 47.39299999998176 50.02699999997729 51.823999999973104 53.60499999996895 55.42599999996471 58.03099999996029 59.824999999956106 61.61099999995194 63.428999999947706 66.02599999995266 67.82699999996126 69.60999999996977 71.4369999999785 74.02699999998751 75.81999999999607 77.63300000000473 79.4710000000135 82.04700000002245 83.839000000031 85.6170000000395 87.46300000004831 90.04600000005729 91.83800000006585 93.61700000007434 95.47500000008321 98.02600000009204 99.81300000010057 101.5990000001091 103.47600000011806 106.00200000012677 107.83700000013553 109.62700000014402 111.51400000015303 114.03500000016172 115.82400000017026 117.60500000017876 119.49000000018776 122.01500000019648 123.80300000020502 125.58200000021351 127.47000000022253 129.9930000002312 131.78500000023976 133.56400000024826 135.45100000025727 138.0070000002661 139.79300000027462 141.57500000028313 143.46000000029213 145.99700000030091 147.78700000030946 149.57100000031798 151.45400000032697 153.98300000033572 155.77400000034427 157.5580000003528 159.46100000036188 162.01200000037068 163.80200000037922 165.59000000038776 167.47800000039678 170.03000000040564 171.81700000041417 173.59900000042268
DataDrivenNewton
1
16
 0.5627855189062605 0.20584285812256894 0.12307865063007808 0.08157054523707527 0.06063808456871095 0.04932579976686233 0.037036780507621575 0.03173026514746466 0.027006316611955378 0.015388193408617995 0.004780687695361718 2.749824324911887E-4 3.224853241085013E-6 2.456469444522824E-9 3.366751322175787E-14 1.3877787807814457E-15
steps13
1
16
 0.0 0.020100951445035067 0.04020190289007013 0.0603028543351052 0.08714879170947425 0.14028230669585026 0.21126099968731854 0.30609282172689506 0.49385804261401706 1.057153705275383 2.057153705275383 3.057153705275383 4.057153705275383 5.057153705275383 6.057153705275383 7.057153705275383
time14
1
16
 0.0 1.169 2.964 4.031 4.523 5.0969999999999995 6.255999999999999 7.797999999999999 10.754999999999999 14.296999999999999 26.342999999999996 45.94799999999999 66.5 86.10900000000001 106.31300000000002 125.66900000000001
