8
dyna-reg-lbfgs
1
38
 0.03015142716755259 0.03008446122005337 0.0 0.0 0.0 0.0 0.0 0.0 0.0 0.0 0.0 0.0 0.0 0.0 0.0 NaN NaN NaN NaN NaN NaN NaN NaN NaN NaN NaN NaN NaN NaN NaN NaN NaN NaN NaN NaN NaN NaN NaN
steps1
1
38
 0.0 0.020100951445035067 0.04020190289007013 0.0603028543351052 0.08040380578014027 0.10050475722517532 0.1206057086702104 0.14070666011524546 0.16080761156028053 0.18090856300531558 0.20100951445035065 0.22111046589538572 0.2412114173404208 0.26131236878545583 0.30151427167552597 0.38191807745566625 0.5427256890159468 0.8643409121365078 1.5075713583776298 2.50757135837763 3.50757135837763 4.50757135837763 5.50757135837763 6.50757135837763 7.50757135837763 8.50757135837763 9.50757135837763 10.50757135837763 11.50757135837763 12.50757135837763 13.50757135837763 14.50757135837763 15.50757135837763 16.50757135837763 17.50757135837763 18.50757135837763 19.50757135837763 20.50757135837763
static-lbfgs
1
22
 0.03015142716755259 0.030150080355096254 0.0 0.0 0.0 0.0 0.0 0.0 0.0 0.0 0.0 0.0 0.0 0.0 0.0 0.0 NaN NaN NaN NaN NaN NaN
steps3
1
22
 0.0 1.0 2.0 3.0 4.0 5.0 6.0 7.0 8.0 9.0 10.0 11.0 12.0 13.0 14.0 15.0 16.0 17.0 18.0 19.0 20.0 21.0
newton-dyna-reg
1
38
 0.03015142716755259 0.012507871253493397 0.009908601371218517 0.00849284432592956 0.00748089813372399 0.0066863411054443045 0.006032580401822418 0.005479368157596309 0.005002306525154876 0.004585168267462469 0.004216470227068947 0.003887733056354592 0.003592502037774725 0.003325750023325247 0.003200354935271821 0.0031395352093033235 0.003109580983025162 0.0030947161027070624 0.003087311514304858 0.003082559112166372 0.0030778158627048358 0.00307308173893861 0.0030683567140086243 0.0030636407611769334 0.0030589338538263844 0.0030542359654599505 0.0030495470696996207 0.0030448671402862892 0.0030401961510782005 0.0030355340760512828 0.0030308808892975936 0.0030262365650248757 0.003021601077556113 0.0030169744013286426 0.003012356510893377 0.0030077473809144717 0.0030031469861681037 0.0029985553015424715
steps5
1
38
 0.0 0.020100951445035067 0.04020190289007013 0.0603028543351052 0.08040380578014027 0.10050475722517532 0.1206057086702104 0.14070666011524546 0.16080761156028053 0.18090856300531558 0.20100951445035065 0.22111046589538572 0.2412114173404208 0.26131236878545583 0.30151427167552597 0.38191807745566625 0.5427256890159468 0.8643409121365078 1.5075713583776298 2.50757135837763 3.50757135837763 4.50757135837763 5.50757135837763 6.50757135837763 7.50757135837763 8.50757135837763 9.50757135837763 10.50757135837763 11.50757135837763 12.50757135837763 13.50757135837763 14.50757135837763 15.50757135837763 16.50757135837763 17.50757135837763 18.50757135837763 19.50757135837763 20.50757135837763
newton-static
1
22
 0.03015142716755259 0.025721946297030507 0.023356315170815822 0.02177707528769779 0.020615256375408064 0.019707619473912752 0.018968805758420415 0.01834948110127721 0.017818922350802735 0.01735681371069364 0.016949044345677455 0.016585409566832854 0.016258281155410503 0.015961799553560807 0.015691361314676078 0.01544328124769867 0.015214562195855486 0.015002733583282968 0.014805735328869862 0.014621832540471114 0.014449551609485023 0.014287631506221032
steps7
1
22
 0.0 1.0 2.0 3.0 4.0 5.0 6.0 7.0 8.0 9.0 10.0 11.0 12.0 13.0 14.0 15.0 16.0 17.0 18.0 19.0 20.0 21.0
