10
SGD
10
51
 -0.9196622674599498 -6.3790566733684875 -6.711895071406484 -7.136579835094757 -7.367221298149184 -7.549763279158296 -7.704314555838234 -7.855281702133628 -7.923543092766557 -7.977665908805713 -8.055648263650506 -8.108623977298977 -8.158783528736565 -8.207697128247494 -8.263650941975182 -8.315275101396454 -8.352034762160338 -8.387659065520097 -8.410090453164647 -8.438040250720203 -8.465345512777011 -8.492173915473149 -8.525468171724633 -8.562517344928052 -8.581595225348666 -8.59872296435016 -8.618607706325399 -8.657841786128994 -8.68425039649463 -8.701183155062047 -8.718574013917458 -8.729009352375318 -8.749211022297825 -8.752878989208037 -8.76269410971539 -8.785526335112065 -8.799607735151678 -8.823018005110217 -8.838134502185085 -8.864199242062503 -8.879249375047728 -8.89407317339719 -8.908999499789998 -8.929093536469953 -8.94107421345218 -8.958874231707457 -8.96636007067133 -8.976032252996745 -8.994986890682597 -9.00610174084363 -9.01422297808443
51
 -0.9196622674599498 -6.229502345311309 -6.682071871103016 -6.8860476820356125 -7.116689939487944 -7.207986457739475 -7.401811952542498 -7.508202174806555 -7.5869605656281776 -7.658650186003773 -7.736305058322174 -7.765695903410839 -7.798028095757766 -7.876192663828931 -7.936805259961507 -7.9971905527295535 -8.046855008354354 -8.102629210573465 -8.130139556409947 -8.169139031141533 -8.198382812788552 -8.21484792403506 -8.271951459351614 -8.313187359378146 -8.333458341682874 -8.361763668234483 -8.383198471408003 -8.411066856070704 -8.437739840986692 -8.444201055126605 -8.455871627846316 -8.50391151836036 -8.534415496854539 -8.548382331957484 -8.585922362916696 -8.605678530942855 -8.623523991999363 -8.636344239537307 -8.65635385583241 -8.669849498689254 -8.67505368054963 -8.694004128688645 -8.703933750173166 -8.716309734546384 -8.726412184878367 -8.743588603026335 -8.755915515523677 -8.773132067166273 -8.796871950612275 -8.810969493303705 -8.82395243184115
51
 -0.9196622674599498 -6.502049960138676 -7.041861330366497 -7.280515543360947 -7.529842227497977 -7.682384998094009 -7.768009138146766 -7.919426844929185 -8.037728256729974 -8.129689792106337 -8.210220880021865 -8.279995565264239 -8.337242227263056 -8.395381806324307 -8.44483435168957 -8.489256357705697 -8.536664367980464 -8.583204119262207 -8.63940487045648 -8.68619712167327 -8.702765631909745 -8.742282114400494 -8.77379334511854 -8.806725442376841 -8.828096106582342 -8.837269259373237 -8.873622995849624 -8.901636493211122 -8.928969576794373 -8.946733598047075 -8.974153942084094 -8.99794820536022 -9.011045402742814 -9.036332266084356 -9.049819927025753 -9.036097567819283 -9.057727075140717 -9.077170402809307 -9.095019820961877 -9.115698904318686 -9.117439798062215 -9.14094740835338 -9.16339672713209 -9.174961737840981 -9.178647390341068 -9.18391291716766 -9.192781430151772 -9.205712596219211 -9.226487882912235 -9.231244984857925 -9.250704215673979
51
 -0.9196622674599498 -6.161606028694781 -6.6840622832179255 -7.037424741780286 -7.190228610918509 -7.4124607438672 -7.530020484871683 -7.716542426144236 -7.8185407688645805 -7.866355505645288 -7.990450570241979 -8.004381039528845 -8.028494376409279 -8.127274744221598 -8.199927700367509 -8.231375375186692 -8.251071647316904 -8.318545604977801 -8.332588913773396 -8.367274882121224 -8.379126776555546 -8.401764104410342 -8.448067299794378 -8.480596413880026 -8.538491448268134 -8.549846403033687 -8.575403612998578 -8.586054269729656 -8.580888411167091 -8.599460841613475 -8.647433065546155 -8.668712330476982 -8.683771280484516 -8.686070495501099 -8.695809020758533 -8.699927220794324 -8.724679645227233 -8.756543438589341 -8.789327133726786 -8.814704788875884 -8.843572687891832 -8.856185143763742 -8.866389337865222 -8.90082162229884 -8.922739782803585 -8.94894513763317 -8.965024078269746 -8.989597148129771 -9.002123429150648 -9.014120302493382 -9.024863195584807
51
 -0.9196622674599498 -6.128359196516282 -6.750304031732264 -7.132154360147611 -7.3354723999632805 -7.547022312266493 -7.620640709599255 -7.7746277214495825 -7.89189046201581 -7.972956986469626 -8.018323398298444 -8.097611873098407 -8.149503331050974 -8.170334057632552 -8.230545414605706 -8.249718235205936 -8.334276577759356 -8.34805788016049 -8.381422120771566 -8.409431029366152 -8.456179068005708 -8.503297927169967 -8.525192816129636 -8.562304844888944 -8.590980860252873 -8.623147815112834 -8.63300508380036 -8.65848824218465 -8.702618651722458 -8.7277796885239 -8.756983872746908 -8.778423556557964 -8.793125104784341 -8.814803648270539 -8.826920558046154 -8.82958193592384 -8.849090255894815 -8.85860095382733 -8.877957585076757 -8.898907566757153 -8.912151900589066 -8.920589945324856 -8.937869726843816 -8.949598863088145 -8.966084702930065 -8.980938086257757 -9.000164385060051 -9.01157666952419 -9.02116270139931 -9.037931704426319 -9.057747186100398
51
 -0.9196622674599498 -6.247041647526468 -6.719135839673188 -7.045240303188378 -7.210271490133523 -7.336435133695514 -7.469821593422539 -7.567371338486911 -7.5842490886178116 -7.66441538824412 -7.850430012134747 -7.932623450698861 -7.977824847774987 -7.9942091172965295 -8.059410413197648 -8.056350736181612 -8.119866000472904 -8.18583150378611 -8.23276566689788 -8.281900284283184 -8.321617489270873 -8.332563478481207 -8.394553344269337 -8.416162283406678 -8.443927534207871 -8.487092151792282 -8.518731074785936 -8.541523694819873 -8.553419188141847 -8.556800204067793 -8.587578403382286 -8.61561306186439 -8.631160078386795 -8.649823676715178 -8.673697316985995 -8.683983714062698 -8.715500367211941 -8.728899062723906 -8.746399012156681 -8.764925214306086 -8.772815162494718 -8.79206364406754 -8.814118073349698 -8.8264895090299 -8.839776381383496 -8.859142120663359 -8.874164021538547 -8.88734703291177 -8.899596757824987 -8.914346138370487 -8.92781149062158
51
 -0.9196622674599498 -6.357964979136773 -6.842559516545391 -7.205955527753436 -7.358748581191764 -7.492290412221281 -7.624087146872552 -7.670215959206654 -7.752967229445055 -7.858722143152235 -7.933618074561341 -7.999895343523141 -8.043117190076462 -8.10578536140155 -8.175382018379192 -8.2139725527437 -8.247223307697828 -8.320169788957083 -8.341329681955708 -8.365225831873724 -8.4241967896534 -8.406734950356878 -8.438163685244069 -8.480674778995512 -8.50804667707336 -8.547622992915468 -8.563949692968503 -8.60649154798825 -8.637035788545367 -8.653883092256725 -8.681966408369007 -8.70466944506575 -8.73386451247347 -8.757853541496369 -8.772957997676661 -8.796892363585457 -8.802613475322078 -8.822334821334783 -8.827648317735171 -8.828353810015527 -8.834938729347693 -8.851559273573958 -8.853402508058664 -8.886356847223725 -8.902705862422025 -8.930185515834397 -8.93496736609948 -8.941305108590026 -8.958343604368133 -8.96736905354658 -8.968591151397986
51
 -0.9196622674599498 -6.209920982944482 -6.975896824814643 -7.2222347307333425 -7.328734597066498 -7.456134615424489 -7.666095658248358 -7.779263142202451 -7.875167949748216 -7.932107511566036 -8.031497957750274 -8.023421003800065 -8.119570671855266 -8.185056576670354 -8.231872234309018 -8.273247145199477 -8.29910726758664 -8.3388307246322 -8.409968752892858 -8.463103801140509 -8.497997173116842 -8.529925180811379 -8.544432118267546 -8.586024829159289 -8.614004479354675 -8.626206190873198 -8.664781226429245 -8.68278717472448 -8.702452589564638 -8.717432184955292 -8.753204845542188 -8.761165592720275 -8.781317887193037 -8.781981544237834 -8.802052920107844 -8.82480643395702 -8.850005606371823 -8.878684546654505 -8.897935012431962 -8.917659459296548 -8.92742596840321 -8.931498995969692 -8.950484613980414 -8.966358522979544 -8.974091051996886 -8.992751682595799 -9.002268801764057 -9.016743621413495 -9.035988294717956 -9.04930805469371 -9.058366662355265
51
 -0.9196622674599498 -6.256149856258027 -6.827744513593704 -7.193495086580445 -7.370435945253891 -7.4835304195456835 -7.632562275241985 -7.698867132734819 -7.8344620403250795 -7.94416498725466 -7.98194909273249 -8.047346115108082 -8.104031508796506 -8.158770949845255 -8.216517539151972 -8.262129843704145 -8.28830189506791 -8.319372901545181 -8.361393850406246 -8.398549753085714 -8.408711182694299 -8.42642860637083 -8.473492151062535 -8.523097786422925 -8.545963078138954 -8.575291261219549 -8.596279819812981 -8.632349271427154 -8.659705294638751 -8.694623709777305 -8.720608206456102 -8.738221616863806 -8.766311256472525 -8.78244388559615 -8.795529714076553 -8.804072322657321 -8.825476693825514 -8.842755564425255 -8.851129927655357 -8.868001139688097 -8.869944683718355 -8.889809480852556 -8.913317677530925 -8.928044179156107 -8.944773113950697 -8.959605677603275 -8.96755453498959 -8.982048747443319 -8.99597163454463 -9.002686825866066 -9.014105924726305
51
 -0.9196622674599498 -6.175371372787959 -6.650089002203044 -6.990751307808663 -7.196985176012031 -7.376159284967234 -7.492070753220515 -7.61540472093918 -7.699957415468063 -7.748292538618005 -7.889773841308356 -7.898415431102768 -7.96939761567402 -8.020776332316423 -8.080144706039812 -8.12668547601386 -8.195656897774247 -8.239006612797786 -8.265667152426053 -8.310332594753802 -8.361266736284726 -8.396805459312006 -8.421047999537807 -8.438408727410936 -8.459279450580322 -8.492659015156267 -8.51849612020642 -8.547451595259927 -8.56152762355155 -8.591271074036614 -8.627268062986108 -8.647018807736087 -8.667612773940153 -8.695952713022196 -8.706219084231543 -8.732699497575725 -8.754483829156483 -8.779808288850695 -8.797885586743368 -8.822928784150783 -8.837049548041936 -8.847335965159521 -8.858332497289672 -8.874152413825778 -8.901533841075477 -8.91423200682551 -8.924568049329876 -8.944782148153001 -8.959773309361996 -8.969796908660241 -8.981340120017748
SAGA
10
51
 -0.9196622674599498 -4.6245204080999285 -5.276035129569396 -5.810340745695636 -6.167388455656548 -6.481806739641107 -6.71757020238732 -6.989680739828056 -7.179485368679858 -7.416659796739696 -7.62778460241354 -7.845047800490344 -7.94938177318416 -8.225416089027583 -8.374102415714432 -8.553726445062058 -8.696949951350408 -8.931318454683034 -9.105965819743775 -9.271967637330253 -9.436623935164933 -9.592185169558526 -9.74665695768035 -9.88521734532985 -10.089699165475167 -10.2471307557947 -10.423816155084863 -10.584560217108283 -10.698339388941255 -10.909900505153612 -11.077558278717229 -11.212441719164525 -11.29879022206778 -11.51148712598406 -11.681848493271275 -11.816168572545385 -11.943575848374179 -12.078851122231061 -12.191065879461073 -12.330737771182612 -12.452558334366675 -12.570473473846437 -12.627627331813907 -12.805859631641024 -12.919043190654849 -13.017816657693139 -13.145953658619138 -13.258043062106866 -13.279038064359955 -13.567637927786167 -13.694389035034451
51
 -0.9196622674599498 -4.694873325512476 -5.336776434608807 -5.802924147768453 -6.1121863638580205 -6.405162724995235 -6.698842574777671 -6.95075791209988 -7.169835518435923 -7.372376495781823 -7.60498860634652 -7.848802148800416 -8.004473787136174 -8.180977689425582 -8.41614209598179 -8.613279350915057 -8.797941276480211 -8.892541212856399 -9.05889102443007 -9.3128889723498 -9.524783662251037 -9.684621921426388 -9.910333129215877 -10.042815312333829 -10.226618290588462 -10.378849400245192 -10.519890705859945 -10.673561260816847 -10.825604857691772 -10.9719975334164 -11.108255814606993 -11.23029106785275 -11.394998268658139 -11.501137851000799 -11.656576479548086 -11.797807226384148 -11.938868814845504 -12.102177294807236 -12.248371699489468 -12.374221655017532 -12.520063957726569 -12.625266452194918 -12.768326085298314 -12.927277616831011 -13.030781765699368 -13.145095571620887 -13.274831731847273 -13.380469204357427 -13.529820866991356 -13.64273075786461 -13.758311972174335
51
 -0.9196622674599498 -4.596835233958311 -5.19932592831493 -5.650515362289746 -6.058392664809115 -6.354202949524437 -6.6102282323134585 -6.938051534521005 -7.178942982560537 -7.447278845699153 -7.63962435274263 -7.825603602512636 -8.00672145093906 -8.126703234226364 -8.444545156273502 -8.591022943075565 -8.772463346064383 -8.952432077471993 -9.064275520989922 -9.29772452934028 -9.418892388975944 -9.583911541161205 -9.75424801557744 -9.914077031685325 -10.01649104901779 -10.173840867513263 -10.317526027977216 -10.464534370848797 -10.583209241785932 -10.788373643106338 -10.921249495228283 -11.077766188709333 -11.226000733656196 -11.39941144006384 -11.530577550118977 -11.64540670504998 -11.794299727741503 -11.916887909412392 -12.052243903415462 -12.20792666414652 -12.363452622927346 -12.467168944190279 -12.604121442885706 -12.736509593717571 -12.877496843970283 -12.99427393969322 -13.114897638266635 -13.240257986182577 -13.356845992202677 -13.449982938288 -13.570477703382458
51
 -0.9196622674599498 -4.639584060156692 -5.299573827852184 -5.749000636263525 -6.095421534205534 -6.409726884609401 -6.660574811265987 -6.925707441599177 -7.2140024730782635 -7.403414460634267 -7.6096048658813515 -7.816680468829415 -7.980227670803836 -8.177066518295089 -8.347314998636623 -8.54106067056145 -8.727826294521696 -8.846163416800035 -9.063989832558368 -9.272788123581762 -9.37446260034217 -9.592334471395706 -9.72793964890502 -9.88702691779777 -10.00721724089984 -10.17232124660897 -10.264710814774126 -10.402652054254867 -10.588972735753861 -10.768040801244764 -10.923037555416919 -11.069635945701231 -11.150683484746285 -11.35614613956526 -11.484105454045308 -11.602975223198811 -11.744023498082216 -11.906114217106627 -12.04403663416856 -12.188827604353138 -12.33926387185808 -12.459722508379759 -12.549422335491284 -12.64181450723179 -12.802707971769557 -12.951161423795273 -13.040800457299998 -13.196845066122515 -13.293345774003061 -13.42578795589392 -13.539324304564621
51
 -0.9196622674599498 -4.585142398966506 -5.187176063542277 -5.621072071424374 -5.995201012969714 -6.321848630408187 -6.6622520148247375 -6.934681634541338 -7.151681850231522 -7.389311350925616 -7.638954477913233 -7.854316390677658 -8.068238622266353 -8.245813349506053 -8.473211907498975 -8.624705949521546 -8.843695918352664 -9.000082019174103 -9.151037169209948 -9.329541831199984 -9.467529122223413 -9.621377507140293 -9.687829164949255 -9.870545966862778 -10.076828208979316 -10.212061593555598 -10.393943913184007 -10.541773026224952 -10.604502691770447 -10.765193504584929 -10.946693694259077 -11.038066671712086 -11.16307218540414 -11.307875859777992 -11.312304665520214 -11.587843305957861 -11.694665951459875 -11.787195549932221 -11.977830298171948 -12.09927477181324 -12.24826897949457 -12.370312190612326 -12.473398224148577 -12.566444998820831 -12.682148899784973 -12.931326691784689 -13.0524138411365 -13.149506596003484 -13.207599594753171 -13.418601855657794 -13.649430281766158
51
 -0.9196622674599498 -4.6672547745141735 -5.349877369082111 -5.8073775666371334 -6.175174416201119 -6.454414937022364 -6.6875879839293475 -6.900345884701513 -7.153454195606232 -7.373735586353058 -7.590189508074303 -7.766395052336359 -7.924449560510488 -8.18037957132691 -8.370352161431097 -8.571887577452795 -8.734402961942907 -8.918863791913902 -9.095418732218292 -9.233230672202605 -9.45473107768965 -9.623557386714706 -9.78232373853043 -9.959937204754436 -10.097423724974593 -10.253298836782502 -10.389849750145359 -10.566244413973406 -10.757059188576859 -10.90269185118958 -11.082317988785336 -11.182735886183105 -11.23748307337827 -11.43225456681228 -11.614658278882924 -11.699313104657067 -11.843855787537715 -11.94144278992443 -12.052618838069453 -12.111153108818163 -12.391416642675521 -12.477045496985939 -12.632993308076834 -12.78108803757848 -12.946610097884198 -13.066004057022742 -13.177650233705704 -13.25885744354414 -13.42774836229006 -13.554544996805268 -13.541449749355605
51
 -0.9196622674599498 -4.612859478869773 -5.266076559647875 -5.7154172085359845 -6.062891492095077 -6.35931189855256 -6.604178378962485 -6.833044257144751 -7.148836925938409 -7.3770877942749795 -7.62639996792435 -7.834268064049653 -8.02368768942031 -8.229453905062163 -8.404496390927704 -8.582269593132462 -8.782938911425896 -8.964118621198578 -9.16379091458199 -9.264015591956895 -9.49420637499395 -9.676615669422251 -9.828530818138223 -9.969888102589092 -10.076826968207444 -10.2350442390633 -10.39429699608124 -10.53640212981669 -10.719487768379398 -10.865875628420387 -10.971938909984047 -11.082551904190833 -11.228497399831845 -11.394531088018722 -11.507562055314498 -11.685206323433489 -11.824364597556292 -11.898417125024736 -12.066216645257924 -12.188806622565748 -12.30556917789153 -12.424799925572305 -12.527966588953062 -12.804225469873769 -12.928907717181747 -13.072964147212994 -13.218094338247251 -13.35364125011993 -13.485820284821829 -13.596140743865618 -13.737751885407025
51
 -0.9196622674599498 -4.622035991444693 -5.246708637519264 -5.69661970676467 -6.063875473618092 -6.397347116709116 -6.688280579823038 -6.915773858753031 -7.106633756691447 -7.369036604773915 -7.566738248268035 -7.757850572029304 -7.964657100279472 -8.163950778667092 -8.314820168760981 -8.516728442777646 -8.591441265781583 -8.845966875045798 -8.999504945248615 -9.146703079206302 -9.289268021078483 -9.432025081315606 -9.555019886025844 -9.795253166105537 -9.965572272394166 -10.128867666062094 -10.26480921301047 -10.404330780060976 -10.551886322421732 -10.687282771520772 -10.82536264284874 -10.97177270585213 -11.12318012469601 -11.240195831088593 -11.350115992984065 -11.547941380293995 -11.69236463736148 -11.805366925168098 -11.993870012379043 -12.124316110808376 -12.238049846037786 -12.379618119813072 -12.510431684026468 -12.699593122970033 -12.835159871263475 -12.92014107190465 -13.040847284977689 -13.163342043832825 -13.275813030144022 -13.426268497443553 -13.590391635302735
51
 -0.9196622674599498 -4.708033608741649 -5.308982650199809 -5.79792605742538 -6.108389251492859 -6.397597301952558 -6.730183901952013 -6.9571828694047415 -7.1275113088252295 -7.308936024338189 -7.495128605883451 -7.719687562832632 -7.976570215529776 -8.196086663753718 -8.326239369616733 -8.460743685661074 -8.61917589984998 -8.819339660339363 -8.960308754565157 -9.141622016247755 -9.328776946878744 -9.479755783884317 -9.647021197762424 -9.811277650172489 -9.941918810756246 -10.063203465326945 -10.265132146246502 -10.387060003185107 -10.500908604978289 -10.655475057110621 -10.777163512908086 -10.94141186877409 -11.007835793404036 -11.214679711907367 -11.352454281766027 -11.475617607377405 -11.641174059033052 -11.770714292990302 -11.900571703861052 -12.020554108043873 -12.155597577110907 -12.33859548507451 -12.463686547455696 -12.609285686367354 -12.731158304961001 -12.88013632864675 -13.009783559363038 -13.110567709930187 -13.2344697828862 -13.175920518449354 -13.483183680658694
51
 -0.9196622674599498 -4.6334653062551805 -5.324686306580533 -5.814235801855602 -6.146751808869853 -6.466728720104096 -6.723495659433838 -7.016168893505978 -7.206571575697806 -7.488412184874883 -7.681003495341722 -7.925100106780391 -8.10481066834617 -8.223477633088615 -8.478735641809457 -8.634201045410657 -8.805585182107789 -8.970575419810764 -9.116489462450676 -9.327134159403307 -9.48232569510694 -9.674268579153145 -9.742474722213768 -9.890049609525924 -10.013625089100282 -10.185852554899478 -10.356636213850413 -10.469419112768419 -10.650292658203954 -10.808859212123833 -10.956167724320736 -11.081081637143518 -11.23819536502478 -11.324384871497989 -11.517499635951935 -11.663016966934261 -11.8101758589364 -11.949643283346365 -12.087968228187957 -12.222272384651223 -12.380118181551133 -12.51758126920046 -12.609808282122438 -12.747600239483523 -12.879391158584344 -12.990258605922682 -13.115338736860645 -13.226412679852348 -13.330515864059088 -13.558656790185916 -13.685047324915688
ADAPTSAGA
10
51
 -0.9196622674599498 -5.855390171822058 -6.543912281202358 -7.010601318366079 -7.4540309140533125 -7.919440307102184 -8.173242605120228 -8.488538712164821 -8.828718818319961 -8.916005017308718 -9.215334010437445 -9.160315617774808 -9.349435574977331 -9.880766070460295 -9.7565555099769 -10.529811041267854 -10.820425960682538 -10.966140491581513 -11.190164622404026 -11.488369968378043 -11.897764411333329 -12.055641159685822 -12.258206447948636 -12.385600848456496 -12.542403053433933 -12.65475761712597 -12.811711607158818 -12.901649320480185 -13.087002009399349 -13.175887309238718 -13.316256861737063 -13.477614446805102 -13.581191158379298 -13.688231252648226 -13.777171973293235 -13.88754483552083 -14.081839393980115 -14.209129297613044 -14.32711862405854 -14.442603323278572 -14.562687566972203 -14.636656721951336 -14.784242046057424 -14.920288987639777 -15.028067424544833 -15.136319579897629 -15.265457906625008 -15.377340985802343 -15.412057293349893 -15.610521458487352 -15.73293700787109
51
 -0.9196622674599498 -5.843089373131258 -6.645496015193574 -7.09955077384048 -7.4493869860296265 -7.935210314132982 -8.212007669072413 -8.465694378463533 -8.80564650821282 -8.948268344597572 -9.11455192010005 -9.171727866821364 -9.474493199821756 -9.872231812404186 -9.865420207541916 -10.526410544914048 -10.71776958256367 -10.918452654498514 -11.300231563538778 -11.624837443261898 -11.873450282169538 -12.061641906038146 -12.225074704723315 -12.387820928218838 -12.51659259318656 -12.56183565462234 -12.756707903834956 -12.929480475305931 -13.042304806559262 -13.184352682635538 -13.313479090638403 -13.429280502306117 -13.552722499325032 -13.65832044779129 -13.815807608876348 -13.937769730668816 -14.062845488360578 -14.171146538233558 -14.295254717008442 -14.39848354160953 -14.552896453223864 -14.6636871206891 -14.728033004224073 -14.845688051094639 -15.0029624126617 -15.128307540187993 -15.259942072356807 -15.383688494710036 -15.488704474102304 -15.616222350780982 -15.734184861694088
51
 -0.9196622674599498 -5.919224763126317 -6.540551240964568 -7.054281173310379 -7.564422227792666 -8.031923193529943 -8.252326769022087 -8.548915499410702 -8.78994883696841 -8.990116436912906 -9.089795889345597 -9.208338216982684 -9.551360762049208 -9.925812103548218 -9.675328706680707 -10.59269692007779 -10.799788474364043 -10.983238656424373 -11.390849430602332 -11.686236729572673 -11.920665153417312 -12.125082417188322 -12.288722380633152 -12.435450711185839 -12.435521583442151 -12.670072861474873 -12.768635085149798 -12.972216648406468 -13.08418366390003 -13.216098974853436 -13.360814097730279 -13.468039108665653 -13.62554782928665 -13.706311900982977 -13.853559165285596 -14.005745307128679 -14.131815034987925 -14.242284811515933 -14.374376656346852 -14.474337079115902 -14.60913464344633 -14.708554077546978 -14.84001135562423 -14.98015623799319 -15.099349006662107 -15.19893447533231 -15.333253954224965 -15.454575439380124 -15.568005740574069 -15.687219060289785 -15.796664294985488
51
 -0.9196622674599498 -5.570006443039863 -6.487273805430132 -7.063264062805669 -7.5682812988752035 -7.818369724738932 -8.27289926725092 -8.5280712335997 -8.808320346462212 -9.001229457130066 -9.175455124783914 -9.250896188243242 -9.479103715929423 -10.035281077504786 -9.678393439673012 -10.576167591485486 -10.803544799879445 -10.940289898385403 -11.378663300683991 -11.691205145432948 -11.772860477574572 -11.956670839756633 -12.216169166388147 -12.432783393186329 -12.576156980230977 -12.709976631794905 -12.728414167296867 -12.812671001783768 -13.06936367757598 -13.231061240288966 -13.364304988841276 -13.460963206525019 -13.607743785211328 -13.737279002855328 -13.846570403405966 -13.994296613965748 -14.12074415785084 -14.031468918100574 -14.381135877356177 -14.504935285881398 -14.625882847429695 -14.736750535145408 -14.875600311518408 -14.979013688576664 -15.088469886731938 -15.187989761426653 -15.33025537030159 -15.436269071376664 -15.565035112878126 -15.691327262774896 -15.847037141568984
51
 -0.9196622674599498 -5.790883393135229 -6.439877774976438 -7.0159123128604275 -7.348076952789833 -7.892224612648193 -8.2053771652274 -8.48744512751438 -8.751634941757539 -9.01284472972092 -9.190651430863557 -9.263393367958974 -9.427886052126981 -9.908769507241434 -9.685205557011363 -10.517341667513382 -10.887247147843286 -10.923220847178177 -11.400197356641971 -11.681681608476401 -11.926679736874652 -12.126367231255486 -12.225798722664155 -12.423366454274477 -12.510670567643796 -12.667020019139168 -12.80650016184471 -12.93279140903117 -13.07379477881716 -13.193765601752055 -13.340783617515436 -13.468082655049566 -13.583033014706508 -13.696062885239227 -13.846694973953998 -13.963417055725408 -14.025733285058976 -14.188378335218514 -14.327326505467271 -14.450013727506864 -14.59010343866341 -14.70370138761907 -14.814644627614298 -14.931426863554899 -15.058177610557374 -15.180203249096689 -15.299021559430363 -15.421094834959053 -15.530233379860885 -15.635478119056625 -15.771578713491914
51
 -0.9196622674599498 -5.893255259845171 -6.499109890861233 -6.986569735107239 -7.390261361974341 -7.784508766517416 -8.17114049113831 -8.485761905173385 -8.695252081293269 -8.918542615216104 -9.032618856526847 -9.031017914965476 -9.437714644388231 -9.855050985684953 -9.874134737963224 -10.501451085487815 -10.781787325956952 -10.906295248625666 -11.21153484117476 -11.590956340656978 -11.799703691561206 -12.021511654855887 -12.18850912694644 -12.339398490266548 -12.47105241869947 -12.612304097978951 -12.652527805745624 -12.868523034222136 -12.959431389534716 -13.038205207151998 -13.19568839798956 -13.319393790356608 -13.431082125873257 -13.566886519822031 -13.691970508947849 -13.742371933484051 -13.897685637048713 -14.165573587204104 -14.251381050326547 -14.398783799423803 -14.530356325166364 -14.65644986907217 -14.783660244784068 -14.765511353607662 -15.014166733704718 -15.081273805758206 -15.20687570319343 -15.363337778959824 -15.482622978327774 -15.613342753026044 -15.619944602484791
51
 -0.9196622674599498 -5.451991242253186 -6.527055110670943 -7.07506962258573 -7.498600563839302 -7.970073022060006 -8.243606479342452 -8.498343101855484 -8.77131045946151 -9.038625913190012 -9.121353824997525 -9.10787651437304 -9.42402460712901 -9.922317423023914 -9.614128437588384 -10.495761226691823 -10.825704300588843 -10.856267373128476 -11.455495802498543 -11.73240492187452 -11.91542188433983 -12.072581715831879 -12.204135771048007 -12.38874697161532 -12.488237601183085 -12.719219575731273 -12.821442044501637 -12.967543553061695 -13.104640367954138 -13.22154732954579 -13.197401186967948 -13.368143909602825 -13.557612591462968 -13.745716598279717 -13.887125775939742 -14.010222901677974 -14.14039866014162 -14.208570014170274 -14.351052671760373 -14.50496520491657 -14.620561688247085 -14.73364975129063 -14.873464041389257 -14.984813921315213 -15.06052946470665 -15.202559535659168 -15.346446047520883 -15.458565859905784 -15.569288380332807 -15.698435520890838 -15.83027010209417
51
 -0.9196622674599498 -5.809604408627746 -6.657330687439632 -7.082378175931721 -7.453020384317819 -7.919767740845447 -8.244563022683922 -8.485749388135318 -8.699444116039428 -8.869623727016835 -9.121338191144162 -9.179130228958764 -9.286602709838528 -9.836040263942715 -9.64793270798698 -10.516280157883992 -10.745981200652404 -10.99583780377081 -11.159798204654217 -11.626117704084981 -11.891372003064395 -12.079242488655598 -12.213953410454256 -12.373850132615917 -12.41444017286078 -12.636763372206335 -12.808933191948915 -12.940570306448233 -13.0503500294334 -13.188511735388264 -13.314940011719406 -13.438812008288268 -13.595885419315593 -13.730487090591033 -13.84816757119549 -13.972404266067011 -14.101455765779654 -14.209195888667528 -14.337141629276578 -14.466600235977996 -14.551935914702836 -14.727026365217238 -14.856078263009449 -14.955558671060455 -15.09067509347139 -15.183090317306652 -15.273064831623145 -15.438899773725666 -15.574044953574816 -15.684405958714285 -15.81074240714252
51
 -0.9196622674599498 -5.499782135511102 -6.596840106511761 -6.976462788449331 -7.363663372787608 -7.924411684364219 -8.132491924097677 -8.388765048730125 -8.739189201940452 -8.90407337771127 -9.155832779702209 -9.251606938957522 -9.309303453374197 -9.87780080283823 -9.628454832198553 -10.505188037463352 -10.810107784799902 -10.898630478268007 -11.354171345320028 -11.666682022323835 -11.873134335080652 -12.064264255569865 -12.187326483051688 -12.28669518395365 -12.468869738652526 -12.617838620677649 -12.710425999612287 -12.927302705224143 -13.036312460694338 -13.143023319576187 -13.245561487073122 -13.398138384810515 -13.542993231116641 -13.655401033354465 -13.789722669991962 -13.917965371172492 -14.012407150017369 -14.149928627432868 -14.277807408201829 -14.386201637730046 -14.513616980819705 -14.617219078792495 -14.738713453440393 -14.859372202862962 -14.96821149373472 -15.080230312490254 -15.170998546558234 -15.291185544872913 -15.399313175711178 -15.513924688124572 -15.622513763830923
51
 -0.9196622674599498 -5.851766176319869 -6.582552894983422 -7.0945518002776575 -7.532258713909789 -7.869355294314297 -8.318437876952745 -8.447697023704464 -8.749972640594214 -8.969200867371502 -9.147438225925109 -9.209741885295562 -9.232486364660154 -9.848082405652862 -9.762219193921132 -10.502965470238825 -10.822591645846407 -10.846073959400666 -11.306166280073565 -11.68389890858059 -11.8732794694993 -12.019178328439914 -12.095884074652425 -12.267290598857311 -12.484469117143115 -12.657498763512198 -12.806893318917725 -12.931318901348845 -13.038765016048224 -13.080259864906315 -13.280976313405395 -13.37446062478831 -13.46281684250493 -13.594813649013034 -13.817525305243075 -13.93217291617609 -14.062602355264556 -14.192411155897888 -14.322866910967424 -14.437227827633594 -14.523033592326678 -14.68574867008543 -14.750718932452974 -14.847824381612053 -15.006379330537383 -15.122325313522401 -15.254143794111908 -15.381618074686841 -15.495756488163531 -15.606737579888716 -15.717475238873199
ADAPTDoubling
10
51
 -0.9196622674599498 -6.0208551026304695 -6.439227590428189 -6.946895579197341 -7.295242838799509 -7.758740243120822 -8.00798045592895 -8.287852857806294 -8.569524127857656 -8.715869155395971 -8.94874275536526 -9.079491540341932 -9.391497585367434 -9.578762776292566 -9.561311229317722 -9.882301858655405 -9.894600765596095 -9.933194127259524 -10.063323038801922 -10.286482060889597 -10.42208436083498 -10.602959150507669 -10.719985578592873 -10.841020581943601 -11.037699276797916 -11.011938341281102 -11.359759359737254 -11.531383440722328 -11.644455402083079 -11.667986921962603 -11.844093645415787 -12.117148822547547 -12.144115047128352 -12.400054562671304 -12.519387274272766 -12.708024279736929 -12.274621392050117 -12.685842226298117 -12.853027897380343 -12.91241669900896 -13.076702167283258 -13.119149457646023 -13.39370301579316 -13.487114086831294 -13.511528151193595 -13.65874465150432 -13.712537305078255 -14.035693585825069 -14.23501658580176 -14.312148389293625 -14.355701487763223
51
 -0.9196622674599498 -5.977180413385264 -6.604495590270087 -7.067596293594184 -7.484251555739737 -7.812146624954218 -8.058110048769239 -8.25088257899302 -8.57591648325116 -8.912147886815474 -9.116020893090061 -9.236260035155054 -9.400681355074965 -9.579827709548987 -9.766858951300078 -9.917982859645088 -10.095866682277396 -10.13708075078573 -10.262102865481518 -10.452008466940644 -10.724336138265263 -10.94104769974631 -11.03067943986588 -11.139480640267497 -11.36834743317728 -11.505689341645521 -11.502491913288205 -11.488678172679643 -11.978109844424258 -12.129369462475795 -12.260587169946957 -12.461196835187751 -12.53702668653676 -12.651499566671811 -12.79910041010134 -12.910988967505869 -13.096975160825448 -13.246239233347302 -13.431523932731984 -13.520454187436224 -13.651344299092818 -13.801308832729527 -13.826594534915891 -13.919842835764417 -14.00853988246445 -14.064857221644196 -14.236134963719172 -14.265408323105401 -14.517553542610838 -14.689100630201846 -14.903784430300208
51
 -0.9196622674599498 -6.148677771355636 -6.4557168137190395 -7.073796173286172 -7.2377693843727355 -7.5894597390350755 -7.914916242430195 -8.21688502359313 -8.454841721493928 -8.658379535792504 -8.79649576864835 -8.953517983558251 -8.858896945709006 -9.089514908097662 -9.396990274580293 -9.573386640044136 -9.690402804132683 -9.882211617770986 -10.006292975941665 -10.119188673827345 -10.18469254470173 -10.423247274415935 -10.601169197861319 -10.65736111984007 -10.975651213655354 -11.113647407661013 -11.230209990648648 -11.370075785548723 -11.668066866643118 -11.728405668631613 -11.89063329402912 -11.876127869648613 -12.11849236799378 -12.196188294943532 -12.380356092481515 -12.630680694201917 -12.752260264465361 -12.439255659117894 -13.059310152354865 -13.268804422619596 -13.364695245831074 -13.521655618802878 -13.692330482223712 -13.809825506430762 -13.914946703021497 -14.095641511652172 -14.291135731439983 -14.431145921531428 -14.546402316511703 -14.664629185523658 -14.848203731127871
51
 -0.9196622674599498 -6.042005229411616 -6.554904829597585 -6.972397038293155 -7.317630938466471 -7.669875954237763 -7.9618385434053 -8.091908716360678 -8.318080420330569 -8.382518173406824 -8.64710641350429 -8.984474614391726 -9.126583352428131 -9.358046456633158 -9.298884689917754 -9.634774241398699 -9.625945259815508 -9.94440836266512 -10.01020055696552 -10.166536276248909 -10.136126430046588 -10.332564310331277 -10.491193634157055 -10.681730938529661 -10.821694041499585 -11.04471120034113 -11.144446384735561 -11.28516386239518 -11.362402020547995 -11.48522898219378 -11.781084356919168 -11.870899675170259 -12.018945520400047 -12.078476452785148 -12.234888337978257 -12.31485639812317 -12.436976595869814 -12.594334271581246 -12.823423029362392 -12.983871028849881 -13.008838535775173 -13.138848478573655 -13.323075765124546 -13.48828314401472 -13.566660191440272 -13.6629984901687 -13.747193825528308 -13.876049009040672 -14.026585927867924 -14.126727977473557 -14.193261853265797
51
 -0.9196622674599498 -6.1165747583743295 -6.3883426376610695 -6.874263260719053 -7.174137705435391 -7.628024366352141 -7.781689177250102 -7.951022892718107 -8.131510414237281 -8.423956872217397 -8.616475167463836 -8.827783376097793 -8.817022114966054 -9.1612504583008 -9.343264946819604 -9.606831100591979 -9.602134937143754 -9.864922144129283 -9.835676911279746 -10.152057201858192 -10.368415968626863 -10.35781255807751 -10.479797108500312 -10.68678334949724 -10.662989794441447 -11.061491199902468 -11.178699337593757 -11.361818306361991 -11.367472546998126 -11.643904601746797 -11.666295888579327 -12.057571347681137 -12.207815731402864 -12.399649442606373 -12.194227149062755 -12.36049016235616 -12.672538686704488 -12.799507678032635 -12.928752997978968 -13.02134861821869 -13.184658247709658 -13.04317528061004 -13.356394341208382 -13.59929938761319 -13.687442053977191 -13.762869538950763 -13.884856885137285 -14.011653269816538 -14.236915133263736 -14.34867779994268 -14.526971560233502
51
 -0.9196622674599498 -5.856937397655993 -6.5075922434271165 -6.870130648791482 -7.228414961752282 -7.483815831774824 -7.865926913353114 -8.135238163074622 -8.0715037362218 -8.586948800126367 -8.758530204124662 -8.959384662584986 -9.140991999409502 -9.237969511806527 -9.499240030428238 -9.487949748953866 -9.71261415746883 -9.693499164010369 -9.969971403546229 -10.076028161309454 -10.248387887461815 -10.524116254969538 -10.571844040355927 -10.704018244294438 -10.784631133254624 -11.071668953840161 -11.173428821566123 -11.355007072896681 -11.572149601211667 -11.73680293333505 -11.868932639941425 -11.916758031283813 -11.677149877650866 -11.913420737798432 -12.388001897650485 -12.361119594871408 -12.560084555589057 -12.732221866639211 -12.782078416952581 -12.994853465837908 -13.261218431843586 -13.346160700290286 -13.336008697871954 -13.657550496726879 -13.779556460859519 -13.878967799796596 -13.976988084016602 -14.114135118568326 -14.321384244505058 -14.43932767397118 -14.547974554645496
51
 -0.9196622674599498 -5.901395774729492 -6.492417805395322 -6.883219788607431 -7.182455733197048 -7.6154309053837395 -7.909418670162211 -8.197058470526894 -8.544622991728104 -8.702219793423406 -8.80646439074227 -9.045762092316577 -9.245175758228154 -9.486767638536284 -9.603716505572638 -9.722842424022257 -9.79044509429678 -9.80835546192374 -10.215395614146267 -10.264718958377697 -10.413018864622657 -10.549955275413211 -10.888103271765717 -11.057351931079976 -11.163594936027197 -11.232567847387866 -11.414841088009782 -11.809535312383714 -11.76356184547412 -12.05657103104221 -12.138153075840764 -12.347919509419045 -12.418019598598269 -12.268977979393688 -12.75760569109359 -12.855794237525808 -13.06017189855502 -13.101804184146019 -13.240847981041908 -13.317369576302143 -13.39648649055232 -13.641212349731667 -13.6593477150874 -13.810527217428623 -13.989632842618224 -14.316092939191831 -14.494117979312934 -14.637120678483068 -14.789801450376276 -14.8354806623796 -14.99585714965365
51
 -0.9196622674599498 -5.910423158382919 -6.316438773706851 -6.954424084704982 -7.055588894698487 -7.700185479628008 -7.81083107435719 -8.00160566372692 -8.407109635640778 -8.589325273178295 -8.688120508598494 -9.06601246811016 -9.346823568077282 -9.475862558613834 -9.675815523623724 -9.768246121600608 -9.97238105597998 -9.978660533296692 -10.080004087402711 -10.116587610963652 -10.449166058114479 -10.623084749543393 -10.666241302118799 -10.970548016621072 -10.993661192910839 -11.363877905920601 -11.509780144161992 -11.56914970820076 -11.779909722913224 -11.715724094873542 -11.97574655976243 -12.126561572515177 -12.173088698297144 -12.51938716829284 -12.736169260240246 -12.842099491958342 -12.725959910634439 -13.188517142816034 -13.399528866027818 -13.511719639335055 -13.713819654789152 -13.911294535934529 -14.016113211307301 -14.120167877667326 -14.322138751678407 -14.456485140548034 -14.622583596385057 -14.752275751689563 -14.862483001064255 -14.998901874490832 -15.117333267169625
51
 -0.9196622674599498 -5.881561303734319 -6.3430476500081365 -6.561367201683938 -7.070149221918745 -7.436442261602866 -7.8108392231572275 -8.099061966133247 -8.29233502004612 -8.480089198947907 -8.745786498752253 -8.99209583620752 -9.231271483147275 -9.22138216560751 -9.327406610386921 -9.72314302347383 -9.8018571173186 -10.007923352072531 -10.04985504176458 -10.26593019464069 -10.40376796860696 -10.434488227847883 -10.477988658194999 -10.822884767688354 -10.686237114718313 -11.246751324407578 -11.31103811986576 -11.262299124814778 -11.538543393739896 -11.606023157012615 -11.780948608287694 -11.783244680523417 -12.063990072873974 -12.142581106193072 -12.266066224670093 -12.456652395582685 -12.638838169282257 -12.811765113217064 -12.938475721200104 -13.193719370818688 -13.313388737563832 -13.501676582725029 -13.580916200544786 -13.732728365346096 -13.847876640220623 -13.962959406760813 -13.955704626419875 -14.14639497481127 -13.874549226890279 -14.484011595049285 -14.632513048041725
51
 -0.9196622674599498 -5.983954182410808 -6.498340521646591 -6.693045831556935 -7.28420459495426 -7.553072865008847 -7.713011826397237 -8.037389728542276 -8.357083045882074 -8.531976792800865 -8.915634642021134 -8.984244073280218 -9.156002258030199 -9.35288025267063 -9.360409920780198 -9.588818249604937 -9.828296536933639 -9.75461605134141 -10.108971648564761 -10.45122339020634 -10.543934677109007 -10.65431479947648 -10.705388511451238 -10.634343872657729 -11.05953136151164 -11.241835987640519 -11.420672425376198 -11.535808884273662 -11.482828104445574 -11.76250096330585 -11.959044315308283 -12.12035382834763 -12.256732052079187 -12.43087388798256 -12.621779444223382 -12.758629679793168 -12.914569454021068 -13.026531829721755 -13.14705851013971 -13.266686336574162 -13.395128343660936 -13.570840796004976 -13.574526138134383 -13.674325531227973 -13.881303842921438 -13.937349302607847 -14.033715021366955 -14.20378258109003 -14.36351678329004 -14.323993720635329 -14.515964324871563
MainSSVRG
10
51
 -0.9196622674599498 -2.1039439908707975 -3.863466962348774 -4.175876741020001 -4.363790474041004 -4.506999942083941 -4.335386202408477 -4.342030878811628 -4.429527615232117 -4.194838616090502 -4.218035971574421 -4.126412409173638 -4.209020893557112 -4.271522090491959 -4.166523718682151 -4.189508272717274 -4.189508272717274 -4.266709029714983 -4.539760041933191 -4.749235949178887 -4.940309871195935 -5.107810781160343 -5.266282249439675 -5.406277304002974 -5.52079085911254 -5.642710201969792 -5.742826475421995 -5.84775141092058 -5.954723468619755 -6.047589173680945 -6.123947636280167 -6.216479844316405 -6.289461756369288 -6.35867935130187 -6.3602989094081215 -6.3602989094081215 -6.3602989094081215 -6.3602989094081215 -6.3602989094081215 -6.3602989094081215 -6.3602989094081215 -6.3602989094081215 -6.447769316341179 -6.565449422907715 -6.675497766133169 -6.7800072045120325 -6.87945965391119 -6.976031632957398 -7.071686700546822 -7.162157559499066 -7.251809487859298
51
 -0.9196622674599498 -2.079477619141361 -3.8767649146991676 -4.328754666684275 -4.3202887666994485 -4.577781211913335 -4.384894638789094 -4.668266340832585 -4.633188666781489 -4.611997247474347 -4.509136267041199 -4.288131167327561 -4.390624935366638 -4.390624935366638 -4.390624935366638 -4.70344000785446 -4.963599594787663 -5.185263611480796 -5.365992349743944 -5.538215602796427 -5.66649680033655 -5.803806497579862 -5.926098078528589 -6.046652469954272 -6.152321144148034 -6.248336879653774 -6.337475665198564 -6.411014259588369 -6.491858426500819 -6.546232971193699 -6.570918254321051 -6.570918254321051 -6.570918254321051 -6.570918254321051 -6.570918254321051 -6.570918254321051 -6.570918254321051 -6.570918254321051 -6.603604372965785 -6.70317552919015 -6.7948853525122 -6.881078137061137 -6.964443908148236 -7.043915767082593 -7.116392416000052 -7.187428507142482 -7.256358517204599 -7.322556211085549 -7.3852548560835345 -7.443613513900949 -7.505935237373428
51
 -0.9196622674599498 -2.139999773531246 -3.9981034856734468 -4.418857584359139 -4.6963691383295085 -4.718139911135249 -4.708725349039193 -4.797123946149115 -4.754659861021148 -4.67189335191879 -4.633643162882931 -4.633643162882931 -4.633643162882931 -4.763575524948057 -4.963018816910901 -5.142122400547344 -5.3121578691614255 -5.468868182172217 -5.61112951087359 -5.746748552170965 -5.878256979597924 -6.0093927387570645 -6.117794700408048 -6.224773900771423 -6.323494315735329 -6.426096001891062 -6.524947561972935 -6.621847415040469 -6.695365731321083 -6.787367331753018 -6.853804826137579 -6.936390155089167 -6.990793539254916 -7.069775287228268 -7.145452159563522 -7.191924759785246 -7.224973300716848 -7.224973300716848 -7.224973300716848 -7.224973300716848 -7.224973300716848 -7.224973300716848 -7.224973300716848 -7.224973300716848 -7.224973300716848 -7.340694825479544 -7.4629761472800915 -7.56392637675901 -7.655563550416597 -7.742890253889762 -7.82676785633502
51
 -0.9196622674599498 -2.124536727166798 -4.045219024885342 -4.523473256213483 -4.873435686700464 -4.961976483894109 -5.046618230371493 -5.156083344409946 -5.086678409438046 -5.005445943154398 -4.92596826960277 -4.975199133030065 -4.901860360209478 -4.8473459652627975 -4.7463844643571615 -4.644163098896423 -4.479578863755046 -4.423211539800135 -4.399202768772211 -4.339563203655821 -4.258731459557645 -4.235809375247446 -4.206962740097114 -4.206962740097114 -4.206962740097114 -4.3119655270438 -4.4500928943153895 -4.581793682507749 -4.704855436716056 -4.82428607219585 -4.935609501316753 -5.0414840760186115 -5.148185143237944 -5.245507388802373 -5.340198579391386 -5.4342393141431895 -5.523687284886144 -5.602650481406087 -5.671521701892175 -5.747453644406904 -5.8188570128295005 -5.893481030563628 -5.958587465763859 -6.028019592580344 -6.094041575197977 -6.153087017794874 -6.213835239679109 -6.271765992324021 -6.296083804169635 -6.296083804169635 -6.296083804169635
51
 -0.9196622674599498 -2.122075995526332 -4.074250187419929 -4.462350523135677 -4.6699941375353475 -4.797007929760295 -4.88111099628337 -4.969529792256444 -4.957116871319534 -4.908118039424108 -4.826968723859517 -4.710597781222219 -4.569667453804357 -4.403802422898435 -4.457421065122686 -4.415831159884693 -4.367845703879452 -4.367845703879452 -4.367845703879452 -4.473216277599441 -4.617416719715263 -4.754123812403143 -4.880599753977719 -5.002565789070105 -5.114978805850916 -5.218836408904397 -5.3210755928529245 -5.414976795319319 -5.509733146786881 -5.605061678017889 -5.688041024110543 -5.773839121947154 -5.848292393763773 -5.914225197201765 -5.982144374571302 -6.04998650904109 -6.122828367361882 -6.196033293190166 -6.254913062441042 -6.307609521607935 -6.325476205330164 -6.325476205330164 -6.325476205330164 -6.325476205330164 -6.325476205330164 -6.325476205330164 -6.325476205330164 -6.325476205330164 -6.364294600060716 -6.463247933982248 -6.557540681635789
51
 -0.9196622674599498 -2.1476710174247793 -3.812517856477984 -4.432446498358749 -4.5756335989364425 -4.525643689049032 -4.4672303325769365 -4.635678280522 -4.659871229210774 -4.612987339614004 -4.466297129776145 -4.431607911589845 -4.315318706781424 -4.326132618562234 -4.178011173327649 -4.116604394437059 -4.116604394437059 -4.116604394437059 -4.25145191478152 -4.5729777448662015 -4.79966693983801 -4.979584188505278 -5.135535234809591 -5.283150149272272 -5.428527509533267 -5.565395083426515 -5.685382044453577 -5.79190634320557 -5.90453797796648 -6.018729364037101 -6.10837986221495 -6.201990441284267 -6.2893256473517845 -6.356972389311693 -6.444094621940427 -6.510233054991668 -6.58192711017854 -6.638840478328176 -6.709890492579003 -6.77285483946842 -6.78755540882548 -6.78755540882548 -6.78755540882548 -6.78755540882548 -6.78755540882548 -6.78755540882548 -6.78755540882548 -6.78755540882548 -6.863720527817659 -6.9824117525887015 -7.094043326447342
51
 -0.9196622674599498 -2.0991949856233707 -3.824885361839636 -4.197543817780268 -4.2900686300900785 -4.463424974894273 -4.456922097463726 -4.601281425088272 -4.783073939788285 -4.670931993812616 -4.445966908106658 -4.081383488670285 -4.206323512414296 -4.240441691286116 -4.48231054324523 -4.397212553860447 -4.426431352272485 -4.344133841441598 -4.3667972718724215 -4.379565421585384 -4.148707875235006 -4.212669508777194 -4.078044436649007 -4.087476215272426 -4.203809824714112 -4.093485033111422 -4.093485033111422 -4.093485033111422 -4.22466381572902 -4.420010782351248 -4.566554755542242 -4.686002494606765 -4.791454434829569 -4.889069009355075 -4.985577066819339 -5.035112743047038 -5.035112743047038 -5.035112743047038 -5.035112743047038 -5.035112743047038 -5.035112743047038 -5.035112743047038 -5.035112743047038 -5.048749318933658 -5.158523248387624 -5.264997333835232 -5.367601244532169 -5.468063963199954 -5.556565697122676 -5.556565697122676 -5.556565697122676
51
 -0.9196622674599498 -2.1069697493751747 -3.830756454346076 -4.375058910555753 -4.594769870095642 -4.551722164823403 -4.752670914954562 -4.62102946704809 -4.4518772162708675 -4.30668228239865 -4.327011749089202 -4.241138701365865 -4.249772582676216 -4.249772582676216 -4.30558275724615 -4.54071291483956 -4.744778654025781 -4.927343654454142 -5.089779588669341 -5.237355643306801 -5.380721489054934 -5.523319924429094 -5.652084349361767 -5.762477807231943 -5.762477807231943 -5.762477807231943 -5.762477807231943 -5.762477807231943 -5.762477807231943 -5.762477807231943 -5.762477807231943 -5.762477807231943 -5.862149520993042 -5.986572634873404 -6.1041410203480355 -6.216264475267044 -6.3248178127387 -6.430368587605878 -6.530166609575417 -6.6237040807675145 -6.7186110106624515 -6.809683107822633 -6.875311006793071 -6.875311006793071 -6.875311006793071 -6.875311006793071 -6.875311006793071 -6.875311006793071 -6.875311006793071 -6.875311006793071 -6.875311006793071
51
 -0.9196622674599498 -2.018749013027393 -4.0321258970522 -4.384845154299203 -4.52287848599461 -4.662981155362606 -4.854729127605199 -4.824191328608976 -4.927879219229379 -5.063083388459384 -4.900964146082708 -4.656150717986293 -4.8452881286782326 -4.815098087131655 -4.7063734635344785 -4.708030217072981 -4.632965279915775 -4.531603144093563 -4.585447726191454 -4.3990546816274705 -4.3990546816274705 -4.3990546816274705 -4.566897085690167 -4.800941593984499 -4.963868827793613 -5.106386769287617 -5.237633623766073 -5.352399190909358 -5.46749792824373 -5.569123524024764 -5.676178891995123 -5.769683167467493 -5.855027788545069 -5.935349562236563 -6.011786181190406 -6.04048678219556 -6.04048678219556 -6.04048678219556 -6.04048678219556 -6.04048678219556 -6.04048678219556 -6.04048678219556 -6.04048678219556 -6.0789278377248195 -6.186134989840919 -6.202828470769504 -6.202828470769504 -6.202828470769504 -6.202828470769504 -6.202828470769504 -6.202828470769504
51
 -0.9196622674599498 -2.1364709106599955 -3.893607369191876 -4.404311426282459 -4.650739137387282 -4.720833649029911 -4.84361658917605 -4.899519650846123 -4.967718849916487 -5.0773909878921994 -4.954105322756568 -4.850141731189293 -4.795874384569275 -4.898373475077038 -4.8785966063528665 -4.8516365285007454 -4.59687017590941 -4.407721354384021 -4.49618072973874 -4.620548104647451 -4.617232847292679 -4.617232847292679 -4.617232847292679 -4.743387876035868 -4.878458559969432 -5.001274672707607 -5.117936359226916 -5.22914167305785 -5.333477600432714 -5.43355279889497 -5.529354768126475 -5.617653441920838 -5.707178197767611 -5.787065583502514 -5.8692874896091025 -5.953014908516902 -6.02187066237877 -6.086605323070897 -6.152709087628029 -6.218233172195992 -6.27531942479713 -6.338389040327503 -6.393027185604677 -6.452228340892891 -6.508263596112324 -6.529412645760602 -6.529412645760602 -6.529412645760602 -6.529412645760602 -6.529412645760602 -6.529412645760602
SGD:0.05
10
51
 -0.9196622674599498 -5.503694874291973 -6.28330237395085 -7.010586453566157 -7.376117857304339 -7.799061590104536 -8.122212326146606 -7.855287004422942 -8.71089730808957 -8.28260277325809 -8.775710554885782 -8.730529431343466 -8.24357635688821 -9.294133636246114 -8.986323445326978 -9.081124397523022 -8.540271091038294 -9.17023136994146 -9.33147325363154 -9.274360171533484 -8.967213538401202 -9.193720782846839 -8.887834135840304 -8.986151314341233 -9.0124487641764 -8.922623643750788 -8.891549358449238 -8.111007395986693 -8.775302829411675 -8.87853865685119 -9.367132612434173 -9.555773714416897 -9.24136880168797 -9.31434044419768 -9.349451102115308 -9.365671356226047 -9.531202538638162 -9.080160558024682 -8.713519725334757 -9.207591797030053 -9.224208536278185 -8.674547470636252 -8.681862597241299 -9.478267924425072 -8.908279910630094 -9.080537111493607 -8.795183096515617 -9.007277443825673 -8.63811575007544 -8.922319917880179 -8.71060114703281
51
 -0.9196622674599498 -5.584138249396948 -6.161056133047354 -6.83385814291111 -7.2038677374225815 -7.430532246409498 -7.970869883638643 -8.168975547367193 -8.572408936698562 -8.526274704009532 -8.442760323022886 -8.449961274818866 -8.64366815281356 -9.145811638594205 -8.543247425501866 -8.47366395879019 -8.136403096219748 -9.390658222157567 -8.335452461930142 -6.8332855494219835 -8.52599708499999 -8.239434891441546 -8.852850218546893 -8.502938741236134 -8.681281967665806 -8.808458255355001 -8.585229982270482 -8.925550515271087 -8.3758544995862 -8.810426922903783 -8.830197692589902 -7.675282204800843 -8.957806069970358 -9.006296143740387 -8.56766691168785 -8.795222020316254 -8.890324377826426 -9.02132983527663 -8.97665631282552 -8.54439387542421 -8.705810741642061 -8.953983060623544 -9.53749813463641 -8.44341013867453 -9.092653271536415 -9.300055291595145 -8.934709217694698 -8.898304206554918 -8.990166067760388 -9.176149765116872 -8.862047235614344
51
 -0.9196622674599498 -5.473067959880027 -6.392807800732547 -7.040798975492728 -7.292873039014736 -7.417655044044625 -7.8933369404933 -8.761487331526986 -8.62226700951805 -8.233936432821825 -8.662702115610866 -9.009771161907294 -8.653171164398154 -8.588644512823183 -8.88389251492996 -9.201024527290366 -8.49027830776531 -8.984817655216263 -8.810096726013189 -9.131841613312199 -8.857504818162713 -9.193799058993394 -9.128505144351136 -9.267844907464472 -9.352960304136472 -9.089479214767113 -9.269641554446732 -8.954210714713637 -9.374320486302445 -8.757938030246123 -9.080869703401424 -8.691069283862356 -8.732109022148359 -8.991744201384146 -9.011533753162398 -9.187103304468103 -9.384398912596494 -8.772227977602691 -9.357665448937412 -8.202238429084902 -8.413332532510593 -8.592002842971786 -9.042959724725975 -9.146662225303858 -8.938208402602047 -8.48424833411868 -9.174750916066266 -9.409364193619759 -8.642817491964925 -9.026287706669594 -8.929066514738949
51
 -0.9196622674599498 -5.522115048925047 -6.352667685317081 -6.7170962490928705 -7.305305632219929 -7.920155296387913 -8.14902676548867 -8.332989345246967 -8.6966946553479 -8.231313577869248 -8.931360771848242 -8.727213040355394 -9.12085906778189 -8.796740410334882 -9.168821318413045 -8.97078317131074 -8.529089951804265 -8.9515996719686 -8.825701147093628 -9.327693864653979 -9.004605337838491 -8.268855971648506 -9.274594763851365 -8.81429920696679 -9.094968947701203 -9.382509502651866 -9.211012925155728 -8.699395682394684 -8.512466907309783 -9.310743439835521 -8.634739696552327 -8.972515972191353 -8.792145346692744 -8.343340328672832 -8.872194512754968 -8.353838617110592 -8.99248178539108 -9.66236972045954 -9.316851653332717 -9.05348102214153 -8.770480050451045 -7.891086491240556 -8.642330771813569 -8.256467531523157 -8.948166202233686 -8.887381628930836 -8.725383777847648 -9.763320945836941 -9.918697431521483 -8.80410427999632 -9.6486126954695
51
 -0.9196622674599498 -5.501270665671775 -6.377080458690546 -6.949827609343327 -7.197538234943246 -7.62375399348165 -8.01051005594269 -8.13773472930692 -8.162320482176538 -8.27009268771948 -8.844965101236248 -8.321160291320206 -9.263879553787593 -9.24338485041203 -8.72742160124352 -8.5180176687429 -8.909468644728527 -8.228759460926101 -8.747472963699463 -8.511236858686775 -7.623548779563878 -9.012958956659782 -8.89599290720816 -8.695097145057323 -8.834036426735798 -8.114606954690474 -9.201208362572034 -8.098183288430533 -8.884555221860738 -9.213262734061676 -8.94115999350187 -8.669737378513835 -9.488223451028862 -9.847726223013188 -8.926654736369322 -8.8534295803161 -8.582545387038031 -9.126132173146894 -9.094323813477146 -9.298136893305434 -8.9688294861863 -8.949689811794977 -8.900595379139215 -9.496799939790819 -8.294151455123009 -8.05932883903871 -8.582002350140817 -9.056734056658236 -8.678292131262417 -8.694263007274492 -8.589805394587978
51
 -0.9196622674599498 -5.55911011656553 -6.385164808115212 -6.903072318103009 -7.495123394072066 -7.886996520808724 -8.000128855034006 -8.335312525903765 -8.401192318101788 -8.819011578720739 -8.868239721061839 -8.528445291736398 -8.351786416435708 -8.758240235770735 -8.902481081642302 -8.955137272966434 -8.299377766937813 -8.850908467930479 -8.388240367849589 -8.68058312288808 -8.74315009298444 -8.848126523482167 -9.37454758308228 -9.09350733434146 -9.116248530628706 -9.019669240044564 -8.94877563286396 -8.496720820017362 -8.8832030554173 -8.955657624686232 -9.057992211955066 -8.963155373721795 -9.708624660361496 -7.495244598134573 -9.057140097722257 -8.992555205744663 -8.991239814194524 -8.559151316404401 -9.110056449317705 -8.260758971165158 -8.539954148875061 -8.788694165574865 -9.173309489536656 -8.813616042640389 -9.108911404458096 -9.142243274811575 -9.19509115675461 -8.888716074207823 -9.31695267211996 -9.44221279586178 -9.058475617569385
51
 -0.9196622674599498 -5.3959222867078145 -6.205699937929522 -6.484311927663753 -7.10917001970455 -7.662101501045713 -7.993454260736667 -7.845626281912287 -8.314636558996733 -8.79827154101409 -8.800071299158546 -9.175719861361568 -8.054125646887519 -8.054662654821676 -9.096855474677737 -9.427355217641056 -9.003043709293546 -9.2242271816956 -8.808706606133411 -9.355344181032347 -9.219731487120333 -9.110574997813744 -9.45991544697666 -8.98535134633133 -9.228407210224288 -9.524881571794086 -8.985017041205785 -8.555222767128626 -9.347195768482878 -9.34673776581072 -9.266916500665015 -9.22918401914693 -9.563505967985265 -9.07135773616497 -9.164429599232287 -9.305539398767188 -9.223355301158294 -9.253140037093706 -9.304508836529255 -8.390794753597344 -9.149429008909575 -8.70144361712627 -8.152104358412421 -9.065753240994502 -9.148594172959887 -9.218436232107651 -9.262445146700259 -9.475924065767165 -9.295891661427925 -8.247615177672229 -9.32447868778709
51
 -0.9196622674599498 -5.385832766001844 -6.255626391122011 -6.880035899702382 -7.090452150794986 -7.375690896247619 -8.006426197359858 -8.272566693189745 -8.323935317589017 -7.708701323234212 -8.904628388377013 -8.90357613151337 -8.796391522803964 -9.303135947575958 -9.153519766522876 -9.327623587794383 -8.267576030742623 -8.14016520242081 -9.168633947380059 -8.447275087323453 -8.741906220365449 -9.084562088153408 -8.914073554539739 -9.25214320540788 -8.997261345104445 -9.085237191391656 -9.592154007036143 -9.531181852427752 -9.099514776094985 -8.556549987545711 -8.88490802128497 -8.305331007175745 -8.697195660158954 -8.594351789812542 -8.859011427199427 -9.351255066679625 -8.34557031386939 -9.118228994722374 -9.47333287987246 -8.875870493740312 -8.772884347382567 -8.44724166352157 -8.762113073857222 -9.168177363140092 -8.816359201925806 -9.265791207507561 -8.70378562117733 -9.366136134532903 -9.277912355019396 -8.83511642053652 -9.198945299024269
51
 -0.9196622674599498 -5.6110200641082955 -6.322465910352464 -6.811756605922475 -7.305290294215763 -7.50414150036145 -7.994161754351472 -7.426463950715078 -8.52708819921363 -8.574063354470539 -8.788854605587872 -8.04371246405452 -8.775798783024944 -7.979388853085388 -8.95380571019508 -8.054656139606845 -8.324259682338246 -8.029603442240061 -8.259224204540178 -8.33910069624218 -9.318850165921022 -8.721845199291293 -8.901333837183392 -8.917607264143886 -8.643026274031335 -8.920243366296884 -9.228222899902377 -9.249428992408362 -9.140796932987659 -9.252190137506416 -8.916041451956865 -9.402035906279918 -8.296221923891675 -8.251851514051578 -8.520561922142406 -9.15477779389561 -8.700669397933062 -7.860366349864321 -9.433670814785415 -9.14183666425011 -9.166742270844559 -8.764888436644453 -8.94080264471029 -8.663630579932205 -8.08594603199327 -8.8515370318984 -9.616164537942621 -8.980937763758638 -8.913614908223575 -8.903139373366937 -8.866002671913993
51
 -0.9196622674599498 -5.55382142986888 -6.3413774078566725 -6.866074506955014 -7.229267452391145 -7.113438365952093 -7.867290655604486 -8.372051615587079 -8.277160775150016 -8.089760819399652 -8.544403638370696 -8.452145639536111 -8.662052906106501 -8.278021911034685 -8.693654388225832 -8.280449623013647 -8.778429969189185 -8.94288312682964 -9.029426526424164 -8.6895423548036 -9.230694300943508 -9.317635320557857 -9.316980899320821 -8.593014973961932 -8.282863366172647 -8.513963375546076 -9.479744299585947 -9.037568986415526 -9.28882556661604 -8.948428633033553 -8.874112652792768 -8.095429997270477 -8.432353132776889 -8.410214608786637 -8.511754323950452 -8.941890259260376 -8.877932642144419 -8.01649165957552 -9.300514796642759 -9.16519981752448 -8.810858360170318 -8.97427931826526 -8.317729584283223 -8.564037370187089 -9.208898684697319 -7.913150432251485 -8.909468710112206 -8.93808805219515 -8.424561860268623 -8.779196448108863 -9.466088677896668
SGD:0.005
10
51
 -0.9196622674599498 -3.663229943531093 -4.17000295858479 -4.478743453210655 -4.719203890010396 -4.910467388317185 -5.088195831431535 -5.244862900181337 -5.3845924785964865 -5.50675796263108 -5.638366794140039 -5.757815256464125 -5.8663389415020974 -5.969402390474963 -6.055901722583788 -6.12301830244757 -6.230094912746228 -6.318896487793692 -6.4052690870000575 -6.479056529641394 -6.549949848833232 -6.625714445514465 -6.7106227630966115 -6.782263082819858 -6.830011916805792 -6.911767961489041 -6.984155564115599 -7.045025698387136 -7.1028243512527105 -7.169026042782215 -7.220168381629018 -7.283790053437012 -7.358297539517027 -7.415775282306187 -7.472750745794709 -7.521217161373536 -7.590083251112333 -7.650437743845752 -7.6806906772248995 -7.740355318169448 -7.809147980598693 -7.867985700057555 -7.89357018018988 -7.972387888395051 -8.025230033902709 -8.070059117989656 -8.126472613544811 -8.163169014208803 -8.174974432359992 -8.269945946527725 -8.337887319003654
51
 -0.9196622674599498 -3.6550552718221425 -4.159705081455063 -4.472605235311025 -4.717512296263237 -4.90544795681792 -5.088553682048784 -5.23763556126455 -5.3908620478967135 -5.5013281272342365 -5.630244344506971 -5.739656963799438 -5.848141685422593 -5.943921746242679 -6.04456674218224 -6.126551024368762 -6.219274596393965 -6.301098751459141 -6.389400840242176 -6.472650715796374 -6.5423101794216985 -6.623383487716721 -6.693370113648428 -6.7493748507249665 -6.8208002893187265 -6.908590202795126 -6.971919834669612 -7.032088203523448 -7.081295066734144 -7.1553083316039565 -7.215337792181626 -7.274170849144156 -7.332700556574639 -7.411905563066899 -7.445848068720317 -7.5001562508863 -7.537738944862224 -7.592754842594049 -7.648048108090987 -7.662563815328488 -7.721921987188973 -7.7641647194698145 -7.868937077708809 -7.927064458037894 -7.966879947912167 -8.026227477775542 -8.091824973121758 -8.135228808681337 -8.184045394441483 -8.206851696695034 -8.276619954312626
51
 -0.9196622674599498 -3.6537622694695813 -4.176945768275509 -4.489402086603299 -4.7199077292415215 -4.916157072532623 -5.102731256549392 -5.24156949144329 -5.380514000878957 -5.514414209537643 -5.641562326861084 -5.74870460737037 -5.858562830983588 -5.957911555419642 -6.051085261461422 -6.153047501330035 -6.237028959809656 -6.328286824908019 -6.423154315791163 -6.4981375925455325 -6.556356950298066 -6.629872280410926 -6.700025813874742 -6.774293534519385 -6.861234723071456 -6.925305488124554 -6.9996868026820245 -7.037771556421237 -7.092167008223392 -7.186060227864199 -7.251036967103337 -7.298971258014348 -7.3689690572444135 -7.435504353619335 -7.506579939442861 -7.549449165055969 -7.583636604154033 -7.635944564160271 -7.71841546398482 -7.7618734340771205 -7.826706553705102 -7.896030477494799 -7.9571046163994055 -7.993327690031344 -8.08111682614192 -8.14028546140892 -8.19653312416837 -8.274428607264946 -8.276997320780453 -8.348576912584218 -8.417574874959211
51
 -0.9196622674599498 -3.6539416720568774 -4.157011526614944 -4.448697309270278 -4.699463503922491 -4.905786705743301 -5.0677425790355475 -5.23239998285632 -5.366073261034501 -5.501997848902286 -5.64047187844463 -5.744168413297723 -5.835877499801409 -5.935868403671419 -6.027863852507458 -6.1182176279133405 -6.19010245044457 -6.290339417294102 -6.3764909606381455 -6.459430328664057 -6.535197608447123 -6.611219663929624 -6.6897651633211614 -6.74962595907851 -6.818619184669574 -6.885114137471085 -6.949800782000156 -7.015226702768076 -7.092071616034978 -7.13714750627186 -7.196830410141815 -7.257813485792264 -7.318398613299421 -7.3921533356299145 -7.446531597024292 -7.49178980691254 -7.545405226615381 -7.591940313639639 -7.654977504082153 -7.704366739556678 -7.772100213055081 -7.839581347891596 -7.893151789544355 -7.9377175395062345 -7.98232933847251 -8.030919948123785 -8.074535279016805 -8.092103971123304 -8.123711181740775 -8.173926824811788 -8.243722788370908
51
 -0.9196622674599498 -3.689736775609463 -4.1713095079756375 -4.474630685453685 -4.704610020679176 -4.91105566648208 -5.104351186790615 -5.247354246797434 -5.3874393431720415 -5.510130371741839 -5.638802411827722 -5.7621677775989095 -5.867219714797676 -5.971166943654636 -6.06271282008069 -6.154940497764532 -6.232572210398486 -6.323297248106284 -6.410886370153101 -6.470824277074836 -6.562707754783969 -6.646055321959805 -6.706038428026925 -6.776199151725691 -6.84718674250383 -6.9182544615207 -6.9903030322208215 -7.050957186533132 -7.101885247926543 -7.156726059245167 -7.219748048195503 -7.292654074707747 -7.350675244775165 -7.410147422349495 -7.4804860116743805 -7.548162137622522 -7.586951791391025 -7.639649421238472 -7.709169398640089 -7.765230094208979 -7.8310370331477674 -7.887651260663837 -7.9215312170970265 -7.973322480999845 -8.03228133518386 -8.054363540803179 -8.096339735051368 -8.138425054308378 -8.205175530214236 -8.254706774422015 -8.292853303262353
51
 -0.9196622674599498 -3.690419001635456 -4.1988870854444915 -4.509463924213734 -4.727527291115065 -4.92120839567027 -5.1019634453911555 -5.251110705566137 -5.395108829748739 -5.52892176810624 -5.65775245866653 -5.77494288894504 -5.869488080393731 -5.958601573544229 -6.07080124078679 -6.144065128046117 -6.22303625512094 -6.299671238735678 -6.383293349428296 -6.460775150179455 -6.532679499988266 -6.603919107197393 -6.680020137371416 -6.759631138225411 -6.812657298859178 -6.909752545115715 -6.976707953698992 -7.029622310634297 -7.08630986132761 -7.153349740864958 -7.22089562763445 -7.285355163063396 -7.3374073060935565 -7.400274644339117 -7.4271540598159005 -7.529182933843171 -7.584593497503005 -7.637697160541225 -7.722396158145445 -7.7818121558820526 -7.838337286849466 -7.875217838533538 -7.936500665479253 -7.991695477931266 -8.028166929755345 -8.108629279470854 -8.170002114968787 -8.220998617087373 -8.262531405890098 -8.316216971779195 -8.366187516152058
51
 -0.9196622674599498 -3.6569528627416483 -4.145422623717757 -4.466362903426969 -4.7050097637253625 -4.89252726456489 -5.059334114595738 -5.227097723923968 -5.38176533268164 -5.519858720186293 -5.650859329782489 -5.756579045425391 -5.8861520240982035 -5.978749189962319 -6.058611473505825 -6.145957881707397 -6.253932837874124 -6.3346776631443955 -6.421029171327467 -6.497871456286539 -6.578958713155574 -6.653083937148916 -6.734737077683721 -6.806957678018149 -6.8672108998016315 -6.91916788759465 -6.9636569905228844 -7.006214270058355 -7.103048741780081 -7.164083101941877 -7.195792993768932 -7.2583924508913125 -7.311504844787778 -7.400854932025986 -7.44802564294623 -7.510287394634697 -7.572151425015468 -7.618476230154021 -7.684250525075898 -7.727712813571689 -7.778485073752389 -7.832839959505942 -7.887028511411621 -7.932969243719079 -7.99248067891543 -8.024635334160376 -8.045050988938087 -8.110876062262497 -8.13467626377395 -8.18688060621268 -8.206400778491743
51
 -0.9196622674599498 -3.704123332958891 -4.17097141898597 -4.4750606789578065 -4.701021768084438 -4.897731234452094 -5.075245899001709 -5.229326708269997 -5.369455927938268 -5.50097678414868 -5.618471334987426 -5.741380978051716 -5.866216615467634 -5.954817877227824 -6.064405961369936 -6.1487803814275726 -6.2436365400888345 -6.329632528874123 -6.4206999104406375 -6.511044685750719 -6.585764234543605 -6.682341723056531 -6.765667161969541 -6.839394280963106 -6.9099099557437995 -6.980870736650352 -7.03930177411551 -7.117431101275498 -7.175021240519207 -7.22465904832812 -7.296150281907447 -7.358703924681723 -7.397893669133592 -7.461695316930629 -7.530107954784178 -7.578598916342999 -7.628548001019595 -7.688058334004058 -7.742572760594368 -7.80436651905087 -7.859953235811385 -7.916359891542027 -7.9739219232069924 -8.029627264753298 -8.054427613619987 -8.08795096235896 -8.133310927103379 -8.1607236470127 -8.242918793607517 -8.292327156521601 -8.334489266175176
51
 -0.9196622674599498 -3.6597654950458773 -4.155748713996269 -4.472182688553442 -4.700194938797405 -4.881432739002887 -5.057946160601097 -5.216950041473526 -5.353673269076973 -5.491911106565313 -5.615453461547771 -5.741416719748231 -5.827968045381228 -5.933349509177257 -6.045159918053693 -6.144873435045334 -6.247249387825699 -6.327239491460487 -6.408956616844151 -6.47280219270425 -6.537989684421889 -6.60019836278405 -6.6730375433295075 -6.762264765716436 -6.837642255347971 -6.904173875585042 -6.973536525433138 -7.026297517686108 -7.069500021750256 -7.09761066351875 -7.194490993788767 -7.283446537474001 -7.330747658507292 -7.384107070979779 -7.444947083137475 -7.504104728529758 -7.558776603190526 -7.6098679944659064 -7.656877498309353 -7.704456571644656 -7.762278591028919 -7.820143840359688 -7.879368993535423 -7.91546541892419 -7.94952300445653 -8.02259399394978 -8.048774486539495 -8.126050517462197 -8.153428517978549 -8.20766421431562 -8.251476179117866
51
 -0.9196622674599498 -3.6655308880143216 -4.191972724272739 -4.486283646991957 -4.712478646603734 -4.909361949782486 -5.081020523675452 -5.235916584918921 -5.378323663131278 -5.499990090109887 -5.633501816034084 -5.760743730877754 -5.853468607950183 -5.947145755010068 -6.051608709051267 -6.136975516739776 -6.210327772372193 -6.295676087511446 -6.3706049144824695 -6.458404721039234 -6.531672731236263 -6.603954212825407 -6.67347153886789 -6.748193315111452 -6.8076492698703515 -6.885446033747385 -6.958709039583852 -7.022607398665735 -7.088055977634511 -7.138959971286804 -7.194679686078109 -7.236119883185628 -7.311453959908591 -7.3613968720446215 -7.427314566328266 -7.499025212533877 -7.550848729100568 -7.622011625528343 -7.671841363982326 -7.7147003689002345 -7.774065219698164 -7.816233017709452 -7.875586478126924 -7.904355477940536 -7.927942869407259 -7.983089475117748 -8.023099149170802 -8.086716337759007 -8.133811907395877 -8.178646183854552 -8.232716906325757
StreamingSVRG
10
51
 -0.9196622674599498 -2.121111617641551 -3.9925073882775712 -4.53983898794686 -4.841708898309287 -5.058822967952683 -5.306324807436803 -5.466194173286255 -5.658313364259065 -5.813867311300888 -5.95947472672745 -6.063588749257434 -6.189518568236862 -6.299058234405375 -6.4200550904060725 -6.496564809740572 -6.616098124674047 -6.714704875363433 -6.832073893559646 -6.928789073900342 -6.988971219415927 -7.143306123548484 -7.214535775479458 -7.282669727618221 -7.396934024098682 -7.438013828085535 -7.498727532652566 -7.564876469207273 -7.65770295257604 -7.649499798690586 -7.729860265563994 -7.807231655514012 -7.903289198555749 -7.974781463805802 -7.970544302554692 -8.080429463370631 -8.168145437911784 -8.182310242500906 -8.203038471384927 -8.290877779692906 -8.374405311728635 -8.469817698895685 -8.491516084940873 -8.488824164294934 -8.49578017081013 -8.67684260687042 -8.717233238051465 -8.670017066018355 -8.805523932740163 -8.858792511491012 -8.817823561295155
51
 -0.9196622674599498 -2.168231809726937 -3.99036825671648 -4.464742444247358 -4.8270296430522635 -5.086070706256443 -5.331623843151888 -5.464143181807222 -5.646946284181686 -5.816031650295138 -5.992545956984763 -6.135449342310681 -6.258737382387022 -6.3442125863424 -6.4413026365667605 -6.602517060201065 -6.677577137573052 -6.75881862796855 -6.898039924139655 -6.970118037026094 -7.027492669861341 -7.101843467716669 -7.192044416879711 -7.2977618045323265 -7.343753393750635 -7.447310197021133 -7.47005569059495 -7.4687397690242525 -7.56552400646804 -7.642890933934426 -7.713484894377618 -7.767337609763136 -7.804462080534394 -7.793936461584915 -7.747218539460363 -8.034749261439124 -8.13542878614484 -8.175905100058431 -8.236611102099987 -8.261173222311589 -8.229236614179339 -8.417335437660416 -8.430730335974625 -8.449978353423731 -8.437241556814977 -8.631785157079445 -8.701601746546514 -8.744409715987082 -8.76611066510645 -8.677888819084796 -8.730313517492926
51
 -0.9196622674599498 -2.1176003671372894 -3.994941421034597 -4.482718669246076 -4.835468883988838 -5.09040048638367 -5.287239381086622 -5.4469582453117535 -5.493778268721022 -5.493778268721022 -5.504726238257638 -5.693961310763934 -5.856243366723864 -5.991713279635979 -6.1369950949391745 -6.262756990722288 -6.374908978828902 -6.485948227201212 -6.619507140306181 -6.702335730489608 -6.839964306580845 -6.9303346369018755 -7.01651572429664 -7.103650807599707 -7.209236531756149 -7.300159257489646 -7.383094101600218 -7.469294881895531 -7.527453994687323 -7.672916980199139 -7.76073467185023 -7.841896961215365 -7.91562410847667 -8.010946796499798 -8.08260375494342 -8.094669022358072 -8.215174447155514 -8.305004416500946 -8.371549550628208 -8.438324861101423 -8.478633984797044 -8.593047504397756 -8.686063231631595 -8.75828688861944 -8.814492397137027 -8.864649456331128 -8.883368710605879 -8.897267958618961 -9.037479791198395 -9.111650453980413 -9.142406842908477
51
 -0.9196622674599498 -2.107423858957333 -4.005979637762918 -4.494452305537377 -4.871246917768156 -5.1173605702673175 -5.325835152181777 -5.5173529292906895 -5.717967887215382 -5.888236685203731 -6.018395962236146 -6.159770487806988 -6.296911864131405 -6.437718489149037 -6.5608677295875 -6.664029379371128 -6.7638262215580855 -6.844457854665037 -6.890396006218851 -6.988459742336704 -7.031991525773808 -7.118080401957829 -7.21986355590678 -7.287291673621513 -7.4085665870389725 -7.534076597990088 -7.477733329946299 -7.552051379129797 -7.684430099318648 -7.833317128693028 -7.910439444123233 -7.9507323018526765 -8.00661490529867 -8.015332250344397 -8.138987368500882 -8.223059320748108 -8.255388278750752 -8.387646036984776 -8.422750171598192 -8.438775505769225 -8.538228231281462 -8.601978411773901 -8.554398892413394 -8.702531765150578 -8.749921966342402 -8.715361092581793 -8.76576823042056 -8.783307507871784 -8.836814300046843 -8.638752519856922 -8.668668561240468
51
 -0.9196622674599498 -2.1183361001916183 -4.021303655466984 -4.489243372993181 -4.81313501802245 -5.0609399332199825 -5.289821692646692 -5.471508859400406 -5.619556157728318 -5.801529014349024 -5.967744734613216 -6.097225580103196 -6.211635709412702 -6.34272221245522 -6.45742639539807 -6.528826290747495 -6.628032258615074 -6.729726744276739 -6.838359599545597 -6.9742210293950295 -7.039288761286866 -7.122777299613608 -7.191857299382245 -7.273786251441476 -7.3521709995207525 -7.379582355454039 -7.538159346931183 -7.578876907028336 -7.683873900114297 -7.752965752999543 -7.743116240513227 -7.778340830457926 -7.867423177650751 -7.867423177650751 -7.867423177650751 -7.935650686005505 -8.09315167549056 -8.142751803160037 -8.238560658335217 -8.266314755139627 -8.336287694519141 -8.430772744588182 -8.525160577939603 -8.588920332360988 -8.573830722829227 -8.594733536291418 -8.743937408066056 -8.840242084030162 -8.851596494998628 -8.820663451132743 -9.007302180705599
51
 -0.9196622674599498 -2.084450401545251 -4.024441782795523 -4.489867258430187 -4.809882343030386 -5.057861836155487 -5.306441750315245 -5.4992479364493825 -5.677039056685532 -5.797473689145867 -5.968923822671157 -6.051501674086211 -6.146997407758122 -6.253194233793703 -6.398974196112666 -6.5023370162746 -6.6213290637010545 -6.677747243712193 -6.782841625337732 -6.869561012043562 -6.9513673176066515 -7.079586521985477 -7.15935097978468 -7.261959550042226 -7.370303401647258 -7.443910513971809 -7.496426897165239 -7.57201853384015 -7.638935773102677 -7.727012266998026 -7.788812449769106 -7.848391982449861 -7.867399842333292 -7.927854159220807 -7.96811999107714 -8.00463111117357 -8.14459806319496 -8.216621988577685 -8.244633730711412 -8.227295558400684 -8.292404668535019 -8.321681283065264 -8.338724181402105 -8.285983480889392 -8.388089642851934 -8.618020668340534 -8.714340312513803 -8.72032722430048 -8.591063648754387 -8.778330699880224 -8.825314376011727
51
 -0.9196622674599498 -2.139454162092521 -4.0211302299565475 -4.524800318947205 -4.826746232437299 -5.086281956845769 -5.3420244658759435 -5.527020713280542 -5.665193585846608 -5.826817467544485 -5.967844831022078 -6.12373485689308 -6.252407075531135 -6.371458872046488 -6.457282599693336 -6.563349413511285 -6.683855822218925 -6.726242394922932 -6.8799659594027585 -6.943086314789676 -6.962010549095947 -7.165673084054924 -7.27171106519709 -7.3409483259893005 -7.450183154408009 -7.546931997394949 -7.5950932653755485 -7.645272308582736 -7.6983954622956 -7.814325864325931 -7.8316982871571685 -7.931692189422165 -7.993670709354335 -8.08065887249299 -8.083818788374744 -8.171335179140486 -8.228217135436271 -8.20482120602833 -8.330915755413297 -8.326851321704146 -8.438433780892996 -8.410582040125021 -8.496264144457513 -8.559521280873605 -8.585589733903882 -8.595185900140638 -8.64191363990374 -8.642760079934366 -8.707157082116517 -8.793275789569131 -8.86232010241962
51
 -0.9196622674599498 -2.132529116068482 -4.006658783593073 -4.4745606056062694 -4.806378606939102 -5.057003231339352 -5.283741133652422 -5.460050005832022 -5.653619817651138 -5.768259977566845 -5.877997428808272 -5.984015567955723 -6.118881806573018 -6.268505625749007 -6.380387070142803 -6.489423437124583 -6.612873874913285 -6.705816473418706 -6.844528867738146 -6.947785331301642 -7.075583020567124 -7.129799884843916 -7.160562587917918 -7.2790616885755 -7.311955825524933 -7.413323926024431 -7.498836350153436 -7.554652863462857 -7.611429588065189 -7.68759677183751 -7.716903955654824 -7.803170183516964 -7.884077678944805 -7.970744971387511 -7.933665821663588 -8.059292820766146 -8.190107385722575 -8.204703078679891 -8.185138114242651 -8.1881881859293 -7.948702864371721 -8.267763929996951 -8.427775491356966 -8.403123477680984 -8.59637899395725 -8.676545683120796 -8.59640507719454 -8.59640507719454 -8.59640507719454 -8.566462269922956 -8.821011924152062
51
 -0.9196622674599498 -2.093699299143014 -4.0124689790455506 -4.437702602435982 -4.76986666438538 -5.040685672200124 -5.237233453071785 -5.425561781245542 -5.590725138336738 -5.749220574701414 -5.904389371690656 -6.107183993704218 -6.23003375294142 -6.331628348251055 -6.416732721002496 -6.481555664750242 -6.6336370338391815 -6.731551035247311 -6.745534436350753 -6.803985611690887 -6.96888908277213 -7.057193581391352 -7.213592641300987 -7.2929432060107695 -7.331834304112206 -7.396309312344128 -7.506862586507484 -7.622614962769941 -7.643604049189119 -7.815679899801007 -7.7901814812206425 -7.896113154885468 -7.992978991280863 -8.017874513518066 -8.180213487482012 -8.207783296608987 -8.331997303881968 -8.28245290072301 -8.289020768794783 -8.410480360217745 -8.468819252214312 -8.416674016097277 -8.45951077711899 -8.572319574974806 -8.607066516969445 -8.652060077431528 -8.730139223644496 -8.669320564985043 -8.835034874343657 -8.841741680480684 -8.976822972703689
51
 -0.9196622674599498 -2.0977099160337174 -3.991198283782335 -4.473509371077582 -4.86443914681221 -5.11519728126979 -5.3040113010821575 -5.482152952711838 -5.656360316636812 -5.834483055708805 -5.953189634567628 -6.084974438736091 -6.247345785051732 -6.4179915933030465 -6.535402840808161 -6.652655648194761 -6.745273335497016 -6.848771267292289 -6.929898185833611 -7.001254110695957 -7.074220933688223 -7.104026651951222 -7.1192845756773995 -7.1192845756773995 -7.1192845756773995 -7.217997617489733 -7.329880239534923 -7.4151804888939195 -7.524286567076472 -7.583241373784023 -7.691300597341214 -7.781361330787442 -7.870723179651459 -7.940159146240096 -7.994207878661705 -8.08790615022059 -8.150845340344878 -8.190130975043063 -8.30378485916963 -8.357639502046293 -8.420527309901917 -8.507830474000972 -8.575053383473524 -8.635954790057744 -8.687648933752481 -8.72052457116235 -8.802134549408676 -8.85399514877385 -8.935823732243563 -9.008335419138279 -9.042331409694498
ADAPTIID
10
51
 -0.9196622674599498 -5.9735653934236685 -6.052316528977103 -6.552464811115855 -6.961623672940903 -7.091972852509623 -7.578330224056522 -7.675405764882899 -7.913280554143731 -8.211572759597335 -8.227658811482641 -8.318191129062487 -8.715161301719453 -8.868552977142523 -9.028508145810504 -9.232291922643983 -9.328446534155226 -9.57164608116682 -9.188124590966309 -9.556828718764518 -9.982635754031985 -10.232381607004378 -10.509970666256523 -10.600499431202438 -10.620766881137461 -11.013581543798 -11.071096873887464 -11.2437951782548 -11.504193949726488 -11.5765285960877 -11.69957880937904 -11.803566421123731 -11.896055455395405 -12.191448490890899 -12.295278047459853 -12.425602480396485 -12.604370352442421 -12.746739590327698 -12.886630814681233 -12.99660870218149 -13.078551911782537 -13.306767466340041 -13.439864000689374 -13.559103172240482 -13.756683010229198 -13.648763118992896 -14.044764137856756 -14.281301550642763 -14.410764538363233 -14.632495467650404 -14.787639871598726
51
 -0.9196622674599498 -5.877902855250145 -6.323291444426744 -6.73363113190356 -7.2813554563585265 -7.443707617027274 -7.490506263509868 -7.801247411114334 -8.073309971159368 -8.055935188934045 -8.432626438616357 -8.541075289228257 -8.820497088783696 -8.961044627309766 -9.249505291753637 -9.40597007378935 -9.603316373580233 -9.673467267474413 -9.913994927068668 -10.044570276537685 -10.17404003448796 -10.00826780347513 -10.451982076349992 -10.694475881307234 -10.791277782919202 -10.941188517167188 -11.064594020934027 -11.261036386139452 -11.256036685412393 -11.405975875104252 -11.564261311109528 -11.6802588476679 -11.806811669397815 -11.931692293556237 -12.092087135810507 -12.291850281698437 -12.307638294742164 -12.705593922040629 -12.88263748601488 -13.001733354607081 -12.960920982750716 -13.113905761700064 -13.426259785820625 -13.636040539023229 -13.671567248350682 -13.894961541350447 -14.066218052128152 -14.26549637007448 -14.290564430385194 -14.491058538755276 -14.57320709356563
51
 -0.9196622674599498 -5.711940515886958 -6.3373989720167305 -6.6424991986517545 -6.890572119718543 -7.2155492853609795 -7.598552007906195 -7.702582108322585 -8.01668410597134 -8.063491592601707 -8.484829292902699 -8.642725273228736 -8.894717031747723 -9.101172320792081 -9.30699375896276 -9.473939355518427 -9.623179606698193 -9.794994997992992 -10.006905249609364 -10.096970978160403 -10.242712496596372 -10.06189076614129 -10.409112508401973 -10.293925697109314 -10.889604881237881 -11.12917413075087 -11.209008704549317 -11.212325618803094 -11.400058049726002 -11.687418541266224 -11.497447254825484 -11.932379160101393 -12.087033026881533 -12.164132185353585 -12.39279498723118 -12.601744113111884 -12.75425083236002 -12.881112932302582 -12.861799025170797 -13.159362427048842 -13.228837735990762 -13.334863065092557 -13.376414159908267 -13.459576848931228 -13.12772060736645 -13.830890458685714 -13.899931229517687 -13.966352214680127 -14.131599094408779 -14.135429903384065 -14.225518880562985
51
 -0.9196622674599498 -5.617674644546566 -6.224651214644286 -6.659850731389318 -6.753321421074333 -7.30607555076582 -7.514922228079758 -7.661749233604758 -7.8587323243503295 -8.17744426269023 -8.231425781128364 -8.689211955059543 -8.84171810381198 -8.885338731053412 -9.208212685440506 -9.34331134890561 -9.579192154153237 -9.73433199092676 -9.489147868507981 -10.159249954656586 -10.354505337690394 -10.269460143896005 -10.443875236753046 -10.826190941210967 -10.860398249392937 -11.222156747832626 -11.337225688554524 -11.224006472877168 -11.476858768795394 -11.7669739799231 -11.873532984169517 -11.822459707762588 -12.261663208835811 -12.364561611072142 -12.57593203863944 -12.769801224928173 -12.940574097613629 -13.032171332780596 -12.930060377410863 -13.187974649542047 -13.454818787822871 -13.642087235869285 -13.729739342675208 -13.662117687943287 -14.125974438796515 -14.160019186814292 -14.1378791022625 -14.342330017751014 -14.544298370467535 -14.695591380763393 -14.846821689703098
51
 -0.9196622674599498 -5.434898779695139 -6.430617611804477 -6.696826155630099 -7.131101595746941 -7.336224468030415 -7.593009052362336 -7.726901952854226 -8.022958199178529 -7.9194118616247025 -8.502569059125335 -8.710363676141851 -8.82256373139445 -9.085581138115002 -9.195751040522275 -9.540567628664121 -9.673170447616398 -9.688818705151348 -9.978389615952386 -10.07784186910134 -9.830513050360596 -10.369237421132333 -10.636393138310343 -10.715755083817347 -10.86273755683954 -10.933907243401546 -11.10029235931082 -11.130995471926095 -11.347645534150834 -11.530499265599547 -11.677677962970678 -11.83811132336769 -12.029797336732893 -12.204906486037721 -12.374421508204387 -12.458669267593562 -12.705916628979647 -12.827781969604093 -12.929178982283666 -13.060675938773187 -13.213207878091891 -13.305408738499723 -13.447883507777583 -13.651858527654957 -13.72513640502484 -13.840823333804376 -13.9034785395936 -13.985492025768947 -14.049168030467793 -14.206089554583718 -14.00022123907112
51
 -0.9196622674599498 -5.873960342230107 -6.2851133663519425 -6.478337685785648 -6.55476656788611 -6.927664632178883 -7.391502920417217 -7.47542034414664 -7.750572499220597 -7.975440722679578 -8.134966968730238 -8.336746816186702 -8.497359873756798 -8.71995097220979 -8.840994257098188 -8.959578722381961 -9.188639421622089 -9.699181273782905 -9.804144438904054 -10.057394123170987 -10.189522826196043 -10.29405084589427 -10.416020644215378 -10.585293553128897 -10.858663967265526 -10.905044584842388 -11.212032566500906 -11.389398810667059 -11.519146760482887 -11.580093660949554 -11.493629196999391 -11.730207706380321 -11.965409111585481 -12.0267964609095 -12.088720272657905 -12.399061431382268 -12.49258183142851 -12.702385745958816 -12.861843547473999 -13.02469672177619 -13.15739375131506 -13.303429531283598 -13.416093071980367 -13.478993087863348 -13.65592790640121 -13.796821924883508 -13.94334463429748 -14.019003236291551 -14.102465775040184 -14.336098519573122 -14.465911353564051
51
 -0.9196622674599498 -5.985190685614936 -6.41850790253626 -6.490975970727038 -6.648356958491998 -7.186437099468958 -7.294327327053879 -7.559169450370552 -7.766476406478605 -7.987438481343003 -8.251949478584427 -8.433569111561752 -8.583879379860381 -8.74207684638571 -8.92448447417301 -9.089429073484567 -9.382948317994343 -9.477511281181824 -9.77649358909852 -9.932452161874535 -9.787820525958931 -10.079179766685495 -10.451587831757532 -10.662536734897605 -10.78374061492591 -11.042579472738009 -11.009081523203163 -11.269110705575411 -11.531711000644462 -11.780762905992004 -11.9166315154656 -11.997178897884666 -11.571604789403766 -12.174532741808868 -12.459656604310402 -12.456279203132297 -12.61210546955129 -12.832180023322818 -12.926617544611204 -13.096027999221661 -13.20207872922611 -13.24629748208924 -13.444275806085372 -13.546212131673427 -13.720763572090375 -13.340155146329904 -13.897923023984449 -14.239854738303508 -14.28402672935154 -14.484511941478177 -14.606807862895858
51
 -0.9196622674599498 -5.8085541851725955 -6.278644016498319 -6.47817420865502 -6.724844482305823 -6.894505208332974 -7.321305929581004 -7.614805752015512 -7.898074957294137 -8.169857703190424 -8.368573270751961 -8.503621686238903 -8.68018899099982 -8.74870202923519 -9.00350622818058 -9.240987502969313 -9.341262350620916 -9.352735274100361 -9.792966408125197 -9.74239603149311 -10.213538586634893 -10.474844654701911 -10.455099527753884 -10.550448550326726 -10.882991976919875 -11.043352539032576 -11.210366388730806 -11.304100056708542 -11.410236921810538 -11.486990440849036 -11.59198341240546 -11.74973823896784 -11.940655471132743 -12.12194437797722 -12.214704027275861 -12.426475335581044 -12.637411427538174 -12.776691411972378 -12.726689334145865 -12.950641960560077 -13.100674617033187 -13.209550818952655 -13.300590759094908 -13.367162243293073 -13.548173440411249 -13.694211473589649 -13.865067161249897 -13.9545208385637 -14.100031539181247 -14.26739531835041 -14.32819446865089
51
 -0.9196622674599498 -5.838599421326571 -6.324027651648076 -6.5872869632762034 -6.902645749971642 -7.286826244078767 -7.601703235865645 -7.733539296620636 -7.774637944221552 -7.948385638428824 -8.251543877948595 -8.459379362611363 -8.700224647162871 -8.708903697795295 -9.028033519532551 -9.205036432208782 -9.404110406801744 -9.551016517860347 -9.709235971261938 -9.852858806520047 -10.0861579666297 -10.165968609820835 -10.44224636454876 -10.601624556299717 -10.648385983889456 -10.767998324152265 -10.822730755910587 -10.949142344045404 -11.071134531242851 -11.32513256933926 -11.400253867104677 -10.94828857464832 -11.723339554520445 -11.867569249771442 -12.340177889701833 -12.422203690056218 -12.09636891868795 -12.701207851166394 -12.7878751837225 -12.790746157701856 -13.021079004691426 -13.327193524278226 -13.424573311842396 -13.577209206534159 -13.740284000684593 -13.84546443761664 -13.987764232184677 -14.050042484213925 -14.147007805036113 -14.21158495860794 -14.163011469215125
51
 -0.9196622674599498 -5.85811017210673 -6.242838167133904 -6.593434213955746 -6.813474107766856 -7.168305138914219 -7.624923600724108 -7.672477184035406 -7.731263188318737 -8.05198246386946 -8.197589072512363 -8.397919477871424 -8.67822332729904 -8.819254405202212 -8.969120144158966 -9.165687091290808 -9.359064239982462 -9.423055031878977 -9.677934454619272 -9.815566772201997 -9.772889631623324 -10.064705122151738 -10.024230881442648 -10.317102640690127 -10.556873951995534 -10.786286050828583 -10.95498770723421 -11.178431415592266 -11.414183220048438 -11.506167310123537 -11.743375104799705 -11.9019315494919 -11.219108514103853 -11.646204971183172 -12.281593691944508 -12.521358012094515 -12.609129098986152 -12.756165288808653 -12.864028139380773 -12.91653973219891 -13.179992001280189 -13.257804109594979 -13.576708521352876 -13.706913331471759 -13.883400954402276 -13.963156954632009 -14.09136473984288 -14.280107006282165 -14.392379865384422 -14.446184831520261 -14.607563959748497
steps
10
51
 0 5000 10000 15000 20000 25000 30000 35000 40000 45000 50000 55000 60000 65000 70000 75000 80000 85000 90000 95000 100000 105000 110000 115000 120000 125000 130000 135000 140000 145000 150000 155000 160000 165000 170000 175000 180000 185000 190000 195000 200000 205000 210000 215000 220000 225000 230000 235000 240000 245000 250000
51
 0 5000 10000 15000 20000 25000 30000 35000 40000 45000 50000 55000 60000 65000 70000 75000 80000 85000 90000 95000 100000 105000 110000 115000 120000 125000 130000 135000 140000 145000 150000 155000 160000 165000 170000 175000 180000 185000 190000 195000 200000 205000 210000 215000 220000 225000 230000 235000 240000 245000 250000
51
 0 5000 10000 15000 20000 25000 30000 35000 40000 45000 50000 55000 60000 65000 70000 75000 80000 85000 90000 95000 100000 105000 110000 115000 120000 125000 130000 135000 140000 145000 150000 155000 160000 165000 170000 175000 180000 185000 190000 195000 200000 205000 210000 215000 220000 225000 230000 235000 240000 245000 250000
51
 0 5000 10000 15000 20000 25000 30000 35000 40000 45000 50000 55000 60000 65000 70000 75000 80000 85000 90000 95000 100000 105000 110000 115000 120000 125000 130000 135000 140000 145000 150000 155000 160000 165000 170000 175000 180000 185000 190000 195000 200000 205000 210000 215000 220000 225000 230000 235000 240000 245000 250000
51
 0 5000 10000 15000 20000 25000 30000 35000 40000 45000 50000 55000 60000 65000 70000 75000 80000 85000 90000 95000 100000 105000 110000 115000 120000 125000 130000 135000 140000 145000 150000 155000 160000 165000 170000 175000 180000 185000 190000 195000 200000 205000 210000 215000 220000 225000 230000 235000 240000 245000 250000
51
 0 5000 10000 15000 20000 25000 30000 35000 40000 45000 50000 55000 60000 65000 70000 75000 80000 85000 90000 95000 100000 105000 110000 115000 120000 125000 130000 135000 140000 145000 150000 155000 160000 165000 170000 175000 180000 185000 190000 195000 200000 205000 210000 215000 220000 225000 230000 235000 240000 245000 250000
51
 0 5000 10000 15000 20000 25000 30000 35000 40000 45000 50000 55000 60000 65000 70000 75000 80000 85000 90000 95000 100000 105000 110000 115000 120000 125000 130000 135000 140000 145000 150000 155000 160000 165000 170000 175000 180000 185000 190000 195000 200000 205000 210000 215000 220000 225000 230000 235000 240000 245000 250000
51
 0 5000 10000 15000 20000 25000 30000 35000 40000 45000 50000 55000 60000 65000 70000 75000 80000 85000 90000 95000 100000 105000 110000 115000 120000 125000 130000 135000 140000 145000 150000 155000 160000 165000 170000 175000 180000 185000 190000 195000 200000 205000 210000 215000 220000 225000 230000 235000 240000 245000 250000
51
 0 5000 10000 15000 20000 25000 30000 35000 40000 45000 50000 55000 60000 65000 70000 75000 80000 85000 90000 95000 100000 105000 110000 115000 120000 125000 130000 135000 140000 145000 150000 155000 160000 165000 170000 175000 180000 185000 190000 195000 200000 205000 210000 215000 220000 225000 230000 235000 240000 245000 250000
51
 0 5000 10000 15000 20000 25000 30000 35000 40000 45000 50000 55000 60000 65000 70000 75000 80000 85000 90000 95000 100000 105000 110000 115000 120000 125000 130000 135000 140000 145000 150000 155000 160000 165000 170000 175000 180000 185000 190000 195000 200000 205000 210000 215000 220000 225000 230000 235000 240000 245000 250000
